1392.7
2758.411
1764.894
1610.805
501.2911
1361.686
2601.232
637.3071
2003.018
2474.251
912.4665
1596.819
2156.004
3259.665
1857.947
1928.871
2289.062
4744.307
962.5185
1822.913
2041.955
2402.146
938.4974
1465.746
2177.163
1373.704
545.2809
1006.508
1489.789
279.1219
1321.615
1745.774
1091.455
1976.926
2871.382
825.4133
1867.906
1699.751
1383.722
1854.955
2696.388
1352.662
2064.079
2916.574
1115.557
1473.721
1918.99
1060.504
1484.663
1783.811
1879.869
1386.714
1847.942
1260.62
2358.166
3704.934
1797.937
2482.29
2999.425
645.3334
1742.88
2101.044
1254.519
2139.99
