# ljz_20131022_MR_Chym1_ELUTE.mzML
#
# index: 3751
# id: controllerType=0 controllerNumber=1 scan=9758
# scanNumber: 9758
# massAnalyzerType: quadrupole
# scanEvent: 2
# msLevel: 2
# retentionTime: 2482.28
# filterString: FTMS + p NSI d Full ms2 974.79@hcd28.00 [100.00-3005.00]
# mzLow: 99.0035
# mzHigh: 3035.91
# basePeakMZ: 1059.04
# basePeakIntensity: 2.24534e+006
# totalIonCurrent: 2.96292e+007
# precursorCount: 1
# precursor 0: 974.459 2.82342e+007
# binary (3472): 
     99.0035	      0.0000
     99.0044	      0.0000
     99.0054	      0.0000
     99.0063	      0.0000
    109.0208	      0.0000
    109.0219	      0.0000
    109.0229	      0.0000
    109.0240	      0.0000
    109.0251	   2606.7505
    109.0262	   9195.1758
    109.0273	  28772.2793
    109.0283	  42461.9883
    109.0294	  40623.6484
    109.0305	  24540.0645
    109.0316	   9013.3330
    109.0327	      0.0000
    109.0337	      0.0000
    109.0348	      0.0000
    109.0359	      0.0000
    109.0370	      0.0000
    111.0361	      0.0000
    111.0372	      0.0000
    111.0383	      0.0000
    111.0394	      0.0000
    111.0405	   3215.4521
    111.0417	   8917.9111
    111.0428	  22453.2598
    111.0439	  36892.2422
    111.0450	  40328.9492
    111.0461	  26508.7715
    111.0472	  12538.7686
    111.0483	   4685.7417
    111.0496	      0.0000
    111.0507	      0.0000
    111.0518	      0.0000
    111.0530	      0.0000
    115.0297	      0.0000
    115.0309	      0.0000
    115.0321	      0.0000
    115.0332	      0.0000
    115.0344	   3474.7546
    115.0356	  13256.6621
    115.0368	  44488.6914
    115.0379	  89047.1406
    115.0391	 135726.7344
    115.0403	 132384.7031
    115.0414	  83673.1406
    115.0426	  38567.0508
    115.0438	   7750.6875
    115.0450	      0.0000
    115.0459	      0.0000
    115.0470	      0.0000
    115.0482	      0.0000
    115.0494	      0.0000
    116.6628	      0.0000
    116.6640	      0.0000
    116.6652	      0.0000
    116.6664	      0.0000
    116.6675	      0.0000
    116.6687	      0.0000
    116.6699	      0.0000
    116.6711	      0.0000
    116.6723	      0.0000
    116.6735	      0.0000
    116.6747	      0.0000
    116.6759	      0.0000
    116.6771	      0.0000
    116.6783	      0.0000
    117.6007	      0.0000
    117.6019	      0.0000
    117.6031	      0.0000
    117.6043	      0.0000
    117.6055	      0.0000
    117.6067	      0.0000
    117.6079	      0.0000
    117.6091	      0.0000
    117.6103	      0.0000
    117.6116	      0.0000
    117.6128	      0.0000
    117.6140	      0.0000
    117.6152	      0.0000
    117.6164	      0.0000
    117.6176	      0.0000
    117.6188	      0.0000
    117.6200	      0.0000
    117.6212	      0.0000
    117.6224	      0.0000
    117.6237	      0.0000
    117.6249	      0.0000
    117.6261	      0.0000
    117.6551	      0.0000
    117.6563	      0.0000
    117.6575	      0.0000
    117.6588	      0.0000
    117.6600	      0.0000
    117.6612	      0.0000
    117.6624	      0.0000
    117.6636	      0.0000
    117.6648	      0.0000
    117.6660	      0.0000
    117.6672	      0.0000
    117.6684	      0.0000
    117.6696	      0.0000
    117.6709	      0.0000
    117.6721	      0.0000
    117.6733	      0.0000
    117.6745	      0.0000
    117.6757	      0.0000
    117.6769	      0.0000
    117.6781	      0.0000
    117.6793	      0.0000
    117.6805	      0.0000
    117.6818	      0.0000
    117.7120	      0.0000
    117.7132	      0.0000
    117.7145	      0.0000
    117.7157	      0.0000
    117.7169	      0.0000
    117.7181	      0.0000
    117.7193	      0.0000
    117.7205	      0.0000
    117.7217	      0.0000
    117.7229	      0.0000
    117.7242	      0.0000
    117.7254	      0.0000
    117.7266	      0.0000
    117.7278	      0.0000
    117.7290	      0.0000
    117.7302	      0.0000
    117.7314	      0.0000
    117.7326	      0.0000
    117.7338	      0.0000
    117.7351	      0.0000
    117.7363	      0.0000
    117.7375	      0.0000
    117.7763	      0.0000
    117.7775	      0.0000
    117.7787	      0.0000
    117.7799	      0.0000
    117.7811	      0.0000
    117.7823	      0.0000
    117.7835	      0.0000
    117.7848	      0.0000
    117.7860	      0.0000
    117.7871	      0.0000
    117.7883	      0.0000
    117.7895	      0.0000
    117.7907	      0.0000
    125.7143	      0.0000
    125.7156	      0.0000
    125.7170	      0.0000
    125.7183	      0.0000
    125.7196	      0.0000
    125.7210	      0.0000
    125.7223	      0.0000
    125.7236	      0.0000
    125.7250	      0.0000
    125.7263	      0.0000
    125.7277	      0.0000
    125.7290	      0.0000
    125.7303	      0.0000
    125.7317	      0.0000
    125.7330	      0.0000
    125.7343	      0.0000
    125.7357	      0.0000
    125.7370	      0.0000
    125.7383	      0.0000
    125.7397	      0.0000
    125.7785	      0.0000
    125.7798	      0.0000
    125.7812	      0.0000
    125.7825	      0.0000
    125.7838	      0.0000
    125.7852	      0.0000
    125.7865	      0.0000
    125.7878	      0.0000
    125.7892	      0.0000
    125.7905	      0.0000
    125.7919	      0.0000
    125.7932	      0.0000
    125.7945	      0.0000
    125.7959	      0.0000
    125.8267	      0.0000
    125.8280	      0.0000
    125.8293	      0.0000
    125.8307	      0.0000
    125.8320	      0.0000
    125.8334	      0.0000
    125.8347	      0.0000
    125.8360	      0.0000
    125.8374	      0.0000
    125.8387	      0.0000
    125.8401	      0.0000
    125.8414	      0.0000
    125.8427	      0.0000
    125.8441	      0.0000
    125.8454	      0.0000
    125.8468	      0.0000
    125.8482	      0.0000
    125.8495	      0.0000
    125.8508	      0.0000
    126.0399	      0.0000
    126.0412	      0.0000
    126.0426	      0.0000
    126.0439	      0.0000
    126.0453	   4276.0889
    126.0466	   5947.7178
    126.0479	  13671.1484
    126.0493	  19859.5391
    126.0506	  53005.6797
    126.0520	 173166.9375
    126.0533	 379618.2188
    126.0546	 602855.8750
    126.0560	 649958.6875
    126.0573	 438597.1250
    126.0587	 225262.2813
    126.0600	  61412.6406
    126.0614	  11661.6074
    126.0627	   4598.6748
    126.0642	      0.0000
    126.0656	      0.0000
    126.0669	      0.0000
    126.0682	      0.0000
    127.0270	      0.0000
    127.0283	      0.0000
    127.0297	      0.0000
    127.0310	      0.0000
    127.0324	   1724.0513
    127.0338	   8250.2949
    127.0351	  29766.9648
    127.0365	  96038.6797
    127.0378	 184437.2500
    127.0392	 273018.4063
    127.0405	 253290.2188
    127.0419	 157666.5625
    127.0433	  68721.0234
    127.0446	  15604.7012
    127.0460	   2855.6719
    127.0471	      0.0000
    127.0484	      0.0000
    127.0498	      0.0000
    127.0512	      0.0000
    127.0525	      0.0000
    127.0539	   4304.6050
    127.0552	  10742.2666
    127.0566	  23924.5684
    127.0579	  37261.7773
    127.0593	  40025.7617
    127.0607	  25619.7637
    127.0620	  11890.8574
    127.0634	   3939.2693
    127.0647	      0.0000
    127.0661	      0.0000
    127.0674	      0.0000
    127.0688	      0.0000
    128.8898	      0.0000
    128.8911	      0.0000
    128.8925	      0.0000
    128.8939	      0.0000
    128.8953	      0.0000
    128.8967	      0.0000
    128.8981	      0.0000
    128.8995	      0.0000
    128.9009	      0.0000
    128.9022	      0.0000
    128.9036	      0.0000
    128.9050	      0.0000
    128.9064	      0.0000
    128.9078	      0.0000
    128.9356	      0.0000
    128.9370	      0.0000
    128.9383	      0.0000
    128.9397	      0.0000
    128.9411	      0.0000
    128.9425	      0.0000
    128.9439	      0.0000
    128.9453	      0.0000
    128.9467	      0.0000
    128.9481	      0.0000
    128.9495	      0.0000
    128.9508	      0.0000
    128.9522	      0.0000
    128.9536	      0.0000
    128.9550	      0.0000
    128.9564	      0.0000
    128.9578	      0.0000
    128.9592	      0.0000
    128.9606	      0.0000
    128.9620	      0.0000
    128.9633	      0.0000
    128.9647	      0.0000
    128.9939	      0.0000
    128.9953	      0.0000
    128.9967	      0.0000
    128.9981	      0.0000
    128.9995	      0.0000
    129.0009	      0.0000
    129.0023	      0.0000
    129.0036	      0.0000
    129.0050	      0.0000
    129.0064	      0.0000
    129.0078	      0.0000
    129.0092	      0.0000
    129.0106	      0.0000
    129.0120	      0.0000
    129.0134	      0.0000
    129.0148	      0.0000
    129.0162	      0.0000
    129.0175	      0.0000
    129.0189	      0.0000
    129.0203	      0.0000
    129.0453	      0.0000
    129.0467	      0.0000
    129.0481	      0.0000
    129.0495	      0.0000
    129.0509	   3558.9858
    129.0523	   9579.4932
    129.0537	  23604.8555
    129.0551	  33708.8867
    129.0565	  28968.4473
    129.0579	  16001.7793
    129.0593	   4256.6143
    129.0608	      0.0000
    129.0622	      0.0000
    129.0636	      0.0000
    129.0650	      0.0000
    132.0908	      0.0000
    132.0922	      0.0000
    132.0937	      0.0000
    132.0951	      0.0000
    132.0965	   4065.2930
    132.0980	  15839.9844
    132.0994	  50505.7539
    132.1009	  91379.1797
    132.1023	 126672.3516
    132.1037	 106718.6797
    132.1052	  63746.8633
    132.1066	  23685.1523
    132.1081	   4414.9502
    132.1093	      0.0000
    132.1107	      0.0000
    132.1121	      0.0000
    132.1136	      0.0000
    133.0403	      0.0000
    133.0417	      0.0000
    133.0432	      0.0000
    133.0446	      0.0000
    133.0461	   4635.3940
    133.0476	  11030.5967
    133.0490	  17222.0020
    133.0505	  18880.2500
    133.0519	  14843.8369
    133.0534	   8165.2246
    133.0548	   2956.2117
    133.0563	      0.0000
    133.0577	      0.0000
    133.0592	      0.0000
    133.0606	      0.0000
    136.9952	      0.0000
    136.9967	      0.0000
    136.9982	      0.0000
    136.9998	      0.0000
    137.0013	      0.0000
    137.0028	      0.0000
    137.0043	      0.0000
    137.0058	      0.0000
    137.0074	      0.0000
    137.0089	      0.0000
    137.0104	      0.0000
    137.0119	      0.0000
    137.0135	      0.0000
    137.0150	      0.0000
    137.0165	      0.0000
    137.0180	      0.0000
    137.0195	      0.0000
    137.0211	      0.0000
    137.0226	      0.0000
    137.0241	      0.0000
    137.0591	      0.0000
    137.0606	      0.0000
    137.0621	      0.0000
    137.0637	      0.0000
    137.0652	      0.0000
    137.0667	      0.0000
    137.0682	      0.0000
    137.0698	      0.0000
    137.0713	      0.0000
    137.0728	      0.0000
    137.0743	      0.0000
    137.0758	      0.0000
    137.0774	      0.0000
    137.0789	      0.0000
    137.1154	      0.0000
    137.1170	      0.0000
    137.1185	      0.0000
    137.1200	      0.0000
    137.1215	      0.0000
    137.1231	      0.0000
    137.1246	      0.0000
    137.1261	      0.0000
    137.1276	      0.0000
    137.1291	      0.0000
    137.1307	      0.0000
    137.1322	      0.0000
    137.1337	      0.0000
    137.8832	      0.0000
    137.8847	      0.0000
    137.8862	      0.0000
    137.8878	      0.0000
    137.8893	      0.0000
    137.8908	      0.0000
    137.8924	      0.0000
    137.8939	      0.0000
    137.8955	      0.0000
    137.8970	      0.0000
    137.8985	      0.0000
    137.9001	      0.0000
    137.9016	      0.0000
    137.9031	      0.0000
    137.9047	      0.0000
    137.9062	      0.0000
    137.9077	      0.0000
    137.9093	      0.0000
    137.9108	      0.0000
    137.9123	      0.0000
    137.9477	      0.0000
    137.9492	      0.0000
    137.9508	      0.0000
    137.9523	      0.0000
    137.9538	      0.0000
    137.9554	      0.0000
    137.9569	      0.0000
    137.9584	      0.0000
    137.9600	      0.0000
    137.9615	      0.0000
    137.9631	      0.0000
    137.9646	      0.0000
    137.9661	      0.0000
    137.9677	      0.0000
    137.9692	      0.0000
    138.0030	      0.0000
    138.0046	      0.0000
    138.0061	      0.0000
    138.0076	      0.0000
    138.0092	      0.0000
    138.0107	      0.0000
    138.0123	      0.0000
    138.0138	      0.0000
    138.0153	      0.0000
    138.0169	      0.0000
    138.0184	      0.0000
    138.0201	      0.0000
    138.0216	      0.0000
    138.0231	      0.0000
    138.0247	      0.0000
    138.0385	      0.0000
    138.0401	      0.0000
    138.0416	      0.0000
    138.0431	      0.0000
    138.0447	    200.1248
    138.0462	  22631.4336
    138.0478	  36311.0781
    138.0493	 100498.9219
    138.0508	 326718.8750
    138.0524	 950849.3750
    138.0539	1618599.6250
    138.0555	2094295.2500
    138.0570	1625908.3750
    138.0585	 950408.1250
    138.0601	 308708.3750
    138.0616	  69567.9922
    138.0631	  10975.4561
    138.0647	  10711.4395
    138.0662	      0.0000
    138.0676	      0.0000
    138.0692	      0.0000
    138.0707	      0.0000
    138.0723	      0.0000
    138.0938	      0.0000
    138.0953	      0.0000
    138.0969	      0.0000
    138.0984	      0.0000
    138.1000	      0.0000
    138.1015	      0.0000
    138.1030	      0.0000
    138.1046	      0.0000
    138.1061	      0.0000
    138.1079	      0.0000
    138.1094	      0.0000
    138.1110	      0.0000
    138.1125	      0.0000
    139.0456	      0.0000
    139.0472	      0.0000
    139.0487	      0.0000
    139.0503	      0.0000
    139.0518	   3276.2063
    139.0534	  10120.0039
    139.0549	  36398.9805
    139.0565	  78831.9609
    139.0580	 124258.2031
    139.0596	 127019.6953
    139.0611	  81411.5703
    139.0627	  38117.5234
    139.0643	   7151.9844
    139.0658	      0.0000
    139.0673	      0.0000
    139.0688	      0.0000
    139.0704	      0.0000
    139.0720	      0.0000
    144.0524	      0.0000
    144.0541	      0.0000
    144.0557	      0.0000
    144.0574	      0.0000
    144.0590	   5251.0171
    144.0606	  19689.2578
    144.0623	  66913.7656
    144.0639	 127093.2188
    144.0656	 184560.2500
    144.0672	 165578.3125
    144.0688	 101610.1250
    144.0705	  42255.6680
    144.0721	  10450.6836
    144.0738	   2925.9993
    144.0755	      0.0000
    144.0771	      0.0000
    144.0787	      0.0000
    144.0804	      0.0000
    145.0349	      0.0000
    145.0366	      0.0000
    145.0382	      0.0000
    145.0399	      0.0000
    145.0415	   3838.2893
    145.0432	   9245.4795
    145.0449	  31835.5313
    145.0465	 100206.8906
    145.0482	 179475.9531
    145.0498	 246512.7656
    145.0515	 205219.6406
    145.0531	 121537.8047
    145.0548	  43951.7266
    145.0565	   8354.7432
    145.0581	      0.0000
    145.0596	      0.0000
    145.0612	      0.0000
    145.0629	      0.0000
    145.0645	      0.0000
    146.0423	      0.0000
    146.0440	      0.0000
    146.0456	      0.0000
    146.0473	      0.0000
    146.0490	      0.0000
    146.0507	      0.0000
    146.0523	      0.0000
    146.0540	      0.0000
    146.0557	      0.0000
    146.0573	      0.0000
    146.0590	      0.0000
    146.0607	      0.0000
    146.0624	      0.0000
    146.9505	      0.0000
    146.9522	      0.0000
    146.9539	      0.0000
    146.9556	      0.0000
    146.9573	      0.0000
    146.9589	      0.0000
    146.9606	      0.0000
    146.9623	      0.0000
    146.9640	      0.0000
    146.9658	      0.0000
    146.9675	      0.0000
    146.9691	      0.0000
    146.9708	      0.0000
    158.0789	      0.0000
    158.0808	      0.0000
    158.0827	      0.0000
    158.0846	      0.0000
    158.0865	   4596.6118
    158.0884	  11523.9912
    158.0902	  25883.7715
    158.0921	  40586.7930
    158.0940	  38680.0117
    158.0959	  24174.2813
    158.0978	  10747.6953
    158.0997	   3284.8909
    158.1015	      0.0000
    158.1034	      0.0000
    158.1053	      0.0000
    158.1072	      0.0000
    161.7207	      0.0000
    161.7227	      0.0000
    161.7246	      0.0000
    161.7266	      0.0000
    161.7285	   3613.1387
    161.7305	   6602.8076
    161.7324	   8203.8086
    161.7344	   7358.3608
    161.7363	   4586.5645
    161.7381	      0.0000
    161.7401	      0.0000
    161.7420	      0.0000
    161.7440	      0.0000
    163.0435	      0.0000
    163.0454	      0.0000
    163.0474	      0.0000
    163.0494	      0.0000
    163.0514	   6308.1245
    163.0533	  18605.8516
    163.0553	  71788.5156
    163.0573	 156506.9531
    163.0593	 247538.7969
    163.0612	 257041.8906
    163.0632	 168561.3438
    163.0652	  83504.7188
    163.0672	  23194.1074
    163.0691	   6144.2935
    163.0713	      0.0000
    163.0733	      0.0000
    163.0752	      0.0000
    163.0772	      0.0000
    168.0433	      0.0000
    168.0454	      0.0000
    168.0474	      0.0000
    168.0495	      0.0000
    168.0516	   4507.3188
    168.0536	  12064.5039
    168.0557	  13864.9854
    168.0578	  40050.4609
    168.0598	 144405.0313
    168.0619	 419878.7500
    168.0640	 713091.2500
    168.0660	 908041.1250
    168.0681	 694017.1250
    168.0702	 402589.1250
    168.0722	 131571.8438
    168.0743	  34051.9688
    168.0764	   7987.9961
    168.0784	   3313.9673
    168.0805	      0.0000
    168.0826	      0.0000
    168.0846	      0.0000
    168.0867	      0.0000
    169.0541	      0.0000
    169.0562	      0.0000
    169.0583	      0.0000
    169.0604	      0.0000
    169.0625	   3789.4814
    169.0645	  13442.6143
    169.0666	  27222.9043
    169.0687	  41588.7070
    169.0708	  40102.4961
    169.0729	  24428.3711
    169.0750	   9811.3340
    169.0771	    360.2176
    169.0791	      0.0000
    169.0812	      0.0000
    169.0833	      0.0000
    169.0853	      0.0000
    186.0515	      0.0000
    186.0539	      0.0000
    186.0563	      0.0000
    186.0587	      0.0000
    186.0611	   5868.1821
    186.0635	   6868.9639
    186.0659	   8637.8643
    186.0683	  36592.0352
    186.0707	 139761.4063
    186.0731	 285954.5313
    186.0755	 439608.7188
    186.0779	 430164.8750
    186.0803	 275426.5938
    186.0828	 130824.1953
    186.0852	  38749.6328
    186.0876	  14416.2617
    186.0900	  10489.1992
    186.0924	   4713.5981
    186.0949	      0.0000
    186.0973	      0.0000
    186.0997	      0.0000
    186.1021	      0.0000
    187.0619	      0.0000
    187.0643	      0.0000
    187.0667	      0.0000
    187.0691	      0.0000
    187.0716	   4377.9155
    187.0740	  13140.5430
    187.0764	  25054.5625
    187.0788	  36145.1445
    187.0813	  30925.4102
    187.0837	  18195.5469
    187.0861	   6480.8613
    187.0886	   2322.1821
    187.0910	      0.0000
    187.0934	      0.0000
    187.0959	      0.0000
    187.0983	      0.0000
    199.1261	      0.0000
    199.1287	      0.0000
    199.1314	      0.0000
    199.1341	      0.0000
    199.1367	   3811.0068
    199.1394	   6997.0747
    199.1421	   8705.8262
    199.1447	   7614.3555
    199.1474	   4387.0713
    199.1501	      0.0000
    199.1527	      0.0000
    199.1554	      0.0000
    199.1581	      0.0000
    200.1213	      0.0000
    200.1240	      0.0000
    200.1267	      0.0000
    200.1293	      0.0000
    200.1320	   3607.3762
    200.1347	   6264.7100
    200.1374	   8257.7246
    200.1401	   8070.7217
    200.1428	   5390.9556
    200.1457	      0.0000
    200.1483	      0.0000
    200.1510	      0.0000
    200.1537	      0.0000
    203.1166	      0.0000
    203.1194	      0.0000
    203.1221	      0.0000
    203.1249	      0.0000
    203.1276	     26.8064
    203.1303	   7577.1216
    203.1331	  29806.9199
    203.1358	  61277.9453
    203.1386	  94647.1406
    203.1413	  93950.2344
    203.1441	  60214.6602
    203.1468	  28785.2344
    203.1496	   6720.1025
    203.1523	      0.0000
    203.1549	      0.0000
    203.1577	      0.0000
    203.1604	      0.0000
    203.1632	      0.0000
    204.0533	      0.0000
    204.0560	      0.0000
    204.0588	      0.0000
    204.0616	      0.0000
    204.0643	   1017.5840
    204.0671	  15574.4414
    204.0699	  28708.3418
    204.0726	  34001.7305
    204.0754	  50573.1484
    204.0782	 183416.2813
    204.0809	 637789.5000
    204.0837	1224382.0000
    204.0865	1796423.6250
    204.0892	1639041.8750
    204.0920	1019546.3125
    204.0948	 448237.8125
    204.0975	 129663.2031
    204.1003	  47273.0273
    204.1031	  35500.3906
    204.1058	  13738.8828
    204.1086	  12005.0313
    204.1114	      0.0000
    204.1141	      0.0000
    204.1169	      0.0000
    204.1197	      0.0000
    204.1224	      0.0000
    204.3772	      0.0000
    204.3799	      0.0000
    204.3827	      0.0000
    204.3855	      0.0000
    204.3883	   4842.9824
    204.3910	   7573.7026
    204.3938	   8216.2158
    204.3966	   6393.4946
    204.3993	   3366.1846
    204.4021	      0.0000
    204.4048	      0.0000
    204.4076	      0.0000
    204.4104	      0.0000
    205.0662	      0.0000
    205.0690	      0.0000
    205.0717	      0.0000
    205.0745	      0.0000
    205.0773	      0.0000
    205.0801	   6542.4575
    205.0829	  30742.2617
    205.0857	  76609.1094
    205.0885	 126765.7266
    205.0912	 145697.2969
    205.0940	 103098.6328
    205.0968	  56222.2383
    205.0996	  16763.2637
    205.1024	   3992.0706
    205.1053	      0.0000
    205.1080	      0.0000
    205.1108	      0.0000
    205.1136	      0.0000
    216.0784	      0.0000
    216.0814	      0.0000
    216.0844	      0.0000
    216.0874	      0.0000
    216.0904	   3050.6211
    216.0934	   7028.1396
    216.0965	  10763.6143
    216.0995	  11627.9268
    216.1025	   8842.6719
    216.1055	   4426.5898
    216.1085	      0.0000
    216.1115	      0.0000
    216.1145	      0.0000
    216.1175	      0.0000
    217.0609	      0.0000
    217.0639	      0.0000
    217.0669	      0.0000
    217.0700	      0.0000
    217.0730	   4008.7271
    217.0760	  11018.5674
    217.0791	  26652.7188
    217.0821	  36493.4219
    217.0851	  30081.3438
    217.0882	  16949.6777
    217.0912	   6982.1611
    217.0943	   2638.6851
    217.0973	      0.0000
    217.1003	      0.0000
    217.1033	      0.0000
    217.1064	      0.0000
    223.0896	      0.0000
    223.0928	      0.0000
    223.0959	      0.0000
    223.0991	      0.0000
    223.1023	   6314.9233
    223.1054	  11055.2871
    223.1086	  13539.2959
    223.1117	  11762.4863
    223.1149	   6923.1841
    223.1181	   2263.8855
    223.1213	      0.0000
    223.1244	      0.0000
    223.1276	      0.0000
    223.1307	      0.0000
    238.5426	      0.0000
    238.5461	      0.0000
    238.5496	      0.0000
    238.5531	      0.0000
    238.5566	   3553.2144
    238.5601	   6451.5420
    238.5636	   7824.0508
    238.5671	   6594.1704
    238.5705	   3663.4619
    238.5740	      0.0000
    238.5775	      0.0000
    238.5810	      0.0000
    238.5845	      0.0000
    239.1273	      0.0000
    239.1308	      0.0000
    239.1343	      0.0000
    239.1378	      0.0000
    239.1413	   3458.6667
    239.1448	   9195.9111
    239.1483	  14656.6143
    239.1518	  15724.3926
    239.1553	  11482.9004
    239.1588	   5312.6211
    239.1623	      0.0000
    239.1659	      0.0000
    239.1694	      0.0000
    239.1729	      0.0000
    240.1089	      0.0000
    240.1124	      0.0000
    240.1159	      0.0000
    240.1195	      0.0000
    240.1230	   2340.8647
    240.1265	   7037.0957
    240.1300	  14406.9277
    240.1336	  28544.0391
    240.1371	  27915.5254
    240.1406	  14151.0947
    240.1442	   6981.7188
    240.1477	   2451.4377
    240.1508	      0.0000
    240.1543	      0.0000
    240.1578	      0.0000
    240.1614	      0.0000
    241.0428	      0.0000
    241.0464	      0.0000
    241.0499	      0.0000
    241.0535	      0.0000
    241.0570	    285.3486
    241.0606	  11159.1074
    241.0641	  31759.4434
    241.0677	  54111.1523
    241.0712	  65818.1094
    241.0748	  49078.6602
    241.0783	  28222.7090
    241.0819	   9147.6514
    241.0854	   1625.9816
    241.0894	      0.0000
    241.0930	      0.0000
    241.0965	      0.0000
    241.1001	      0.0000
    242.1260	      0.0000
    242.1296	      0.0000
    242.1332	      0.0000
    242.1368	      0.0000
    242.1403	   5013.4482
    242.1439	  10595.6660
    242.1475	  16001.5898
    242.1511	  17603.9141
    242.1546	  13968.7578
    242.1582	   7506.9668
    242.1618	   2360.2351
    242.1656	      0.0000
    242.1691	      0.0000
    242.1727	      0.0000
    242.1763	      0.0000
    257.1307	      0.0000
    257.1346	      0.0000
    257.1385	      0.0000
    257.1424	      0.0000
    257.1464	   4420.8062
    257.1503	  17166.8672
    257.1542	  52571.6992
    257.1581	  90451.2188
    257.1620	 115837.7266
    257.1659	  88412.5938
    257.1698	  51136.5000
    257.1737	  15854.2998
    257.1777	   3600.8416
    257.1815	      0.0000
    257.1855	      0.0000
    257.1894	      0.0000
    257.1933	      0.0000
    258.1388	      0.0000
    258.1427	      0.0000
    258.1466	      0.0000
    258.1506	      0.0000
    258.1545	   3980.5544
    258.1584	   8272.2373
    258.1624	  11861.9883
    258.1663	  12195.3486
    258.1702	   8843.5332
    258.1742	   4237.5400
    258.1781	      0.0000
    258.1820	      0.0000
    258.1860	      0.0000
    258.1899	      0.0000
    260.1370	      0.0000
    260.1409	      0.0000
    260.1449	      0.0000
    260.1489	      0.0000
    260.1529	   4583.7549
    260.1569	   9414.8223
    260.1608	  12232.2090
    260.1648	  10712.6309
    260.1688	   6102.8730
    260.1728	   1757.3171
    260.1767	      0.0000
    260.1807	      0.0000
    260.1847	      0.0000
    260.1887	      0.0000
    268.1038	      0.0000
    268.1080	      0.0000
    268.1121	      0.0000
    268.1163	      0.0000
    268.1205	   4267.5132
    268.1246	   8553.7676
    268.1288	  11276.0439
    268.1330	  10558.9766
    268.1371	   6992.8667
    268.1413	   2956.7163
    268.1454	      0.0000
    268.1496	      0.0000
    268.1538	      0.0000
    268.1579	      0.0000
    269.5672	      0.0000
    269.5714	      0.0000
    269.5756	      0.0000
    269.5798	      0.0000
    269.5840	   4292.8032
    269.5882	   6698.9673
    269.5924	   7593.4497
    269.5966	   6176.5723
    269.6008	   3399.1802
    269.6050	      0.0000
    269.6092	      0.0000
    269.6134	      0.0000
    269.6176	      0.0000
    285.1213	      0.0000
    285.1259	      0.0000
    285.1304	      0.0000
    285.1350	      0.0000
    285.1396	   2642.8291
    285.1441	   9725.8203
    285.1487	  25523.1621
    285.1533	  43235.5586
    285.1578	  50769.0313
    285.1624	  35117.4180
    285.1670	  18097.8594
    285.1715	   4419.5366
    285.1761	      0.0000
    285.1807	      0.0000
    285.1852	      0.0000
    285.1898	      0.0000
    288.0898	      0.0000
    288.0944	      0.0000
    288.0991	      0.0000
    288.1037	      0.0000
    288.1083	   4896.6680
    288.1130	   9262.4492
    288.1176	  12211.2158
    288.1223	  11488.7051
    288.1269	   7459.9473
    288.1315	   2907.4751
    288.1363	      0.0000
    288.1409	      0.0000
    288.1456	      0.0000
    288.1502	      0.0000
    295.0742	      0.0000
    295.0791	      0.0000
    295.0839	      0.0000
    295.0887	      0.0000
    295.0935	   3404.0332
    295.0983	   6682.4326
    295.1031	   8680.7949
    295.1079	   8164.8477
    295.1127	   5548.6362
    295.1176	      0.0000
    295.1224	      0.0000
    295.1272	      0.0000
    295.1320	      0.0000
    318.3857	      0.0000
    318.3911	      0.0000
    318.3965	      0.0000
    318.4019	      0.0000
    318.4073	   4092.9922
    318.4127	   6641.8198
    318.4180	   8243.9717
    318.4234	   8081.0415
    318.4288	   6096.9507
    318.4343	      0.0000
    318.4397	      0.0000
    318.4451	      0.0000
    318.4505	      0.0000
    359.1174	      0.0000
    359.1239	      0.0000
    359.1303	      0.0000
    359.1368	      0.0000
    359.1433	   2903.8918
    359.1497	   6310.8530
    359.1562	   8240.1201
    359.1626	   7179.4644
    359.1691	   3982.6470
    359.1756	      0.0000
    359.1821	      0.0000
    359.1886	      0.0000
    359.1950	      0.0000
    366.0857	      0.0000
    366.0923	      0.0000
    366.0989	      0.0000
    366.1056	      0.0000
    366.1122	   3607.7761
    366.1189	  16187.8594
    366.1255	  59830.2852
    366.1322	 119371.6719
    366.1388	 179281.0938
    366.1455	 168311.4375
    366.1521	 105318.0938
    366.1587	  47309.6523
    366.1654	  12883.1348
    366.1720	   3785.9431
    366.1788	      0.0000
    366.1854	      0.0000
    366.1920	      0.0000
    366.1987	      0.0000
    367.0977	      0.0000
    367.1044	      0.0000
    367.1110	      0.0000
    367.1177	      0.0000
    367.1244	   3164.3733
    367.1311	   8137.6953
    367.1377	  13465.8965
    367.1444	  15530.6523
    367.1511	  12623.3477
    367.1578	   6859.0493
    367.1644	   2209.8394
    367.1712	      0.0000
    367.1779	      0.0000
    367.1846	      0.0000
    367.1913	      0.0000
    419.1611	      0.0000
    419.1692	      0.0000
    419.1773	      0.0000
    419.1855	      0.0000
    419.1936	   4711.6104
    419.2018	  11014.3486
    419.2099	  17064.3984
    419.2181	  18642.0664
    419.2262	  14499.5635
    419.2343	   7599.1411
    419.2425	   2347.3943
    419.2510	      0.0000
    419.2592	      0.0000
    419.2673	      0.0000
    419.2755	      0.0000
    490.1868	      0.0000
    490.1971	      0.0000
    490.2074	      0.0000
    490.2177	      0.0000
    490.2279	   5369.6738
    490.2382	   8736.0469
    490.2485	  10046.3496
    490.2588	   8507.2803
    490.2691	   5108.8604
    490.2794	      0.0000
    490.2897	      0.0000
    490.3000	      0.0000
    490.3103	      0.0000
    498.1156	      0.0000
    498.1262	      0.0000
    498.1367	      0.0000
    498.1473	      0.0000
    498.1578	   2637.4075
    498.1684	   6751.7705
    498.1789	   9693.8799
    498.1894	   9022.7441
    498.2000	   5260.7554
    498.2108	      0.0000
    498.2214	      0.0000
    498.2319	      0.0000
    498.2424	      0.0000
    526.0663	      0.0000
    526.0778	      0.0000
    526.0892	      0.0000
    526.1007	      0.0000
    526.1121	   4632.4629
    526.1236	   7573.2754
    526.1350	   8752.0273
    526.1465	   7595.5527
    526.1579	   4905.8125
    526.1694	      0.0000
    526.1808	      0.0000
    526.1923	      0.0000
    526.2037	      0.0000
    528.1095	      0.0000
    528.1210	      0.0000
    528.1325	      0.0000
    528.1440	      0.0000
    528.1555	   3760.6755
    528.1670	   9375.0762
    528.1786	  23930.4355
    528.1901	  38899.7695
    528.2016	  38589.1797
    528.2131	  23994.4922
    528.2246	  10261.3350
    528.2361	   3249.1389
    528.2477	      0.0000
    528.2592	      0.0000
    528.2707	      0.0000
    528.2822	      0.0000
    542.2233	      0.0000
    542.2353	      0.0000
    542.2472	      0.0000
    542.2592	      0.0000
    542.2712	   3746.5122
    542.2832	   6920.8062
    542.2952	   8813.6650
    542.3071	   8087.5566
    542.3191	   5141.8086
    542.3311	      0.0000
    542.3431	      0.0000
    542.3551	      0.0000
    542.3671	      0.0000
    555.2811	      0.0000
    555.2935	      0.0000
    555.3059	      0.0000
    555.3183	      0.0000
    555.3307	   5683.3853
    555.3431	  10390.4082
    555.3556	  14099.3838
    555.3680	  14435.4268
    555.3804	  10987.2324
    555.3928	   5854.8120
    555.4052	      0.0000
    555.4176	      0.0000
    555.4301	      0.0000
    555.4425	      0.0000
    574.2335	      0.0000
    574.2466	      0.0000
    574.2596	      0.0000
    574.2727	      0.0000
    574.2857	   3538.4868
    574.2988	   9060.5166
    574.3118	  14896.8184
    574.3249	  16504.6699
    574.3379	  12472.7803
    574.3510	   5917.1724
    574.3642	      0.0000
    574.3772	      0.0000
    574.3903	      0.0000
    574.4034	      0.0000
    682.2434	      0.0000
    682.2603	      0.0000
    682.2772	      0.0000
    682.2941	      0.0000
    682.3110	   3021.6809
    682.3279	   8164.7290
    682.3448	  14703.7197
    682.3617	  18525.5000
    682.3786	  16500.2207
    682.3955	  10017.5420
    682.4124	   3899.8779
    682.4294	      0.0000
    682.4463	      0.0000
    682.4632	      0.0000
    682.4802	      0.0000
    756.7526	      0.0000
    756.7724	      0.0000
    756.7921	      0.0000
    756.8119	      0.0000
    756.8316	   5388.9365
    756.8514	   7734.9502
    756.8711	   8520.7188
    756.8909	   7161.5273
    756.9106	   4335.3120
    756.9304	      0.0000
    756.9502	      0.0000
    756.9699	      0.0000
    756.9897	      0.0000
    767.9329	      0.0000
    767.9531	      0.0000
    767.9733	      0.0000
    767.9935	      0.0000
    768.0137	   6728.7832
    768.0339	   9626.5859
    768.0541	   9936.5898
    768.0742	   7466.4771
    768.0944	   3788.6660
    768.1147	      0.0000
    768.1349	      0.0000
    768.1551	      0.0000
    768.1753	      0.0000
    821.9353	      0.0000
    821.9576	      0.0000
    821.9800	      0.0000
    822.0024	      0.0000
    822.0247	   4193.8159
    822.0471	   7906.4897
    822.0694	   9863.4922
    822.0918	   8729.5830
    822.1141	   5336.6445
    822.1366	      0.0000
    822.1589	      0.0000
    822.1813	      0.0000
    822.2036	      0.0000
    855.3533	      0.0000
    855.3770	      0.0000
    855.4008	      0.0000
    855.4245	      0.0000
    855.4482	   7227.0122
    855.4720	  11070.0811
    855.4957	  11600.6943
    855.5194	   8357.7275
    855.5432	   3693.2288
    855.5669	      0.0000
    855.5906	      0.0000
    855.6144	      0.0000
    855.6381	      0.0000
    860.2624	      0.0000
    860.2864	      0.0000
    860.3103	      0.0000
    860.3342	      0.0000
    860.3582	   5804.5898
    860.3821	  11375.3857
    860.4060	  15078.1338
    860.4300	  14230.5068
    860.4539	   9405.3467
    860.4779	   3980.9556
    860.4941	      0.0000
    860.5181	      0.0000
    860.5420	      0.0000
    860.5660	      0.0000
    876.7632	      0.0000
    876.7878	      0.0000
    876.8124	      0.0000
    876.8370	      0.0000
    876.8617	   2354.0776
    876.8863	  22603.0137
    876.9109	  51810.8047
    876.9356	  83911.8281
    876.9602	  86458.8047
    876.9848	  56801.6211
    877.0095	  28453.2168
    877.0341	   8821.5430
    877.0587	   3872.1787
    877.0905	      0.0000
    877.1152	      0.0000
    877.1398	      0.0000
    877.1644	      0.0000
    877.2630	      0.0000
    877.2877	      0.0000
    877.3123	      0.0000
    877.3370	      0.0000
    877.3616	   4042.3896
    877.3863	  13931.9131
    877.4109	  36213.5742
    877.4356	  60161.0898
    877.4602	  72302.6328
    877.4849	  52752.3086
    877.5095	  28965.6328
    877.5342	   8139.4873
    877.5588	      0.0000
    877.5841	      0.0000
    877.6087	      0.0000
    877.6334	      0.0000
    877.6580	      0.0000
    878.0775	      0.0000
    878.1021	      0.0000
    878.1268	      0.0000
    878.1515	      0.0000
    878.1762	   4079.9753
    878.2009	   8776.2559
    878.2256	  11762.3135
    878.2502	  10831.9443
    878.2749	   6853.3618
    878.2996	      0.0000
    878.3243	      0.0000
    878.3490	      0.0000
    878.3737	      0.0000
    887.8076	      0.0000
    887.8327	      0.0000
    887.8578	      0.0000
    887.8829	      0.0000
    887.9080	   5779.9136
    887.9331	  10715.5361
    887.9582	  12235.2061
    887.9833	   9303.2148
    888.0084	   4433.6211
    888.0335	      0.0000
    888.0586	      0.0000
    888.0837	      0.0000
    888.1088	      0.0000
    905.2742	      0.0000
    905.3000	      0.0000
    905.3259	      0.0000
    905.3517	      0.0000
    905.3776	   2820.9827
    905.4034	   8077.0352
    905.4292	  15356.3359
    905.4551	  31584.2012
    905.4809	  30453.7559
    905.5068	  19274.9941
    905.5326	   7372.4531
    905.5585	      0.0000
    905.5843	      0.0000
    905.6102	      0.0000
    905.6360	      0.0000
    906.3344	      0.0000
    906.3603	      0.0000
    906.3862	      0.0000
    906.4121	      0.0000
    906.4379	   7580.8970
    906.4638	  11755.7148
    906.4897	  12228.1904
    906.5156	   8670.9189
    906.5415	   3807.3171
    906.5674	      0.0000
    906.5933	      0.0000
    906.6192	      0.0000
    906.6451	      0.0000
    913.9393	      0.0000
    913.9655	      0.0000
    913.9917	      0.0000
    914.0179	      0.0000
    914.0441	   5254.1938
    914.0703	   9967.3105
    914.0966	  11842.6367
    914.1228	   9481.2510
    914.1490	   4975.3174
    914.1752	      0.0000
    914.2014	      0.0000
    914.2276	      0.0000
    914.2539	      0.0000
    916.3026	      0.0000
    916.3289	      0.0000
    916.3552	      0.0000
    916.3815	      0.0000
    916.4078	   5276.3647
    916.4341	   9665.6143
    916.4604	  12270.7383
    916.4868	  11334.6816
    916.5131	   7522.9883
    916.5394	      0.0000
    916.5657	      0.0000
    916.5920	      0.0000
    916.6184	      0.0000
    916.8026	      0.0000
    916.8290	      0.0000
    916.8553	      0.0000
    916.8816	      0.0000
    916.9080	   5631.8130
    916.9343	   9256.7607
    916.9606	  10314.3223
    916.9870	   8137.4395
    917.0133	   4308.7422
    917.0397	      0.0000
    917.0660	      0.0000
    917.0924	      0.0000
    917.1187	      0.0000
    918.5958	      0.0000
    918.6222	      0.0000
    918.6486	      0.0000
    918.6750	      0.0000
    918.7014	   7112.2798
    918.7278	  11605.5459
    918.7542	  13143.9941
    918.7807	  10467.3750
    918.8071	   5453.5879
    918.8335	      0.0000
    918.8599	      0.0000
    918.8863	      0.0000
    918.9128	      0.0000
    922.3573	      0.0000
    922.3838	      0.0000
    922.4104	      0.0000
    922.4370	      0.0000
    922.4636	   5023.6724
    922.4901	  10175.8477
    922.5167	  13906.1006
    922.5433	  13296.6445
    922.5699	   8686.5791
    922.5965	   3526.2136
    922.6231	      0.0000
    922.6496	      0.0000
    922.6762	      0.0000
    922.7028	      0.0000
    939.7918	      0.0000
    939.8192	      0.0000
    939.8465	      0.0000
    939.8738	      0.0000
    939.9012	   4864.8511
    939.9285	   9208.5518
    939.9558	  12157.1396
    939.9832	  11641.1230
    940.0105	   7921.5737
    940.0378	   3408.3918
    940.0652	      0.0000
    940.0925	      0.0000
    940.1199	      0.0000
    940.1472	      0.0000
    940.2840	      0.0000
    940.3113	      0.0000
    940.3387	      0.0000
    940.3660	      0.0000
    940.3934	   4119.6055
    940.4207	   8166.0234
    940.4481	   9993.5713
    940.4754	   8026.1812
    940.5028	   3774.2134
    940.5302	      0.0000
    940.5575	      0.0000
    940.5849	      0.0000
    940.6122	      0.0000
    943.2996	      0.0000
    943.3271	      0.0000
    943.3546	      0.0000
    943.3820	      0.0000
    943.4095	   3503.3359
    943.4370	   8129.5918
    943.4645	  12038.2715
    943.4920	  12092.6582
    943.5195	   7974.8662
    943.5470	   2711.8811
    943.5751	      0.0000
    943.6026	      0.0000
    943.6301	      0.0000
    943.6575	      0.0000
    948.2662	      0.0000
    948.2939	      0.0000
    948.3216	      0.0000
    948.3493	      0.0000
    948.3771	   3481.8386
    948.4048	  13592.5127
    948.4325	  30956.2070
    948.4602	  49773.5781
    948.4879	  53771.5039
    948.5156	  35958.8984
    948.5433	  18079.2598
    948.5710	   4791.5825
    948.5981	      0.0000
    948.6258	      0.0000
    948.6535	      0.0000
    948.6813	      0.0000
    948.7644	      0.0000
    948.7921	      0.0000
    948.8199	      0.0000
    948.8476	      0.0000
    948.8753	   1608.6831
    948.9030	  14756.5859
    948.9308	  31629.8066
    948.9585	  49064.7695
    948.9862	  49158.4609
    949.0139	  32835.7188
    949.0417	  17044.1563
    949.0694	   4276.5171
    949.0971	      0.0000
    949.1249	      0.0000
    949.1526	      0.0000
    949.1803	      0.0000
    949.2913	      0.0000
    949.3191	      0.0000
    949.3468	      0.0000
    949.3745	      0.0000
    949.4023	   6925.6953
    949.4300	  17693.6367
    949.4578	  29265.7773
    949.4855	  28954.2520
    949.5133	  14063.8848
    949.5410	   6222.1748
    949.5688	      0.0000
    949.5966	      0.0000
    949.6243	      0.0000
    949.6521	      0.0000
    950.7912	      0.0000
    950.8190	      0.0000
    950.8468	      0.0000
    950.8746	      0.0000
    950.9025	   3556.2927
    950.9303	   7751.8145
    950.9581	  10572.1816
    950.9859	   9849.0703
    951.0137	   5950.0654
    951.0412	      0.0000
    951.0690	      0.0000
    951.0969	      0.0000
    951.1247	      0.0000
    953.2707	      0.0000
    953.2986	      0.0000
    953.3266	      0.0000
    953.3545	      0.0000
    953.3824	   2095.4067
    953.4103	  15688.2803
    953.4382	  44516.8281
    953.4662	  75926.3750
    953.4941	  92430.1016
    953.5220	  67723.4688
    953.5500	  37494.4961
    953.5779	  10683.5469
    953.6058	   1742.0128
    953.6341	      0.0000
    953.6620	      0.0000
    953.6899	      0.0000
    953.7179	      0.0000
    954.3048	      0.0000
    954.3328	      0.0000
    954.3607	      0.0000
    954.3887	      0.0000
    954.4167	   3562.6772
    954.4447	   9557.8525
    954.4726	  15477.9248
    954.5006	  16764.6406
    954.5286	  12365.5615
    954.5565	   5773.5566
    954.5845	      0.0000
    954.6125	      0.0000
    954.6405	      0.0000
    954.6684	      0.0000
    956.7984	      0.0000
    956.8265	      0.0000
    956.8546	      0.0000
    956.8826	      0.0000
    956.9107	   4440.3257
    956.9388	  19360.5098
    956.9669	  35311.2656
    956.9949	  47556.2227
    957.0230	  37943.9219
    957.0511	  22305.7480
    957.0792	   7876.8721
    957.1073	   2161.7620
    957.1381	      0.0000
    957.1662	      0.0000
    957.1943	      0.0000
    957.2224	      0.0000
    957.2505	      0.0000
    957.2786	      0.0000
    957.3067	      0.0000
    957.3348	      0.0000
    957.3629	   3162.3994
    957.3910	  23740.9297
    957.4191	  74732.7656
    957.4472	 136452.4219
    957.4753	 195059.2188
    957.5034	 178751.5781
    957.5315	 112853.6172
    957.5596	  51743.1641
    957.5877	  11751.2725
    957.6158	      0.0000
    957.6439	      0.0000
    957.6720	      0.0000
    957.7001	      0.0000
    957.7282	      0.0000
    957.7563	      0.0000
    957.7845	      0.0000
    957.8126	      0.0000
    957.8407	      0.0000
    957.8688	   5191.8540
    957.8969	  16842.5449
    957.9251	  48810.5703
    957.9532	  82465.2031
    957.9813	 106625.7500
    958.0094	  82458.0156
    958.0376	  46802.2031
    958.0657	  13321.0381
    958.0938	      0.0000
    958.1192	      0.0000
    958.1473	      0.0000
    958.1755	      0.0000
    958.2036	      0.0000
    958.2880	      0.0000
    958.3161	      0.0000
    958.3443	      0.0000
    958.3724	      0.0000
    958.4006	   5723.6104
    958.4287	  13552.0176
    958.4569	  29085.0801
    958.4850	  31329.3691
    958.5131	  19930.9746
    958.5413	   9018.6748
    958.5694	   3305.1162
    958.5995	      0.0000
    958.6276	      0.0000
    958.6558	      0.0000
    958.6839	      0.0000
    962.5529	      0.0000
    962.5813	      0.0000
    962.6096	      0.0000
    962.6379	      0.0000
    962.6662	    782.2065
    962.6946	  13081.7324
    962.7229	  43056.1328
    962.7512	  74527.3047
    962.7796	  96120.1563
    962.8079	  73791.9297
    962.8363	  41919.6523
    962.8646	  12798.6152
    962.8929	   1500.4573
    962.9279	      0.0000
    962.9562	      0.0000
    962.9846	      0.0000
    963.0129	   3717.1206
    963.0413	  14138.9238
    963.0696	  34688.7148
    963.0980	  58573.0898
    963.1263	  68041.6250
    963.1547	  46995.0781
    963.1830	  23808.8652
    963.2114	   3818.2356
    963.2297	      0.0000
    963.2581	      0.0000
    963.2864	      0.0000
    963.3148	      0.0000
    963.3431	   4537.8945
    963.3715	  14639.0449
    963.3999	  32513.6016
    963.4282	  52028.1289
    963.4566	  54864.4258
    963.4850	  36449.4609
    963.5133	  18140.7715
    963.5417	   3624.8096
    963.5716	      0.0000
    963.6000	      0.0000
    963.6284	      0.0000
    963.6567	      0.0000
    978.2346	      0.0000
    978.2637	      0.0000
    978.2927	      0.0000
    978.3217	      0.0000
    978.3507	   5385.6216
    978.3798	   8896.0479
    978.4088	  11256.9072
    978.4378	  11065.1348
    978.4668	   8416.1279
    978.4959	      0.0000
    978.5249	      0.0000
    978.5539	      0.0000
    978.5830	      0.0000
    978.7863	      0.0000
    978.8153	      0.0000
    978.8444	      0.0000
    978.8734	      0.0000
    978.9025	   3362.7678
    978.9315	  10562.8359
    978.9606	  26452.3105
    978.9896	  35102.5664
    979.0187	  26599.9277
    979.0477	  14506.9375
    979.0768	   5477.8892
    979.1059	      0.0000
    979.1349	      0.0000
    979.1640	      0.0000
    979.1930	      0.0000
    979.3093	      0.0000
    979.3384	      0.0000
    979.3674	      0.0000
    979.3965	      0.0000
    979.4256	   6969.0454
    979.4547	  10495.7393
    979.4837	  12112.9619
    979.5128	  10898.2207
    979.5419	   7550.0771
    979.5710	      0.0000
    979.6001	      0.0000
    979.6292	      0.0000
    979.6582	      0.0000
    984.2698	      0.0000
    984.2991	      0.0000
    984.3284	      0.0000
    984.3577	      0.0000
    984.3870	   4346.4624
    984.4163	  11493.8232
    984.4456	  25655.6465
    984.4749	  30910.3086
    984.5042	  20953.9336
    984.5335	   9366.1602
    984.5628	   3174.0933
    984.5921	      0.0000
    984.6214	      0.0000
    984.6507	      0.0000
    984.6800	      0.0000
    990.3020	      0.0000
    990.3315	      0.0000
    990.3611	      0.0000
    990.3906	      0.0000
    990.4202	   3175.6382
    990.4498	   9195.7305
    990.4793	  15977.5869
    990.5089	  18927.1563
    990.5385	  15927.8926
    990.5681	   9375.7725
    990.5976	   3686.8567
    990.6389	      0.0000
    990.6685	      0.0000
    990.6981	      0.0000
    990.7276	      0.0000
    992.7717	      0.0000
    992.8014	      0.0000
    992.8311	      0.0000
    992.8607	      0.0000
    992.8904	   3422.8350
    992.9201	  14568.2148
    992.9498	  34140.3398
    992.9794	  55823.3125
    993.0091	  63341.0195
    993.0388	  43746.0625
    993.0685	  22897.4453
    993.0982	   4875.6729
    993.1132	      0.0000
    993.1429	      0.0000
    993.1726	      0.0000
    993.2022	      0.0000
    993.2319	      0.0000
    993.2616	      0.0000
    993.2913	      0.0000
    993.3210	      0.0000
    993.3507	      0.0000
    993.3804	   8418.0830
    993.4101	  36888.4258
    993.4398	  79078.3359
    993.4695	 124251.0703
    993.4992	 129733.2266
    993.5289	  86972.6172
    993.5586	  44962.6016
    993.5883	  12352.1885
    993.6180	      0.0000
    993.6507	      0.0000
    993.6804	      0.0000
    993.7101	      0.0000
    993.7399	      0.0000
    993.7696	      0.0000
    993.7993	      0.0000
    993.8290	      0.0000
    993.8587	      0.0000
    993.8884	   2915.3452
    993.9182	   8940.1924
    993.9479	  23738.9844
    993.9776	  34847.2109
    994.0073	  33612.8242
    994.0371	  21267.2168
    994.0668	   7842.0996
    994.0965	      0.0000
    994.1263	      0.0000
    994.1560	      0.0000
    994.1857	      0.0000
    994.2749	      0.0000
    994.3047	      0.0000
    994.3344	      0.0000
    994.3641	      0.0000
    994.3939	   3531.3079
    994.4236	  14543.3008
    994.4534	  28968.8906
    994.4831	  42835.0430
    994.5129	  40415.5781
    994.5426	  24935.9668
    994.5724	  10104.1855
    994.6021	   3325.2793
    994.6383	      0.0000
    994.6681	      0.0000
    994.6978	      0.0000
    994.7276	      0.0000
    998.2783	      0.0000
    998.3082	      0.0000
    998.3381	      0.0000
    998.3680	      0.0000
    998.3980	   4082.7600
    998.4279	  14586.4619
    998.4578	  46964.5430
    998.4877	  82941.2891
    998.5177	 110491.5859
    998.5476	  87418.8047
    998.5775	  50903.2344
    998.6074	  15341.4160
    998.6374	   2179.0471
    998.6563	      0.0000
    998.6863	      0.0000
    998.7162	      0.0000
    998.7462	      0.0000
    998.7761	      0.0000
    998.8060	      0.0000
    998.8360	      0.0000
    998.8659	      0.0000
    998.8959	   1911.6345
    998.9258	  18162.1055
    998.9558	  57080.4609
    998.9857	  97198.0938
    999.0157	 121978.5469
    999.0456	  91843.0391
    999.0756	  52528.6250
    999.1055	  16284.9072
    999.1355	   2681.9856
    999.1692	      0.0000
    999.1991	      0.0000
    999.2291	      0.0000
    999.2591	      0.0000
    999.2890	      0.0000
    999.3190	      0.0000
    999.3490	      0.0000
    999.3789	      0.0000
    999.4089	   3602.7693
    999.4389	  16960.2266
    999.4688	  36478.1133
    999.4988	  57046.6758
    999.5288	  59165.5469
    999.5588	  38906.5625
    999.5887	  18939.7012
    999.6187	   4107.1162
    999.6495	      0.0000
    999.6795	      0.0000
    999.7094	      0.0000
    999.7394	      0.0000
    999.8294	      0.0000
    999.8594	      0.0000
    999.8894	      0.0000
    999.9194	      0.0000
    999.9493	   5218.2158
    999.9793	   9847.6895
   1000.0093	  13082.2725
   1000.0393	  12649.6563
   1000.0693	   8592.9609
   1000.0993	   3533.1477
   1000.1293	      0.0000
   1000.1593	      0.0000
   1000.1893	      0.0000
   1000.2193	      0.0000
   1001.7814	      0.0000
   1001.8115	      0.0000
   1001.8416	      0.0000
   1001.8717	      0.0000
   1001.9018	   3293.7422
   1001.9318	   8924.7354
   1001.9619	  15238.3857
   1001.9920	  18332.0352
   1002.0221	  16090.2676
   1002.0522	  10106.8975
   1002.0823	   4077.0137
   1002.1124	      0.0000
   1002.1424	      0.0000
   1002.1725	      0.0000
   1002.2026	      0.0000
   1002.2929	      0.0000
   1002.3230	      0.0000
   1002.3531	      0.0000
   1002.3832	      0.0000
   1002.4133	   6355.8813
   1002.4434	  19173.9434
   1002.4735	  31633.2734
   1002.5036	  35662.2422
   1002.5338	  24483.7031
   1002.5639	  12269.4326
   1002.5940	   3589.6270
   1002.6241	      0.0000
   1002.6542	      0.0000
   1002.6843	      0.0000
   1002.7144	      0.0000
   1017.7905	      0.0000
   1017.8213	      0.0000
   1017.8521	      0.0000
   1017.8829	      0.0000
   1017.9137	   5558.3389
   1017.9445	  20600.0391
   1017.9754	  35576.3867
   1018.0062	  43374.5859
   1018.0370	  30971.5879
   1018.0678	  15849.5254
   1018.0986	   4854.3418
   1018.1294	      0.0000
   1018.1602	      0.0000
   1018.1910	      0.0000
   1018.2219	      0.0000
   1018.2835	      0.0000
   1018.3143	      0.0000
   1018.3451	      0.0000
   1018.3760	      0.0000
   1018.4068	   4560.6001
   1018.4376	  15058.7695
   1018.4685	  27084.1914
   1018.4993	  36252.5313
   1018.5301	  28971.9844
   1018.5610	  16202.4932
   1018.5918	   6136.8823
   1018.6226	      0.0000
   1018.6535	      0.0000
   1018.6843	      0.0000
   1018.7152	      0.0000
   1029.8154	      0.0000
   1029.8467	      0.0000
   1029.8781	      0.0000
   1029.9094	      0.0000
   1029.9408	   6274.8516
   1029.9722	  17212.1094
   1030.0035	  29311.1738
   1030.0349	  32618.9512
   1030.0662	  21456.7441
   1030.0976	   9138.4316
   1030.1289	   3015.3159
   1030.1662	      0.0000
   1030.1976	      0.0000
   1030.2289	      0.0000
   1030.2603	      0.0000
   1030.2917	      0.0000
   1030.3230	      0.0000
   1030.3544	      0.0000
   1030.3858	      0.0000
   1030.4171	   4715.2056
   1030.4485	  20795.0234
   1030.4799	  43373.9727
   1030.5113	  66100.4141
   1030.5426	  62365.7930
   1030.5740	  38528.0391
   1030.6054	  15751.7900
   1030.6368	   2449.7810
   1030.6623	      0.0000
   1030.6937	      0.0000
   1030.7251	      0.0000
   1030.7564	      0.0000
   1030.8192	      0.0000
   1030.8506	      0.0000
   1030.8820	      0.0000
   1030.9134	      0.0000
   1030.9448	   7177.7783
   1030.9762	  14946.9326
   1031.0076	  31059.4980
   1031.0390	  30359.6191
   1031.0704	  14511.9961
   1031.1018	   6802.6777
   1031.1332	      0.0000
   1031.1646	      0.0000
   1031.1960	      0.0000
   1031.2275	      0.0000
   1031.3217	      0.0000
   1031.3531	      0.0000
   1031.3845	      0.0000
   1031.4159	      0.0000
   1031.4474	   6719.7310
   1031.4788	  11773.1230
   1031.5102	  14674.4941
   1031.5416	  13281.5508
   1031.5731	   8408.7217
   1031.6045	   3186.3889
   1031.6359	      0.0000
   1031.6674	      0.0000
   1031.6988	      0.0000
   1031.7302	      0.0000
   1031.8245	      0.0000
   1031.8560	      0.0000
   1031.8874	      0.0000
   1031.9189	      0.0000
   1031.9503	   7295.0366
   1031.9817	  11630.3906
   1032.0132	  13019.8145
   1032.0446	  10657.1055
   1032.0761	   6308.5942
   1032.1075	      0.0000
   1032.1390	      0.0000
   1032.1704	      0.0000
   1032.2019	      0.0000
   1040.3338	      0.0000
   1040.3656	      0.0000
   1040.3974	      0.0000
   1040.4293	      0.0000
   1040.4611	   6952.7363
   1040.4929	  10239.2168
   1040.5248	  11384.8945
   1040.5566	   9587.7725
   1040.5885	   5719.3110
   1040.6272	      0.0000
   1040.6591	      0.0000
   1040.6909	      0.0000
   1040.7228	      0.0000
   1040.7865	      0.0000
   1040.8183	      0.0000
   1040.8502	      0.0000
   1040.8820	      0.0000
   1040.9139	   5369.4253
   1040.9457	  20062.9277
   1040.9776	  38942.0195
   1041.0095	  58131.8438
   1041.0413	  57189.0625
   1041.0732	  36963.8477
   1041.1050	  17647.5742
   1041.1369	   3475.6775
   1041.1603	      0.0000
   1041.1922	      0.0000
   1041.2240	      0.0000
   1041.2559	      0.0000
   1041.2878	      0.0000
   1041.3196	      0.0000
   1041.3515	      0.0000
   1041.3834	      0.0000
   1041.4153	   5885.5771
   1041.4472	  24306.3906
   1041.4790	  45909.2266
   1041.5109	  65040.9883
   1041.5428	  55342.2031
   1041.5747	  32625.8281
   1041.6066	  11864.0654
   1041.6385	    930.4648
   1041.6719	      0.0000
   1041.7037	      0.0000
   1041.7356	      0.0000
   1041.7675	      0.0000
   1041.7994	      0.0000
   1041.8313	      0.0000
   1041.8632	      0.0000
   1041.8951	      0.0000
   1041.9270	   5686.1875
   1041.9589	  13211.1465
   1041.9908	  30707.5059
   1042.0227	  33408.7617
   1042.0546	  23022.6074
   1042.0865	   9748.1426
   1042.1185	   3654.3289
   1042.1569	      0.0000
   1042.1888	      0.0000
   1042.2207	      0.0000
   1042.2526	      0.0000
   1049.2776	      0.0000
   1049.3098	      0.0000
   1049.3421	      0.0000
   1049.3743	      0.0000
   1049.4065	   1873.3182
   1049.4388	  12050.3262
   1049.4710	  35461.3594
   1049.5033	  61364.3203
   1049.5355	  80788.6953
   1049.5678	  63960.3281
   1049.6000	  36957.6367
   1049.6323	  11388.3184
   1049.6646	    393.2578
   1049.6951	      0.0000
   1049.7274	      0.0000
   1049.7597	      0.0000
   1049.7919	      0.0000
   1049.8242	      0.0000
   1049.8565	      0.0000
   1049.8887	   6870.5825
   1049.9210	  29877.0176
   1049.9533	 101591.7422
   1049.9855	 198685.5938
   1050.0178	 297972.2500
   1050.0501	 281265.8438
   1050.0824	 175400.9531
   1050.1146	  77453.0781
   1050.1469	  17995.6328
   1050.1792	   1256.4709
   1050.2071	      0.0000
   1050.2394	      0.0000
   1050.2717	      0.0000
   1050.3039	      0.0000
   1050.3362	      0.0000
   1050.3685	   2234.5474
   1050.4008	  15551.1992
   1050.4331	  57693.9609
   1050.4654	 148675.4844
   1050.4977	 248195.0156
   1050.5300	 292765.4375
   1050.5623	 208566.9375
   1050.5946	 113182.5859
   1050.6269	  31930.6660
   1050.6592	   5982.1938
   1050.6924	      0.0000
   1050.7247	      0.0000
   1050.7570	      0.0000
   1050.7893	      0.0000
   1050.8216	      0.0000
   1050.8539	      0.0000
   1050.8862	   3239.9504
   1050.9185	  16941.8047
   1050.9508	  56095.4453
   1050.9832	 108089.2969
   1051.0155	 159135.8125
   1051.0478	 146931.2656
   1051.0801	  91428.8828
   1051.1124	  40570.5742
   1051.1448	   8622.8096
   1051.1771	      0.0000
   1051.2081	      0.0000
   1051.2404	      0.0000
   1051.2727	      0.0000
   1051.3051	      0.0000
   1051.3374	      0.0000
   1051.3697	      0.0000
   1051.4021	   3412.1055
   1051.4344	  10170.2998
   1051.4668	  27056.6211
   1051.4991	  45773.0820
   1051.5314	  51976.5273
   1051.5638	  35262.5781
   1051.5961	  18028.4980
   1051.6285	   4076.8623
   1051.6608	      0.0000
   1051.6932	      0.0000
   1051.7255	      0.0000
   1051.7579	      0.0000
   1051.8226	      0.0000
   1051.8549	      0.0000
   1051.8873	      0.0000
   1051.9197	      0.0000
   1051.9520	   6026.7505
   1051.9844	  12929.1777
   1052.0168	  18257.1914
   1052.0491	  17946.0723
   1052.0815	  12216.5557
   1052.1139	   5298.9204
   1052.1462	      0.0000
   1052.1786	      0.0000
   1052.2110	      0.0000
   1052.2434	      0.0000
   1057.8343	      0.0000
   1057.8669	      0.0000
   1057.8996	      0.0000
   1057.9322	      0.0000
   1057.9648	   2890.5886
   1057.9975	   8436.9785
   1058.0301	  15079.4336
   1058.0628	  26614.4746
   1058.0954	  13091.5947
   1058.1281	   3560.8059
   1058.1638	      0.0000
   1058.1965	      0.0000
   1058.2292	      0.0000
   1058.2618	   4307.0366
   1058.2945	   9281.1191
   1058.3271	  22205.0449
   1058.3598	  39290.3125
   1058.3924	  59054.0586
   1058.4251	 177090.3125
   1058.4578	 600799.0625
   1058.4904	1226165.8750
   1058.5231	1898952.8750
   1058.5558	1896074.7500
   1058.5884	1215034.0000
   1058.6211	 579573.3750
   1058.6538	 155503.4844
   1058.6864	  32903.8672
   1058.7191	      0.0000
   1058.7491	      0.0000
   1058.7818	      0.0000
   1058.8145	      0.0000
   1058.8472	      0.0000
   1058.8798	  29237.6465
   1058.9125	 137901.1406
   1058.9452	 472968.5313
   1058.9779	1157366.1250
   1059.0106	1910849.8750
   1059.0433	2231814.0000
   1059.0760	1587648.7500
   1059.1087	 869222.2500
   1059.1413	 260946.4844
   1059.1740	  59848.6641
   1059.2067	   3939.6179
   1059.2398	      0.0000
   1059.2725	      0.0000
   1059.3052	      0.0000
   1059.3379	      0.0000
   1059.3706	      0.0000
   1059.4033	  49076.1719
   1059.4360	 176329.1250
   1059.4687	 521356.2500
   1059.5014	 916622.6250
   1059.5341	1231994.1250
   1059.5668	 992474.0625
   1059.5995	 586894.5000
   1059.6323	 211556.1719
   1059.6650	  51640.5664
   1059.6977	   9327.1836
   1059.7304	   7347.3071
   1059.7605	      0.0000
   1059.7932	      0.0000
   1059.8260	      0.0000
   1059.8587	      0.0000
   1059.8914	   5709.9028
   1059.9242	  41331.6914
   1059.9569	 134008.2344
   1059.9896	 263505.2813
   1060.0224	 398417.8125
   1060.0551	 373259.6250
   1060.0878	 232360.1250
   1060.1206	 105077.7109
   1060.1533	  27599.7383
   1060.1861	   7047.4741
   1060.2122	      0.0000
   1060.2450	      0.0000
   1060.2777	      0.0000
   1060.3105	      0.0000
   1060.3432	      0.0000
   1060.3760	      0.0000
   1060.4087	   4550.0186
   1060.4415	  18580.4355
   1060.4743	  45865.4414
   1060.5070	  75932.4219
   1060.5398	  85055.4531
   1060.5725	  57568.7227
   1060.6053	  29448.7422
   1060.6381	   7009.2261
   1060.6792	      0.0000
   1060.7120	      0.0000
   1060.7448	      0.0000
   1060.7775	      0.0000
   1062.8123	      0.0000
   1062.8451	      0.0000
   1062.8780	      0.0000
   1062.9109	      0.0000
   1062.9437	   6430.5645
   1062.9766	  11721.4990
   1063.0095	  14017.6641
   1063.0424	  11670.6816
   1063.0752	   6564.0234
   1063.1082	      0.0000
   1063.1410	      0.0000
   1063.1739	      0.0000
   1063.2068	      0.0000
   1065.8094	      0.0000
   1065.8424	      0.0000
   1065.8754	      0.0000
   1065.9084	      0.0000
   1065.9414	   3946.9131
   1065.9744	   9147.9463
   1066.0074	  13376.4512
   1066.0404	  13397.9883
   1066.0735	   9238.6523
   1066.1065	   3988.2742
   1066.1395	      0.0000
   1066.1725	      0.0000
   1066.2056	      0.0000
   1066.2386	      0.0000
   1094.2896	      0.0000
   1094.3239	      0.0000
   1094.3582	      0.0000
   1094.3926	      0.0000
   1094.4269	   7304.9038
   1094.4613	  21515.9336
   1094.4956	  36966.0273
   1094.5300	  44926.7852
   1094.5643	  33165.6094
   1094.5987	  18391.3594
   1094.6330	   5604.0166
   1094.6700	      0.0000
   1094.7044	      0.0000
   1094.7387	      0.0000
   1094.7731	      0.0000
   1094.8074	      0.0000
   1094.8418	      0.0000
   1094.8762	      0.0000
   1094.9105	   4207.2397
   1094.9449	  21542.9004
   1094.9793	  45763.2891
   1095.0136	  71425.7656
   1095.0480	  71914.6797
   1095.0824	  46131.2461
   1095.1167	  21441.7188
   1095.1511	   3398.0771
   1095.1828	      0.0000
   1095.2172	      0.0000
   1095.2516	      0.0000
   1095.2860	      0.0000
   1095.3204	      0.0000
   1095.3548	      0.0000
   1095.3891	      0.0000
   1095.4235	   5032.8325
   1095.4579	  12367.9092
   1095.4923	  31807.3242
   1095.5267	  37714.7813
   1095.5611	  26662.8926
   1095.5955	  13058.0410
   1095.6299	    116.3503
   1095.6643	      0.0000
   1095.6987	      0.0000
   1095.7331	      0.0000
   1095.7675	      0.0000
   1098.8015	      0.0000
   1098.8361	      0.0000
   1098.8706	      0.0000
   1098.9052	      0.0000
   1098.9397	   3051.7041
   1098.9743	   8392.5605
   1099.0088	  12908.6045
   1099.0434	  13215.5000
   1099.0780	   9127.8984
   1099.1125	   3754.7500
   1099.1471	      0.0000
   1099.1816	      0.0000
   1099.2162	      0.0000
   1099.2508	      0.0000
   1099.3199	      0.0000
   1099.3545	      0.0000
   1099.3891	      0.0000
   1099.4237	      0.0000
   1099.4582	   7291.0469
   1099.4928	  12312.1582
   1099.5274	  14199.3125
   1099.5620	  11327.5215
   1099.5966	   5815.7207
   1099.6312	      0.0000
   1099.6657	      0.0000
   1099.7003	      0.0000
   1099.7349	      0.0000
   1103.3067	      0.0000
   1103.3414	      0.0000
   1103.3762	      0.0000
   1103.4110	      0.0000
   1103.4457	   3344.9541
   1103.4805	   8355.6318
   1103.5153	  13140.1250
   1103.5500	  14368.7822
   1103.5848	  10985.5801
   1103.6196	   5534.4956
   1103.6544	      0.0000
   1103.6891	      0.0000
   1103.7239	      0.0000
   1103.7587	      0.0000
   1104.3154	      0.0000
   1104.3502	      0.0000
   1104.3851	      0.0000
   1104.4199	      0.0000
   1104.4547	   4595.5601
   1104.4895	  10037.7842
   1104.5243	  14365.9756
   1104.5591	  14500.9063
   1104.5940	  10385.2441
   1104.6288	   4934.9160
   1104.6636	      0.0000
   1104.6984	      0.0000
   1104.7333	      0.0000
   1104.7681	      0.0000
   1114.3386	      0.0000
   1114.3739	      0.0000
   1114.4092	      0.0000
   1114.4444	      0.0000
   1114.4797	   5715.0054
   1114.5150	  11477.7715
   1114.5503	  14641.7627
   1114.5856	  12779.8096
   1114.6209	   7403.5537
   1114.6562	      0.0000
   1114.6915	      0.0000
   1114.7268	      0.0000
   1114.7621	      0.0000
   1122.2845	      0.0000
   1122.3201	      0.0000
   1122.3558	      0.0000
   1122.3915	      0.0000
   1122.4271	   2706.9443
   1122.4628	   8410.6777
   1122.4985	  15135.7891
   1122.5342	  18607.3008
   1122.5698	  16118.7051
   1122.6055	   9551.3232
   1122.6412	   3424.3027
   1122.6816	      0.0000
   1122.7173	      0.0000
   1122.7530	      0.0000
   1122.7887	      0.0000
   1122.8244	      0.0000
   1122.8601	      0.0000
   1122.8957	      0.0000
   1122.9314	   4419.2412
   1122.9671	  15865.0176
   1123.0028	  34764.6914
   1123.0385	  54916.4023
   1123.0742	  55017.8945
   1123.1099	  34840.5977
   1123.1456	  15595.1084
   1123.1813	   2754.4539
   1123.2123	      0.0000
   1123.2480	      0.0000
   1123.2837	      0.0000
   1123.3194	      0.0000
   1123.3551	      0.0000
   1123.3908	      0.0000
   1123.4265	   3600.3428
   1123.4623	  16611.6777
   1123.4980	  32912.3906
   1123.5337	  49725.9648
   1123.5694	  46575.8164
   1123.6051	  27974.8711
   1123.6409	  10078.5693
   1123.6766	      0.0000
   1123.7123	      0.0000
   1123.7481	      0.0000
   1123.7838	      0.0000
   1123.8195	      0.0000
   1123.8553	      0.0000
   1123.8910	      0.0000
   1123.9267	      0.0000
   1123.9625	   6585.0098
   1123.9982	  11178.2158
   1124.0340	  13489.4238
   1124.0697	  11900.7148
   1124.1055	   7515.7588
   1124.1412	      0.0000
   1124.1770	      0.0000
   1124.2127	      0.0000
   1124.2485	      0.0000
   1124.3200	      0.0000
   1124.3558	      0.0000
   1124.3915	      0.0000
   1124.4273	      0.0000
   1124.4630	   6895.0649
   1124.4988	  14415.2695
   1124.5346	  32540.2891
   1124.5703	  31672.1953
   1124.6061	  14224.3398
   1124.6419	   6305.2451
   1124.6777	      0.0000
   1124.7134	      0.0000
   1124.7492	      0.0000
   1124.7850	      0.0000
   1124.8208	      0.0000
   1124.8566	      0.0000
   1124.8924	      0.0000
   1124.9281	      0.0000
   1124.9639	   6656.8892
   1124.9997	  17402.1055
   1125.0355	  30001.3730
   1125.0713	  35235.9063
   1125.1071	  25397.4375
   1125.1429	  11017.0664
   1125.1787	   4584.1133
   1125.2178	      0.0000
   1125.2536	      0.0000
   1125.2894	      0.0000
   1125.3252	      0.0000
   1131.2206	      0.0000
   1131.2567	      0.0000
   1131.2928	      0.0000
   1131.3289	      0.0000
   1131.3650	   8080.8130
   1131.4011	  15965.3535
   1131.4372	  48307.9805
   1131.4733	 161837.0469
   1131.5094	 348076.5625
   1131.5455	 548715.7500
   1131.5816	 571379.6875
   1131.6177	 377762.0625
   1131.6538	 190017.1094
   1131.6900	  45029.0859
   1131.7261	   1613.0273
   1131.7628	      0.0000
   1131.7989	      0.0000
   1131.8350	      0.0000
   1131.8711	   9753.9561
   1131.9073	  17325.6211
   1131.9434	  64356.3867
   1131.9795	 222071.3125
   1132.0156	 443844.4063
   1132.0518	 677713.4375
   1132.0879	 667211.2500
   1132.1240	 425719.2813
   1132.1601	 199545.4063
   1132.1963	  46990.9766
   1132.2324	   6946.6240
   1132.2673	      0.0000
   1132.3034	      0.0000
   1132.3395	      0.0000
   1132.3757	      0.0000
   1132.4118	   6835.3638
   1132.4480	  41929.9375
   1132.4841	 149212.1563
   1132.5203	 284628.4688
   1132.5564	 422578.3125
   1132.5926	 398194.6563
   1132.6287	 248207.8906
   1132.6649	 108831.4844
   1132.7011	  25364.7734
   1132.7372	   5030.8833
   1132.7697	      0.0000
   1132.8059	      0.0000
   1132.8421	      0.0000
   1132.8782	      0.0000
   1132.9144	      0.0000
   1132.9506	  15571.3438
   1132.9868	  58240.8398
   1133.0229	 104586.7734
   1133.0591	 145032.6875
   1133.0953	 124598.4453
   1133.1315	  73699.6797
   1133.1676	  27345.9629
   1133.2038	   5414.2578
   1133.2410	      0.0000
   1133.2772	      0.0000
   1133.3134	      0.0000
   1133.3496	      0.0000
   1133.3858	      0.0000
   1133.4220	      0.0000
   1133.4582	   4915.7871
   1133.4944	   9459.6455
   1133.5306	  14031.3057
   1133.5668	  15958.5156
   1133.6030	  13706.7861
   1133.6392	   8607.7549
   1133.6754	   3598.9114
   1133.7116	      0.0000
   1133.7478	      0.0000
   1133.7840	      0.0000
   1133.8202	      0.0000
   1139.3083	      0.0000
   1139.3448	      0.0000
   1139.3813	      0.0000
   1139.4178	      0.0000
   1139.4542	   4155.2842
   1139.4907	   9128.3076
   1139.5272	  13063.3906
   1139.5637	  13195.3965
   1139.6002	   9332.3574
   1139.6367	   4139.4277
   1139.6732	      0.0000
   1139.7097	      0.0000
   1139.7462	      0.0000
   1139.7827	      0.0000
   1139.8192	      0.0000
   1139.8557	      0.0000
   1139.8922	      0.0000
   1139.9287	   6166.2944
   1139.9652	  16913.4961
   1140.0017	  31917.5039
   1140.0382	  44415.4531
   1140.0747	  36823.8711
   1140.1112	  21602.6777
   1140.1477	   6685.2529
   1140.1843	      0.0000
   1140.2208	      0.0000
   1140.2573	      0.0000
   1140.2938	      0.0000
   1140.3304	      0.0000
   1140.3669	      0.0000
   1140.4034	      0.0000
   1140.4399	   4033.2952
   1140.4765	   9296.0371
   1140.5130	  14881.2217
   1140.5495	  17214.5488
   1140.5861	  14379.4844
   1140.6226	   8213.7695
   1140.6592	      0.0000
   1140.6957	      0.0000
   1140.7322	      0.0000
   1140.7688	      0.0000
   1142.8182	      0.0000
   1142.8548	      0.0000
   1142.8915	      0.0000
   1142.9281	      0.0000
   1142.9648	   3139.1272
   1143.0014	   8359.9268
   1143.0381	  13105.7188
   1143.0747	  13763.6563
   1143.1114	   9828.6729
   1143.1481	   4414.0771
   1143.1847	      0.0000
   1143.2214	      0.0000
   1143.2581	      0.0000
   1143.2947	      0.0000
   1150.8119	      0.0000
   1150.8490	      0.0000
   1150.8860	      0.0000
   1150.9230	      0.0000
   1150.9601	   4001.2520
   1150.9971	  11462.9844
   1151.0341	  29002.5098
   1151.0712	  34824.6563
   1151.1082	  24848.3535
   1151.1453	  13223.5664
   1151.1823	   5839.0845
   1151.2220	      0.0000
   1151.2590	      0.0000
   1151.2961	      0.0000
   1151.3331	      0.0000
   1151.3702	      0.0000
   1151.4073	      0.0000
   1151.4443	   5152.2061
   1151.4814	  24823.6406
   1151.5184	  51171.8125
   1151.5555	  75924.3281
   1151.5926	  67769.9219
   1151.6296	  40667.2109
   1151.6667	  15017.8604
   1151.7038	   2441.1653
   1151.7404	      0.0000
   1151.7775	      0.0000
   1151.8145	      0.0000
   1151.8516	      0.0000
   1151.8887	      0.0000
   1151.9258	    951.7127
   1151.9629	  11840.3408
   1152.0000	  29787.3926
   1152.0370	  48386.3008
   1152.0741	  55611.7969
   1152.1112	  39340.3555
   1152.1483	  20306.0996
   1152.1854	   3581.6807
   1152.2204	      0.0000
   1152.2575	      0.0000
   1152.2946	      0.0000
   1152.3317	      0.0000
   1152.3688	      0.0000
   1152.4059	      0.0000
   1152.4430	   3909.0254
   1152.4801	  17308.4023
   1152.5172	  33976.6016
   1152.5543	  50173.6523
   1152.5915	  45512.4531
   1152.6286	  27142.3789
   1152.6657	  10022.1807
   1152.7028	      0.0000
   1152.7430	      0.0000
   1152.7801	      0.0000
   1152.8172	      0.0000
   1152.8544	      0.0000
   1159.6791	      0.0000
   1159.7166	      0.0000
   1159.7541	      0.0000
   1159.7915	      0.0000
   1159.8290	      0.0000
   1159.8664	   8381.6025
   1159.9039	  15919.3643
   1159.9414	  52147.1758
   1159.9789	 181524.6563
   1160.0163	 397124.0313
   1160.0538	 627230.3125
   1160.0913	 662353.5625
   1160.1288	 443332.4063
   1160.1663	 223909.6719
   1160.2037	  50691.5820
   1160.2412	   4679.6514
   1160.2792	      0.0000
   1160.3167	      0.0000
   1160.3542	      0.0000
   1160.3917	   9603.3174
   1160.4291	  30669.9844
   1160.4666	 112485.1406
   1160.5041	 334552.0313
   1160.5416	 566000.5000
   1160.5791	 728453.6250
   1160.6166	 568406.1250
   1160.6542	 332683.4688
   1160.6917	 104057.1406
   1160.7292	  21085.9473
   1160.7667	   4774.9004
   1160.8020	      0.0000
   1160.8395	      0.0000
   1160.8770	      0.0000
   1160.9145	   5601.9678
   1160.9520	  36116.4180
   1160.9896	 152427.2188
   1161.0271	 296783.4063
   1161.0646	 437729.4375
   1161.1021	 412861.2500
   1161.1397	 260181.0625
   1161.1772	 113478.6719
   1161.2147	  26522.0664
   1161.2523	   5726.2866
   1161.2930	      0.0000
   1161.3306	      0.0000
   1161.3681	      0.0000
   1161.4057	   2781.2119
   1161.4432	   9102.1006
   1161.4808	  38681.0039
   1161.5183	  95516.1328
   1161.5559	 149722.4531
   1161.5934	 170875.5156
   1161.6310	 119899.6797
   1161.6685	  61372.1055
   1161.7061	  12894.2031
   1161.7436	      0.0000
   1161.7767	      0.0000
   1161.8142	      0.0000
   1161.8518	      0.0000
   1161.8893	      0.0000
   1161.9269	   2639.5322
   1161.9645	   9617.9404
   1162.0021	  27026.5313
   1162.0396	  44684.2148
   1162.0772	  53958.5664
   1162.1148	  40913.2891
   1162.1524	  22747.7031
   1162.1899	   4665.0718
   1162.2275	      0.0000
   1162.2651	      0.0000
   1162.3027	      0.0000
   1162.3403	      0.0000
   1163.3558	      0.0000
   1163.3935	      0.0000
   1163.4311	      0.0000
   1163.4688	      0.0000
   1163.5064	   5366.8628
   1163.5440	   9887.1250
   1163.5817	  12300.5586
   1163.6193	  10785.5723
   1163.6570	   6300.8955
   1163.6947	      0.0000
   1163.7323	      0.0000
   1163.7700	      0.0000
   1163.8076	      0.0000
   1175.3029	      0.0000
   1175.3412	      0.0000
   1175.3794	      0.0000
   1175.4176	      0.0000
   1175.4558	   5286.8022
   1175.4941	  10332.3066
   1175.5323	  14118.9766
   1175.5705	  14302.9727
   1175.6088	  10661.3223
   1175.6470	   5451.4087
   1175.6852	      0.0000
   1175.7235	      0.0000
   1175.7617	      0.0000
   1175.7999	      0.0000
   1175.8382	      0.0000
   1175.8764	      0.0000
   1175.9147	      0.0000
   1175.9529	      0.0000
   1175.9912	   4388.3076
   1176.0294	   8877.6826
   1176.0677	  10611.3428
   1176.1060	   8342.1426
   1176.1442	   4161.5918
   1176.1825	      0.0000
   1176.2207	      0.0000
   1176.2590	      0.0000
   1176.2973	      0.0000
   1176.3355	      0.0000
   1176.3738	      0.0000
   1176.4121	      0.0000
   1176.4504	      0.0000
   1176.4886	   6498.3726
   1176.5269	  11210.4463
   1176.5652	  12464.0488
   1176.6035	   9398.0879
   1176.6418	   4572.0518
   1176.6801	      0.0000
   1176.7183	      0.0000
   1176.7566	      0.0000
   1176.7949	      0.0000
   1197.8268	      0.0000
   1197.8661	      0.0000
   1197.9055	      0.0000
   1197.9448	      0.0000
   1197.9841	   5454.3716
   1198.0235	   9408.8457
   1198.0628	  11345.3643
   1198.1021	  10104.6211
   1198.1415	   6529.9717
   1198.1808	      0.0000
   1198.2202	      0.0000
   1198.2595	      0.0000
   1198.2988	      0.0000
   1204.8571	      0.0000
   1204.8968	      0.0000
   1204.9364	      0.0000
   1204.9761	      0.0000
   1205.0158	   7082.3022
   1205.0555	  10774.4902
   1205.0951	  11516.9355
   1205.1348	   8907.2021
   1205.1745	   4828.8486
   1205.2142	      0.0000
   1205.2539	      0.0000
   1205.2936	      0.0000
   1205.3333	      0.0000
   1212.3497	      0.0000
   1212.3898	      0.0000
   1212.4298	      0.0000
   1212.4699	      0.0000
   1212.5099	   7009.2905
   1212.5500	  10930.8906
   1212.5900	  11872.9893
   1212.6301	   9222.0498
   1212.6701	   4869.3662
   1212.7102	      0.0000
   1212.7502	      0.0000
   1212.7903	      0.0000
   1212.8304	      0.0000
   1212.8704	      0.0000
   1212.9105	      0.0000
   1212.9506	      0.0000
   1212.9906	   4155.5107
   1213.0307	   9115.6279
   1213.0708	  12718.7568
   1213.1109	  12552.4404
   1213.1509	   8791.7256
   1213.1910	   4189.5854
   1213.2311	      0.0000
   1213.2712	      0.0000
   1213.3113	      0.0000
   1213.3514	      0.0000
   1213.3915	      0.0000
   1213.4315	      0.0000
   1213.4716	      0.0000
   1213.5117	   5790.4849
   1213.5518	  11940.2275
   1213.5919	  14878.1299
   1213.6320	  12631.4004
   1213.6721	   7294.0830
   1213.7123	      0.0000
   1213.7524	      0.0000
   1213.7925	      0.0000
   1213.8326	      0.0000
   1224.2891	      0.0000
   1224.3298	      0.0000
   1224.3704	      0.0000
   1224.4111	      0.0000
   1224.4517	   4128.9497
   1224.4923	  11765.4863
   1224.5330	  25933.9395
   1224.5736	  39885.0078
   1224.6143	  38800.9922
   1224.6549	  24078.4297
   1224.6956	   9882.6367
   1224.7362	   3785.9709
   1224.7769	      0.0000
   1224.8175	      0.0000
   1224.8582	      0.0000
   1224.8989	      0.0000
   1224.9395	      0.0000
   1224.9802	   4687.9072
   1225.0209	  11399.0986
   1225.0615	  27909.5918
   1225.1022	  33761.7813
   1225.1429	  25122.3340
   1225.1836	  13141.3779
   1225.2242	   6058.0728
   1225.2649	      0.0000
   1225.3056	      0.0000
   1225.3463	      0.0000
   1225.3870	      0.0000
   1225.4277	      0.0000
   1225.4684	      0.0000
   1225.5091	   7912.3770
   1225.5497	  12500.7031
   1225.5904	  13578.0059
   1225.6311	  10374.2939
   1225.6718	   5166.2119
   1225.7125	      0.0000
   1225.7533	      0.0000
   1225.7940	      0.0000
   1225.8347	      0.0000
   1225.8754	      0.0000
   1225.9161	      0.0000
   1225.9568	      0.0000
   1225.9975	   7914.4048
   1226.0382	  14165.3574
   1226.0790	  18036.4668
   1226.1197	  16728.5566
   1226.1604	  11022.0947
   1226.2011	   4670.5273
   1226.2419	      0.0000
   1226.2826	      0.0000
   1226.3233	      0.0000
   1226.3641	      0.0000
   1231.8410	      0.0000
   1231.8820	      0.0000
   1231.9231	      0.0000
   1231.9641	      0.0000
   1232.0051	   8105.4629
   1232.0461	  13942.0176
   1232.0871	  15904.8262
   1232.1282	  12489.4707
   1232.1692	   6283.3232
   1232.2102	      0.0000
   1232.2512	      0.0000
   1232.2923	      0.0000
   1232.3333	      0.0000
   1232.3743	      0.0000
   1232.4154	      0.0000
   1232.4564	   4473.6313
   1232.4975	  18931.9180
   1232.5385	  37267.3008
   1232.5795	  52658.0625
   1232.6206	  50398.9141
   1232.6616	  30984.0723
   1232.7027	   8331.3008
   1232.7495	      0.0000
   1232.7906	      0.0000
   1232.8316	      0.0000
   1232.8727	      0.0000
   1232.9138	   4097.2583
   1232.9548	  22347.6563
   1232.9959	  83744.4531
   1233.0370	 196810.8594
   1233.0780	 318885.9688
   1233.1191	 360472.5000
   1233.1602	 250939.2656
   1233.2012	 129612.1250
   1233.2423	  35948.4453
   1233.2834	   5551.1851
   1233.3203	      0.0000
   1233.3614	      0.0000
   1233.4025	      0.0000
   1233.4436	  18253.2500
   1233.4847	  68439.4531
   1233.5258	 189723.6250
   1233.5669	 323767.3125
   1233.6080	 402416.7188
   1233.6491	 302370.0625
   1233.6902	 170250.9375
   1233.7313	  51993.0977
   1233.7724	   9391.7578
   1233.8126	      0.0000
   1233.8537	      0.0000
   1233.8948	      0.0000
   1233.9359	   7659.7241
   1233.9770	  34769.1055
   1234.0181	 112782.9844
   1234.0593	 207229.9688
   1234.1004	 281271.9375
   1234.1415	 229853.7031
   1234.1826	 134309.7500
   1234.2237	  46154.0625
   1234.2649	   7863.7334
   1234.3013	      0.0000
   1234.3424	      0.0000
   1234.3836	      0.0000
   1234.4247	   2685.7395
   1234.4658	  13316.0605
   1234.5070	  41267.5938
   1234.5481	  82980.3125
   1234.5893	 114530.5859
   1234.6304	 102515.3984
   1234.6716	  63247.1133
   1234.7127	  27108.0527
   1234.7539	   4785.3105
   1234.7990	      0.0000
   1234.8402	      0.0000
   1234.8814	      0.0000
   1234.9225	      0.0000
   1234.9637	      0.0000
   1235.0049	   9402.3438
   1235.0460	  21631.1230
   1235.0872	  32586.8223
   1235.1284	  30147.6797
   1235.1695	  17096.2129
   1235.2107	   4858.7798
   1235.2637	      0.0000
   1235.3049	      0.0000
   1235.3461	      0.0000
   1235.3872	      0.0000
   1240.7175	      0.0000
   1240.7589	      0.0000
   1240.8004	      0.0000
   1240.8418	      0.0000
   1240.8833	   4430.8501
   1240.9248	  12389.7363
   1240.9662	  42727.0820
   1241.0077	 139946.1875
   1241.0492	 283708.2188
   1241.0906	 437433.1875
   1241.1321	 441998.5313
   1241.1736	 281882.9688
   1241.2150	 131635.3125
   1241.2565	  32849.3516
   1241.2980	   2257.9211
   1241.3281	      0.0000
   1241.3696	      0.0000
   1241.4111	   9115.5361
   1241.4526	  44137.9414
   1241.4941	 152375.6094
   1241.5356	 337601.0625
   1241.5771	 542109.0000
   1241.6186	 577658.0625
   1241.6601	 383448.9063
   1241.7016	 192612.6875
   1241.7431	  51390.0469
   1241.7846	   7808.5830
   1241.8184	      0.0000
   1241.8599	      0.0000
   1241.9014	      0.0000
   1241.9429	  19666.9355
   1241.9844	  73235.3906
   1242.0259	 175608.6563
   1242.0675	 284043.8438
   1242.1090	 309789.0625
   1242.1505	 211331.6406
   1242.1920	 109729.1172
   1242.2336	  30217.0156
   1242.2751	   4197.3931
   1242.3155	      0.0000
   1242.3570	      0.0000
   1242.3986	      0.0000
   1242.4401	   7495.3970
   1242.4817	  28559.8184
   1242.5232	  73662.6484
   1242.5647	 123094.7656
   1242.6063	 137848.6719
   1242.6478	  95998.0000
   1242.6894	  50478.9688
   1242.7310	  13286.9082
   1242.7725	   1336.4045
   1242.8225	      0.0000
   1242.8640	      0.0000
   1242.9056	      0.0000
   1242.9472	      0.0000
   1242.9887	   4505.3896
   1243.0303	  16599.0391
   1243.0719	  30915.8574
   1243.1135	  34158.4922
   1243.1550	  23016.0508
   1243.1966	   9906.0264
   1243.2382	   3659.9622
   1243.2798	      0.0000
   1243.3214	      0.0000
   1243.3630	      0.0000
   1243.4046	      0.0000
   1298.3084	      0.0000
   1298.3528	      0.0000
   1298.3972	      0.0000
   1298.4416	      0.0000
   1298.4859	   6316.6406
   1298.5303	  11707.7734
   1298.5747	  14619.3320
   1298.6191	  12503.8096
   1298.6635	   6870.9209
   1298.7079	      0.0000
   1298.7523	      0.0000
   1298.7967	      0.0000
   1298.8411	      0.0000
   1298.8855	      0.0000
   1298.9299	      0.0000
   1298.9743	      0.0000
   1299.0187	   5160.3662
   1299.0631	  10657.2021
   1299.1075	  13977.6865
   1299.1519	  12659.3320
   1299.1963	   7769.4746
   1299.2408	      0.0000
   1299.2852	      0.0000
   1299.3296	      0.0000
   1299.3740	      0.0000
   1299.4185	      0.0000
   1299.4629	      0.0000
   1299.5073	   6837.5225
   1299.5518	  13567.0293
   1299.5962	  18538.7285
   1299.6407	  18046.9727
   1299.6851	  12358.3867
   1299.7295	   5429.1606
   1299.7740	      0.0000
   1299.8184	      0.0000
   1299.8629	      0.0000
   1299.9073	      0.0000
   1305.3479	      0.0000
   1305.3926	      0.0000
   1305.4374	      0.0000
   1305.4821	      0.0000
   1305.5269	   4279.3779
   1305.5716	   9860.3730
   1305.6163	  13519.1836
   1305.6611	  12574.1338
   1305.7058	   7862.4717
   1305.7506	      0.0000
   1305.7954	      0.0000
   1305.8401	      0.0000
   1305.8849	      0.0000
   1305.9296	      0.0000
   1305.9744	   3452.4705
   1306.0192	  11117.8887
   1306.0639	  27613.1797
   1306.1087	  35769.9570
   1306.1535	  24786.7578
   1306.1983	  11693.3301
   1306.2431	   4685.1045
   1306.2981	      0.0000
   1306.3429	      0.0000
   1306.3876	      0.0000
   1306.4324	      0.0000
   1306.7908	      0.0000
   1306.8356	      0.0000
   1306.8804	      0.0000
   1306.9253	      0.0000
   1306.9701	   8299.9902
   1307.0149	  31722.9141
   1307.0597	  76094.0703
   1307.1045	 125481.1953
   1307.1494	 140554.8594
   1307.1942	  95148.3047
   1307.2390	  48330.0117
   1307.2839	  10685.8271
   1307.3287	      0.0000
   1307.3633	      0.0000
   1307.4081	      0.0000
   1307.4530	   7661.0610
   1307.4978	  42001.4883
   1307.5427	 105998.1406
   1307.5875	 176801.8438
   1307.6324	 210637.7656
   1307.6772	 149226.0625
   1307.7221	  81754.5234
   1307.7669	  23856.7480
   1307.8118	   1203.1831
   1307.8517	      0.0000
   1307.8966	      0.0000
   1307.9415	      0.0000
   1307.9863	  15272.4854
   1308.0312	  47483.3750
   1308.0761	  83475.7969
   1308.1210	 106621.8906
   1308.1658	  78375.1641
   1308.2107	  43248.2109
   1308.2556	  11747.1436
   1308.3005	      0.0000
   1308.3422	      0.0000
   1308.3871	      0.0000
   1308.4320	      0.0000
   1308.4769	   5946.9434
   1308.5218	  23120.1035
   1308.5667	  44529.0156
   1308.6116	  63264.5820
   1308.6565	  51973.7969
   1308.7014	  29759.2207
   1308.7463	  10286.1426
   1308.7912	   3728.2146
   1308.8442	      0.0000
   1308.8891	      0.0000
   1308.9340	      0.0000
   1308.9790	      0.0000
   1313.3472	      0.0000
   1313.3924	      0.0000
   1313.4375	      0.0000
   1313.4827	      0.0000
   1313.5278	   7268.9316
   1313.5730	  13891.1543
   1313.6182	  18038.1582
   1313.6633	  16169.1602
   1313.7085	   9543.4746
   1313.7687	      0.0000
   1313.8138	      0.0000
   1313.8590	      0.0000
   1313.9042	      0.0000
   1313.9493	   4112.5693
   1313.9945	  17839.6055
   1314.0397	  61113.6016
   1314.0849	 115076.0547
   1314.1301	 166286.8594
   1314.1753	 141093.8281
   1314.2204	  82795.0547
   1314.2656	  30047.1504
   1314.3108	   2402.0083
   1314.3474	      0.0000
   1314.3926	      0.0000
   1314.4378	    875.6769
   1314.4830	  20496.0742
   1314.5282	  67264.3672
   1314.5734	 130126.2188
   1314.6186	 198569.6719
   1314.6638	 188484.0313
   1314.7090	 117051.2109
   1314.7542	  53147.2148
   1314.7995	   9465.4697
   1314.8430	      0.0000
   1314.8882	      0.0000
   1314.9334	      0.0000
   1314.9786	  10063.9609
   1315.0239	  41741.8945
   1315.0691	  81606.9844
   1315.1143	 120875.9453
   1315.1596	 113742.2734
   1315.2048	  68983.7578
   1315.2501	  29022.6367
   1315.2953	   3657.1724
   1315.3359	      0.0000
   1315.3812	      0.0000
   1315.4264	      0.0000
   1315.4717	   2994.1172
   1315.5170	  14271.2490
   1315.5622	  29574.8965
   1315.6075	  46987.5117
   1315.6527	  50495.9688
   1315.6980	  32299.7559
   1315.7433	  14495.1553
   1315.7885	   1129.6030
   1315.8502	      0.0000
   1315.8955	      0.0000
   1315.9407	      0.0000
   1315.9860	      0.0000
   1321.7557	      0.0000
   1321.8013	      0.0000
   1321.8469	      0.0000
   1321.8924	      0.0000
   1321.9380	   5846.5000
   1321.9836	  17664.3672
   1322.0292	  58104.5039
   1322.0748	 117762.0000
   1322.1204	 182156.0469
   1322.1660	 178465.8125
   1322.2116	 113170.9219
   1322.2572	  51632.8594
   1322.3028	   8102.2930
   1322.3410	      0.0000
   1322.3866	      0.0000
   1322.4322	    727.8921
   1322.4778	  24333.9395
   1322.5234	  85476.2500
   1322.5691	 169598.1406
   1322.6147	 261981.5625
   1322.6603	 255608.2969
   1322.7059	 159121.3750
   1322.7516	  72870.5156
   1322.7972	  12934.3496
   1322.8428	      0.0000
   1322.8770	      0.0000
   1322.9226	      0.0000
   1322.9682	  13533.7656
   1323.0139	  59488.1016
   1323.0595	 120692.9609
   1323.1052	 184287.0156
   1323.1508	 179243.6094
   1323.1965	 111902.5469
   1323.2422	  51629.3047
   1323.2878	  11821.3291
   1323.3335	      0.0000
   1323.3796	      0.0000
   1323.4253	      0.0000
   1323.4709	   3989.4304
   1323.5166	  22721.7051
   1323.5623	  48052.8906
   1323.6080	  73140.2734
   1323.6536	  69874.4453
   1323.6993	  41659.2500
   1323.7450	  16235.8008
   1323.7907	   2887.3047
   1323.8647	      0.0000
   1323.9104	      0.0000
   1323.9561	      0.0000
   1324.0018	      0.0000
   1379.8099	      0.0000
   1379.8585	      0.0000
   1379.9071	      0.0000
   1379.9557	      0.0000
   1380.0043	   7616.4536
   1380.0530	  22822.2383
   1380.1016	  41735.5977
   1380.1502	  59674.7930
   1380.1989	  53563.7383
   1380.2475	  33072.9805
   1380.2961	  12525.4658
   1380.3448	      0.0000
   1380.3624	      0.0000
   1380.4110	      0.0000
   1380.4597	      0.0000
   1380.5083	  10373.1006
   1380.5570	  34097.3984
   1380.6056	  59341.9883
   1380.6543	  71814.6641
   1380.7030	  50629.6953
   1380.7516	  26849.1719
   1380.8003	   6223.1401
   1380.8539	      0.0000
   1380.9026	      0.0000
   1380.9512	      0.0000
   1380.9999	   4233.9067
   1381.0486	  19295.1680
   1381.0973	  37160.9375
   1381.1460	  53354.2383
   1381.1946	  48471.0195
   1381.2433	  28621.7012
   1381.2920	  10037.1660
   1381.3407	      0.0000
   1381.3894	      0.0000
   1381.4381	      0.0000
   1381.4868	   5930.3579
   1381.5355	  10905.4395
   1381.5842	  24596.1094
   1381.6330	  35287.8906
   1381.6817	  33608.7734
   1381.7304	  14505.7051
   1381.7791	   6307.1890
   1381.8322	      0.0000
   1381.8810	      0.0000
   1381.9297	      0.0000
   1381.9784	      0.0000
   1385.3470	      0.0000
   1385.3959	      0.0000
   1385.4448	      0.0000
   1385.4937	      0.0000
   1385.5427	   3726.1194
   1385.5916	   9939.4023
   1385.6405	  28824.8340
   1385.6894	  49256.0586
   1385.7383	  62991.8828
   1385.7873	  48907.8789
   1385.8362	  28126.4531
   1385.8852	   8856.5127
   1385.9330	      0.0000
   1385.9819	      0.0000
   1386.0309	      0.0000
   1386.0798	      0.0000
   1387.7456	      0.0000
   1387.7946	      0.0000
   1387.8436	      0.0000
   1387.8927	      0.0000
   1387.9417	   2895.2397
   1387.9908	  14874.0146
   1388.0398	  56198.2813
   1388.0889	 107205.1094
   1388.1379	 154529.2031
   1388.1870	 136009.7344
   1388.2360	  85208.4766
   1388.2851	  33318.2930
   1388.3342	   4255.2334
   1388.3852	      0.0000
   1388.4342	    448.2374
   1388.4833	  14744.4033
   1388.5324	  62237.1563
   1388.5815	 128769.8906
   1388.6306	 199339.5000
   1388.6796	 198407.0938
   1388.7287	 125871.3281
   1388.7778	  58120.8789
   1388.8269	   9822.9160
   1388.8760	      0.0000
   1388.9092	      0.0000
   1388.9583	      0.0000
   1389.0074	  20247.3867
   1389.0565	  61043.6875
   1389.1056	  99551.7344
   1389.1547	 115147.0156
   1389.2038	  82913.2188
   1389.2530	  44391.6914
   1389.3021	  11248.5156
   1389.3512	      0.0000
   1389.3976	      0.0000
   1389.4467	      0.0000
   1389.4959	   8654.3545
   1389.5450	  35740.8281
   1389.5941	  61758.8516
   1389.6433	  77753.0469
   1389.6924	  60070.5078
   1389.7416	  34485.9297
   1389.7907	  10741.3633
   1389.8398	   1367.4136
   1389.9121	      0.0000
   1389.9613	      0.0000
   1390.0104	      0.0000
   1390.0596	      0.0000
   1394.7909	      0.0000
   1394.8403	      0.0000
   1394.8897	      0.0000
   1394.9391	      0.0000
   1394.9885	   7463.2344
   1395.0380	  26665.7793
   1395.0874	  57708.7461
   1395.1368	  91379.6328
   1395.1862	  94978.9141
   1395.2357	  62804.9805
   1395.2851	  30860.1914
   1395.3345	   5249.6958
   1395.3802	      0.0000
   1395.4296	      0.0000
   1395.4791	   2431.5505
   1395.5285	  20281.3184
   1395.5780	  51868.6719
   1395.6274	  85588.6953
   1395.6769	  94680.8203
   1395.7263	  63318.7734
   1395.7758	  30783.4531
   1395.8252	   4190.8267
   1395.8678	      0.0000
   1395.9173	      0.0000
   1395.9668	      0.0000
   1396.0163	   9645.9922
   1396.0657	  35786.9883
   1396.1152	  61984.3281
   1396.1647	  78579.9531
   1396.2142	  59115.5859
   1396.2637	  32602.5742
   1396.3132	   7862.7339
   1396.3636	      0.0000
   1396.4131	      0.0000
   1396.4626	      0.0000
   1396.5121	   5741.9424
   1396.5616	  15195.9873
   1396.6111	  28220.2676
   1396.6606	  36597.8867
   1396.7101	  30294.7441
   1396.7596	  16316.5801
   1396.8091	   5527.4580
   1396.8574	      0.0000
   1396.9070	      0.0000
   1396.9565	      0.0000
   1397.0060	      0.0000
   1531.4463	      0.0000
   1531.5032	      0.0000
   1531.5600	      0.0000
   1531.6169	      0.0000
   1531.6737	   4052.1553
   1531.7306	  10105.1953
   1531.7874	  15034.6494
   1531.8443	  15691.0508
   1531.9012	  11925.7979
   1531.9581	   6493.9585
   1532.0149	      0.0000
   1532.0718	      0.0000
   1532.1287	      0.0000
   1532.1856	      0.0000
   1532.4132	      0.0000
   1532.4701	      0.0000
   1532.5270	      0.0000
   1532.5839	      0.0000
   1532.6408	   4563.8452
   1532.6977	   9775.9473
   1532.7546	  14153.9473
   1532.8115	  14933.9492
   1532.8685	  11757.5010
   1532.9254	   6748.7744
   1532.9823	      0.0000
   1533.0393	      0.0000
   1533.0962	      0.0000
   1533.1532	      0.0000
   1814.3857	      0.0000
   1814.4590	      0.0000
   1814.5323	      0.0000
   1814.6056	      0.0000
   1814.6789	   4264.4492
   1814.7523	  10879.5850
   1814.8256	  17398.2070
   1814.8989	  18793.1914
   1814.9723	  13798.9385
   1815.0456	   6521.0596
   1815.1190	      0.0000
   1815.1923	      0.0000
   1815.2657	      0.0000
   1815.3390	      0.0000
   3035.4321	      0.0000
   3035.5907	      0.0000
   3035.7494	      0.0000
   3035.9080	      0.0000
