# ljz_20131022_MR_Chym1_ELUTE.mzML
#
# index: 6401
# id: controllerType=0 controllerNumber=1 scan=13371
# scanNumber: 13371
# massAnalyzerType: quadrupole
# scanEvent: 2
# msLevel: 2
# retentionTime: 3174.49
# filterString: FTMS + p NSI d Full ms2 447.66@hcd28.00 [100.00-935.00]
# mzLow: 99.0036
# mzHigh: 944.51
# basePeakMZ: 361.027
# basePeakIntensity: 174361
# totalIonCurrent: 701961
# precursorCount: 1
# precursor 0: 447.657 547269
# binary (1200): 
     99.0036	      0.0000
     99.0045	      0.0000
     99.0055	      0.0000
     99.0064	      0.0000
    101.0542	      0.0000
    101.0551	      0.0000
    101.0561	      0.0000
    101.0571	      0.0000
    101.0580	    409.3944
    101.0590	    930.4892
    101.0600	   1304.3320
    101.0609	   1252.9667
    101.0619	    811.2902
    101.0628	    322.3218
    101.0637	      0.0000
    101.0647	      0.0000
    101.0657	      0.0000
    101.0666	      0.0000
    109.0586	      0.0000
    109.0597	      0.0000
    109.0608	      0.0000
    109.0619	      0.0000
    109.0630	    661.7139
    109.0640	   1190.8252
    109.0651	   1394.5798
    109.0662	   1091.7882
    109.0673	    516.0720
    109.0685	      0.0000
    109.0696	      0.0000
    109.0707	      0.0000
    109.0718	      0.0000
    110.0628	      0.0000
    110.0639	      0.0000
    110.0650	      0.0000
    110.0661	      0.0000
    110.0672	    326.7136
    110.0683	   1366.0125
    110.0694	   4906.5684
    110.0705	   9817.7588
    110.0716	  14873.0469
    110.0727	  14159.2109
    110.0737	   8821.0117
    110.0748	   3905.6499
    110.0759	    787.3522
    110.0770	      0.0000
    110.0779	      0.0000
    110.0790	      0.0000
    110.0801	      0.0000
    110.0812	      0.0000
    119.0412	      0.0000
    119.0425	      0.0000
    119.0437	      0.0000
    119.0449	      0.0000
    119.0462	    554.1424
    119.0474	   1346.2363
    119.0486	   2131.4233
    119.0499	   2385.3579
    119.0511	   1910.6613
    119.0523	   1057.1793
    119.0536	    397.4582
    119.0549	      0.0000
    119.0562	      0.0000
    119.0574	      0.0000
    119.0586	      0.0000
    120.0706	      0.0000
    120.0718	      0.0000
    120.0731	      0.0000
    120.0743	      0.0000
    120.0756	    488.0980
    120.0768	   1381.6981
    120.0780	   4569.3374
    120.0793	  10224.5439
    120.0805	  16352.5459
    120.0818	  17748.9570
    120.0830	  11907.7637
    120.0843	   5994.3726
    120.0855	   1380.8231
    120.0868	     38.7762
    120.0879	      0.0000
    120.0891	      0.0000
    120.0904	      0.0000
    120.0916	      0.0000
    121.7081	      0.0000
    121.7094	      0.0000
    121.7106	      0.0000
    121.7119	      0.0000
    121.7132	    663.3056
    121.7145	   1058.9952
    121.7157	   1200.0172
    121.7170	    998.4029
    121.7183	    588.9148
    121.7195	      0.0000
    121.7207	      0.0000
    121.7220	      0.0000
    121.7233	      0.0000
    131.0627	      0.0000
    131.0641	      0.0000
    131.0656	      0.0000
    131.0670	      0.0000
    131.0684	    531.8235
    131.0698	    923.8195
    131.0713	   1067.4877
    131.0727	    849.8436
    131.0741	    427.1817
    131.0755	      0.0000
    131.0769	      0.0000
    131.0783	      0.0000
    131.0798	      0.0000
    134.9842	      0.0000
    134.9857	      0.0000
    134.9871	      0.0000
    134.9886	      0.0000
    134.9901	    508.2863
    134.9916	   1098.6522
    134.9931	   1509.5253
    134.9946	   1436.4437
    134.9961	    944.6749
    134.9976	    383.9083
    134.9990	      0.0000
    135.0005	      0.0000
    135.0020	      0.0000
    135.0035	      0.0000
    136.0646	      0.0000
    136.0662	      0.0000
    136.0677	      0.0000
    136.0692	      0.0000
    136.0707	    318.5749
    136.0722	    867.1213
    136.0737	   1986.4241
    136.0752	   3529.6104
    136.0767	   3920.1184
    136.0782	   1972.0040
    136.0797	    940.7140
    136.0812	    260.1598
    136.0827	      0.0000
    136.0842	      0.0000
    136.0857	      0.0000
    136.0872	      0.0000
    139.0672	      0.0000
    139.0687	      0.0000
    139.0703	      0.0000
    139.0719	      0.0000
    139.0734	    739.0038
    139.0750	   1058.0813
    139.0765	   1061.6675
    139.0781	    753.9608
    139.0796	    346.4579
    139.0814	      0.0000
    139.0830	      0.0000
    139.0845	      0.0000
    139.0861	      0.0000
    149.0083	      0.0000
    149.0100	      0.0000
    149.0117	      0.0000
    149.0135	      0.0000
    149.0152	    711.8616
    149.0169	   1568.7477
    149.0186	   5338.0234
    149.0204	  16415.0000
    149.0221	  28718.5430
    149.0238	  38535.6250
    149.0255	  31302.6484
    149.0273	  18342.4590
    149.0290	   6410.2310
    149.0307	   1431.6774
    149.0324	      0.0000
    149.0339	      0.0000
    149.0356	      0.0000
    149.0373	    156.1058
    149.0390	   1476.9613
    149.0408	   5832.7334
    149.0425	  13341.4336
    149.0442	  20641.7168
    149.0459	  20952.6230
    149.0477	  13569.1104
    149.0494	   6549.5005
    149.0511	   1430.8992
    149.0528	      0.0000
    149.0547	      0.0000
    149.0564	      0.0000
    149.0581	      0.0000
    149.0599	      0.0000
    150.0138	      0.0000
    150.0156	      0.0000
    150.0173	      0.0000
    150.0191	      0.0000
    150.0208	    332.5699
    150.0226	    904.9183
    150.0243	   1743.3191
    150.0260	   2394.3003
    150.0278	   2396.3987
    150.0295	   1748.3779
    150.0313	    915.6905
    150.0330	    345.9426
    150.0348	      0.0000
    150.0365	      0.0000
    150.0382	      0.0000
    150.0400	    479.7909
    150.0417	   1113.2092
    150.0435	   1870.8140
    150.0452	   2304.4177
    150.0470	   2135.2517
    150.0487	   1494.9558
    150.0504	    771.6027
    150.0522	    285.6456
    150.0536	      0.0000
    150.0553	      0.0000
    150.0571	      0.0000
    150.0588	      0.0000
    151.0277	      0.0000
    151.0295	      0.0000
    151.0312	      0.0000
    151.0330	      0.0000
    151.0347	     71.1908
    151.0365	    936.3071
    151.0383	   3583.3608
    151.0400	   6402.8916
    151.0418	   8509.5547
    151.0435	   6685.8945
    151.0453	   3845.3638
    151.0471	   1276.8063
    151.0488	    535.0192
    151.0509	      0.0000
    151.0526	      0.0000
    151.0544	      0.0000
    151.0562	      0.0000
    165.0003	      0.0000
    165.0023	      0.0000
    165.0043	      0.0000
    165.0063	      0.0000
    165.0083	    674.3862
    165.0103	   2868.4209
    165.0124	   6717.8994
    165.0144	  10830.1650
    165.0164	  11355.2207
    165.0184	   7387.6895
    165.0204	   3512.5649
    165.0224	    882.2051
    165.0244	    295.6485
    165.0265	      0.0000
    165.0285	      0.0000
    165.0306	      0.0000
    165.0326	      0.0000
    165.0426	      0.0000
    165.0446	      0.0000
    165.0466	      0.0000
    165.0487	      0.0000
    165.0507	    481.3847
    165.0527	    944.3036
    165.0547	   1190.1803
    165.0567	   1047.6663
    165.0587	    626.9707
    165.0607	      0.0000
    165.0627	      0.0000
    165.0647	      0.0000
    165.0668	      0.0000
    166.0711	      0.0000
    166.0731	      0.0000
    166.0751	      0.0000
    166.0772	      0.0000
    166.0792	    406.5536
    166.0812	    832.1812
    166.0833	   2757.5188
    166.0853	   4813.5396
    166.0873	   5931.0410
    166.0894	   4284.4331
    166.0914	   2316.4856
    166.0934	    597.7969
    166.0954	      0.0000
    166.0975	      0.0000
    166.0995	      0.0000
    166.1015	      0.0000
    167.0191	      0.0000
    167.0211	      0.0000
    167.0232	      0.0000
    167.0252	      0.0000
    167.0273	    323.2923
    167.0293	    901.4731
    167.0314	   1815.4641
    167.0334	   2472.3948
    167.0355	   2287.1987
    167.0375	   1396.7212
    167.0396	    559.6677
    167.0417	      0.0000
    167.0437	      0.0000
    167.0458	    241.4127
    167.0478	   1085.2764
    167.0499	   4662.5610
    167.0519	  13773.2676
    167.0540	  23564.6172
    167.0560	  30018.8223
    167.0580	  22746.5801
    167.0601	  13038.0059
    167.0621	   3939.6162
    167.0642	    562.7359
    167.0656	      0.0000
    167.0677	      0.0000
    167.0697	      0.0000
    167.0718	      0.0000
    168.0387	      0.0000
    168.0408	      0.0000
    168.0428	      0.0000
    168.0449	      0.0000
    168.0470	      0.0000
    168.0490	   1092.2388
    168.0511	   3962.7900
    168.0532	   7297.6743
    168.0552	  10469.7100
    168.0573	   9894.0830
    168.0594	   6608.5142
    168.0614	   3444.6169
    168.0635	   1131.4908
    168.0656	    466.6807
    168.0676	      0.0000
    168.0696	      0.0000
    168.0717	      0.0000
    168.0738	      0.0000
    169.0369	      0.0000
    169.0390	      0.0000
    169.0411	      0.0000
    169.0432	      0.0000
    169.0452	    403.9501
    169.0473	   2665.3064
    169.0494	   5763.6611
    169.0515	   9008.0254
    169.0536	   8717.5137
    169.0557	   5565.1235
    169.0578	   2646.5027
    169.0598	    907.8012
    169.0619	    368.5156
    169.0646	      0.0000
    169.0667	      0.0000
    169.0688	      0.0000
    169.0709	      0.0000
    169.0730	      0.0000
    169.0750	      0.0000
    169.0771	      0.0000
    169.0792	    609.8808
    169.0813	   1917.8026
    169.0834	   3887.5422
    169.0855	   5807.9824
    169.0875	   5431.9951
    169.0896	   3338.6431
    169.0917	   1374.7808
    169.0938	    554.7306
    169.0959	      0.0000
    169.0980	      0.0000
    169.1001	      0.0000
    169.1022	      0.0000
    174.8077	      0.0000
    174.8098	      0.0000
    174.8120	      0.0000
    174.8142	      0.0000
    174.8164	    588.4599
    174.8186	    968.8594
    174.8208	   1249.3990
    174.8230	   1274.8912
    174.8252	    991.7771
    174.8274	    549.0763
    174.8296	      0.0000
    174.8318	      0.0000
    174.8340	      0.0000
    174.8361	      0.0000
    189.9836	      0.0000
    189.9861	      0.0000
    189.9886	      0.0000
    189.9911	      0.0000
    189.9935	    490.8640
    189.9960	    858.5320
    189.9985	   1072.5929
    190.0010	   1004.1907
    190.0035	    687.8815
    190.0060	      0.0000
    190.0085	      0.0000
    190.0110	      0.0000
    190.0135	      0.0000
    197.5866	      0.0000
    197.5892	      0.0000
    197.5919	      0.0000
    197.5945	      0.0000
    197.5971	    676.1140
    197.5998	   1252.3020
    197.6024	   1634.3700
    197.6050	   1574.4462
    197.6077	   1118.8646
    197.6103	    554.6700
    197.6129	      0.0000
    197.6156	      0.0000
    197.6182	      0.0000
    197.6208	      0.0000
    201.1051	      0.0000
    201.1078	      0.0000
    201.1105	      0.0000
    201.1132	      0.0000
    201.1159	     94.6553
    201.1186	   1179.1323
    201.1214	   5013.7646
    201.1241	   6702.5581
    201.1268	   5112.3145
    201.1295	   2679.8401
    201.1322	    288.0837
    201.1350	      0.0000
    201.1377	      0.0000
    201.1404	      0.0000
    201.1431	      0.0000
    205.0663	      0.0000
    205.0691	      0.0000
    205.0719	      0.0000
    205.0747	      0.0000
    205.0774	    370.8583
    205.0802	   1004.9198
    205.0830	   1484.6365
    205.0858	   1411.0077
    205.0886	    849.1696
    205.0914	    260.8081
    205.0943	      0.0000
    205.0971	      0.0000
    205.0999	      0.0000
    205.1027	      0.0000
    208.9308	      0.0000
    208.9336	      0.0000
    208.9365	      0.0000
    208.9394	      0.0000
    208.9422	      0.0000
    208.9451	   1038.7952
    208.9480	   3735.9490
    208.9508	   6654.0615
    208.9537	   8853.2627
    208.9566	   6980.7153
    208.9594	   4006.2124
    208.9623	   1195.6823
    208.9652	      0.0000
    208.9678	      0.0000
    208.9707	      0.0000
    208.9735	      0.0000
    208.9764	      0.0000
    210.9299	      0.0000
    210.9329	      0.0000
    210.9358	      0.0000
    210.9387	      0.0000
    210.9416	    412.5017
    210.9445	   1196.4340
    210.9474	   2839.5676
    210.9503	   4231.9268
    210.9532	   3686.3298
    210.9561	   2132.9834
    210.9590	    832.9191
    210.9619	    301.4421
    210.9648	      0.0000
    210.9677	      0.0000
    210.9706	      0.0000
    210.9735	      0.0000
    211.5794	      0.0000
    211.5824	      0.0000
    211.5853	      0.0000
    211.5882	      0.0000
    211.5911	    268.0933
    211.5940	    870.1956
    211.5969	   1725.2522
    211.5999	   2354.1780
    211.6028	   2298.0867
    211.6057	   1586.6174
    211.6086	    727.9113
    211.6116	      0.0000
    211.6145	      0.0000
    211.6174	      0.0000
    211.6204	      0.0000
    223.0392	      0.0000
    223.0423	      0.0000
    223.0455	      0.0000
    223.0486	      0.0000
    223.0518	    336.3864
    223.0549	    847.0298
    223.0581	   2701.1907
    223.0613	   4725.8198
    223.0644	   5836.8452
    223.0676	   4339.9585
    223.0707	   2476.7051
    223.0739	    702.3295
    223.0775	      0.0000
    223.0807	      0.0000
    223.0838	      0.0000
    223.0870	      0.0000
    225.0179	      0.0000
    225.0211	      0.0000
    225.0243	      0.0000
    225.0275	      0.0000
    225.0307	    241.6625
    225.0339	    910.3539
    225.0371	   3659.5171
    225.0403	   6887.3042
    225.0435	   9468.4971
    225.0467	   7475.2695
    225.0499	   4200.3745
    225.0531	   1263.5605
    225.0563	    670.1619
    225.0591	   1278.8606
    225.0623	   1507.5427
    225.0655	   1100.2200
    225.0687	    429.2711
    225.0719	      0.0000
    225.0751	      0.0000
    225.0783	      0.0000
    225.0815	      0.0000
    226.0197	      0.0000
    226.0229	      0.0000
    226.0262	      0.0000
    226.0294	      0.0000
    226.0326	    355.3776
    226.0358	   1564.9160
    226.0391	   3412.7458
    226.0423	   5387.0127
    226.0455	   5834.7856
    226.0487	   3958.1130
    226.0520	   2030.4938
    226.0552	    459.1198
    226.0584	      0.0000
    226.0616	      0.0000
    226.0648	      0.0000
    226.0681	      0.0000
    227.0190	      0.0000
    227.0222	      0.0000
    227.0254	      0.0000
    227.0287	      0.0000
    227.0319	    616.1709
    227.0352	   2745.8186
    227.0384	   4403.7798
    227.0417	   4813.6489
    227.0449	   3118.8623
    227.0482	   1392.0752
    227.0514	    551.8856
    227.0546	      0.0000
    227.0579	      0.0000
    227.0611	      0.0000
    227.0644	      0.0000
    228.0216	      0.0000
    228.0248	      0.0000
    228.0281	      0.0000
    228.0314	      0.0000
    228.0346	    443.1449
    228.0379	    876.3560
    228.0412	   1134.4065
    228.0444	   1062.1229
    228.0477	    721.2562
    228.0511	      0.0000
    228.0543	      0.0000
    228.0576	      0.0000
    228.0609	      0.0000
    229.0934	      0.0000
    229.0967	      0.0000
    229.1000	      0.0000
    229.1033	      0.0000
    229.1066	    363.9304
    229.1099	    946.2389
    229.1132	   1689.6652
    229.1165	   2200.6836
    229.1198	   2107.7122
    229.1230	   1435.5414
    229.1263	    644.3934
    229.1296	      0.0000
    229.1329	      0.0000
    229.1362	      0.0000
    229.1395	      0.0000
    233.1020	      0.0000
    233.1054	      0.0000
    233.1088	      0.0000
    233.1122	      0.0000
    233.1155	    711.3479
    233.1189	   1153.2449
    233.1223	   1278.3053
    233.1257	    987.0557
    233.1290	    488.7078
    233.1324	      0.0000
    233.1358	      0.0000
    233.1391	      0.0000
    233.1425	      0.0000
    240.9440	      0.0000
    240.9476	      0.0000
    240.9511	      0.0000
    240.9547	      0.0000
    240.9582	    588.1643
    240.9618	   1007.6495
    240.9653	   1201.5360
    240.9689	   1051.8506
    240.9724	    666.7301
    240.9760	      0.0000
    240.9795	      0.0000
    240.9830	      0.0000
    240.9866	      0.0000
    241.0718	      0.0000
    241.0753	      0.0000
    241.0789	      0.0000
    241.0824	      0.0000
    241.0860	    454.0426
    241.0895	    939.2670
    241.0931	   1231.2634
    241.0966	   1132.8204
    241.1002	    726.2439
    241.1038	      0.0000
    241.1074	      0.0000
    241.1109	      0.0000
    241.1145	      0.0000
    252.9621	      0.0000
    252.9659	      0.0000
    252.9697	      0.0000
    252.9736	      0.0000
    252.9774	      0.0000
    252.9812	   1324.9705
    252.9850	   3540.6719
    252.9888	   5908.3716
    252.9926	   6182.7637
    252.9965	   4059.2507
    253.0003	   1995.2975
    253.0041	    481.8035
    253.0079	      0.0000
    253.0117	      0.0000
    253.0156	      0.0000
    253.0194	      0.0000
    253.0690	      0.0000
    253.0728	      0.0000
    253.0766	      0.0000
    253.0805	      0.0000
    253.0843	    774.8376
    253.0881	   1613.5192
    253.0919	   2341.0437
    253.0957	   2434.1086
    253.0996	   1787.2405
    253.1034	    885.7492
    253.1072	    397.8993
    253.1110	    597.1879
    253.1148	   1175.8623
    253.1187	   1569.1140
    253.1225	   1437.6260
    253.1263	    890.4291
    253.1301	    315.4404
    253.1339	      0.0000
    253.1377	      0.0000
    253.1416	      0.0000
    253.1454	      0.0000
    257.1111	      0.0000
    257.1150	      0.0000
    257.1189	      0.0000
    257.1229	      0.0000
    257.1268	    443.5100
    257.1307	   1158.9738
    257.1346	   2075.8691
    257.1385	   4090.6638
    257.1424	   3595.2314
    257.1463	   1744.7063
    257.1502	    825.8417
    257.1542	      0.0000
    257.1581	      0.0000
    257.1620	      0.0000
    257.1660	      0.0000
    269.0810	      0.0000
    269.0851	      0.0000
    269.0893	      0.0000
    269.0935	      0.0000
    269.0977	    239.2718
    269.1019	   1095.4648
    269.1061	   3042.0225
    269.1103	   5248.7847
    269.1145	   6947.4199
    269.1186	   5547.1172
    269.1228	   3217.1646
    269.1270	   1022.3314
    269.1312	    525.9485
    269.1354	      0.0000
    269.1396	      0.0000
    269.1438	      0.0000
    269.1480	      0.0000
    269.5883	      0.0000
    269.5925	      0.0000
    269.5967	      0.0000
    269.6009	      0.0000
    269.6051	    521.9635
    269.6093	   1208.7782
    269.6135	   1788.5952
    269.6177	   1839.4010
    269.6219	   1305.1476
    269.6261	    584.7712
    269.6304	      0.0000
    269.6346	      0.0000
    269.6388	      0.0000
    269.6430	      0.0000
    277.0758	      0.0000
    277.0802	      0.0000
    277.0846	      0.0000
    277.0889	      0.0000
    277.0933	    446.6809
    277.0977	   1055.0702
    277.1021	   1678.5658
    277.1064	   1916.5826
    277.1108	   1586.0460
    277.1152	    917.1000
    277.1196	    325.0639
    277.1252	      0.0000
    277.1296	      0.0000
    277.1340	      0.0000
    277.1384	      0.0000
    285.0999	      0.0000
    285.1045	      0.0000
    285.1090	      0.0000
    285.1136	      0.0000
    285.1182	    332.0547
    285.1227	   1747.3776
    285.1273	   4717.8486
    285.1319	   7982.9795
    285.1364	  10258.6338
    285.1410	   8145.5615
    285.1456	   4724.9038
    285.1501	   1488.6650
    285.1547	      0.0000
    285.1580	      0.0000
    285.1625	      0.0000
    285.1671	      0.0000
    285.1717	      0.0000
    286.1104	      0.0000
    286.1150	      0.0000
    286.1196	      0.0000
    286.1242	      0.0000
    286.1288	    515.4553
    286.1333	   1042.2941
    286.1379	   1351.3146
    286.1425	   1231.7888
    286.1471	    787.9267
    286.1518	      0.0000
    286.1564	      0.0000
    286.1610	      0.0000
    286.1656	      0.0000
    301.0236	      0.0000
    301.0286	      0.0000
    301.0335	      0.0000
    301.0385	      0.0000
    301.0434	    386.2464
    301.0484	    890.2031
    301.0533	   1256.6874
    301.0583	   1221.4365
    301.0633	    810.5927
    301.0683	      0.0000
    301.0733	      0.0000
    301.0782	      0.0000
    301.0832	      0.0000
    318.8876	      0.0000
    318.8930	      0.0000
    318.8984	      0.0000
    318.9038	      0.0000
    318.9092	    508.0100
    318.9146	   1051.8663
    318.9200	   1360.5714
    318.9254	   1222.0602
    318.9308	    744.8077
    318.9362	      0.0000
    318.9416	      0.0000
    318.9470	      0.0000
    318.9524	      0.0000
    319.5747	      0.0000
    319.5801	      0.0000
    319.5855	      0.0000
    319.5909	      0.0000
    319.5964	    437.1229
    319.6018	    949.2034
    319.6072	   1314.8890
    319.6126	   1285.4849
    319.6180	    897.2266
    319.6235	    427.2837
    319.6289	      0.0000
    319.6343	      0.0000
    319.6397	      0.0000
    319.6451	      0.0000
    320.8847	      0.0000
    320.8901	      0.0000
    320.8956	      0.0000
    320.9010	      0.0000
    320.9065	    512.4499
    320.9119	   1139.6412
    320.9174	   1577.8031
    320.9228	   1519.3373
    320.9283	   1020.7606
    320.9337	    444.8432
    320.9392	      0.0000
    320.9446	      0.0000
    320.9501	      0.0000
    320.9555	      0.0000
    325.9490	      0.0000
    325.9546	      0.0000
    325.9602	      0.0000
    325.9658	      0.0000
    325.9713	    505.7072
    325.9769	    992.6322
    325.9825	   1369.0890
    325.9881	   1386.1082
    325.9937	   1027.1849
    325.9993	    528.4418
    326.0048	      0.0000
    326.0104	      0.0000
    326.0160	      0.0000
    326.0216	      0.0000
    326.9449	      0.0000
    326.9505	      0.0000
    326.9561	      0.0000
    326.9617	      0.0000
    326.9673	    485.3490
    326.9729	   2259.0198
    326.9785	   4349.1611
    326.9841	   6305.3237
    326.9897	   5636.3569
    326.9953	   3481.6274
    327.0009	   1490.3104
    327.0065	    409.5829
    327.0123	      0.0000
    327.0179	      0.0000
    327.0235	      0.0000
    327.0291	      0.0000
    340.9793	      0.0000
    340.9853	      0.0000
    340.9913	      0.0000
    340.9973	      0.0000
    341.0032	    451.3443
    341.0092	   1082.6682
    341.0152	   1573.0383
    341.0211	   1551.8308
    341.0271	   1052.3003
    341.0331	    456.5356
    341.0391	      0.0000
    341.0450	      0.0000
    341.0510	      0.0000
    341.0570	      0.0000
    341.9789	      0.0000
    341.9849	      0.0000
    341.9909	      0.0000
    341.9969	      0.0000
    342.0029	    866.4991
    342.0089	   2696.4082
    342.0149	   4433.9858
    342.0209	   4967.6250
    342.0269	   3372.7939
    342.0329	   1678.5634
    342.0389	    554.8911
    342.0462	      0.0000
    342.0522	      0.0000
    342.0582	      0.0000
    342.0642	      0.0000
    342.9661	      0.0000
    342.9721	      0.0000
    342.9781	      0.0000
    342.9842	      0.0000
    342.9902	    436.1696
    342.9962	   2379.8115
    343.0022	   7263.9556
    343.0083	  14417.0371
    343.0143	  22041.7734
    343.0203	  22704.8105
    343.0263	  15060.3359
    343.0324	   7598.3252
    343.0384	   1856.7611
    343.0444	      0.0000
    343.0492	      0.0000
    343.0552	      0.0000
    343.0612	      0.0000
    343.0673	      0.0000
    343.9731	      0.0000
    343.9792	      0.0000
    343.9852	      0.0000
    343.9913	      0.0000
    343.9974	    199.3553
    344.0034	    915.8799
    344.0095	   3616.4570
    344.0155	   5102.3540
    344.0216	   5131.5088
    344.0276	   3335.4636
    344.0337	   1591.9868
    344.0397	    131.0225
    344.0468	      0.0000
    344.0528	      0.0000
    344.0589	      0.0000
    344.0649	      0.0000
    344.9504	      0.0000
    344.9565	      0.0000
    344.9626	      0.0000
    344.9687	      0.0000
    344.9748	    666.1171
    344.9808	   2512.5999
    344.9869	   5089.3291
    344.9930	   7829.5210
    344.9991	   8022.6538
    345.0051	   5264.1016
    345.0112	   2559.7295
    345.0173	    570.1268
    345.0224	      0.0000
    345.0285	      0.0000
    345.0346	      0.0000
    345.0406	      0.0000
    345.9605	      0.0000
    345.9666	      0.0000
    345.9727	      0.0000
    345.9788	      0.0000
    345.9849	    840.5619
    345.9910	   1148.9755
    345.9971	   1212.0787
    346.0032	    988.6666
    346.0093	    601.9546
    346.0154	      0.0000
    346.0215	      0.0000
    346.0276	      0.0000
    346.0337	      0.0000
    351.0765	      0.0000
    351.0827	      0.0000
    351.0890	      0.0000
    351.0952	      0.0000
    351.1014	    576.2792
    351.1077	   1433.8984
    351.1139	   2185.4634
    351.1202	   2300.3755
    351.1264	   1714.9987
    351.1326	    876.3495
    351.1389	      0.0000
    351.1451	      0.0000
    351.1514	      0.0000
    351.1576	      0.0000
    351.5824	      0.0000
    351.5887	      0.0000
    351.5949	      0.0000
    351.6012	      0.0000
    351.6074	    476.4109
    351.6137	   1023.4969
    351.6200	   1405.1559
    351.6262	   1363.1251
    351.6325	    939.9979
    351.6387	    421.2675
    351.6450	      0.0000
    351.6512	      0.0000
    351.6575	      0.0000
    351.6637	      0.0000
    357.0352	      0.0000
    357.0416	      0.0000
    357.0480	      0.0000
    357.0544	      0.0000
    357.0608	    651.1004
    357.0672	   1092.5841
    357.0736	   1292.2856
    357.0800	   1099.8363
    357.0864	    633.7526
    357.0935	      0.0000
    357.0999	      0.0000
    357.1063	      0.0000
    357.1127	      0.0000
    358.9699	      0.0000
    358.9763	      0.0000
    358.9828	      0.0000
    358.9893	      0.0000
    358.9957	    770.9894
    359.0022	   1289.1836
    359.0086	   4010.9871
    359.0151	  13137.5752
    359.0215	  24970.4238
    359.0280	  36432.2617
    359.0344	  32980.1953
    359.0409	  20256.5605
    359.0473	   8553.3027
    359.0538	   1957.3536
    359.0602	    324.3878
    359.0665	      0.0000
    359.0729	      0.0000
    359.0794	      0.0000
    359.0858	      0.0000
    359.9717	      0.0000
    359.9782	      0.0000
    359.9847	      0.0000
    359.9911	      0.0000
    359.9976	    229.8546
    360.0041	   1473.0308
    360.0106	   5664.7432
    360.0171	  16475.4570
    360.0235	  28061.5215
    360.0300	  36330.4492
    360.0365	  28354.4551
    360.0430	  16572.1855
    360.0495	   5403.1709
    360.0559	    987.9853
    360.0624	      0.0000
    360.0685	      0.0000
    360.0749	      0.0000
    360.0814	      0.0000
    360.0879	      0.0000
    360.9450	      0.0000
    360.9515	      0.0000
    360.9580	      0.0000
    360.9645	      0.0000
    360.9710	    236.6975
    360.9775	   1010.5707
    360.9840	   2331.8511
    360.9905	   3480.1384
    360.9970	   4758.0010
    361.0035	  14078.4619
    361.0100	  47312.7227
    361.0165	 101682.4609
    361.0230	 160259.1563
    361.0296	 170407.0938
    361.0361	 114577.3906
    361.0426	  59037.0000
    361.0491	  16906.5039
    361.0556	   3706.3240
    361.0621	   1320.0253
    361.0686	    387.5210
    361.0754	      0.0000
    361.0819	      0.0000
    361.0884	      0.0000
    361.0949	      0.0000
    361.9686	      0.0000
    361.9752	      0.0000
    361.9817	      0.0000
    361.9882	      0.0000
    361.9948	    117.9551
    362.0013	   1587.5529
    362.0078	   6285.1987
    362.0144	  17787.0605
    362.0209	  30054.3945
    362.0274	  38818.0078
    362.0340	  30749.7910
    362.0405	  18152.8848
    362.0470	   6354.4902
    362.0536	   1119.0522
    362.0601	      0.0000
    362.0663	      0.0000
    362.0728	      0.0000
    362.0793	      0.0000
    362.0859	      0.0000
    362.9763	      0.0000
    362.9829	      0.0000
    362.9895	      0.0000
    362.9960	      0.0000
    363.0026	    303.2671
    363.0091	   1091.5557
    363.0157	   3292.0437
    363.0223	   4603.4253
    363.0288	   4150.4404
    363.0354	   2432.6624
    363.0419	    814.2244
    363.0487	      0.0000
    363.0552	      0.0000
    363.0618	      0.0000
    363.0684	      0.0000
    370.8423	      0.0000
    370.8491	      0.0000
    370.8559	      0.0000
    370.8626	      0.0000
    370.8694	    790.6025
    370.8762	   1402.4847
    370.8830	   1745.1357
    370.8897	   1559.9907
    370.8965	    964.4907
    370.9033	    345.6963
    370.9102	      0.0000
    370.9170	      0.0000
    370.9238	      0.0000
    370.9305	      0.0000
    400.1128	      0.0000
    400.1204	      0.0000
    400.1280	      0.0000
    400.1356	      0.0000
    400.1432	    484.3754
    400.1508	    968.5867
    400.1584	   1294.1547
    400.1660	   1247.6259
    400.1736	    866.4119
    400.1811	      0.0000
    400.1887	      0.0000
    400.1963	      0.0000
    400.2039	      0.0000
    404.1283	      0.0000
    404.1360	      0.0000
    404.1437	      0.0000
    404.1514	      0.0000
    404.1592	    723.2173
    404.1669	   2609.6099
    404.1746	   4686.4941
    404.1823	   6429.0757
    404.1900	   5257.5732
    404.1977	   2988.6760
    404.2054	    776.4711
    404.2133	      0.0000
    404.2210	      0.0000
    404.2287	      0.0000
    404.2364	      0.0000
    429.0354	      0.0000
    429.0439	      0.0000
    429.0523	      0.0000
    429.0607	      0.0000
    429.0692	    754.5673
    429.0776	   1066.2896
    429.0860	   1196.0488
    429.0945	   1059.6663
    429.1029	    707.1193
    429.1113	      0.0000
    429.1198	      0.0000
    429.1282	      0.0000
    429.1366	      0.0000
    431.0232	      0.0000
    431.0317	      0.0000
    431.0402	      0.0000
    431.0487	      0.0000
    431.0572	    487.9911
    431.0657	   1463.8743
    431.0742	   3521.7686
    431.0826	   5726.4106
    431.0911	   6229.8252
    431.0996	   4118.2231
    431.1081	   1987.8441
    431.1166	    362.8123
    431.1257	      0.0000
    431.1342	      0.0000
    431.1426	      0.0000
    431.1511	      0.0000
    448.1545	      0.0000
    448.1635	      0.0000
    448.1725	      0.0000
    448.1815	      0.0000
    448.1905	    559.3888
    448.1995	   1561.0199
    448.2085	   5426.3193
    448.2175	  10562.4072
    448.2265	  15376.6553
    448.2355	  13732.7031
    448.2445	   8496.7100
    448.2535	   3611.0647
    448.2625	   1129.5033
    448.2716	    867.2938
    448.2800	   1434.1666
    448.2890	   1808.7673
    448.2980	   1285.6727
    448.3070	    659.4790
    448.3160	      0.0000
    448.3250	      0.0000
    448.3340	      0.0000
    448.3430	      0.0000
    448.6673	      0.0000
    448.6764	      0.0000
    448.6854	      0.0000
    448.6944	      0.0000
    448.7034	    765.1117
    448.7124	   2642.4937
    448.7214	   4772.3174
    448.7305	   6418.7231
    448.7395	   5146.7178
    448.7485	   2984.3083
    448.7575	   1032.8539
    448.7665	    326.3287
    448.7760	      0.0000
    448.7851	      0.0000
    448.7941	      0.0000
    448.8031	      0.0000
    537.1338	      0.0000
    537.1456	      0.0000
    537.1574	      0.0000
    537.1692	      0.0000
    537.1810	    409.6445
    537.1928	   1157.9960
    537.2046	   2855.1206
    537.2165	   4627.8276
    537.2283	   4948.0107
    537.2401	   3273.5571
    537.2519	   1579.4485
    537.2637	    496.3643
    537.2757	      0.0000
    537.2875	      0.0000
    537.2993	      0.0000
    537.3111	      0.0000
    665.1775	      0.0000
    665.1938	      0.0000
    665.2100	      0.0000
    665.2263	      0.0000
    665.2426	    376.9312
    665.2588	    954.6502
    665.2751	   1539.9326
    665.2914	   1755.3258
    665.3077	   1443.2499
    665.3240	    804.7397
    665.3403	      0.0000
    665.3566	      0.0000
    665.3728	      0.0000
    665.3891	      0.0000
    684.2256	      0.0000
    684.2426	      0.0000
    684.2596	      0.0000
    684.2765	      0.0000
    684.2935	    494.1303
    684.3105	   1057.8276
    684.3275	   1514.8815
    684.3445	   1559.1429
    684.3614	   1160.1935
    684.3784	    580.0608
    684.3954	      0.0000
    684.4124	      0.0000
    684.4294	      0.0000
    684.4464	      0.0000
    944.4274	      0.0000
    944.4549	      0.0000
    944.4825	      0.0000
    944.5100	      0.0000
