# ljz_20131022_MR_Chym1_ELUTE.mzML
#
# index: 3649
# id: controllerType=0 controllerNumber=1 scan=9614
# scanNumber: 9614
# massAnalyzerType: quadrupole
# scanEvent: 2
# msLevel: 2
# retentionTime: 2455.18
# filterString: FTMS + p NSI d Full ms2 949.79@hcd28.00 [100.00-2930.00]
# mzLow: 99.0035
# mzHigh: 2960.09
# basePeakMZ: 138.055
# basePeakIntensity: 149003
# totalIonCurrent: 1.47331e+006
# precursorCount: 1
# precursor 0: 949.451 2.61791e+006
# binary (1745): 
     99.0035	      0.0000
     99.0044	      0.0000
     99.0054	      0.0000
     99.0063	      0.0000
    111.0362	      0.0000
    111.0373	      0.0000
    111.0384	      0.0000
    111.0395	      0.0000
    111.0406	    313.3202
    111.0417	   1069.4219
    111.0428	   2308.1392
    111.0439	   3202.3245
    111.0450	   3063.7268
    111.0461	   2030.1984
    111.0473	    875.6952
    111.0483	      0.0000
    111.0494	      0.0000
    111.0506	      0.0000
    111.0517	      0.0000
    113.4338	      0.0000
    113.4349	      0.0000
    113.4361	      0.0000
    113.4372	      0.0000
    113.4384	      0.0000
    113.4395	      0.0000
    113.4406	      0.0000
    113.4418	      0.0000
    113.4429	      0.0000
    113.4441	      0.0000
    113.4452	      0.0000
    113.4464	      0.0000
    113.4475	      0.0000
    113.4487	      0.0000
    113.4498	      0.0000
    113.4510	      0.0000
    113.4521	      0.0000
    113.4533	      0.0000
    113.4544	      0.0000
    113.4555	      0.0000
    113.4968	      0.0000
    113.4980	      0.0000
    113.4991	      0.0000
    113.5003	      0.0000
    113.5014	      0.0000
    113.5026	      0.0000
    113.5037	      0.0000
    113.5049	      0.0000
    113.5060	      0.0000
    113.5071	      0.0000
    113.5083	      0.0000
    113.5094	      0.0000
    113.5106	      0.0000
    113.5117	      0.0000
    113.5519	      0.0000
    113.5530	      0.0000
    113.5542	      0.0000
    113.5553	      0.0000
    113.5565	      0.0000
    113.5576	      0.0000
    113.5588	      0.0000
    113.5599	      0.0000
    113.5611	      0.0000
    113.5622	      0.0000
    113.5634	      0.0000
    113.5645	      0.0000
    113.5657	      0.0000
    115.0307	      0.0000
    115.0319	      0.0000
    115.0331	      0.0000
    115.0342	      0.0000
    115.0354	    817.7416
    115.0366	   2798.1667
    115.0377	   5290.8857
    115.0389	   7696.0488
    115.0401	   7061.1328
    115.0412	   4300.9067
    115.0424	   1744.8510
    115.0436	    755.0893
    115.0447	      0.0000
    115.0459	      0.0000
    115.0471	      0.0000
    115.0482	      0.0000
    118.0070	      0.0000
    118.0082	      0.0000
    118.0094	      0.0000
    118.0107	      0.0000
    118.0119	   1067.4691
    118.0131	   1518.0675
    118.0143	   1605.7748
    118.0155	   1272.5597
    118.0167	    707.3046
    118.0179	      0.0000
    118.0191	      0.0000
    118.0204	      0.0000
    118.0216	      0.0000
    121.4677	      0.0000
    121.4690	      0.0000
    121.4703	      0.0000
    121.4716	      0.0000
    121.4728	    755.8818
    121.4741	   1241.3000
    121.4754	   1438.0613
    121.4766	   1199.4285
    121.4779	    669.8337
    121.4794	      0.0000
    121.4806	      0.0000
    121.4819	      0.0000
    121.4832	      0.0000
    126.0428	      0.0000
    126.0441	      0.0000
    126.0455	      0.0000
    126.0468	      0.0000
    126.0481	    952.3821
    126.0495	   1822.3577
    126.0508	   5259.8564
    126.0522	  16769.3809
    126.0535	  34713.0234
    126.0548	  53931.2734
    126.0562	  55299.1484
    126.0575	  36090.0234
    126.0589	  17595.7363
    126.0602	   4181.0566
    126.0616	    596.7032
    126.0630	      0.0000
    126.0643	      0.0000
    126.0657	      0.0000
    126.0670	      0.0000
    127.0284	      0.0000
    127.0298	      0.0000
    127.0312	      0.0000
    127.0325	      0.0000
    127.0339	    760.0264
    127.0352	   2644.9456
    127.0366	   8432.8545
    127.0379	  15938.8096
    127.0393	  23275.9375
    127.0407	  21190.0605
    127.0420	  12834.9268
    127.0434	   5162.2778
    127.0447	    476.3790
    127.0458	      0.0000
    127.0471	      0.0000
    127.0485	      0.0000
    127.0498	      0.0000
    127.0512	      0.0000
    127.0526	      0.0000
    127.0539	      0.0000
    127.0553	      0.0000
    127.0566	    993.4277
    127.0580	   1697.3774
    127.0594	   1860.6216
    127.0607	   1354.8646
    127.0621	    615.4343
    127.0634	      0.0000
    127.0648	      0.0000
    127.0661	      0.0000
    127.0675	      0.0000
    128.0335	      0.0000
    128.0349	      0.0000
    128.0363	      0.0000
    128.0377	      0.0000
    128.0390	    823.8953
    128.0404	   1700.9891
    128.0418	   2403.5632
    128.0432	   2456.7341
    128.0445	   1813.8822
    128.0459	    917.7015
    128.0473	      0.0000
    128.0487	      0.0000
    128.0500	      0.0000
    128.0514	      0.0000
    129.0941	      0.0000
    129.0955	      0.0000
    129.0969	      0.0000
    129.0983	      0.0000
    129.0996	    615.1993
    129.1010	   1256.6938
    129.1024	   1715.0804
    129.1038	   1630.7369
    129.1052	   1028.2386
    129.1066	      0.0000
    129.1080	      0.0000
    129.1094	      0.0000
    129.1107	      0.0000
    132.0906	      0.0000
    132.0920	      0.0000
    132.0935	      0.0000
    132.0949	      0.0000
    132.0964	    478.0326
    132.0978	   1225.4404
    132.0992	   3764.7930
    132.1007	   6693.4077
    132.1021	   8931.5986
    132.1036	   7224.1074
    132.1050	   4113.7246
    132.1064	   1185.9777
    132.1079	    669.3151
    132.1095	      0.0000
    132.1109	      0.0000
    132.1124	      0.0000
    132.1138	      0.0000
    138.0387	      0.0000
    138.0402	      0.0000
    138.0418	      0.0000
    138.0433	      0.0000
    138.0448	    367.5936
    138.0464	   2089.9385
    138.0479	   3636.8372
    138.0494	   9372.7412
    138.0510	  29268.7793
    138.0525	  73935.4766
    138.0541	 122808.0156
    138.0556	 148635.7813
    138.0571	 108927.6250
    138.0587	  60799.2813
    138.0602	  17528.3320
    138.0618	   2884.2354
    138.0633	    458.2506
    138.0646	      0.0000
    138.0661	      0.0000
    138.0677	      0.0000
    138.0692	      0.0000
    139.0470	      0.0000
    139.0485	      0.0000
    139.0501	      0.0000
    139.0516	      0.0000
    139.0532	    705.7784
    139.0547	   2361.8977
    139.0563	   5257.3657
    139.0578	   8278.0664
    139.0594	   8373.1904
    139.0610	   5299.4180
    139.0625	   2305.4197
    139.0641	    312.7681
    139.0660	      0.0000
    139.0676	      0.0000
    139.0691	      0.0000
    139.0707	      0.0000
    144.0527	      0.0000
    144.0544	      0.0000
    144.0560	      0.0000
    144.0576	      0.0000
    144.0593	    360.3318
    144.0609	   1461.5449
    144.0626	   4967.4897
    144.0642	   9012.8623
    144.0658	  12286.7529
    144.0675	   9929.3975
    144.0691	   5701.5947
    144.0708	   1696.8887
    144.0724	      0.0000
    144.0741	      0.0000
    144.0758	      0.0000
    144.0774	      0.0000
    144.0790	      0.0000
    145.0369	      0.0000
    145.0385	      0.0000
    145.0402	      0.0000
    145.0419	      0.0000
    145.0435	    917.6949
    145.0452	   3052.2551
    145.0468	   8222.2676
    145.0485	  13924.2256
    145.0501	  17746.9883
    145.0518	  13725.8984
    145.0535	   7935.4521
    145.0551	   2325.1802
    145.0568	    105.4594
    145.0580	      0.0000
    145.0597	      0.0000
    145.0613	      0.0000
    145.0630	      0.0000
    159.0639	      0.0000
    159.0658	      0.0000
    159.0677	      0.0000
    159.0696	      0.0000
    159.0715	    640.2899
    159.0734	   1775.1477
    159.0753	   2811.6584
    159.0772	   2996.5020
    159.0791	   2199.6218
    159.0810	   1071.4944
    159.0832	      0.0000
    159.0851	      0.0000
    159.0870	      0.0000
    159.0889	      0.0000
    163.0440	      0.0000
    163.0460	      0.0000
    163.0480	      0.0000
    163.0499	      0.0000
    163.0519	    694.0960
    163.0539	   2417.5278
    163.0559	   8094.0112
    163.0578	  15898.3516
    163.0598	  23869.3926
    163.0618	  22717.2402
    163.0638	  14232.2910
    163.0657	   6349.3149
    163.0677	   1306.1533
    163.0697	      0.0000
    163.0714	      0.0000
    163.0734	      0.0000
    163.0754	      0.0000
    163.0774	      0.0000
    168.0455	      0.0000
    168.0476	      0.0000
    168.0496	      0.0000
    168.0517	      0.0000
    168.0538	    913.4588
    168.0558	   1299.3859
    168.0579	   3537.6670
    168.0600	  12205.3203
    168.0620	  30952.8320
    168.0641	  51262.7539
    168.0662	  60745.4023
    168.0682	  43593.6406
    168.0703	  23784.9492
    168.0724	   6912.9136
    168.0744	   1279.9048
    168.0765	     36.8727
    168.0785	      0.0000
    168.0806	      0.0000
    168.0826	      0.0000
    168.0847	      0.0000
    169.0542	      0.0000
    169.0563	      0.0000
    169.0584	      0.0000
    169.0604	      0.0000
    169.0625	    549.7207
    169.0646	   1330.0219
    169.0667	   2204.4451
    169.0688	   2691.7395
    169.0709	   2451.2769
    169.0729	   1627.6437
    169.0750	    774.6406
    169.0772	      0.0000
    169.0793	      0.0000
    169.0814	      0.0000
    169.0835	      0.0000
    182.1145	      0.0000
    182.1169	      0.0000
    182.1192	      0.0000
    182.1215	      0.0000
    182.1239	    650.5835
    182.1262	   1186.3185
    182.1285	   1475.4869
    182.1309	   1272.6417
    182.1332	    699.1261
    182.1355	      0.0000
    182.1379	      0.0000
    182.1402	      0.0000
    182.1425	      0.0000
    183.0976	      0.0000
    183.0999	      0.0000
    183.1023	      0.0000
    183.1046	      0.0000
    183.1070	    959.0314
    183.1093	   2281.4470
    183.1117	   5144.9556
    183.1140	   5902.0562
    183.1164	   4179.9722
    183.1187	   1725.0800
    183.1211	    646.7543
    183.1236	      0.0000
    183.1260	      0.0000
    183.1284	      0.0000
    183.1307	      0.0000
    186.0567	      0.0000
    186.0591	      0.0000
    186.0615	      0.0000
    186.0639	      0.0000
    186.0663	    612.3041
    186.0687	   2994.7195
    186.0711	  10266.5762
    186.0735	  19232.8457
    186.0759	  27649.1621
    186.0783	  24373.7637
    186.0807	  14811.2012
    186.0832	   5991.1704
    186.0856	   1321.7933
    186.0880	    216.2186
    186.0902	      0.0000
    186.0926	      0.0000
    186.0950	      0.0000
    186.0974	      0.0000
    187.0644	      0.0000
    187.0668	      0.0000
    187.0692	      0.0000
    187.0716	      0.0000
    187.0741	    649.5690
    187.0765	   1418.3235
    187.0789	   1950.5625
    187.0813	   1868.1996
    187.0838	   1236.1134
    187.0862	    513.1029
    187.0886	      0.0000
    187.0911	      0.0000
    187.0935	      0.0000
    187.0959	      0.0000
    200.1187	      0.0000
    200.1214	      0.0000
    200.1240	      0.0000
    200.1267	      0.0000
    200.1294	    487.8782
    200.1321	   1311.4310
    200.1348	   3754.9924
    200.1375	   6286.4150
    200.1402	   7399.0239
    200.1428	   5141.2397
    200.1455	   2612.8103
    200.1482	    988.3757
    200.1510	      0.0000
    200.1537	      0.0000
    200.1564	      0.0000
    200.1590	      0.0000
    203.1221	      0.0000
    203.1248	      0.0000
    203.1276	      0.0000
    203.1303	      0.0000
    203.1330	    954.4194
    203.1358	   1831.9077
    203.1385	   2394.5803
    203.1413	   2203.3069
    203.1440	   1373.9346
    203.1468	    513.6113
    203.1498	      0.0000
    203.1526	      0.0000
    203.1553	      0.0000
    203.1581	      0.0000
    204.0565	      0.0000
    204.0592	      0.0000
    204.0620	      0.0000
    204.0648	      0.0000
    204.0675	     46.5956
    204.0703	   1432.1409
    204.0730	   2621.7539
    204.0758	   5488.5391
    204.0786	  17482.4805
    204.0813	  53795.4609
    204.0841	  95957.4219
    204.0869	 131340.0781
    204.0896	 108627.0078
    204.0924	  64614.5000
    204.0952	  23533.3281
    204.0979	   5459.4277
    204.1007	   1506.3389
    204.1032	   1722.9589
    204.1059	    585.0917
    204.1083	      0.0000
    204.1111	      0.0000
    204.1139	      0.0000
    204.1166	      0.0000
    205.0687	      0.0000
    205.0715	      0.0000
    205.0743	      0.0000
    205.0771	      0.0000
    205.0799	    577.0694
    205.0827	   2771.6265
    205.0855	   6528.7227
    205.0882	  10463.4111
    205.0910	  11268.4727
    205.0938	   7624.6045
    205.0966	   3909.8533
    205.0994	   1001.4241
    205.1025	      0.0000
    205.1053	      0.0000
    205.1081	      0.0000
    205.1109	      0.0000
    207.0951	      0.0000
    207.0979	      0.0000
    207.1008	      0.0000
    207.1036	      0.0000
    207.1064	    596.0256
    207.1092	   1231.5092
    207.1121	   1623.2002
    207.1149	   1453.3087
    207.1177	    833.2624
    207.1205	      0.0000
    207.1234	      0.0000
    207.1262	      0.0000
    207.1290	      0.0000
    211.0869	      0.0000
    211.0899	      0.0000
    211.0928	      0.0000
    211.0957	      0.0000
    211.0986	    632.9874
    211.1015	   1489.0121
    211.1044	   2323.5266
    211.1073	   2573.3088
    211.1102	   2038.0941
    211.1131	   1090.6970
    211.1162	      0.0000
    211.1191	      0.0000
    211.1220	      0.0000
    211.1249	      0.0000
    228.1099	      0.0000
    228.1132	      0.0000
    228.1164	      0.0000
    228.1197	      0.0000
    228.1230	    424.2594
    228.1262	   1293.6796
    228.1295	   3540.8428
    228.1328	   5851.7632
    228.1360	   6170.9146
    228.1393	   3835.9358
    228.1426	   1604.1686
    228.1458	    758.0787
    228.1491	      0.0000
    228.1523	      0.0000
    228.1556	      0.0000
    228.1589	      0.0000
    235.0895	      0.0000
    235.0929	      0.0000
    235.0963	      0.0000
    235.0997	      0.0000
    235.1032	    909.0403
    235.1066	   1438.9955
    235.1100	   1547.8391
    235.1134	   1185.4022
    235.1168	    624.3047
    235.1208	      0.0000
    235.1243	      0.0000
    235.1277	      0.0000
    235.1311	      0.0000
    242.1232	      0.0000
    242.1267	      0.0000
    242.1303	      0.0000
    242.1339	      0.0000
    242.1375	    769.1612
    242.1410	   3166.3813
    242.1446	   7702.5845
    242.1482	  12719.7656
    242.1518	  14323.4805
    242.1553	   9723.0947
    242.1589	   4923.6025
    242.1625	   1028.6958
    242.1649	      0.0000
    242.1684	      0.0000
    242.1720	      0.0000
    242.1756	      0.0000
    243.1077	      0.0000
    243.1113	      0.0000
    243.1149	      0.0000
    243.1185	      0.0000
    243.1221	    840.9318
    243.1257	   4570.5815
    243.1293	   8869.7275
    243.1329	  12697.4492
    243.1365	  10737.3564
    243.1401	   6346.7622
    243.1437	   2282.2988
    243.1473	    673.1094
    243.1516	      0.0000
    243.1552	      0.0000
    243.1588	      0.0000
    243.1624	      0.0000
    258.1153	      0.0000
    258.1192	      0.0000
    258.1231	      0.0000
    258.1271	      0.0000
    258.1310	    297.6989
    258.1349	   2035.7384
    258.1389	   4950.8018
    258.1428	   8151.1172
    258.1467	   8689.8779
    258.1507	   5655.1133
    258.1546	   2663.6602
    258.1585	    481.5485
    258.1627	      0.0000
    258.1666	      0.0000
    258.1706	      0.0000
    258.1745	      0.0000
    260.1293	      0.0000
    260.1333	      0.0000
    260.1373	      0.0000
    260.1413	      0.0000
    260.1453	    635.0966
    260.1492	   2172.8059
    260.1532	   6654.6260
    260.1572	  11410.1504
    260.1612	  14830.2109
    260.1652	  11514.2588
    260.1691	   6560.1445
    260.1731	   1932.6967
    260.1771	      3.4974
    260.1808	      0.0000
    260.1848	      0.0000
    260.1888	      0.0000
    260.1927	      0.0000
    275.1435	      0.0000
    275.1478	      0.0000
    275.1521	      0.0000
    275.1564	      0.0000
    275.1608	    649.6299
    275.1651	   1412.8075
    275.1694	   2012.4264
    275.1738	   2014.9423
    275.1781	   1397.7866
    275.1824	    610.1749
    275.1868	      0.0000
    275.1912	      0.0000
    275.1955	      0.0000
    275.1998	      0.0000
    288.0899	      0.0000
    288.0945	      0.0000
    288.0992	      0.0000
    288.1038	      0.0000
    288.1085	    682.9442
    288.1131	   1149.0876
    288.1177	   1456.3127
    288.1224	   1408.1608
    288.1270	   1023.3794
    288.1319	      0.0000
    288.1365	      0.0000
    288.1411	      0.0000
    288.1458	      0.0000
    315.8469	      0.0000
    315.8522	      0.0000
    315.8575	      0.0000
    315.8629	      0.0000
    315.8682	    673.0214
    315.8735	   1248.1620
    315.8788	   1525.6874
    315.8842	   1319.6429
    315.8895	    785.2412
    315.8968	      0.0000
    315.9021	      0.0000
    315.9075	      0.0000
    315.9128	      0.0000
    366.0876	      0.0000
    366.0943	      0.0000
    366.1009	      0.0000
    366.1076	      0.0000
    366.1142	    881.8647
    366.1209	   2575.2688
    366.1275	   7413.8555
    366.1341	  12985.8154
    366.1408	  17347.8320
    366.1474	  13832.4883
    366.1541	   7990.9146
    366.1607	   2420.8630
    366.1674	    237.8814
    366.1736	      0.0000
    366.1803	      0.0000
    366.1869	      0.0000
    366.1936	      0.0000
    386.1429	      0.0000
    386.1501	      0.0000
    386.1573	      0.0000
    386.1645	      0.0000
    386.1717	   1026.6548
    386.1789	   1287.5240
    386.1861	   2723.9702
    386.1933	   6648.5156
    386.2005	  11004.4609
    386.2077	  12675.0117
    386.2149	   8681.3506
    386.2221	   4376.8828
    386.2293	    758.4739
    386.2353	      0.0000
    386.2425	      0.0000
    386.2497	      0.0000
    386.2569	      0.0000
    395.4025	      0.0000
    395.4100	      0.0000
    395.4174	      0.0000
    395.4249	      0.0000
    395.4324	    750.1385
    395.4398	   1258.7939
    395.4473	   1483.6736
    395.4547	   1259.1514
    395.4622	    733.0559
    395.4698	      0.0000
    395.4773	      0.0000
    395.4848	      0.0000
    395.4922	      0.0000
    433.0676	      0.0000
    433.0761	      0.0000
    433.0847	      0.0000
    433.0932	      0.0000
    433.1018	    684.9933
    433.1103	   1280.0759
    433.1189	   1498.9825
    433.1274	   1187.3938
    433.1360	    608.8665
    433.1450	      0.0000
    433.1535	      0.0000
    433.1621	      0.0000
    433.1706	      0.0000
    511.1469	      0.0000
    511.1579	      0.0000
    511.1688	      0.0000
    511.1798	      0.0000
    511.1908	    688.4278
    511.2017	   1561.4414
    511.2127	   2153.9751
    511.2236	   2028.7363
    511.2346	   1278.4495
    511.2456	    476.4361
    511.2606	      0.0000
    511.2716	      0.0000
    511.2825	      0.0000
    511.2935	      0.0000
    517.1778	      0.0000
    517.1889	      0.0000
    517.2001	      0.0000
    517.2113	      0.0000
    517.2224	   1114.7994
    517.2336	   1685.9261
    517.2447	   1748.7811
    517.2559	   1976.7104
    517.2670	   3170.6396
    517.2782	   8589.4014
    517.2894	  15679.7666
    517.3005	  21755.1094
    517.3117	  18052.5664
    517.3228	  10428.1670
    517.3340	   3142.1526
    517.3452	    130.3943
    517.3523	      0.0000
    517.3634	      0.0000
    517.3746	      0.0000
    517.3858	      0.0000
    518.2128	      0.0000
    518.2240	      0.0000
    518.2352	      0.0000
    518.2464	      0.0000
    518.2576	    657.6003
    518.2687	   1224.6510
    518.2799	   4063.1086
    518.2911	   7137.0498
    518.3023	   9006.5469
    518.3135	   6810.7944
    518.3247	   3921.4636
    518.3359	   1263.4504
    518.3471	    627.7080
    518.3583	      0.0000
    518.3695	      0.0000
    518.3807	      0.0000
    518.3919	      0.0000
    528.1212	      0.0000
    528.1327	      0.0000
    528.1442	      0.0000
    528.1557	      0.0000
    528.1673	    760.5490
    528.1788	   1556.2354
    528.1903	   2098.9839
    528.2018	   1978.8138
    528.2133	   1278.7808
    528.2248	    527.4077
    528.2375	      0.0000
    528.2490	      0.0000
    528.2605	      0.0000
    528.2720	      0.0000
    539.1835	      0.0000
    539.1954	      0.0000
    539.2073	      0.0000
    539.2192	      0.0000
    539.2311	    972.7932
    539.2429	   3591.2141
    539.2548	  12288.9990
    539.2667	  22833.3496
    539.2786	  32177.7813
    539.2904	  27268.5605
    539.3023	  16335.3496
    539.3142	   6150.5747
    539.3261	   1555.8082
    539.3380	    753.4697
    539.3487	      0.0000
    539.3606	      0.0000
    539.3725	      0.0000
    539.3844	      0.0000
    540.1933	      0.0000
    540.2052	      0.0000
    540.2171	      0.0000
    540.2290	      0.0000
    540.2409	    327.5184
    540.2528	   2280.5505
    540.2647	   5391.5063
    540.2766	   8785.2207
    540.2885	   9182.2324
    540.3005	   5944.6978
    540.3124	   2891.1509
    540.3243	    871.0956
    540.3402	      0.0000
    540.3521	      0.0000
    540.3640	      0.0000
    540.3759	      0.0000
    561.1649	      0.0000
    561.1775	      0.0000
    561.1902	      0.0000
    561.2028	      0.0000
    561.2154	    539.8241
    561.2280	   1553.4353
    561.2406	   4576.0996
    561.2532	   7952.2046
    561.2658	  10044.6602
    561.2784	   7469.2969
    561.2910	   4100.5273
    561.3037	    992.2272
    561.3123	      0.0000
    561.3249	      0.0000
    561.3375	      0.0000
    561.3502	      0.0000
    562.1837	      0.0000
    562.1964	      0.0000
    562.2090	      0.0000
    562.2216	      0.0000
    562.2343	    664.7010
    562.2469	   1387.8058
    562.2596	   1861.3375
    562.2722	   1716.6890
    562.2849	   1045.5062
    562.2977	      0.0000
    562.3104	      0.0000
    562.3230	      0.0000
    562.3357	      0.0000
    739.4420	      0.0000
    739.4611	      0.0000
    739.4802	      0.0000
    739.4992	      0.0000
    739.5183	    749.4912
    739.5374	   1366.7981
    739.5565	   1624.3496
    739.5756	   1344.9497
    739.5946	    760.7092
    739.6139	      0.0000
    739.6330	      0.0000
    739.6521	      0.0000
    739.6712	      0.0000
    910.8028	      0.0000
    910.8289	      0.0000
    910.8550	      0.0000
    910.8810	      0.0000
    910.9071	    678.6877
    910.9332	   1315.2958
    910.9593	   1625.3805
    910.9854	   1374.0978
    911.0114	    748.8106
    911.0375	      0.0000
    911.0636	      0.0000
    911.0897	      0.0000
    911.1158	      0.0000
    911.3245	      0.0000
    911.3506	      0.0000
    911.3767	      0.0000
    911.4028	      0.0000
    911.4289	   1230.9808
    911.4550	   1671.6531
    911.4811	   1692.2687
    911.5072	   1285.5514
    911.5333	    687.0142
    911.5594	      0.0000
    911.5855	      0.0000
    911.6116	      0.0000
    911.6377	      0.0000
    919.2831	      0.0000
    919.3096	      0.0000
    919.3360	      0.0000
    919.3625	      0.0000
    919.3889	    363.4386
    919.4153	   1268.2749
    919.4418	   2363.6560
    919.4682	   2878.3350
    919.4947	   2376.0151
    919.5211	   1263.2179
    919.5476	    396.7514
    919.5740	      0.0000
    919.6005	      0.0000
    919.6269	      0.0000
    919.6534	      0.0000
    919.7592	      0.0000
    919.7857	      0.0000
    919.8121	      0.0000
    919.8386	      0.0000
    919.8651	    331.1039
    919.8915	   1306.4517
    919.9180	   4373.0278
    919.9445	   6532.5049
    919.9709	   6574.9492
    919.9974	   4022.4104
    920.0239	   1597.5511
    920.0503	      0.0000
    920.0768	      0.0000
    920.1033	      0.0000
    920.1297	      0.0000
    920.1562	      0.0000
    920.2886	      0.0000
    920.3151	      0.0000
    920.3416	      0.0000
    920.3681	      0.0000
    920.3945	   1050.8743
    920.4210	   2228.4998
    920.4475	   3248.6992
    920.4740	   3450.7971
    920.5005	   2699.1970
    920.5270	   1511.5901
    920.5535	    599.1970
    920.5800	      0.0000
    920.6065	      0.0000
    920.6330	      0.0000
    920.6595	      0.0000
    938.7819	      0.0000
    938.8092	      0.0000
    938.8365	      0.0000
    938.8638	      0.0000
    938.8910	    609.6017
    938.9183	   1409.1055
    938.9456	   2003.0127
    938.9729	   1976.0928
    939.0002	   1386.2255
    939.0275	    650.7836
    939.0549	      0.0000
    939.0821	      0.0000
    939.1094	      0.0000
    939.1367	      0.0000
    955.3127	      0.0000
    955.3407	      0.0000
    955.3687	      0.0000
    955.3967	      0.0000
    955.4247	   1156.4625
    955.4527	   2081.1821
    955.4807	   2371.8870
    955.5087	   1819.9432
    955.5368	    891.1518
    955.5648	      0.0000
    955.5928	      0.0000
    955.6208	      0.0000
    955.6488	      0.0000
    956.7988	      0.0000
    956.8269	      0.0000
    956.8549	      0.0000
    956.8830	      0.0000
    956.9111	   1240.4601
    956.9392	   2150.3904
    956.9672	   2566.5747
    956.9953	   2135.9043
    957.0234	   1166.3993
    957.0515	      0.0000
    957.0796	      0.0000
    957.1077	      0.0000
    957.1358	      0.0000
    960.7976	      0.0000
    960.8259	      0.0000
    960.8541	      0.0000
    960.8824	      0.0000
    960.9106	    728.0114
    960.9389	   2281.6646
    960.9671	   4433.6357
    960.9954	   6349.7300
    961.0236	   5353.5435
    961.0519	   3010.1599
    961.0802	   1187.7667
    961.1085	      0.0000
    961.1367	      0.0000
    961.1650	      0.0000
    961.1933	      0.0000
   1001.3008	      0.0000
   1001.3309	      0.0000
   1001.3609	      0.0000
   1001.3910	      0.0000
   1001.4210	    629.1904
   1001.4511	   1561.4850
   1001.4811	   2371.4468
   1001.5112	   2504.9504
   1001.5413	   1874.6293
   1001.5713	    926.5623
   1001.6068	      0.0000
   1001.6368	      0.0000
   1001.6669	      0.0000
   1001.6970	      0.0000
   1011.7863	      0.0000
   1011.8169	      0.0000
   1011.8474	      0.0000
   1011.8779	      0.0000
   1011.9085	   1070.7965
   1011.9390	   3799.9160
   1011.9695	   7372.9609
   1012.0001	  10974.1025
   1012.0306	  10336.5146
   1012.0611	   6449.0610
   1012.0917	   2735.2256
   1012.1222	    251.1072
   1012.1611	      0.0000
   1012.1917	      0.0000
   1012.2222	      0.0000
   1012.2528	      0.0000
   1012.2833	      0.0000
   1012.3139	      0.0000
   1012.3444	      0.0000
   1012.3750	    503.2603
   1012.4055	   1453.6449
   1012.4361	   4071.2537
   1012.4666	   8204.6250
   1012.4972	  12476.4258
   1012.5278	  12408.2148
   1012.5583	   7858.8389
   1012.5889	   3552.7424
   1012.6194	    528.9113
   1012.6363	      0.0000
   1012.6669	      0.0000
   1012.6974	      0.0000
   1012.7280	      0.0000
   1012.7586	      0.0000
   1012.7892	      0.0000
   1012.8197	      0.0000
   1012.8503	      0.0000
   1012.8809	    766.0049
   1012.9115	   1951.8466
   1012.9420	   4959.1177
   1012.9726	   8173.7378
   1013.0032	   9846.4209
   1013.0338	   7333.5229
   1013.0644	   4094.2856
   1013.0949	    894.3696
   1013.1255	      0.0000
   1013.1561	      0.0000
   1013.1867	      0.0000
   1013.2173	      0.0000
   1013.2785	      0.0000
   1013.3091	      0.0000
   1013.3397	      0.0000
   1013.3703	      0.0000
   1013.4009	    649.2634
   1013.4315	   1835.5288
   1013.4621	   4715.6064
   1013.4927	   6507.2832
   1013.5233	   5612.1616
   1013.5539	   3342.4744
   1013.5845	   1265.3345
   1013.6151	      0.0000
   1013.6457	      0.0000
   1013.6763	      0.0000
   1013.7070	      0.0000
   1013.7988	      0.0000
   1013.8294	      0.0000
   1013.8600	      0.0000
   1013.8907	      0.0000
   1013.9213	    474.2349
   1013.9519	   1393.2261
   1013.9825	   2354.2561
   1014.0132	   2766.3542
   1014.0438	   2380.4373
   1014.0744	   1500.6288
   1014.1051	    675.5203
   1014.1475	      0.0000
   1014.1781	      0.0000
   1014.2087	      0.0000
   1014.2394	      0.0000
   1020.7040	      0.0000
   1020.7350	      0.0000
   1020.7659	      0.0000
   1020.7968	      0.0000
   1020.8278	   1289.6644
   1020.8587	   2809.6929
   1020.8896	   4449.1016
   1020.9206	  10147.2080
   1020.9515	  28811.5352
   1020.9825	  53947.3008
   1021.0134	  78523.2422
   1021.0444	  72033.2109
   1021.0753	  44195.3320
   1021.1062	  17910.5469
   1021.1372	   2435.5449
   1021.1681	      0.0000
   1021.1971	      0.0000
   1021.2280	      0.0000
   1021.2590	      0.0000
   1021.2899	      0.0000
   1021.3209	    252.8330
   1021.3519	   2632.3074
   1021.3828	   4984.0601
   1021.4138	  10547.4775
   1021.4448	  29742.1797
   1021.4757	  58657.8359
   1021.5067	  88918.7969
   1021.5377	  88386.2578
   1021.5686	  56256.3516
   1021.5996	  25800.3945
   1021.6306	   4375.9214
   1021.6615	      0.0000
   1021.6907	      0.0000
   1021.7217	      0.0000
   1021.7526	      0.0000
   1021.7836	      0.0000
   1021.8146	   1031.7681
   1021.8456	   1851.0764
   1021.8766	   3305.1897
   1021.9076	   5268.5449
   1021.9385	  13063.5381
   1021.9695	  27280.8047
   1022.0005	  42309.5664
   1022.0315	  44960.4844
   1022.0625	  29806.9453
   1022.0935	  14646.2627
   1022.1245	   2809.2295
   1022.1555	      0.0000
   1022.1771	      0.0000
   1022.2081	      0.0000
   1022.2391	      0.0000
   1022.2701	      0.0000
   1022.3011	      0.0000
   1022.3321	      0.0000
   1022.3631	    822.5720
   1022.3941	   1569.6917
   1022.4252	   4514.2275
   1022.4562	  10348.6758
   1022.4872	  16481.6230
   1022.5182	  18275.9492
   1022.5492	  12693.1270
   1022.5802	   6751.7383
   1022.6112	   1828.3518
   1022.6423	    114.8171
   1022.6747	      0.0000
   1022.7058	      0.0000
   1022.7368	      0.0000
   1022.7678	      0.0000
   1022.7988	      0.0000
   1022.8299	      0.0000
   1022.8609	      0.0000
   1022.8919	      0.0000
   1022.9230	    557.8703
   1022.9540	   1467.9114
   1022.9850	   2431.8777
   1023.0161	   2841.8921
   1023.0471	   2390.0947
   1023.0781	   1373.5986
   1023.1092	    427.5878
   1023.1402	      0.0000
   1023.1713	      0.0000
   1023.2023	      0.0000
   1023.2334	      0.0000
   1029.8158	      0.0000
   1029.8472	      0.0000
   1029.8785	      0.0000
   1029.9099	      0.0000
   1029.9412	    805.8689
   1029.9726	   1789.9995
   1030.0039	   2566.4045
   1030.0353	   2624.9304
   1030.0666	   1927.4771
   1030.0980	    947.0211
   1030.1293	      0.0000
   1030.1607	      0.0000
   1030.1921	      0.0000
   1030.2234	      0.0000
   1030.3175	      0.0000
   1030.3489	      0.0000
   1030.3803	      0.0000
   1030.4117	      0.0000
   1030.4430	   1288.7081
   1030.4744	   2095.1770
   1030.5058	   2565.5698
   1030.5372	   2319.2100
   1030.5685	   1455.2518
   1030.5999	    529.4104
   1030.6314	      0.0000
   1030.6628	      0.0000
   1030.6942	      0.0000
   1030.7256	      0.0000
   1085.3152	      0.0000
   1085.3491	      0.0000
   1085.3830	      0.0000
   1085.4169	      0.0000
   1085.4508	    836.8142
   1085.4847	   1786.5358
   1085.5187	   2591.9089
   1085.5526	   2672.6299
   1085.5865	   1934.2014
   1085.6204	    911.4478
   1085.6700	      0.0000
   1085.7039	      0.0000
   1085.7379	      0.0000
   1085.7718	      0.0000
   1093.7564	      0.0000
   1093.7907	      0.0000
   1093.8251	      0.0000
   1093.8594	      0.0000
   1093.8937	   1147.6201
   1093.9280	   2382.6997
   1093.9623	   6516.9839
   1093.9966	  14109.8896
   1094.0310	  22633.8848
   1094.0653	  24591.4668
   1094.0996	  16155.1279
   1094.1339	   7673.8711
   1094.1683	    948.6392
   1094.2000	      0.0000
   1094.2343	      0.0000
   1094.2686	      0.0000
   1094.3030	      0.0000
   1094.3373	      0.0000
   1094.3716	      0.0000
   1094.4060	   1187.3882
   1094.4403	   3402.8198
   1094.4747	   9066.7080
   1094.5090	  16149.3262
   1094.5434	  23045.2070
   1094.5777	  20262.7422
   1094.6121	  11889.0771
   1094.6464	   4352.2432
   1094.6808	      0.0000
   1094.7121	      0.0000
   1094.7465	      0.0000
   1094.7808	      0.0000
   1094.8152	      0.0000
   1094.8496	      0.0000
   1094.8839	      0.0000
   1094.9183	   1196.3431
   1094.9527	   3390.1030
   1094.9870	   8285.1484
   1095.0214	  13688.7012
   1095.0558	  16639.9023
   1095.0901	  12109.6084
   1095.1245	   6608.1440
   1095.1589	   1608.1099
   1095.1933	      0.0000
   1095.2177	      0.0000
   1095.2520	      0.0000
   1095.2864	      0.0000
   1095.3208	      0.0000
   1095.3552	      0.0000
   1095.3896	      0.0000
   1095.4240	    752.1470
   1095.4584	   2317.8926
   1095.4928	   4503.2095
   1095.5271	   6740.3252
   1095.5615	   5943.6772
   1095.5959	   3269.6797
   1095.6303	    847.3221
   1095.6647	      0.0000
   1095.6991	      0.0000
   1095.7335	      0.0000
   1095.7680	      0.0000
   1100.2891	      0.0000
   1100.3237	      0.0000
   1100.3583	      0.0000
   1100.3929	      0.0000
   1100.4275	    758.1599
   1100.4622	   1393.3763
   1100.4968	   1717.5752
   1100.5314	   1499.1105
   1100.5661	    905.5251
   1100.6007	      0.0000
   1100.6353	      0.0000
   1100.6700	      0.0000
   1100.7046	      0.0000
   1103.8287	      0.0000
   1103.8635	      0.0000
   1103.8983	      0.0000
   1103.9331	      0.0000
   1103.9679	    872.1140
   1104.0027	   1860.3306
   1104.0375	   2594.4465
   1104.0723	   2615.8579
   1104.1070	   1959.9668
   1104.1418	   1070.5219
   1104.1767	      0.0000
   1104.2115	      0.0000
   1104.2463	      0.0000
   1104.2811	      0.0000
   1114.3037	      0.0000
   1114.3390	      0.0000
   1114.3743	      0.0000
   1114.4096	      0.0000
   1114.4449	    873.2179
   1114.4802	   2216.3748
   1114.5155	   5289.8989
   1114.5508	   6444.7598
   1114.5861	   4591.9761
   1114.6214	   2327.5020
   1114.6567	    866.5316
   1114.7056	      0.0000
   1114.7409	      0.0000
   1114.7762	      0.0000
   1114.8115	      0.0000
   1122.2629	      0.0000
   1122.2986	      0.0000
   1122.3343	      0.0000
   1122.3699	      0.0000
   1122.4056	   1200.8961
   1122.4413	   2947.4395
   1122.4769	   8970.1641
   1122.5126	  17503.8906
   1122.5483	  26135.9063
   1122.5840	  24223.1797
   1122.6196	  14695.9473
   1122.6553	   5809.6245
   1122.6910	    431.6267
   1122.7246	      0.0000
   1122.7603	      0.0000
   1122.7960	      0.0000
   1122.8317	      0.0000
   1122.8674	      0.0000
   1122.9031	    879.7942
   1122.9388	   2980.7852
   1122.9744	   9273.4385
   1123.0101	  17993.3477
   1123.0458	  27162.5918
   1123.0815	  26041.0918
   1123.1172	  16137.2090
   1123.1529	   6888.2783
   1123.1886	   1018.9597
   1123.2184	      0.0000
   1123.2541	      0.0000
   1123.2899	      0.0000
   1123.3256	      0.0000
   1123.3613	      0.0000
   1123.3970	    383.6708
   1123.4327	   2178.5801
   1123.4684	   7705.0596
   1123.5041	  15128.6201
   1123.5399	  23130.0762
   1123.5756	  22929.5586
   1123.6113	  14424.2227
   1123.6470	   6489.9043
   1123.6828	   1112.3333
   1123.7128	      0.0000
   1123.7485	      0.0000
   1123.7842	      0.0000
   1123.8200	      0.0000
   1123.8557	      0.0000
   1123.8915	      0.0000
   1123.9272	      0.0000
   1123.9629	    936.7173
   1123.9987	   2151.1328
   1124.0344	   4845.9375
   1124.0702	   5679.7993
   1124.1059	   3874.6624
   1124.1417	   1755.9453
   1124.1774	    685.7985
   1124.2132	      0.0000
   1124.2489	      0.0000
   1124.2847	      0.0000
   1124.3204	      0.0000
   1132.8436	      0.0000
   1132.8797	      0.0000
   1132.9159	      0.0000
   1132.9521	      0.0000
   1132.9882	   1157.5548
   1133.0244	   1951.2765
   1133.0606	   2296.6697
   1133.0968	   1895.0103
   1133.1329	   1010.7975
   1133.1692	      0.0000
   1133.2054	      0.0000
   1133.2415	      0.0000
   1133.2777	      0.0000
   1186.8535	      0.0000
   1186.8923	      0.0000
   1186.9311	      0.0000
   1186.9699	      0.0000
   1187.0087	   1281.0598
   1187.0475	   2161.2385
   1187.0863	   2440.2109
   1187.1251	   1908.9642
   1187.1639	    995.7948
   1187.2027	      0.0000
   1187.2415	      0.0000
   1187.2803	      0.0000
   1187.3191	      0.0000
   1194.8443	      0.0000
   1194.8835	      0.0000
   1194.9227	      0.0000
   1194.9619	      0.0000
   1195.0011	   1238.3499
   1195.0402	   1657.3883
   1195.0794	   1737.5226
   1195.1186	   1455.3706
   1195.1578	    945.0466
   1195.2165	      0.0000
   1195.2557	      0.0000
   1195.2949	      0.0000
   1195.3341	      0.0000
   1195.3733	      0.0000
   1195.4125	      0.0000
   1195.4517	    626.9335
   1195.4909	   2680.9824
   1195.5301	   6163.7817
   1195.5693	   9903.1602
   1195.6086	  11120.3496
   1195.6478	   7542.0845
   1195.6870	   3627.5344
   1195.7262	    334.8974
   1195.7560	      0.0000
   1195.7953	      0.0000
   1195.8345	      0.0000
   1195.8737	      0.0000
   1195.9129	      0.0000
   1195.9522	   1134.0929
   1195.9914	   3841.1687
   1196.0306	   8035.0815
   1196.0699	  12328.8535
   1196.1091	  12240.3359
   1196.1483	   7668.6816
   1196.1876	   3286.0217
   1196.2268	    366.8349
   1196.2559	      0.0000
   1196.2952	      0.0000
   1196.3344	      0.0000
   1196.3737	      0.0000
   1196.4129	      0.0000
   1196.4522	    810.6154
   1196.4914	   1985.5155
   1196.5307	   4507.0073
   1196.5700	   6061.1963
   1196.6092	   5136.1919
   1196.6485	   2279.2446
   1196.6877	    983.9813
   1196.7507	      0.0000
   1196.7899	      0.0000
   1196.8292	      0.0000
   1196.8685	      0.0000
   1203.2564	      0.0000
   1203.2960	      0.0000
   1203.3356	      0.0000
   1203.3752	      0.0000
   1203.4148	   1189.1024
   1203.4544	   2324.5959
   1203.4940	   6362.7466
   1203.5336	  13439.9668
   1203.5732	  20951.5781
   1203.6128	  22010.4629
   1203.6524	  14113.6348
   1203.6920	   6137.7051
   1203.7316	    258.8271
   1203.7621	      0.0000
   1203.8017	      0.0000
   1203.8413	      0.0000
   1203.8809	      0.0000
   1203.9206	   1075.9579
   1203.9602	   2678.0872
   1203.9998	   7583.0850
   1204.0394	  14157.5615
   1204.0791	  20023.5391
   1204.1187	  17888.3926
   1204.1583	  10826.6191
   1204.1980	   3976.3896
   1204.2376	    522.2092
   1204.2660	      0.0000
   1204.3057	      0.0000
   1204.3453	      0.0000
   1204.3849	      0.0000
   1204.4246	    464.3736
   1204.4642	   2055.8008
   1204.5039	   5832.7427
   1204.5435	   9763.0508
   1204.5832	  11450.0459
   1204.6229	   8231.5088
   1204.6625	   4362.1030
   1204.7022	    716.8844
   1204.7386	      0.0000
   1204.7782	      0.0000
   1204.8179	      0.0000
   1204.8576	      0.0000
   1204.8972	      0.0000
   1204.9369	    701.0501
   1204.9766	   2540.8298
   1205.0163	   5455.4766
   1205.0559	   8431.1416
   1205.0956	   8792.2236
   1205.1353	   5776.3350
   1205.1750	   2706.0396
   1205.2147	    392.5884
   1205.2545	      0.0000
   1205.2942	      0.0000
   1205.3339	      0.0000
   1205.3735	      0.0000
   1269.2962	      0.0000
   1269.3391	      0.0000
   1269.3820	      0.0000
   1269.4249	      0.0000
   1269.4678	    658.9796
   1269.5107	   1719.8254
   1269.5536	   2954.6992
   1269.5965	   5322.5508
   1269.6394	   3151.9119
   1269.6823	   1963.1581
   1269.7253	    802.5866
   1269.7682	      0.0000
   1269.8111	      0.0000
   1269.8540	      0.0000
   1269.8969	      0.0000
   1269.9399	      0.0000
   1269.9828	   1314.6530
   1270.0257	   2626.9570
   1270.0687	   5148.5962
   1270.1116	   4863.4639
   1270.1545	   2346.3044
   1270.1975	   1046.8501
   1270.2404	      0.0000
   1270.2834	      0.0000
   1270.3263	      0.0000
   1270.3692	      0.0000
   1270.4122	      0.0000
   1270.4552	      0.0000
   1270.4981	   1122.3835
   1270.5411	   1831.5172
   1270.5840	   2042.6302
   1270.6270	   1624.7661
   1270.6699	    876.3503
   1270.7129	      0.0000
   1270.7559	      0.0000
   1270.7988	      0.0000
   1270.8418	      0.0000
   1276.3170	      0.0000
   1276.3602	      0.0000
   1276.4035	      0.0000
   1276.4467	      0.0000
   1276.4900	   1252.1956
   1276.5332	   2429.1907
   1276.5765	   3263.2122
   1276.6198	   3191.9951
   1276.6630	   2255.8193
   1276.7063	   1087.9214
   1276.7496	      0.0000
   1276.7929	      0.0000
   1276.8361	      0.0000
   1276.8794	      0.0000
   1276.9227	      0.0000
   1276.9660	    583.3874
   1277.0093	   1822.2252
   1277.0525	   4426.5444
   1277.0958	   6235.3677
   1277.1391	   4985.6509
   1277.1824	   2612.3306
   1277.2257	    484.6614
   1277.2690	      0.0000
   1277.3123	      0.0000
   1277.3556	      0.0000
   1277.3989	      0.0000
   1277.4422	      0.0000
   1277.4855	    526.0533
   1277.5288	   1620.2423
   1277.5722	   2807.1960
   1277.6155	   3341.5513
   1277.6588	   2843.0427
   1277.7021	   1698.7208
   1277.7454	    689.5590
   1277.7888	      0.0000
   1277.8321	      0.0000
   1277.8754	      0.0000
   1277.9187	      0.0000
   1277.9621	      0.0000
   1278.0054	    865.4464
   1278.0487	   1665.1906
   1278.0921	   2060.9014
   1278.1354	   1746.8024
   1278.1788	    974.0208
   1278.2221	      0.0000
   1278.2655	      0.0000
   1278.3088	      0.0000
   1278.3522	      0.0000
   1284.2688	      0.0000
   1284.3124	      0.0000
   1284.3561	      0.0000
   1284.3998	      0.0000
   1284.4434	    516.0552
   1284.4871	   2207.4470
   1284.5308	   4643.7832
   1284.5744	   7334.5947
   1284.6181	   7462.8042
   1284.6618	   4364.9937
   1284.7055	   1633.1827
   1284.7491	      0.0000
   1284.8111	      0.0000
   1284.8548	      0.0000
   1284.8985	      0.0000
   1284.9422	    361.0593
   1284.9859	   1505.2013
   1285.0296	   4516.2476
   1285.0733	   8140.4360
   1285.1170	  11003.8145
   1285.1607	   8369.6563
   1285.2044	   4524.8872
   1285.2481	    991.8263
   1285.2734	      0.0000
   1285.3172	      0.0000
   1285.3609	      0.0000
   1285.4046	      0.0000
   1285.4483	    512.7169
   1285.4920	   2053.5298
   1285.5357	   4629.7568
   1285.5795	   7467.1895
   1285.6232	   6997.6489
   1285.6669	   3989.5972
   1285.7106	   1312.4366
   1285.7544	      0.0000
   1285.7981	      0.0000
   1285.8419	      0.0000
   1285.8856	      0.0000
   1342.3521	      0.0000
   1342.3987	      0.0000
   1342.4454	      0.0000
   1342.4920	      0.0000
   1342.5387	   1120.0552
   1342.5854	   1970.5991
   1342.6320	   2239.4587
   1342.6787	   1703.9766
   1342.7253	    818.9948
   1342.7720	      0.0000
   1342.8187	      0.0000
   1342.8654	      0.0000
   1342.9120	      0.0000
   1342.9587	      0.0000
   1343.0054	    688.3387
   1343.0521	   1751.1414
   1343.0988	   2636.9434
   1343.1455	   2664.7864
   1343.1922	   1832.6475
   1343.2389	    786.9592
   1343.2856	      0.0000
   1343.3323	      0.0000
   1343.3790	      0.0000
   1343.4257	      0.0000
   1350.2708	      0.0000
   1350.3179	      0.0000
   1350.3650	      0.0000
   1350.4120	      0.0000
   1350.4591	    900.6852
   1350.5062	   2120.3586
   1350.5533	   5115.9268
   1350.6003	   6637.2373
   1350.6474	   5126.9463
   1350.6945	   2815.8174
   1350.7416	    543.1434
   1350.8060	      0.0000
   1350.8531	      0.0000
   1350.9002	      0.0000
   1350.9473	    619.0208
   1350.9944	   1969.2635
   1351.0415	   5660.6558
   1351.0886	   9718.8770
   1351.1357	  12565.5234
   1351.1828	   9331.6445
   1351.2299	   5045.9839
   1351.2771	   1017.9373
   1351.3068	      0.0000
   1351.3539	      0.0000
   1351.4011	      0.0000
   1351.4482	      0.0000
   1351.4953	      0.0000
   1351.5424	    905.7413
   1351.5896	   1746.7673
   1351.6367	   2076.1719
   1351.6838	   1590.0327
   1351.7310	    724.3907
   1351.7781	      0.0000
   1351.8253	      0.0000
   1351.8724	      0.0000
   1351.9196	      0.0000
   1351.9667	      0.0000
   1352.0139	    744.2344
   1352.0610	   2004.3784
   1352.1082	   3102.1267
   1352.1553	   3226.2678
   1352.2025	   2321.7820
   1352.2497	   1121.1013
   1352.2968	      0.0000
   1352.3440	      0.0000
   1352.3912	      0.0000
   1352.4384	      0.0000
   1357.3107	      0.0000
   1357.3582	      0.0000
   1357.4056	      0.0000
   1357.4530	      0.0000
   1357.5005	   1126.6204
   1357.5479	   2143.5859
   1357.5954	   3002.6433
   1357.6428	   3143.1218
   1357.6903	   2434.0769
   1357.7377	   1342.4332
   1357.7840	      0.0000
   1357.8315	      0.0000
   1357.8789	      0.0000
   1357.9264	      0.0000
   1440.8543	      0.0000
   1440.9062	      0.0000
   1440.9581	      0.0000
   1441.0100	      0.0000
   1441.0619	   1275.4124
   1441.1137	   2078.7705
   1441.1656	   2281.0833
   1441.2175	   1737.6517
   1441.2694	    879.3817
   1441.3214	      0.0000
   1441.3733	      0.0000
   1441.4252	      0.0000
   1441.4771	      0.0000
   2094.4275	      0.0000
   2094.5184	      0.0000
   2094.6093	      0.0000
   2094.7003	      0.0000
   2094.7912	    921.7115
   2094.8822	   1669.3932
   2094.9731	   2006.1044
   2095.0641	   1696.4851
   2095.1550	   1001.3290
   2095.2460	      0.0000
   2095.3370	      0.0000
   2095.4279	      0.0000
   2095.5189	      0.0000
   2563.6246	      0.0000
   2563.7477	      0.0000
   2563.8709	      0.0000
   2563.9940	      0.0000
   2564.1172	   1054.8710
   2564.2403	   1835.7603
   2564.3635	   2174.0022
   2564.4867	   1819.9102
   2564.6099	   1033.7847
   2564.7331	      0.0000
   2564.8563	      0.0000
   2564.9795	      0.0000
   2565.1027	      0.0000
   2717.6092	      0.0000
   2717.7436	      0.0000
   2717.8780	      0.0000
   2718.0124	      0.0000
   2718.1468	   1220.0435
   2718.2812	   1774.1912
   2718.4157	   1978.2860
   2718.5501	   1737.8270
   2718.6846	   1166.7249
   2718.8190	      0.0000
   2718.9534	      0.0000
   2719.0879	      0.0000
   2719.2224	      0.0000
   2863.3822	      0.0000
   2863.5275	      0.0000
   2863.6729	      0.0000
   2863.8182	      0.0000
   2863.9636	   1015.3824
   2864.1090	   1877.8734
   2864.2544	   2192.6565
   2864.3998	   1703.7413
   2864.5452	    808.7250
   2864.6906	      0.0000
   2864.8361	      0.0000
   2864.9815	      0.0000
   2865.1270	      0.0000
   2959.6300	      0.0000
   2959.7828	      0.0000
   2959.9355	      0.0000
   2960.0883	      0.0000
