# ljz_20131022_MR_Chym1_ELUTE.mzML
#
# index: 881
# id: controllerType=0 controllerNumber=1 scan=6018
# scanNumber: 6018
# massAnalyzerType: quadrupole
# scanEvent: 2
# msLevel: 2
# retentionTime: 1800.22
# filterString: FTMS + p NSI d Full ms2 635.03@hcd28.00 [100.00-2615.00]
# mzLow: 99.0035
# mzHigh: 2641.83
# basePeakMZ: 784.881
# basePeakIntensity: 175785
# totalIonCurrent: 3.01193e+006
# precursorCount: 1
# precursor 0: 634.78 1.2959e+006
# binary (2791): 
     99.0035	      0.0000
     99.0045	      0.0000
     99.0054	      0.0000
     99.0063	      0.0000
    107.4825	      0.0000
    107.4835	      0.0000
    107.4846	      0.0000
    107.4856	      0.0000
    107.4867	      0.0000
    107.4877	      0.0000
    107.4888	      0.0000
    107.4899	      0.0000
    107.4909	      0.0000
    107.4920	      0.0000
    107.4930	      0.0000
    107.4941	      0.0000
    107.4951	      0.0000
    107.4962	      0.0000
    107.4973	      0.0000
    107.4983	      0.0000
    107.4994	      0.0000
    107.5004	      0.0000
    107.5015	      0.0000
    107.5025	      0.0000
    107.5438	      0.0000
    107.5449	      0.0000
    107.5459	      0.0000
    107.5470	      0.0000
    107.5480	      0.0000
    107.5491	      0.0000
    107.5501	      0.0000
    107.5512	      0.0000
    107.5523	      0.0000
    107.5533	      0.0000
    107.5544	      0.0000
    107.5554	      0.0000
    107.5565	      0.0000
    107.5575	      0.0000
    107.5999	      0.0000
    107.6009	      0.0000
    107.6020	      0.0000
    107.6031	      0.0000
    107.6041	      0.0000
    107.6052	      0.0000
    107.6062	      0.0000
    107.6073	      0.0000
    107.6084	      0.0000
    107.6095	      0.0000
    107.6106	      0.0000
    107.6117	      0.0000
    107.6127	      0.0000
    109.0210	      0.0000
    109.0220	      0.0000
    109.0231	      0.0000
    109.0242	      0.0000
    109.0253	   1004.2155
    109.0264	   3844.3521
    109.0274	   7901.5737
    109.0285	  12219.6992
    109.0296	  12376.1807
    109.0307	   8000.3193
    109.0318	   3825.0818
    109.0328	    757.7072
    109.0338	      0.0000
    109.0348	      0.0000
    109.0359	      0.0000
    109.0370	      0.0000
    111.0372	      0.0000
    111.0384	      0.0000
    111.0395	      0.0000
    111.0406	      0.0000
    111.0417	    745.5344
    111.0428	   1669.0649
    111.0439	   2327.5027
    111.0450	   2173.4597
    111.0461	   1324.1417
    111.0472	    427.0202
    111.0486	      0.0000
    111.0497	      0.0000
    111.0509	      0.0000
    111.0520	      0.0000
    115.0287	      0.0000
    115.0299	      0.0000
    115.0310	      0.0000
    115.0322	      0.0000
    115.0334	    593.6728
    115.0345	   1164.3344
    115.0357	   3172.0964
    115.0369	   9590.7178
    115.0380	  18445.5488
    115.0392	  27538.7754
    115.0404	  26139.5977
    115.0416	  16208.3252
    115.0427	   7001.0415
    115.0439	   1106.9880
    115.0451	      0.0000
    115.0459	      0.0000
    115.0471	      0.0000
    115.0482	      0.0000
    115.0494	      0.0000
    115.6015	      0.0000
    115.6027	      0.0000
    115.6039	      0.0000
    115.6051	      0.0000
    115.6063	      0.0000
    115.6074	      0.0000
    115.6086	      0.0000
    115.6098	      0.0000
    115.6110	      0.0000
    115.6122	      0.0000
    115.6133	      0.0000
    115.6145	      0.0000
    115.6157	      0.0000
    115.6169	      0.0000
    116.4897	      0.0000
    116.4909	      0.0000
    116.4921	      0.0000
    116.4933	      0.0000
    116.4944	      0.0000
    116.4956	      0.0000
    116.4968	      0.0000
    116.4980	      0.0000
    116.4992	      0.0000
    116.5004	      0.0000
    116.5016	      0.0000
    116.5028	      0.0000
    116.5040	      0.0000
    116.5052	      0.0000
    116.5386	      0.0000
    116.5398	      0.0000
    116.5410	      0.0000
    116.5422	      0.0000
    116.5434	      0.0000
    116.5446	      0.0000
    116.5457	      0.0000
    116.5469	      0.0000
    116.5481	      0.0000
    116.5493	      0.0000
    116.5505	      0.0000
    116.5517	      0.0000
    116.5529	      0.0000
    116.5541	      0.0000
    116.5553	      0.0000
    116.5565	      0.0000
    116.5577	      0.0000
    116.5589	      0.0000
    116.5601	      0.0000
    116.5613	      0.0000
    126.0413	      0.0000
    126.0427	      0.0000
    126.0440	      0.0000
    126.0453	      0.0000
    126.0467	    688.1511
    126.0480	   1127.0236
    126.0494	   1768.7019
    126.0507	   5131.7744
    126.0521	  16667.6914
    126.0534	  35289.3594
    126.0547	  55361.1094
    126.0561	  58344.4336
    126.0574	  38786.7344
    126.0588	  19503.4121
    126.0601	   4901.4561
    126.0615	    434.0317
    126.0626	      0.0000
    126.0640	      0.0000
    126.0653	      0.0000
    126.0667	      0.0000
    127.0172	      0.0000
    127.0186	      0.0000
    127.0199	      0.0000
    127.0213	      0.0000
    127.0227	      0.0000
    127.0240	      0.0000
    127.0254	      0.0000
    127.0267	      0.0000
    127.0281	      0.0000
    127.0298	      0.0000
    127.0311	    731.1931
    127.0325	   2736.3403
    127.0338	   4896.8257
    127.0352	  12599.5723
    127.0366	  37355.7539
    127.0379	  70038.4453
    127.0393	 101609.6953
    127.0406	  91886.4297
    127.0420	  56337.1836
    127.0434	  23313.5293
    127.0447	   4684.9590
    127.0461	    361.8040
    127.0471	      0.0000
    127.0485	      0.0000
    127.0498	      0.0000
    127.0512	      0.0000
    127.0525	      0.0000
    127.0539	      0.0000
    127.0553	    505.2390
    127.0566	   1096.1964
    127.0580	   1872.7502
    127.0593	   2079.4690
    127.0607	   1448.6340
    127.0621	    564.8716
    127.0634	      0.0000
    127.0648	      0.0000
    127.0661	      0.0000
    127.0675	      0.0000
    128.0335	      0.0000
    128.0349	      0.0000
    128.0363	      0.0000
    128.0376	      0.0000
    128.0390	   1016.3476
    128.0404	   3275.3425
    128.0418	   5709.7588
    128.0431	   7042.9434
    128.0445	   4997.0073
    128.0459	   2577.3813
    128.0473	   1038.7872
    128.0486	      0.0000
    128.0500	      0.0000
    128.0514	      0.0000
    128.0528	      0.0000
    129.0454	      0.0000
    129.0468	      0.0000
    129.0482	      0.0000
    129.0495	      0.0000
    129.0509	    555.4395
    129.0523	   1314.2500
    129.0537	   2054.4282
    129.0551	   2296.0645
    129.0565	   1884.2565
    129.0579	   1117.0247
    129.0593	    442.3840
    129.0606	      0.0000
    129.0620	      0.0000
    129.0634	      0.0000
    129.0648	      0.0000
    133.0403	      0.0000
    133.0418	      0.0000
    133.0432	      0.0000
    133.0447	      0.0000
    133.0461	    853.4435
    133.0476	   2038.0349
    133.0490	   3131.7688
    133.0505	   4730.4082
    133.0520	   2586.6399
    133.0534	   1394.5659
    133.0549	    561.1292
    133.0565	      0.0000
    133.0580	      0.0000
    133.0594	      0.0000
    133.0609	      0.0000
    138.0387	      0.0000
    138.0402	      0.0000
    138.0417	      0.0000
    138.0433	      0.0000
    138.0448	      0.0000
    138.0464	   1544.2279
    138.0479	   3618.9375
    138.0494	   9412.3184
    138.0510	  28393.2285
    138.0525	  75326.7109
    138.0541	 126521.9453
    138.0556	 157806.5781
    138.0571	 118558.3594
    138.0587	  67581.0625
    138.0602	  20251.9160
    138.0617	   3904.4280
    138.0633	    979.6541
    138.0652	      0.0000
    138.0667	      0.0000
    138.0683	      0.0000
    138.0698	      0.0000
    139.0460	      0.0000
    139.0475	      0.0000
    139.0491	      0.0000
    139.0507	      0.0000
    139.0522	    372.1323
    139.0538	   1315.8759
    139.0553	   3862.7629
    139.0569	   7399.5371
    139.0584	  10960.7930
    139.0600	  10377.6943
    139.0615	   6445.0674
    139.0631	   2788.1833
    139.0647	    418.7911
    139.0660	      0.0000
    139.0676	      0.0000
    139.0691	      0.0000
    139.0707	      0.0000
    144.0527	      0.0000
    144.0544	      0.0000
    144.0560	      0.0000
    144.0576	      0.0000
    144.0593	    354.3873
    144.0609	   1343.7340
    144.0626	   4795.7925
    144.0642	   9048.2354
    144.0658	  12914.4688
    144.0675	  10946.8623
    144.0691	   6410.8701
    144.0708	   2175.2690
    144.0724	    264.7999
    144.0739	      0.0000
    144.0756	      0.0000
    144.0772	      0.0000
    144.0789	      0.0000
    145.0334	      0.0000
    145.0350	      0.0000
    145.0367	      0.0000
    145.0384	      0.0000
    145.0400	    732.6784
    145.0417	   1655.4713
    145.0433	   3815.4790
    145.0450	  11117.8662
    145.0466	  32321.4238
    145.0483	  56089.0273
    145.0500	  74378.6719
    145.0516	  59206.4961
    145.0533	  34689.6211
    145.0549	  11340.3945
    145.0566	   2164.8633
    145.0582	    326.8991
    145.0596	      0.0000
    145.0613	      0.0000
    145.0629	      0.0000
    145.0646	      0.0000
    146.0423	      0.0000
    146.0440	      0.0000
    146.0457	      0.0000
    146.0473	      0.0000
    146.0490	    975.7141
    146.0507	   1921.7865
    146.0524	   2515.1763
    146.0540	   2298.5662
    146.0557	   1416.6678
    146.0574	    513.2810
    146.0594	      0.0000
    146.0611	      0.0000
    146.0628	      0.0000
    146.0644	      0.0000
    163.0401	      0.0000
    163.0420	      0.0000
    163.0440	      0.0000
    163.0460	      0.0000
    163.0479	    609.9670
    163.0499	   1538.6216
    163.0519	   2400.6074
    163.0539	   6418.2905
    163.0558	  20428.8164
    163.0578	  40412.8711
    163.0598	  61100.9453
    163.0618	  58812.8086
    163.0637	  37059.7656
    163.0657	  16745.1563
    163.0677	   3872.1116
    163.0697	    832.5814
    163.0713	      0.0000
    163.0733	      0.0000
    163.0752	   1288.0308
    163.0772	      0.0000
    163.0792	      0.0000
    163.0812	      0.0000
    163.0831	      0.0000
    163.0851	      0.0000
    164.0515	      0.0000
    164.0535	      0.0000
    164.0555	      0.0000
    164.0574	      0.0000
    164.0594	    876.1615
    164.0614	   1580.0922
    164.0634	   2016.4647
    164.0654	   1865.7889
    164.0674	   1228.7284
    164.0694	    520.3197
    164.0717	      0.0000
    164.0737	      0.0000
    164.0757	      0.0000
    164.0777	      0.0000
    168.0457	      0.0000
    168.0477	      0.0000
    168.0498	      0.0000
    168.0519	      0.0000
    168.0539	    725.1287
    168.0560	   1677.5096
    168.0581	   4766.9165
    168.0601	  15429.6816
    168.0622	  39257.5156
    168.0643	  65325.7383
    168.0663	  78789.4063
    168.0684	  57534.5508
    168.0705	  31919.8789
    168.0725	   9229.3750
    168.0746	   1907.5658
    168.0767	   1007.8873
    168.0785	      0.0000
    168.0805	      0.0000
    168.0826	      0.0000
    168.0847	      0.0000
    169.0542	      0.0000
    169.0562	      0.0000
    169.0583	      0.0000
    169.0604	      0.0000
    169.0625	    864.9263
    169.0646	   2935.8635
    169.0667	   5276.8262
    169.0687	   7194.4136
    169.0708	   5827.1206
    169.0729	   3287.8311
    169.0750	    825.7145
    169.0771	      0.0000
    169.0792	      0.0000
    169.0813	      0.0000
    169.0834	      0.0000
    173.0324	      0.0000
    173.0345	      0.0000
    173.0367	      0.0000
    173.0388	      0.0000
    173.0410	    581.8325
    173.0432	   1128.9066
    173.0453	   1406.1011
    173.0475	   1243.0903
    173.0496	    805.1013
    173.0523	      0.0000
    173.0545	      0.0000
    173.0566	      0.0000
    173.0588	      0.0000
    186.0545	      0.0000
    186.0569	      0.0000
    186.0593	      0.0000
    186.0617	      0.0000
    186.0641	    866.1713
    186.0666	   1553.5886
    186.0690	   4374.8408
    186.0714	  13770.5283
    186.0738	  26540.4863
    186.0762	  39239.8672
    186.0786	  36357.2109
    186.0810	  22475.2852
    186.0834	   9555.9414
    186.0858	   1976.3837
    186.0882	    281.7226
    186.0901	      0.0000
    186.0925	      0.0000
    186.0949	      0.0000
    186.0973	      0.0000
    187.0643	      0.0000
    187.0668	      0.0000
    187.0692	      0.0000
    187.0716	      0.0000
    187.0740	    945.4920
    187.0765	   1885.8167
    187.0789	   2607.5544
    187.0813	   2630.6372
    187.0837	   1930.4402
    187.0862	    983.4189
    187.0891	      0.0000
    187.0916	      0.0000
    187.0940	      0.0000
    187.0964	      0.0000
    204.0593	      0.0000
    204.0621	      0.0000
    204.0649	      0.0000
    204.0676	      0.0000
    204.0704	    801.6344
    204.0732	   2463.8264
    204.0759	   5387.6772
    204.0787	  15947.9346
    204.0815	  48033.7188
    204.0842	  86532.0313
    204.0870	 120211.7734
    204.0897	 101895.3516
    204.0925	  61082.9258
    204.0953	  23117.7539
    204.0980	   5080.2305
    204.1008	   1036.4476
    204.1030	      0.0000
    204.1058	      0.0000
    204.1085	      0.0000
    204.1113	      0.0000
    205.0690	      0.0000
    205.0717	      0.0000
    205.0745	      0.0000
    205.0773	      0.0000
    205.0801	    635.4082
    205.0829	   2653.2385
    205.0857	   6704.7085
    205.0885	  11063.8037
    205.0912	  12416.3232
    205.0940	   8405.2471
    205.0968	   4221.0635
    205.0996	    997.5253
    205.1024	      0.0000
    205.1052	      0.0000
    205.1080	      0.0000
    205.1108	      0.0000
    213.1469	      0.0000
    213.1499	      0.0000
    213.1528	      0.0000
    213.1558	      0.0000
    213.1587	    842.9872
    213.1617	   1222.9532
    213.1646	   1315.8667
    213.1676	   1061.3248
    213.1705	    621.2697
    213.1735	      0.0000
    213.1765	      0.0000
    213.1795	      0.0000
    213.1824	      0.0000
    241.0469	      0.0000
    241.0504	      0.0000
    241.0540	      0.0000
    241.0575	      0.0000
    241.0611	    334.5989
    241.0646	   1087.4681
    241.0682	   1856.0508
    241.0717	   2090.5559
    241.0753	   1610.2166
    241.0788	    799.5580
    241.0829	      0.0000
    241.0864	      0.0000
    241.0900	      0.0000
    241.0935	      0.0000
    357.6567	      0.0000
    357.6631	      0.0000
    357.6695	      0.0000
    357.6759	      0.0000
    357.6823	    896.2612
    357.6887	   1389.7017
    357.6952	   1562.0505
    357.7016	   1243.6484
    357.7080	    650.3239
    357.7155	      0.0000
    357.7219	      0.0000
    357.7283	      0.0000
    357.7348	      0.0000
    366.0867	      0.0000
    366.0934	      0.0000
    366.1000	      0.0000
    366.1067	      0.0000
    366.1133	    368.9008
    366.1200	   1525.8425
    366.1266	   5069.7344
    366.1333	   9288.0527
    366.1399	  12844.0830
    366.1465	  10676.1367
    366.1532	   6261.4746
    366.1598	   2152.6919
    366.1665	    232.5170
    366.1722	      0.0000
    366.1788	      0.0000
    366.1855	      0.0000
    366.1921	      0.0000
    367.1045	      0.0000
    367.1111	      0.0000
    367.1178	      0.0000
    367.1245	      0.0000
    367.1311	   1066.8267
    367.1378	   1637.5913
    367.1445	   1676.4288
    367.1512	   1168.4100
    367.1578	    503.5947
    367.1646	      0.0000
    367.1713	      0.0000
    367.1780	      0.0000
    367.1847	      0.0000
    423.1784	      0.0000
    423.1867	      0.0000
    423.1949	      0.0000
    423.2032	      0.0000
    423.2115	    460.8295
    423.2197	   1259.3632
    423.2280	   2031.1865
    423.2362	   2229.0603
    423.2445	   1711.4849
    423.2527	    864.2946
    423.2612	      0.0000
    423.2695	      0.0000
    423.2777	      0.0000
    423.2860	      0.0000
    429.5247	      0.0000
    429.5331	      0.0000
    429.5416	      0.0000
    429.5500	      0.0000
    429.5585	    600.8849
    429.5669	   1190.4362
    429.5754	   1599.8185
    429.5838	   1533.5959
    429.5922	   1062.3055
    429.6007	      0.0000
    429.6091	      0.0000
    429.6176	      0.0000
    429.6260	      0.0000
    443.7412	      0.0000
    443.7501	      0.0000
    443.7590	      0.0000
    443.7678	      0.0000
    443.7767	    676.0746
    443.7856	   1333.6646
    443.7944	   1676.6093
    443.8033	   1438.9586
    443.8122	    816.8161
    443.8210	      0.0000
    443.8299	      0.0000
    443.8388	      0.0000
    443.8476	      0.0000
    451.1747	      0.0000
    451.1838	      0.0000
    451.1929	      0.0000
    451.2020	      0.0000
    451.2111	   1101.8070
    451.2202	   1641.1350
    451.2293	   1689.8663
    451.2384	   1210.5037
    451.2475	    535.7145
    451.2568	      0.0000
    451.2659	      0.0000
    451.2750	      0.0000
    451.2841	      0.0000
    483.8460	      0.0000
    483.8561	      0.0000
    483.8662	      0.0000
    483.8763	      0.0000
    483.8864	    818.5436
    483.8965	   1330.8390
    483.9066	   1483.5203
    483.9167	   1213.0907
    483.9268	    742.6606
    483.9371	      0.0000
    483.9472	      0.0000
    483.9573	      0.0000
    483.9674	      0.0000
    510.1945	      0.0000
    510.2054	      0.0000
    510.2164	      0.0000
    510.2273	      0.0000
    510.2382	    800.8012
    510.2492	   1671.5328
    510.2601	   2361.8381
    510.2710	   2382.9302
    510.2820	   1707.6786
    510.2929	    805.8461
    510.3035	      0.0000
    510.3144	      0.0000
    510.3254	      0.0000
    510.3363	      0.0000
    523.5004	      0.0000
    523.5118	      0.0000
    523.5232	      0.0000
    523.5345	      0.0000
    523.5459	    548.0613
    523.5572	   2766.7380
    523.5686	   7375.2075
    523.5800	  12385.4346
    523.5913	  14537.5615
    523.6027	  10303.0293
    523.6141	   5576.6470
    523.6254	   1545.0864
    523.6368	    212.2715
    523.6498	      0.0000
    523.6612	      0.0000
    523.6725	      0.0000
    523.6839	      0.0000
    523.8317	      0.0000
    523.8431	      0.0000
    523.8544	      0.0000
    523.8658	      0.0000
    523.8772	    138.4054
    523.8886	   1273.1613
    523.8999	   4594.9189
    523.9113	   8430.8213
    523.9227	  11622.4775
    523.9341	   9536.4648
    523.9454	   5549.6680
    523.9568	   1838.3110
    523.9682	    252.6377
    523.9783	      0.0000
    523.9897	      0.0000
    524.0010	      0.0000
    524.0124	      0.0000
    524.1831	      0.0000
    524.1945	      0.0000
    524.2059	      0.0000
    524.2173	      0.0000
    524.2287	    457.4607
    524.2400	   1337.2010
    524.2514	   2235.7161
    524.2628	   2541.0823
    524.2742	   2043.5023
    524.2856	   1135.0948
    524.2970	      0.0000
    524.3084	      0.0000
    524.3198	      0.0000
    524.3311	      0.0000
    524.5248	      0.0000
    524.5362	      0.0000
    524.5476	      0.0000
    524.5590	      0.0000
    524.5704	   1119.3191
    524.5818	   2095.0789
    524.5932	   2470.2510
    524.6046	   1972.7216
    524.6160	   1032.7291
    524.6274	      0.0000
    524.6388	      0.0000
    524.6502	      0.0000
    524.6616	      0.0000
    525.1749	      0.0000
    525.1863	      0.0000
    525.1977	      0.0000
    525.2091	      0.0000
    525.2206	   1032.1504
    525.2320	   2087.4236
    525.2434	   2589.8835
    525.2548	   2145.6169
    525.2662	   1156.1389
    525.2777	    329.7149
    525.2891	      0.0000
    525.3006	      0.0000
    525.3120	      0.0000
    525.3234	      0.0000
    591.1896	      0.0000
    591.2032	      0.0000
    591.2169	      0.0000
    591.2305	      0.0000
    591.2441	   1035.8162
    591.2578	   2301.3396
    591.2714	   5515.7725
    591.2850	   5229.3521
    591.2987	   3105.6023
    591.3123	   1399.6315
    591.3260	    522.1863
    591.3420	      0.0000
    591.3556	      0.0000
    591.3693	      0.0000
    591.3829	      0.0000
    591.5057	      0.0000
    591.5193	      0.0000
    591.5330	      0.0000
    591.5466	      0.0000
    591.5603	    346.1866
    591.5739	   1501.9308
    591.5876	   5414.2104
    591.6012	  10123.9893
    591.6149	  14248.5107
    591.6285	  11950.8291
    591.6422	   6957.6133
    591.6558	   2257.5759
    591.6695	    230.6657
    591.6807	      0.0000
    591.6944	      0.0000
    591.7080	      0.0000
    591.7217	      0.0000
    591.8583	      0.0000
    591.8719	      0.0000
    591.8856	      0.0000
    591.8992	      0.0000
    591.9129	    863.9611
    591.9265	   1994.7328
    591.9402	   2964.3555
    591.9539	   3060.1602
    591.9675	   2207.6160
    591.9812	   1043.5437
    591.9949	      0.0000
    592.0085	      0.0000
    592.0222	      0.0000
    592.0358	      0.0000
    592.1862	      0.0000
    592.1998	      0.0000
    592.2135	      0.0000
    592.2272	      0.0000
    592.2409	    563.3260
    592.2545	   1621.1669
    592.2682	   2718.9346
    592.2819	   3104.4756
    592.2955	   2495.8364
    592.3092	   1363.4974
    592.3229	    476.4527
    592.3367	      0.0000
    592.3504	      0.0000
    592.3640	      0.0000
    592.3777	      0.0000
    674.7169	      0.0000
    674.7336	      0.0000
    674.7502	      0.0000
    674.7668	      0.0000
    674.7834	   1178.8617
    674.8001	   2354.6921
    674.8167	   3180.2861
    674.8333	   3025.5044
    674.8500	   1995.4915
    674.8666	    852.6624
    674.8832	      0.0000
    674.8999	      0.0000
    674.9165	      0.0000
    674.9331	      0.0000
    677.2342	      0.0000
    677.2509	      0.0000
    677.2676	      0.0000
    677.2844	      0.0000
    677.3011	    885.5742
    677.3178	   1598.1927
    677.3345	   1908.5909
    677.3512	   1614.6636
    677.3680	    941.1360
    677.3847	      0.0000
    677.4014	      0.0000
    677.4181	      0.0000
    677.4348	      0.0000
    677.7193	      0.0000
    677.7360	      0.0000
    677.7527	      0.0000
    677.7695	      0.0000
    677.7862	    387.4964
    677.8029	   1274.8087
    677.8197	   2283.3511
    677.8364	   2721.2825
    677.8532	   2237.2578
    677.8699	   1224.7632
    677.8931	      0.0000
    677.9098	      0.0000
    677.9266	      0.0000
    677.9433	      0.0000
    683.1975	      0.0000
    683.2145	      0.0000
    683.2314	      0.0000
    683.2483	      0.0000
    683.2653	    652.7073
    683.2822	   1282.3053
    683.2992	   3897.9785
    683.3161	   8034.3823
    683.3330	  12530.9248
    683.3500	  13072.1348
    683.3669	   8476.4180
    683.3839	   3999.2742
    683.4008	    513.0497
    683.4201	      0.0000
    683.4370	      0.0000
    683.4540	      0.0000
    683.4709	      0.0000
    683.7082	      0.0000
    683.7252	      0.0000
    683.7422	      0.0000
    683.7591	      0.0000
    683.7761	    443.7395
    683.7930	   1988.9980
    683.8100	   5116.9644
    683.8270	   8894.1748
    683.8439	  11853.2188
    683.8609	   9467.6396
    683.8778	   5439.4707
    683.8948	   1549.8235
    683.9118	      0.0000
    683.9200	      0.0000
    683.9370	      0.0000
    683.9539	      0.0000
    683.9709	      0.0000
    684.2255	      0.0000
    684.2425	      0.0000
    684.2594	      0.0000
    684.2764	      0.0000
    684.2934	    851.2513
    684.3104	   1907.7198
    684.3274	   2788.2341
    684.3443	   2852.4653
    684.3613	   2037.8167
    684.3783	    946.3831
    684.3953	      0.0000
    684.4123	      0.0000
    684.4293	      0.0000
    684.4463	      0.0000
    711.2283	      0.0000
    711.2463	      0.0000
    711.2643	      0.0000
    711.2823	      0.0000
    711.3002	    775.3777
    711.3182	   1613.2046
    711.3362	   2117.8901
    711.3542	   1890.7256
    711.3722	   1104.4537
    711.3902	      0.0000
    711.4082	      0.0000
    711.4262	      0.0000
    711.4442	      0.0000
    711.7323	      0.0000
    711.7503	      0.0000
    711.7683	      0.0000
    711.7863	      0.0000
    711.8044	   1002.1489
    711.8224	   1944.9185
    711.8404	   2561.4260
    711.8584	   2371.9304
    711.8764	   1496.5164
    711.8944	    602.9074
    711.9181	      0.0000
    711.9361	      0.0000
    711.9541	      0.0000
    711.9722	      0.0000
    724.6999	      0.0000
    724.7184	      0.0000
    724.7369	      0.0000
    724.7554	      0.0000
    724.7739	    710.3373
    724.7924	   2106.7849
    724.8109	   6653.6836
    724.8295	  14328.1064
    724.8480	  22742.4688
    724.8665	  24193.8301
    724.8850	  15913.2383
    724.9035	   7649.4072
    724.9220	   1429.9447
    724.9405	      0.0000
    724.9587	      0.0000
    724.9773	      0.0000
    724.9958	      0.0000
    725.0143	      0.0000
    725.1995	      0.0000
    725.2180	      0.0000
    725.2365	      0.0000
    725.2551	      0.0000
    725.2736	    409.3534
    725.2921	   1607.2321
    725.3106	   4948.9175
    725.3292	  10662.4893
    725.3477	  16993.3730
    725.3662	  18653.4805
    725.3848	  12606.2930
    725.4033	   6349.8306
    725.4218	   1214.7009
    725.4350	      0.0000
    725.4535	      0.0000
    725.4721	      0.0000
    725.4906	      0.0000
    725.7316	      0.0000
    725.7502	      0.0000
    725.7687	      0.0000
    725.7873	      0.0000
    725.8058	    748.5339
    725.8244	   1731.7582
    725.8429	   2685.5422
    725.8615	   2968.0166
    725.8800	   2347.1418
    725.8986	   1279.4243
    725.9171	    434.7838
    725.9357	      0.0000
    725.9542	      0.0000
    725.9728	      0.0000
    725.9913	      0.0000
    726.2326	      0.0000
    726.2512	      0.0000
    726.2697	      0.0000
    726.2883	      0.0000
    726.3069	    813.9931
    726.3254	   1830.1211
    726.3440	   2708.1309
    726.3626	   2852.4282
    726.3811	   2145.2913
    726.3997	   1084.1573
    726.4183	      0.0000
    726.4368	      0.0000
    726.4554	      0.0000
    726.4740	      0.0000
    727.1989	      0.0000
    727.2175	      0.0000
    727.2361	      0.0000
    727.2547	      0.0000
    727.2733	    588.3459
    727.2919	   1367.8258
    727.3105	   2198.9363
    727.3291	   2582.7131
    727.3477	   2212.8342
    727.3663	   1306.7933
    727.3849	    468.0169
    727.4036	      0.0000
    727.4222	      0.0000
    727.4408	      0.0000
    727.4594	      0.0000
    749.2269	      0.0000
    749.2463	      0.0000
    749.2658	      0.0000
    749.2852	      0.0000
    749.3047	    581.3179
    749.3241	   1337.0941
    749.3436	   1970.6317
    749.3631	   2054.8691
    749.3825	   1540.3728
    749.4020	    778.9316
    749.4214	      0.0000
    749.4409	      0.0000
    749.4604	      0.0000
    749.4798	      0.0000
    750.2394	      0.0000
    750.2589	      0.0000
    750.2784	      0.0000
    750.2979	      0.0000
    750.3174	    525.9585
    750.3369	   1255.0544
    750.3564	   1798.6678
    750.3759	   1720.2181
    750.3954	   1062.3346
    750.4149	      0.0000
    750.4344	      0.0000
    750.4539	      0.0000
    750.4734	      0.0000
    766.7234	      0.0000
    766.7436	      0.0000
    766.7637	      0.0000
    766.7838	      0.0000
    766.8040	    489.5211
    766.8241	   1284.7556
    766.8443	   2126.3291
    766.8644	   2422.5125
    766.8845	   1960.1687
    766.9047	   1076.5770
    766.9248	      0.0000
    766.9450	      0.0000
    766.9651	      0.0000
    766.9853	      0.0000
    769.2266	      0.0000
    769.2468	      0.0000
    769.2671	      0.0000
    769.2873	      0.0000
    769.3076	   1125.1801
    769.3278	   2101.4543
    769.3480	   2736.5925
    769.3683	   2567.1787
    769.3885	   1722.2174
    769.4088	    778.8408
    769.4290	      0.0000
    769.4493	      0.0000
    769.4695	      0.0000
    769.4898	      0.0000
    770.2394	      0.0000
    770.2597	      0.0000
    770.2800	      0.0000
    770.3003	      0.0000
    770.3205	    906.9022
    770.3408	   1513.9454
    770.3611	   1703.9862
    770.3814	   1357.5249
    770.4017	    742.6509
    770.4220	      0.0000
    770.4422	      0.0000
    770.4625	      0.0000
    770.4828	      0.0000
    775.2108	      0.0000
    775.2313	      0.0000
    775.2518	      0.0000
    775.2723	      0.0000
    775.2927	    806.5687
    775.3132	   2047.0903
    775.3337	   4718.8945
    775.3542	   5807.0132
    775.3746	   4249.3584
    775.3951	   2269.9600
    775.4156	    839.8848
    775.4373	      0.0000
    775.4578	      0.0000
    775.4783	      0.0000
    775.4988	      0.0000
    775.7036	      0.0000
    775.7241	      0.0000
    775.7446	      0.0000
    775.7651	      0.0000
    775.7856	    360.4453
    775.8061	   2203.3274
    775.8266	   5788.0723
    775.8471	   9718.9121
    775.8676	  11233.7676
    775.8881	   7792.3623
    775.9086	   4020.1082
    775.9291	    857.4130
    775.9539	      0.0000
    775.9744	      0.0000
    775.9949	      0.0000
    776.0154	      0.0000
    776.2205	      0.0000
    776.2410	      0.0000
    776.2615	      0.0000
    776.2820	      0.0000
    776.3025	   1002.6338
    776.3230	   3679.9067
    776.3435	   7091.1641
    776.3641	  10230.9219
    776.3846	   8809.1670
    776.4051	   5105.4829
    776.4256	   1607.8538
    776.4461	      0.0000
    776.4692	      0.0000
    776.4897	      0.0000
    776.5102	      0.0000
    776.5307	      0.0000
    776.7155	      0.0000
    776.7360	      0.0000
    776.7566	      0.0000
    776.7771	      0.0000
    776.7976	   1080.8751
    776.8182	   3158.7092
    776.8387	   6492.3638
    776.8592	  10064.9531
    776.8798	  10194.8818
    776.9003	   6439.9927
    776.9209	   2881.6445
    776.9414	    196.2925
    776.9540	      0.0000
    776.9745	      0.0000
    776.9951	      0.0000
    777.0156	      0.0000
    777.2211	      0.0000
    777.2416	      0.0000
    777.2622	      0.0000
    777.2828	      0.0000
    777.3033	    797.6358
    777.3239	   2628.6140
    777.3444	   5115.8950
    777.3650	   7335.8535
    777.3855	   6210.6455
    777.4061	   3651.1614
    777.4267	   1225.4766
    777.4472	      0.0000
    777.4678	      0.0000
    777.4884	      0.0000
    777.5089	      0.0000
    777.7352	      0.0000
    777.7557	      0.0000
    777.7763	      0.0000
    777.7969	      0.0000
    777.8175	   1172.1604
    777.8380	   2251.3340
    777.8586	   2920.4565
    777.8792	   2719.7122
    777.8998	   1835.5720
    777.9204	    869.1597
    777.9409	      0.0000
    777.9615	      0.0000
    777.9821	      0.0000
    778.0027	      0.0000
    778.2086	      0.0000
    778.2292	      0.0000
    778.2498	      0.0000
    778.2703	      0.0000
    778.2909	    630.9477
    778.3115	   1692.9138
    778.3321	   2790.0337
    778.3527	   3168.9685
    778.3733	   2537.3857
    778.3939	   1379.7346
    778.4145	    448.8226
    778.4444	      0.0000
    778.4650	      0.0000
    778.4856	      0.0000
    778.5062	      0.0000
    778.7123	      0.0000
    778.7329	      0.0000
    778.7535	      0.0000
    778.7741	      0.0000
    778.7947	    901.8316
    778.8154	   2738.4597
    778.8360	   7184.6782
    778.8566	  12215.7920
    778.8772	  16094.5508
    778.8978	  12995.9795
    778.9184	   7563.6865
    778.9391	   2314.4451
    778.9597	      0.0000
    778.9781	      0.0000
    778.9987	      0.0000
    779.0194	      0.0000
    779.0400	      0.0000
    779.2257	      0.0000
    779.2463	      0.0000
    779.2669	      0.0000
    779.2876	      0.0000
    779.3082	    897.6716
    779.3288	   3401.4019
    779.3495	   7040.9146
    779.3701	  10895.1348
    779.3907	  10686.5869
    779.4114	   6580.4023
    779.4320	   2765.6274
    779.4527	    191.2253
    779.4662	      0.0000
    779.4868	      0.0000
    779.5075	      0.0000
    779.5281	      0.0000
    779.7553	      0.0000
    779.7759	      0.0000
    779.7966	      0.0000
    779.8172	      0.0000
    779.8379	   1121.0444
    779.8585	   1797.4857
    779.8792	   2022.7836
    779.8999	   1579.0444
    779.9205	    765.3502
    779.9412	      0.0000
    779.9618	      0.0000
    779.9825	      0.0000
    780.0032	      0.0000
    783.2367	      0.0000
    783.2574	      0.0000
    783.2782	      0.0000
    783.2990	      0.0000
    783.3198	    978.4141
    783.3406	   2221.1772
    783.3614	   3305.9231
    783.3822	   4664.5830
    783.4030	   2641.0061
    783.4238	   1388.9099
    783.4446	    557.4767
    783.4654	      0.0000
    783.4862	      0.0000
    783.5070	      0.0000
    783.5278	      0.0000
    783.7151	      0.0000
    783.7359	      0.0000
    783.7567	      0.0000
    783.7775	      0.0000
    783.7983	    558.9694
    783.8191	   1632.5242
    783.8400	   4024.9102
    783.8608	   6139.1655
    783.8816	   5678.2793
    783.9024	   3394.2002
    783.9232	   1334.1847
    783.9441	    457.4122
    783.9649	      0.0000
    783.9857	      0.0000
    784.0065	      0.0000
    784.0273	      0.0000
    784.2148	      0.0000
    784.2356	      0.0000
    784.2564	      0.0000
    784.2773	      0.0000
    784.2981	      0.0000
    784.3189	   1572.4890
    784.3398	   4014.4292
    784.3606	   6643.0146
    784.3815	   7027.7876
    784.4023	   4615.5029
    784.4231	   2176.0425
    784.4440	    714.3489
    784.4694	      0.0000
    784.4903	      0.0000
    784.5111	      0.0000
    784.5320	      0.0000
    784.6570	      0.0000
    784.6779	      0.0000
    784.6987	      0.0000
    784.7196	      0.0000
    784.7404	    988.0480
    784.7613	   4232.5635
    784.7821	   6959.9551
    784.8030	  15498.3867
    784.8238	  44925.9844
    784.8447	  98714.8594
    784.8655	 157492.7813
    784.8864	 172961.3906
    784.9073	 117449.8359
    784.9281	  59972.1016
    784.9490	  14401.5723
    784.9698	   1548.5073
    784.9907	   1494.6519
    785.0070	   2227.6467
    785.0278	    925.8602
    785.0528	      0.0000
    785.0737	      0.0000
    785.0945	      0.0000
    785.1154	      0.0000
    785.1363	      0.0000
    785.1571	      0.0000
    785.1780	      0.0000
    785.1989	      0.0000
    785.2197	    306.8683
    785.2406	   1545.1897
    785.2615	   4182.3833
    785.2823	   6292.2100
    785.3032	  13170.5977
    785.3241	  38215.4102
    785.3450	  85375.3125
    785.3658	 136834.8594
    785.3867	 151902.4688
    785.4076	 103881.1016
    785.4285	  53564.2734
    785.4494	  13001.7822
    785.4702	   1288.7134
    785.4911	   1040.0232
    785.5121	      0.0000
    785.5330	      0.0000
    785.5538	      0.0000
    785.5747	      0.0000
    785.6583	      0.0000
    785.6792	      0.0000
    785.7000	      0.0000
    785.7209	      0.0000
    785.7418	    193.8575
    785.7627	   1663.5375
    785.7836	   3045.4236
    785.8045	   6957.1411
    785.8254	  20863.8301
    785.8463	  44242.1602
    785.8672	  69625.8672
    785.8881	  73373.4688
    785.9090	  48291.4453
    785.9299	  23739.4824
    785.9508	   5227.1743
    785.9717	    235.0419
    785.9933	      0.0000
    786.0142	      0.0000
    786.0351	      0.0000
    786.0560	      0.0000
    786.2024	      0.0000
    786.2233	      0.0000
    786.2442	      0.0000
    786.2651	      0.0000
    786.2860	   1097.6752
    786.3069	   2829.9719
    786.3278	   8329.5146
    786.3487	  17104.6016
    786.3697	  26596.5059
    786.3906	  27581.2402
    786.4115	  17967.5898
    786.4324	   8655.4619
    786.4533	   1731.0919
    786.4743	      0.0000
    786.4903	      0.0000
    786.5112	      0.0000
    786.5321	      0.0000
    786.5531	      0.0000
    786.7205	      0.0000
    786.7414	      0.0000
    786.7623	      0.0000
    786.7833	      0.0000
    786.8042	    522.6853
    786.8251	   2602.6934
    786.8461	   5335.0859
    786.8670	   8031.8193
    786.8879	   7310.5508
    786.9089	   4402.1563
    786.9298	   1728.2841
    786.9508	    506.7380
    786.9790	      0.0000
    786.9999	      0.0000
    787.0208	      0.0000
    787.0418	      0.0000
    787.1884	      0.0000
    787.2094	      0.0000
    787.2303	      0.0000
    787.2513	      0.0000
    787.2722	   1204.5955
    787.2932	   3241.7412
    787.3141	   9569.3379
    787.3351	  18626.9883
    787.3560	  28016.6758
    787.3770	  27091.6270
    787.3979	  16992.0527
    787.4189	   7549.3613
    787.4399	   1115.1271
    787.4561	      0.0000
    787.4771	      0.0000
    787.4981	      0.0000
    787.5190	      0.0000
    787.7077	      0.0000
    787.7287	      0.0000
    787.7497	      0.0000
    787.7706	      0.0000
    787.7916	    959.1958
    787.8126	   3685.4004
    787.8336	   7092.5962
    787.8545	  10385.2822
    787.8755	   9483.5420
    787.8965	   5770.4834
    787.9175	   2325.6484
    787.9384	    198.2557
    787.9568	      0.0000
    787.9778	      0.0000
    787.9988	      0.0000
    788.0198	      0.0000
    788.2087	      0.0000
    788.2297	      0.0000
    788.2506	      0.0000
    788.2716	      0.0000
    788.2926	    479.0304
    788.3136	   1462.4888
    788.3346	   2788.8154
    788.3556	   5311.0942
    788.3766	   4456.0449
    788.3976	   2496.5723
    788.4186	   1000.9854
    788.4396	      0.0000
    788.4606	      0.0000
    788.4816	      0.0000
    788.5026	      0.0000
    805.7283	      0.0000
    805.7500	      0.0000
    805.7717	      0.0000
    805.7934	      0.0000
    805.8151	    584.2598
    805.8368	   1521.5353
    805.8585	   2536.9470
    805.8802	   2971.7363
    805.9019	   2493.3103
    805.9236	   1438.9417
    805.9453	    497.7309
    805.9670	      0.0000
    805.9887	      0.0000
    806.0104	      0.0000
    806.0321	      0.0000
    818.2376	      0.0000
    818.2598	      0.0000
    818.2820	      0.0000
    818.3042	      0.0000
    818.3264	    986.2097
    818.3486	   1763.8204
    818.3709	   2202.8176
    818.3931	   1990.5823
    818.4153	   1282.0114
    818.4465	      0.0000
    818.4687	      0.0000
    818.4909	      0.0000
    818.5131	      0.0000
    857.6926	      0.0000
    857.7164	      0.0000
    857.7403	      0.0000
    857.7641	      0.0000
    857.7879	   1283.4795
    857.8118	   1757.3784
    857.8356	   3970.8667
    857.8594	  11493.4922
    857.8833	  20837.7363
    857.9071	  28961.5781
    857.9309	  24375.5195
    857.9548	  14323.7988
    857.9786	   4729.4673
    858.0024	    264.0891
    858.0216	      0.0000
    858.0455	      0.0000
    858.0693	      0.0000
    858.0931	      0.0000
    858.1885	      0.0000
    858.2124	      0.0000
    858.2362	      0.0000
    858.2601	      0.0000
    858.2839	    796.6844
    858.3078	   1302.2513
    858.3316	   4234.4502
    858.3555	  13327.2061
    858.3793	  24309.6914
    858.4032	  34298.5352
    858.4270	  29780.6992
    858.4509	  17929.9844
    858.4748	   6912.3613
    858.4986	   1110.1191
    858.5273	      0.0000
    858.5512	      0.0000
    858.5751	      0.0000
    858.5989	      0.0000
    858.6944	      0.0000
    858.7183	      0.0000
    858.7421	      0.0000
    858.7660	      0.0000
    858.7899	    390.3382
    858.8137	   1404.2157
    858.8376	   4037.3608
    858.8615	  10869.4473
    858.8854	  18701.5156
    858.9092	  25087.2383
    858.9331	  20610.4688
    858.9570	  12106.3652
    858.9809	   3976.7966
    859.0048	    110.0156
    859.0195	      0.0000
    859.0433	      0.0000
    859.0672	      0.0000
    859.0911	      0.0000
    859.2105	      0.0000
    859.2344	      0.0000
    859.2583	      0.0000
    859.2822	      0.0000
    859.3061	    395.3546
    859.3300	   1540.5806
    859.3539	   4057.8586
    859.3778	   6764.5225
    859.4017	   8363.5537
    859.4256	   6244.1572
    859.4495	   3452.1650
    859.4734	    857.3445
    859.4973	      0.0000
    859.5212	      0.0000
    859.5451	      0.0000
    859.5690	      0.0000
    859.7363	      0.0000
    859.7603	      0.0000
    859.7842	      0.0000
    859.8081	      0.0000
    859.8320	    581.4489
    859.8559	   1335.3926
    859.8798	   2070.8369
    859.9037	   2354.7041
    859.9277	   1992.4041
    859.9516	   1223.0248
    859.9755	      0.0000
    859.9994	      0.0000
    860.0234	      0.0000
    860.0473	      0.0000
    860.2148	      0.0000
    860.2387	      0.0000
    860.2626	      0.0000
    860.2866	      0.0000
    860.3105	    625.8503
    860.3344	   2936.5808
    860.3584	   5583.9131
    860.3823	   8255.6826
    860.4062	   7487.7568
    860.4302	   4440.7744
    860.4541	   1628.4846
    860.4781	    600.8547
    860.5020	      0.0000
    860.5260	      0.0000
    860.5499	      0.0000
    860.5738	      0.0000
    860.7415	      0.0000
    860.7655	      0.0000
    860.7894	      0.0000
    860.8134	      0.0000
    860.8373	    999.2712
    860.8613	   2125.4768
    860.8852	   2806.3794
    860.9092	   2475.9604
    860.9332	   1409.6685
    860.9571	    452.3123
    860.9811	      0.0000
    861.0050	      0.0000
    861.0290	      0.0000
    861.0530	      0.0000
    866.2531	      0.0000
    866.2773	      0.0000
    866.3015	      0.0000
    866.3257	      0.0000
    866.3498	    900.4507
    866.3740	   1895.9224
    866.3982	   2607.3618
    866.4224	   2511.3367
    866.4466	   1686.5531
    866.4708	    732.3324
    866.4950	      0.0000
    866.5192	      0.0000
    866.5434	      0.0000
    866.5676	      0.0000
    870.2329	      0.0000
    870.2572	      0.0000
    870.2816	      0.0000
    870.3059	      0.0000
    870.3303	    800.7163
    870.3546	   1835.1328
    870.3790	   2693.0183
    870.4034	   2759.0642
    870.4277	   1983.3623
    870.4521	    937.1945
    870.4764	      0.0000
    870.5008	      0.0000
    870.5252	      0.0000
    870.5495	      0.0000
    870.7445	      0.0000
    870.7688	      0.0000
    870.7932	      0.0000
    870.8176	      0.0000
    870.8420	    638.9677
    870.8663	   1652.8745
    870.8907	   2539.4167
    870.9151	   2625.3916
    870.9395	   1836.3335
    870.9638	    781.3822
    870.9882	      0.0000
    871.0126	      0.0000
    871.0370	      0.0000
    871.0614	      0.0000
    871.2321	      0.0000
    871.2565	      0.0000
    871.2809	      0.0000
    871.3053	      0.0000
    871.3297	    904.7743
    871.3541	   2127.2861
    871.3785	   4643.2334
    871.4029	   5678.6626
    871.4273	   4088.0537
    871.4517	   1924.5861
    871.4761	    836.5166
    871.5005	      0.0000
    871.5249	      0.0000
    871.5493	      0.0000
    871.5737	      0.0000
    873.7500	      0.0000
    873.7745	      0.0000
    873.7990	      0.0000
    873.8235	      0.0000
    873.8480	   1002.3208
    873.8725	   1606.7417
    873.8970	   1806.8271
    873.9215	   1454.7913
    873.9460	    799.2196
    873.9705	      0.0000
    873.9950	      0.0000
    874.0195	      0.0000
    874.0440	      0.0000
    877.7322	      0.0000
    877.7569	      0.0000
    877.7816	      0.0000
    877.8062	      0.0000
    877.8309	    885.2914
    877.8556	   2196.5344
    877.8803	   5570.8516
    877.9049	   6422.2905
    877.9296	   4493.2612
    877.9543	   2204.2231
    877.9789	     26.8473
    878.0036	      0.0000
    878.0283	      0.0000
    878.0530	      0.0000
    878.0777	      0.0000
    878.2258	      0.0000
    878.2505	      0.0000
    878.2751	      0.0000
    878.2998	      0.0000
    878.3245	    566.8746
    878.3492	   1392.1693
    878.3739	   2398.2485
    878.3986	   2916.7385
    878.4233	   2556.2585
    878.4480	   1570.3982
    878.4727	    593.4282
    878.5117	      0.0000
    878.5364	      0.0000
    878.5611	      0.0000
    878.5858	      0.0000
    880.2184	      0.0000
    880.2431	      0.0000
    880.2679	      0.0000
    880.2927	      0.0000
    880.3174	    405.0218
    880.3422	   1938.4977
    880.3670	   4931.7397
    880.3918	   8760.3301
    880.4166	  12359.1475
    880.4413	  11028.5742
    880.4661	   6538.5713
    880.4909	   2417.6865
    880.5157	      0.0000
    880.5261	      0.0000
    880.5509	      0.0000
    880.5757	      0.0000
    880.6005	      0.0000
    880.7492	      0.0000
    880.7740	      0.0000
    880.7988	      0.0000
    880.8236	      0.0000
    880.8484	   1029.3333
    880.8732	   2241.2932
    880.8980	   4376.3696
    880.9228	   5075.4937
    880.9476	   2621.7852
    880.9724	   1417.8680
    880.9972	    501.5549
    881.0220	      0.0000
    881.0468	      0.0000
    881.0716	      0.0000
    881.0964	      0.0000
    881.2701	      0.0000
    881.2949	      0.0000
    881.3198	      0.0000
    881.3446	      0.0000
    881.3694	   1247.3737
    881.3942	   2250.6978
    881.4190	   2695.0232
    881.4439	   2252.0649
    881.4687	   1274.1173
    881.4935	      0.0000
    881.5183	      0.0000
    881.5432	      0.0000
    881.5680	      0.0000
    881.7666	      0.0000
    881.7915	      0.0000
    881.8163	      0.0000
    881.8411	      0.0000
    881.8660	    999.8940
    881.8908	   1620.1100
    881.9157	   1837.2891
    881.9405	   1459.2651
    881.9654	    747.8178
    881.9902	      0.0000
    882.0151	      0.0000
    882.0399	      0.0000
    882.0647	      0.0000
    885.7539	      0.0000
    885.7789	      0.0000
    885.8039	      0.0000
    885.8289	      0.0000
    885.8539	   1062.4666
    885.8789	   1936.5134
    885.9039	   2437.9846
    885.9290	   2230.8533
    885.9540	   1442.5529
    885.9790	    581.8523
    886.0121	      0.0000
    886.0371	      0.0000
    886.0622	      0.0000
    886.0872	      0.0000
    886.1372	      0.0000
    886.1622	      0.0000
    886.1873	      0.0000
    886.2123	      0.0000
    886.2373	    989.3211
    886.2623	   1647.1768
    886.2874	   3272.6165
    886.3124	   5043.1060
    886.3374	  11535.2314
    886.3624	  32974.9961
    886.3875	  62345.3828
    886.4125	  91666.1484
    886.4375	  85393.4375
    886.4626	  52700.0273
    886.4876	  22188.8809
    886.5126	   3681.5317
    886.5377	      0.0000
    886.5624	      0.0000
    886.5875	      0.0000
    886.6125	      0.0000
    886.6376	      0.0000
    886.6626	      0.0000
    886.6877	      0.0000
    886.7127	      0.0000
    886.7377	    452.8462
    886.7628	   1334.2344
    886.7878	   3291.5605
    886.8129	   4952.0317
    886.8379	  10865.4072
    886.8630	  31125.4688
    886.8880	  58907.5664
    886.9131	  86583.1719
    886.9381	  80314.2969
    886.9632	  49462.8945
    886.9883	  20724.6582
    887.0133	   3513.8999
    887.0384	      0.0000
    887.0556	      0.0000
    887.0806	      0.0000
    887.1057	      0.0000
    887.1308	      0.0000
    887.1558	      0.0000
    887.1809	      0.0000
    887.2060	      0.0000
    887.2310	    611.4005
    887.2561	   2331.8064
    887.2812	   2226.5708
    887.3132	   3175.1355
    887.3383	   7000.9385
    887.3633	  20124.6152
    887.3884	  37666.3203
    887.4135	  54740.8711
    887.4386	  49916.6523
    887.4636	  30661.2383
    887.4887	  12712.4434
    887.5138	   2310.8496
    887.5389	      0.7733
    887.5598	      0.0000
    887.5848	      0.0000
    887.6099	      0.0000
    887.6350	      0.0000
    887.7103	      0.0000
    887.7354	      0.0000
    887.7604	      0.0000
    887.7855	      0.0000
    887.8106	    755.9286
    887.8357	   2007.9750
    887.8608	   6242.9741
    887.8859	  11389.7012
    887.9110	  16050.7354
    887.9361	  13881.4814
    887.9612	   8293.4824
    887.9863	   3138.9141
    888.0114	    420.5659
    888.0398	      0.0000
    888.0649	      0.0000
    888.0900	      0.0000
    888.1151	      0.0000
    888.2155	      0.0000
    888.2406	      0.0000
    888.2657	      0.0000
    888.2908	      0.0000
    888.3159	    440.8320
    888.3411	   1738.2526
    888.3662	   5526.0532
    888.3913	   9762.7432
    888.4164	  12907.8164
    888.4415	   9984.6436
    888.4666	   5620.3594
    888.4918	   1453.6014
    888.5169	     82.7226
    888.5496	      0.0000
    888.5748	      0.0000
    888.5999	      0.0000
    888.6250	      0.0000
    888.7004	      0.0000
    888.7255	      0.0000
    888.7507	      0.0000
    888.7758	      0.0000
    888.8009	    406.3219
    888.8261	   1525.9335
    888.8512	   4051.2495
    888.8763	   7672.9976
    888.9015	  11445.3271
    888.9266	  10940.0508
    888.9517	   6669.4395
    888.9769	   2709.0408
    889.0020	    120.0841
    889.0135	      0.0000
    889.0386	      0.0000
    889.0638	      0.0000
    889.0889	      0.0000
    889.2147	      0.0000
    889.2398	      0.0000
    889.2650	      0.0000
    889.2901	      0.0000
    889.3153	    906.0306
    889.3404	   3394.4841
    889.3656	   6238.5493
    889.3907	   8524.8760
    889.4159	   6851.7178
    889.4411	   3913.7368
    889.4662	   1058.3668
    889.4914	      0.0000
    889.5166	      0.0000
    889.5417	      0.0000
    889.5669	      0.0000
    907.2671	      0.0000
    907.2930	      0.0000
    907.3189	      0.0000
    907.3448	      0.0000
    907.3708	    878.8666
    907.3967	   1574.1680
    907.4226	   1994.9572
    907.4485	   1844.0929
    907.4745	   1213.7079
    907.5005	      0.0000
    907.5264	      0.0000
    907.5524	      0.0000
    907.5783	      0.0000
    958.2320	      0.0000
    958.2601	      0.0000
    958.2882	      0.0000
    958.3164	      0.0000
    958.3445	    764.9645
    958.3726	   1837.2964
    958.4008	   2865.7671
    958.4289	   3117.7612
    958.4571	   2393.0447
    958.4852	   1249.8297
    958.5235	      0.0000
    958.5516	      0.0000
    958.5798	      0.0000
    958.6079	      0.0000
    959.1994	      0.0000
    959.2276	      0.0000
    959.2558	      0.0000
    959.2839	      0.0000
    959.3121	    715.5657
    959.3403	   1990.1353
    959.3685	   5775.0200
    959.3967	  14540.6807
    959.4249	  24354.5039
    959.4531	  29603.6152
    959.4812	  21486.9570
    959.5094	  11774.4639
    959.5376	   2768.6914
    959.5658	      0.0000
    959.5975	      0.0000
    959.6257	      0.0000
    959.6539	      0.0000
    959.6821	      0.0000
    959.7103	      0.0000
    959.7385	      0.0000
    959.7667	      0.0000
    959.7949	   1125.5785
    959.8231	   1544.9028
    959.8513	   3941.1702
    959.8795	  10142.0488
    959.9077	  19847.7637
    959.9359	  30479.0566
    959.9642	  31837.5879
    959.9924	  20886.2168
    960.0206	  10037.4141
    960.0488	   1670.8181
    960.0770	      0.0000
    960.1079	      0.0000
    960.1361	      0.0000
    960.1643	      0.0000
    960.1926	      0.0000
    960.2208	      0.0000
    960.2490	      0.0000
    960.2772	      0.0000
    960.3055	      0.0000
    960.3337	    966.6079
    960.3619	   2667.6858
    960.3901	   6998.9741
    960.4184	  12305.0039
    960.4466	  17186.8164
    960.4748	  14659.8682
    960.5031	   8566.0996
    960.5313	   2742.5515
    960.5595	      0.0000
    960.5800	      0.0000
    960.6082	      0.0000
    960.6365	      0.0000
    960.6647	      0.0000
    960.7212	      0.0000
    960.7494	      0.0000
    960.7777	      0.0000
    960.8059	      0.0000
    960.8342	    813.1756
    960.8624	   2292.3037
    960.8907	   5901.9814
    960.9189	   9855.8154
    960.9472	  12582.3418
    960.9754	   9662.4004
    961.0037	   5469.8755
    961.0320	   1401.5748
    961.0602	      0.0000
    961.0800	      0.0000
    961.1083	      0.0000
    961.1365	      0.0000
    961.1648	      0.0000
    961.2496	      0.0000
    961.2779	      0.0000
    961.3061	      0.0000
    961.3344	      0.0000
    961.3627	   1048.8667
    961.3910	   3466.7686
    961.4192	   5881.5059
    961.4475	   7083.2778
    961.4758	   5090.3354
    961.5041	   2736.6899
    961.5323	    751.2620
    961.5606	      0.0000
    961.5889	      0.0000
    961.6172	      0.0000
    961.6455	      0.0000
    961.7303	      0.0000
    961.7586	      0.0000
    961.7869	      0.0000
    961.8152	      0.0000
    961.8435	    780.0806
    961.8718	   3109.0042
    961.9001	   5404.0693
    961.9284	   7061.5156
    961.9567	   5531.6377
    961.9850	   3061.7419
    962.0133	    711.5763
    962.0416	      0.0000
    962.0699	      0.0000
    962.0982	      0.0000
    962.1265	      0.0000
    962.2398	      0.0000
    962.2681	      0.0000
    962.2964	      0.0000
    962.3247	      0.0000
    962.3530	    791.3962
    962.3813	   1812.9016
    962.4097	   2791.2915
    962.4380	   3059.6626
    962.4663	   2396.5605
    962.4946	   1276.7765
    962.5230	      0.0000
    962.5513	      0.0000
    962.5796	      0.0000
    962.6079	      0.0000
    965.7317	      0.0000
    965.7602	      0.0000
    965.7886	      0.0000
    965.8171	      0.0000
    965.8456	    766.2918
    965.8740	   1804.2366
    965.9025	   2776.0100
    965.9310	   3040.8135
    965.9595	   2397.7646
    965.9879	   1304.1473
    966.0164	    461.0449
    966.0449	      0.0000
    966.0734	      0.0000
    966.1019	      0.0000
    966.1303	      0.0000
    966.7288	      0.0000
    966.7573	      0.0000
    966.7858	      0.0000
    966.8143	      0.0000
    966.8429	    528.8546
    966.8714	   1341.4761
    966.8999	   2207.2305
    966.9284	   2480.3145
    966.9569	   1990.4392
    966.9854	   1184.5887
    967.0140	      0.0000
    967.0425	      0.0000
    967.0710	      0.0000
    967.0995	      0.0000
    967.1281	      0.0000
    967.1566	      0.0000
    967.1851	      0.0000
    967.2137	      0.0000
    967.2422	   2419.5242
    967.2707	   1447.8152
    967.3072	   2579.6614
    967.3357	   5581.2241
    967.3643	  15757.5869
    967.3928	  39363.9063
    967.4214	  65411.6016
    967.4499	  79095.0781
    967.4784	  57547.1719
    967.5070	  31733.7500
    967.5355	   8253.2480
    967.5641	    283.1337
    967.5945	      0.0000
    967.6230	      0.0000
    967.6516	      0.0000
    967.6801	      0.0000
    967.7087	      0.0000
    967.7373	    576.6566
    967.7658	   1499.5571
    967.7944	   3013.4382
    967.8229	   4249.7783
    967.8515	   9649.7529
    967.8800	  26803.3418
    967.9086	  50813.2578
    967.9372	  75763.0391
    967.9657	  72264.7188
    967.9943	  44997.7578
    968.0229	  19556.3711
    968.0514	   3266.7637
    968.0800	      0.0000
    968.1083	      0.0000
    968.1368	      0.0000
    968.1654	      0.0000
    968.1940	      0.0000
    968.2225	      0.0000
    968.2511	    945.1021
    968.2797	   1406.2316
    968.3083	   2007.4730
    968.3369	   3837.6482
    968.3654	   9498.0264
    968.3940	  22615.2246
    968.4226	  37112.2031
    968.4512	  46207.0352
    968.4798	  34670.4453
    968.5084	  19509.5391
    968.5370	   5123.5527
    968.5656	     92.5599
    968.5946	      0.0000
    968.6232	      0.0000
    968.6518	      0.0000
    968.6804	      0.0000
    968.7090	      0.0000
    968.7376	      0.0000
    968.7662	      0.0000
    968.7948	      0.0000
    968.8234	    944.8131
    968.8520	   2559.7449
    968.8806	   7166.0259
    968.9092	  13138.0391
    968.9378	  19372.7246
    968.9664	  18211.6660
    968.9950	  11130.2188
    969.0236	   4540.6577
    969.0523	    511.7659
    969.0709	      0.0000
    969.0996	      0.0000
    969.1282	      0.0000
    969.1568	      0.0000
    969.2426	      0.0000
    969.2713	      0.0000
    969.2999	      0.0000
    969.3285	      0.0000
    969.3571	    973.7151
    969.3858	   3970.2366
    969.4144	   6462.3486
    969.4430	   7516.1924
    969.4717	   5198.3149
    969.5003	   2481.6506
    969.5289	     79.6596
    969.5714	      0.0000
    969.6000	      0.0000
    969.6287	      0.0000
    969.6573	      0.0000
    969.7146	      0.0000
    969.7432	      0.0000
    969.7719	      0.0000
    969.8005	      0.0000
    969.8292	    626.8475
    969.8578	   2637.2502
    969.8865	   5664.6191
    969.9151	   8940.3193
    969.9438	   9816.3447
    969.9724	   6650.4204
    970.0011	   3320.7290
    970.0297	    493.7906
    970.0446	      0.0000
    970.0732	      0.0000
    970.1019	      0.0000
    970.1305	      0.0000
    970.1879	      0.0000
    970.2165	      0.0000
    970.2452	      0.0000
    970.2739	      0.0000
    970.3025	    423.5419
    970.3312	   1436.9965
    970.3599	   4079.5759
    970.3886	   7009.3506
    970.4172	   8928.9063
    970.4459	   6555.7915
    970.4746	   3452.5793
    970.5033	    456.8167
    970.5319	      0.0000
    970.5606	      0.0000
    970.5893	      0.0000
    970.6180	      0.0000
    974.7616	      0.0000
    974.7904	      0.0000
    974.8193	      0.0000
    974.8482	      0.0000
    974.8770	    936.0889
    974.9059	   1822.7340
    974.9348	   2216.3259
    974.9637	   1829.8938
    974.9925	    992.6832
    975.0214	      0.0000
    975.0503	      0.0000
    975.0792	      0.0000
    975.1081	      0.0000
    993.3242	      0.0000
    993.3539	      0.0000
    993.3836	      0.0000
    993.4133	      0.0000
    993.4430	   1317.5896
    993.4727	   1857.1550
    993.5024	   1884.2349
    993.5321	   1395.1453
    993.5618	    702.8013
    993.5916	      0.0000
    993.6213	      0.0000
    993.6510	      0.0000
    993.6807	      0.0000
   1026.2514	      0.0000
   1026.2826	      0.0000
   1026.3138	      0.0000
   1026.3449	      0.0000
   1026.3761	    934.4535
   1026.4073	   1963.2253
   1026.4385	   2795.4822
   1026.4697	   2832.7405
   1026.5009	   2032.8452
   1026.5321	    989.4623
   1026.5734	      0.0000
   1026.6046	      0.0000
   1026.6358	      0.0000
   1026.6670	      0.0000
   1033.2195	      0.0000
   1033.2510	      0.0000
   1033.2825	      0.0000
   1033.3140	      0.0000
   1033.3455	   1162.0979
   1033.3771	   3735.8101
   1033.4086	  10656.7432
   1033.4401	  18143.9453
   1033.4716	  22811.6543
   1033.5031	  16879.8750
   1033.5346	   9214.2012
   1033.5661	   2053.7295
   1033.5977	      0.0000
   1033.6319	      0.0000
   1033.6634	      0.0000
   1033.6949	      0.0000
   1033.7265	      0.0000
   1033.7580	      0.0000
   1033.7895	      0.0000
   1033.8210	    881.7646
   1033.8526	   2208.7642
   1033.8841	   5917.6821
   1033.9156	  13003.2881
   1033.9472	  20828.5547
   1033.9787	  23125.6680
   1034.0102	  15735.3975
   1034.0418	   7920.0586
   1034.0733	   1405.7633
   1034.1049	      0.0000
   1034.1395	      0.0000
   1034.1710	      0.0000
   1034.2026	      0.0000
   1034.2341	      0.0000
   1034.2657	      0.0000
   1034.2972	      0.0000
   1034.3288	    470.7523
   1034.3603	   1511.6317
   1034.3919	   3925.4929
   1034.4235	   8003.0298
   1034.4550	  12313.0000
   1034.4866	  12476.9453
   1034.5181	   7804.4111
   1034.5497	   3351.4819
   1034.5813	     30.2093
   1034.5969	      0.0000
   1034.6285	      0.0000
   1034.6601	      0.0000
   1034.6916	      0.0000
   1034.7232	      0.0000
   1034.7548	      0.0000
   1034.7864	      0.0000
   1034.8179	      0.0000
   1034.8495	    454.4338
   1034.8811	   1542.0173
   1034.9127	   4692.2061
   1034.9442	   6980.8076
   1034.9758	   6723.1890
   1035.0074	   3994.0015
   1035.0390	   1450.9785
   1035.0706	      0.0000
   1035.1156	      0.0000
   1035.1472	      0.0000
   1035.1788	      0.0000
   1035.2104	      0.0000
   1040.1883	      0.0000
   1040.2202	      0.0000
   1040.2520	      0.0000
   1040.2838	      0.0000
   1040.3156	    739.4694
   1040.3475	   1982.5260
   1040.3793	   5154.1787
   1040.4111	  13953.7510
   1040.4430	  24025.0020
   1040.4748	  32079.1484
   1040.5066	  25792.9453
   1040.5385	  14911.1318
   1040.5703	   4340.1494
   1040.6021	      0.0000
   1040.6349	      0.0000
   1040.6668	      0.0000
   1040.6986	      0.0000
   1040.7305	      0.0000
   1040.7623	      0.0000
   1040.7942	      0.0000
   1040.8260	    828.8550
   1040.8579	   2500.6318
   1040.8897	   6073.5967
   1040.9216	  13187.6904
   1040.9534	  21119.3574
   1040.9853	  23871.4688
   1041.0171	  16531.5957
   1041.0490	   8553.9551
   1041.0809	   1745.9185
   1041.1127	      0.0000
   1041.1256	      0.0000
   1041.1574	      0.0000
   1041.1893	      0.0000
   1041.2212	      0.0000
   1041.2530	      0.0000
   1041.2849	      0.0000
   1041.3168	      0.0000
   1041.3487	   1000.2087
   1041.3805	   4034.5962
   1041.4124	   9625.7119
   1041.4443	  15627.9248
   1041.4762	  17462.9453
   1041.5081	  12210.2949
   1041.5399	   6652.1118
   1041.5718	   1985.6757
   1041.6037	    123.2116
   1041.6410	      0.0000
   1041.6729	      0.0000
   1041.7048	      0.0000
   1041.7367	      0.0000
   1041.7686	      0.0000
   1041.8004	      0.0000
   1041.8323	      0.0000
   1041.8642	   1119.4684
   1041.8961	   4141.7051
   1041.9280	   7549.1768
   1041.9599	  10445.8232
   1041.9918	   8707.6914
   1042.0238	   5147.6943
   1042.0557	   1839.6489
   1042.0876	    276.2420
   1042.1187	      0.0000
   1042.1506	      0.0000
   1042.1825	      0.0000
   1042.2144	      0.0000
   1042.2464	      0.0000
   1042.2783	      0.0000
   1042.3102	      0.0000
   1042.3421	    588.6531
   1042.3740	   1654.7694
   1042.4059	   4148.4531
   1042.4379	   6881.3628
   1042.4698	   7357.0801
   1042.5017	   4780.3486
   1042.5337	   2175.0742
   1042.5656	    716.9897
   1042.5975	      0.0000
   1042.6294	      0.0000
   1042.6614	      0.0000
   1042.6933	      0.0000
   1042.7572	      0.0000
   1042.7891	      0.0000
   1042.8211	      0.0000
   1042.8530	      0.0000
   1042.8850	    850.4049
   1042.9169	   1626.1750
   1042.9489	   2260.7620
   1042.9808	   2298.2454
   1043.0128	   1676.9764
   1043.0447	    835.6025
   1043.0767	      0.0000
   1043.1086	      0.0000
   1043.1406	      0.0000
   1043.1725	      0.0000
   1043.2365	      0.0000
   1043.2684	      0.0000
   1043.3004	      0.0000
   1043.3323	      0.0000
   1043.3643	   1021.8821
   1043.3963	   2135.3992
   1043.4283	   3021.1304
   1043.4602	   3040.3772
   1043.4922	   2201.1492
   1043.5242	   1099.2343
   1043.5561	      0.0000
   1043.5881	      0.0000
   1043.6201	      0.0000
   1043.6521	      0.0000
   1048.0794	      0.0000
   1048.1116	      0.0000
   1048.1438	      0.0000
   1048.1760	      0.0000
   1048.2082	      0.0000
   1048.2404	      0.0000
   1048.2726	      0.0000
   1048.3175	   2234.1023
   1048.3497	   4233.2842
   1048.3819	  10748.4834
   1048.4141	  26986.6543
   1048.4463	  44893.3633
   1048.4785	  55767.4336
   1048.5107	  41344.8398
   1048.5429	  22671.8867
   1048.5751	   5285.1880
   1048.6073	      0.0000
   1048.6268	      0.0000
   1048.6590	      0.0000
   1048.6912	      0.0000
   1048.7234	      0.0000
   1048.7556	      0.0000
   1048.7879	      0.0000
   1048.8301	   3460.5837
   1048.8623	   6984.3945
   1048.8946	  18785.0117
   1048.9268	  36905.5586
   1048.9590	  56208.7773
   1048.9912	  55536.2266
   1049.0235	  34945.4922
   1049.0557	  15746.0674
   1049.0879	   2628.8599
   1049.1201	      0.0000
   1049.1498	      0.0000
   1049.1821	      0.0000
   1049.2143	      0.0000
   1049.2465	      0.0000
   1049.2788	      0.0000
   1049.3110	    787.5215
   1049.3433	   2914.6233
   1049.3755	   7316.5024
   1049.4077	  19066.0957
   1049.4400	  32151.6602
   1049.4722	  40747.3867
   1049.5045	  30761.5195
   1049.5367	  17388.5254
   1049.5690	   4661.2451
   1049.6012	    167.8398
   1049.6390	      0.0000
   1049.6712	      0.0000
   1049.7035	      0.0000
   1049.7357	      0.0000
   1049.7680	      0.0000
   1049.8003	      0.0000
   1049.8325	    553.2211
   1049.8648	   1747.9629
   1049.8971	   4585.8374
   1049.9293	   9424.9629
   1049.9616	  14665.5127
   1049.9939	  14633.3242
   1050.0261	   9025.3623
   1050.0584	   3872.2935
   1050.0907	    209.0643
   1050.1100	      0.0000
   1050.1423	      0.0000
   1050.1746	      0.0000
   1050.2069	      0.0000
   1050.2391	      0.0000
   1050.2714	      0.0000
   1050.3037	      0.0000
   1050.3360	    531.1711
   1050.3683	   1457.5686
   1050.4006	   4058.2056
   1050.4329	   7087.7080
   1050.4652	   9355.8789
   1050.4975	   7145.0317
   1050.5298	   3985.1169
   1050.5620	   1007.6618
   1050.5947	      0.0000
   1050.6270	      0.0000
   1050.6593	      0.0000
   1050.6916	      0.0000
   1050.7239	      0.0000
   1050.7562	      0.0000
   1050.7885	      0.0000
   1050.8208	      0.0000
   1050.8531	    845.2416
   1050.8855	   3625.5901
   1050.9178	   6860.1089
   1050.9501	   9657.0654
   1050.9824	   7938.5972
   1051.0147	   4607.5518
   1051.0470	   1499.4884
   1051.0794	    291.7020
   1051.1113	      0.0000
   1051.1437	      0.0000
   1051.1760	      0.0000
   1051.2083	      0.0000
   1051.2407	      0.0000
   1051.2730	      0.0000
   1051.3053	      0.0000
   1051.3377	    749.8112
   1051.3700	   1733.7078
   1051.4023	   2933.5889
   1051.4347	   5674.1147
   1051.4670	   4565.3066
   1051.4993	   2573.3062
   1051.5317	   1202.3136
   1051.5641	      0.0000
   1051.5965	      0.0000
   1051.6288	      0.0000
   1051.6612	      0.0000
   1106.2327	      0.0000
   1106.2676	      0.0000
   1106.3025	      0.0000
   1106.3374	      0.0000
   1106.3723	    874.9233
   1106.4072	   3284.8030
   1106.4421	   5946.2466
   1106.4770	   7751.1719
   1106.5119	   5947.4849
   1106.5469	   3386.5847
   1106.5818	    919.1713
   1106.6167	      0.0000
   1106.6516	      0.0000
   1106.6865	      0.0000
   1106.7215	      0.0000
   1106.7564	      0.0000
   1106.7913	      0.0000
   1106.8262	      0.0000
   1106.8612	    595.1890
   1106.8961	   2672.3196
   1106.9310	   5553.4146
   1106.9660	   8713.1348
   1107.0009	   8650.0020
   1107.0358	   5355.2788
   1107.0708	   2313.2734
   1107.1057	    205.1674
   1107.1406	      0.0000
   1107.1756	      0.0000
   1107.2105	      0.0000
   1107.2455	      0.0000
   1107.2804	      0.0000
   1107.3154	      0.0000
   1107.3503	      0.0000
   1107.3853	    593.7393
   1107.4202	   1679.6790
   1107.4552	   2901.9275
   1107.4902	   4889.6235
   1107.5251	   2803.5571
   1107.5601	   1552.5870
   1107.5950	    582.9970
   1107.6300	      0.0000
   1107.6650	      0.0000
   1107.6999	      0.0000
   1107.7349	      0.0000
   1107.7699	      0.0000
   1107.8049	      0.0000
   1107.8398	      0.0000
   1107.8748	      0.0000
   1107.9098	    910.7620
   1107.9448	   1758.2761
   1107.9798	   2358.8542
   1108.0147	   2258.4224
   1108.0497	   1506.7965
   1108.0847	    606.0571
   1108.1307	      0.0000
   1108.1656	      0.0000
   1108.2006	      0.0000
   1108.2356	      0.0000
   1114.2087	      0.0000
   1114.2440	      0.0000
   1114.2792	      0.0000
   1114.3145	      0.0000
   1114.3498	    428.2684
   1114.3851	   2085.7744
   1114.4204	   6481.9336
   1114.4557	  11518.8379
   1114.4909	  15437.1455
   1114.5262	  12356.1943
   1114.5615	   7210.7354
   1114.5968	   2277.7908
   1114.6321	      0.0000
   1114.6645	      0.0000
   1114.6998	      0.0000
   1114.7351	      0.0000
   1114.7704	      0.0000
   1114.8057	      0.0000
   1114.8410	    422.9841
   1114.8763	   1646.8918
   1114.9116	   5609.9771
   1114.9469	  10537.3145
   1114.9822	  15163.0908
   1115.0176	  13197.9160
   1115.0529	   7706.1592
   1115.0882	   2596.7395
   1115.1235	     53.7690
   1115.1508	      0.0000
   1115.1861	      0.0000
   1115.2215	      0.0000
   1115.2568	      0.0000
   1115.2921	      0.0000
   1115.3275	      0.0000
   1115.3628	    723.0571
   1115.3981	   2938.7283
   1115.4335	   5664.8794
   1115.4688	   8624.0137
   1115.5041	   8588.1172
   1115.5395	   5187.7402
   1115.5748	   2065.4739
   1115.6102	      0.0000
   1115.6455	      0.0000
   1115.6809	      0.0000
   1115.7162	      0.0000
   1115.7516	      0.0000
   1115.7869	      0.0000
   1115.8223	      0.0000
   1115.8576	    531.7404
   1115.8930	   2802.7109
   1115.9283	   5372.2061
   1115.9637	   8054.3086
   1115.9991	   7968.7773
   1116.0344	   4821.4971
   1116.0698	   1868.7217
   1116.1051	      0.0000
   1116.1405	      0.0000
   1116.1759	      0.0000
   1116.2113	      0.0000
   1116.2466	      0.0000
   1116.7067	      0.0000
   1116.7420	      0.0000
   1116.7774	      0.0000
   1116.8128	      0.0000
   1116.8483	    538.1573
   1116.8837	   1466.9241
   1116.9191	   2680.3503
   1116.9545	   5002.9976
   1116.9899	   3092.9792
   1117.0253	   1926.4941
   1117.0607	    738.3595
   1117.1065	      0.0000
   1117.1419	      0.0000
   1117.1773	      0.0000
   1117.2127	      0.0000
   1121.2260	      0.0000
   1121.2616	      0.0000
   1121.2972	      0.0000
   1121.3328	      0.0000
   1121.3685	   1256.1458
   1121.4041	   4745.6611
   1121.4397	  10862.7617
   1121.4753	  17614.3301
   1121.5110	  18996.3496
   1121.5466	  12465.6221
   1121.5822	   5966.2358
   1121.6178	    748.1464
   1121.6542	      0.0000
   1121.6899	      0.0000
   1121.7255	      0.0000
   1121.7611	      0.0000
   1121.7968	      0.0000
   1121.8324	    682.6911
   1121.8681	   1782.1384
   1121.9037	   5230.4297
   1121.9393	  11187.1729
   1121.9750	  17720.7148
   1122.0106	  19497.0273
   1122.0463	  13101.0332
   1122.0819	   6433.2939
   1122.1176	   1161.0353
   1122.1439	      0.0000
   1122.1796	      0.0000
   1122.2152	      0.0000
   1122.2509	      0.0000
   1122.2866	      0.0000
   1122.3222	      0.0000
   1122.3579	    314.5396
   1122.3936	   2283.9946
   1122.4292	   6105.7837
   1122.4649	  10230.6904
   1122.5006	  12862.4277
   1122.5362	   9727.6592
   1122.5719	   5472.9175
   1122.6076	   1571.6171
   1122.6433	     64.2032
   1122.6771	      0.0000
   1122.7128	      0.0000
   1122.7485	      0.0000
   1122.7842	      0.0000
   1122.8199	      0.0000
   1122.8556	      0.0000
   1122.8912	   1291.8489
   1122.9269	   3396.9272
   1122.9626	   5649.1230
   1122.9983	   6536.5889
   1123.0340	   4540.9702
   1123.0697	   2213.3738
   1123.1054	    843.1699
   1123.1411	      0.0000
   1123.1768	      0.0000
   1123.2125	      0.0000
   1123.2482	      0.0000
   1123.7483	      0.0000
   1123.7841	      0.0000
   1123.8198	      0.0000
   1123.8555	      0.0000
   1123.8913	   1226.9553
   1123.9270	   2287.0742
   1123.9627	   2994.6367
   1123.9985	   2845.8213
   1124.0342	   1960.4896
   1124.0700	    960.2023
   1124.1126	      0.0000
   1124.1484	      0.0000
   1124.1841	      0.0000
   1124.2199	      0.0000
   1129.2063	      0.0000
   1129.2422	      0.0000
   1129.2782	      0.0000
   1129.3142	      0.0000
   1129.3502	    359.0900
   1129.3862	   1720.1571
   1129.4222	   5449.1465
   1129.4582	   9579.0586
   1129.4942	  12581.7529
   1129.5303	   9768.3057
   1129.5663	   5571.7075
   1129.6023	   1477.8229
   1129.6383	      0.0000
   1129.6816	      0.0000
   1129.7176	      0.0000
   1129.7536	      0.0000
   1129.7896	      0.0000
   1129.8256	      0.0000
   1129.8616	    727.7227
   1129.8977	   3253.2847
   1129.9337	   8035.5566
   1129.9697	  13301.4004
   1130.0058	  16121.6523
   1130.0418	  11751.9297
   1130.0778	   6263.0269
   1130.1139	   1151.8467
   1130.1554	      0.0000
   1130.1915	      0.0000
   1130.2275	      0.0000
   1130.2636	      0.0000
   1130.2996	      0.0000
   1130.3356	      0.0000
   1130.3717	    546.6096
   1130.4077	   2773.5391
   1130.4438	   5837.2300
   1130.4798	   9243.5186
   1130.5159	  10478.5029
   1130.5520	   7106.6064
   1130.5880	   3413.5229
   1130.6241	    278.3993
   1130.6404	      0.0000
   1130.6765	      0.0000
   1130.7125	      0.0000
   1130.7486	      0.0000
   1130.7847	      0.0000
   1130.8207	      0.0000
   1130.8568	    458.3623
   1130.8929	   2336.6882
   1130.9290	   4914.3574
   1130.9650	   7807.9614
   1131.0011	   8643.9141
   1131.0372	   5582.3579
   1131.0733	   2358.4626
   1131.1094	      0.0000
   1131.1454	      0.0000
   1131.1815	      0.0000
   1131.2176	      0.0000
   1131.2537	      0.0000
   1131.7230	      0.0000
   1131.7591	      0.0000
   1131.7953	      0.0000
   1131.8314	      0.0000
   1131.8675	    798.2603
   1131.9036	   1814.3422
   1131.9397	   2740.6450
   1131.9759	   2967.2712
   1132.0120	   2330.2456
   1132.0481	   1275.2716
   1132.0842	      0.0000
   1132.1204	      0.0000
   1132.1565	      0.0000
   1132.1926	      0.0000
   1132.2649	      0.0000
   1132.3011	      0.0000
   1132.3372	      0.0000
   1132.3733	      0.0000
   1132.4095	   1171.3564
   1132.4456	   1792.4741
   1132.4818	   1882.9269
   1132.5179	   1414.1747
   1132.5541	    751.8761
   1132.5894	      0.0000
   1132.6255	      0.0000
   1132.6617	      0.0000
   1132.6978	      0.0000
   1551.3068	      0.0000
   1551.3648	      0.0000
   1551.4227	      0.0000
   1551.4807	      0.0000
   1551.5387	    506.1865
   1551.5967	   1414.8661
   1551.6546	   2290.7141
   1551.7126	   2539.8130
   1551.7706	   2015.2496
   1551.8286	   1115.5488
   1551.8866	      0.0000
   1551.9445	      0.0000
   1552.0025	      0.0000
   1552.0605	      0.0000
   1553.3373	      0.0000
   1553.3954	      0.0000
   1553.4534	      0.0000
   1553.5115	      0.0000
   1553.5696	    828.6071
   1553.6277	   1424.5988
   1553.6858	   1741.2291
   1553.7439	   1586.5806
   1553.8020	   1044.4657
   1553.8601	      0.0000
   1553.9182	      0.0000
   1553.9763	      0.0000
   1554.0344	      0.0000
   2080.9457	      0.0000
   2081.0357	      0.0000
   2081.1258	      0.0000
   2081.2159	      0.0000
   2081.3059	    741.1685
   2081.3960	   1459.2118
   2081.4861	   1846.6271
   2081.5761	   1616.7556
   2081.6662	    948.1332
   2081.7563	      0.0000
   2081.8464	      0.0000
   2081.9365	      0.0000
   2082.0266	      0.0000
   2428.9383	      0.0000
   2429.0518	      0.0000
   2429.1654	      0.0000
   2429.2790	      0.0000
   2429.3925	    978.9113
   2429.5061	   1447.4382
   2429.6197	   1667.3781
   2429.7333	   1475.8782
   2429.8469	    939.9807
   2429.9605	      0.0000
   2430.0742	      0.0000
   2430.1878	      0.0000
   2430.3014	      0.0000
   2641.4418	      0.0000
   2641.5706	      0.0000
   2641.6994	      0.0000
   2641.8282	      0.0000
