# ljz_20131022_MR_Chym1_ELUTE.mzML
#
# index: 4289
# id: controllerType=0 controllerNumber=1 scan=10426
# scanNumber: 10426
# massAnalyzerType: quadrupole
# scanEvent: 2
# msLevel: 2
# retentionTime: 2596.55
# filterString: FTMS + p NSI d Full ms2 1332.64@hcd28.00 [100.00-2740.00]
# mzLow: 99.0036
# mzHigh: 2768.16
# basePeakMZ: 1001.52
# basePeakIntensity: 73915.8
# totalIonCurrent: 723244
# precursorCount: 1
# precursor 0: 1332.14 1.862e+006
# binary (1159): 
     99.0036	      0.0000
     99.0045	      0.0000
     99.0054	      0.0000
     99.0064	      0.0000
    105.8534	      0.0000
    105.8545	      0.0000
    105.8555	      0.0000
    105.8565	      0.0000
    105.8576	    998.1130
    105.8586	   1696.0664
    105.8596	   1898.9011
    105.8607	   1454.2758
    105.8617	    700.1155
    105.8627	      0.0000
    105.8637	      0.0000
    105.8647	      0.0000
    105.8658	      0.0000
    111.2674	      0.0000
    111.2685	      0.0000
    111.2696	      0.0000
    111.2707	      0.0000
    111.2718	      0.0000
    111.2729	      0.0000
    111.2740	      0.0000
    111.2752	      0.0000
    111.2763	      0.0000
    111.2774	      0.0000
    111.2785	      0.0000
    111.2796	      0.0000
    111.2807	      0.0000
    111.2818	      0.0000
    111.2830	      0.0000
    111.2841	      0.0000
    111.2852	      0.0000
    111.2863	      0.0000
    111.2874	      0.0000
    111.2885	      0.0000
    111.9575	      0.0000
    111.9586	      0.0000
    111.9597	      0.0000
    111.9608	      0.0000
    111.9620	    907.4621
    111.9631	   1384.2134
    111.9642	   1501.3309
    111.9653	   1206.8879
    111.9664	    687.4908
    111.9675	      0.0000
    111.9686	      0.0000
    111.9698	      0.0000
    111.9709	      0.0000
    117.1051	      0.0000
    117.1063	      0.0000
    117.1075	      0.0000
    117.1087	      0.0000
    117.1099	    757.8126
    117.1111	   1305.0431
    117.1123	   1553.4672
    117.1135	   1340.4626
    117.1147	    799.6501
    117.1162	      0.0000
    117.1174	      0.0000
    117.1186	      0.0000
    117.1198	      0.0000
    126.0443	      0.0000
    126.0456	      0.0000
    126.0470	      0.0000
    126.0483	      0.0000
    126.0496	   1005.9320
    126.0510	   2674.7246
    126.0523	   8285.5117
    126.0537	  16543.2480
    126.0550	  25253.8027
    126.0563	  24584.2051
    126.0577	  15303.7021
    126.0590	   6714.7461
    126.0604	   1016.5785
    126.0613	      0.0000
    126.0627	      0.0000
    126.0640	      0.0000
    126.0654	      0.0000
    127.0499	      0.0000
    127.0512	      0.0000
    127.0526	      0.0000
    127.0539	      0.0000
    127.0553	      0.0000
    127.0566	      0.0000
    127.0580	      0.0000
    127.0594	      0.0000
    127.0607	      0.0000
    127.0621	      0.0000
    127.0634	      0.0000
    127.0648	      0.0000
    127.0662	      0.0000
    127.0675	      0.0000
    127.0689	      0.0000
    127.0702	      0.0000
    127.0715	      0.0000
    127.0729	      0.0000
    127.0743	      0.0000
    127.0756	      0.0000
    132.0949	      0.0000
    132.0964	      0.0000
    132.0978	      0.0000
    132.0992	      0.0000
    132.1007	   1142.2185
    132.1021	   1737.0757
    132.1036	   1953.9088
    132.1050	   1688.6223
    132.1064	   1121.8041
    132.1079	      0.0000
    132.1093	      0.0000
    132.1108	      0.0000
    132.1122	      0.0000
    132.1136	   1259.0415
    132.1151	   1932.4214
    132.1165	   2230.2205
    132.1180	   1868.7164
    132.1194	   1036.7744
    132.1210	      0.0000
    132.1224	      0.0000
    132.1238	      0.0000
    132.1253	      0.0000
    138.0417	      0.0000
    138.0433	      0.0000
    138.0448	      0.0000
    138.0463	      0.0000
    138.0479	    862.3851
    138.0494	   2216.6880
    138.0509	   7257.2944
    138.0525	  18275.1152
    138.0540	  30314.5508
    138.0556	  36109.8906
    138.0571	  25948.5723
    138.0586	  13996.6328
    138.0602	   3807.3030
    138.0617	    472.6622
    138.0631	      0.0000
    138.0646	      0.0000
    138.0662	      0.0000
    138.0677	      0.0000
    139.0485	      0.0000
    139.0501	      0.0000
    139.0516	      0.0000
    139.0532	      0.0000
    139.0547	    596.8472
    139.0563	   1560.1437
    139.0579	   2368.8096
    139.0594	   2439.3179
    139.0610	   1752.3195
    139.0625	    842.9644
    139.0645	      0.0000
    139.0661	      0.0000
    139.0676	      0.0000
    139.0692	      0.0000
    143.1063	      0.0000
    143.1079	      0.0000
    143.1095	      0.0000
    143.1112	      0.0000
    143.1128	   1086.0160
    143.1144	   3766.4163
    143.1160	   7943.7256
    143.1177	  12469.5391
    143.1193	  12810.8760
    143.1209	   8220.8887
    143.1225	   3825.8218
    143.1242	    623.6189
    143.1254	      0.0000
    143.1270	      0.0000
    143.1286	      0.0000
    143.1302	      0.0000
    144.0556	      0.0000
    144.0573	      0.0000
    144.0589	      0.0000
    144.0606	      0.0000
    144.0622	   1086.7666
    144.0638	   1870.2650
    144.0655	   2331.4063
    144.0671	   2141.5012
    144.0688	   1396.9972
    144.0704	    584.8839
    144.0720	      0.0000
    144.0737	      0.0000
    144.0753	      0.0000
    144.0770	      0.0000
    163.0476	      0.0000
    163.0496	      0.0000
    163.0516	      0.0000
    163.0536	      0.0000
    163.0555	    553.1707
    163.0575	   1506.4999
    163.0595	   2419.6782
    163.0615	   2633.6013
    163.0634	   1972.4000
    163.0654	    937.4457
    163.0672	      0.0000
    163.0692	      0.0000
    163.0712	      0.0000
    163.0731	      0.0000
    168.0494	      0.0000
    168.0514	      0.0000
    168.0535	      0.0000
    168.0556	      0.0000
    168.0576	    917.3137
    168.0597	   4334.0630
    168.0618	  11290.8389
    168.0638	  18835.4141
    168.0659	  22151.8906
    168.0680	  15825.4883
    168.0700	   8571.3408
    168.0721	   2609.0320
    168.0742	    714.3361
    168.0765	      0.0000
    168.0786	      0.0000
    168.0806	      0.0000
    168.0827	      0.0000
    186.0589	      0.0000
    186.0613	      0.0000
    186.0637	      0.0000
    186.0661	      0.0000
    186.0685	    876.8839
    186.0709	   2977.1746
    186.0733	   6183.9268
    186.0757	   9369.5918
    186.0781	   8737.7764
    186.0805	   5274.4204
    186.0830	   2089.5571
    186.0854	    833.9014
    186.0882	      0.0000
    186.0906	      0.0000
    186.0930	      0.0000
    186.0954	      0.0000
    204.0621	      0.0000
    204.0648	      0.0000
    204.0676	      0.0000
    204.0704	      0.0000
    204.0731	    549.9731
    204.0759	   1817.7944
    204.0787	   6053.5542
    204.0814	  18449.7344
    204.0842	  32778.1523
    204.0869	  44464.4063
    204.0897	  36362.7617
    204.0925	  21498.9004
    204.0952	   7551.5273
    204.0980	   1619.3552
    204.1008	    249.4326
    204.1032	      0.0000
    204.1059	      0.0000
    204.1087	      0.0000
    204.1115	      0.0000
    205.0719	      0.0000
    205.0747	      0.0000
    205.0775	      0.0000
    205.0802	      0.0000
    205.0830	    718.2814
    205.0858	   1977.3888
    205.0886	   3297.9414
    205.0914	   3775.1682
    205.0942	   3071.3545
    205.0970	   1727.6736
    205.0997	    630.3116
    205.1028	      0.0000
    205.1056	      0.0000
    205.1084	      0.0000
    205.1112	      0.0000
    277.0233	      0.0000
    277.0277	      0.0000
    277.0321	      0.0000
    277.0365	      0.0000
    277.0408	   1126.7928
    277.0452	   2026.3207
    277.0496	   2538.7317
    277.0540	   2307.6228
    277.0583	   1489.3199
    277.0627	    590.3433
    277.0671	      0.0000
    277.0714	      0.0000
    277.0758	      0.0000
    277.0802	      0.0000
    286.0783	      0.0000
    286.0829	      0.0000
    286.0875	      0.0000
    286.0920	      0.0000
    286.0966	   1147.1063
    286.1012	   1719.5027
    286.1058	   2035.8969
    286.1104	   1964.5513
    286.1150	   1488.0349
    286.1196	    870.4395
    286.1242	      0.0000
    286.1288	   1252.1737
    286.1334	   3455.3911
    286.1380	   5868.9233
    286.1425	   6468.4995
    286.1471	   4175.9219
    286.1517	   1677.4534
    286.1563	    582.0228
    286.1610	      0.0000
    286.1656	      0.0000
    286.1702	      0.0000
    286.1748	      0.0000
    307.7734	      0.0000
    307.7785	      0.0000
    307.7837	      0.0000
    307.7888	      0.0000
    307.7939	   1088.0875
    307.7990	   1780.8472
    307.8041	   1882.6210
    307.8093	   1315.6949
    307.8144	    553.3685
    307.8197	      0.0000
    307.8249	      0.0000
    307.8300	      0.0000
    307.8351	      0.0000
    346.8962	      0.0000
    346.9024	      0.0000
    346.9085	      0.0000
    346.9146	      0.0000
    346.9207	    718.0549
    346.9269	   1356.9170
    346.9330	   1616.6406
    346.9391	   1317.9374
    346.9453	    692.9515
    346.9515	      0.0000
    346.9577	      0.0000
    346.9638	      0.0000
    346.9699	      0.0000
    366.0925	      0.0000
    366.0992	      0.0000
    366.1058	      0.0000
    366.1125	      0.0000
    366.1191	    468.0058
    366.1258	   1524.6876
    366.1324	   2804.8196
    366.1391	   3507.3806
    366.1457	   3116.7129
    366.1523	   1925.7281
    366.1590	    753.7691
    366.1656	      0.0000
    366.1723	      0.0000
    366.1789	      0.0000
    366.1856	      0.0000
    379.1626	      0.0000
    379.1696	      0.0000
    379.1766	      0.0000
    379.1836	      0.0000
    379.1906	   1321.1194
    379.1976	   3934.8450
    379.2046	   6527.3877
    379.2116	   7157.8364
    379.2187	   4677.0308
    379.2257	   1956.6143
    379.2327	    673.5112
    379.2398	      0.0000
    379.2468	      0.0000
    379.2538	      0.0000
    379.2609	      0.0000
    399.1429	      0.0000
    399.1505	      0.0000
    399.1580	      0.0000
    399.1656	      0.0000
    399.1731	    745.9604
    399.1807	   1444.9193
    399.1883	   1756.0992
    399.1958	   1497.0912
    399.2034	    907.5112
    399.2112	      0.0000
    399.2187	      0.0000
    399.2263	      0.0000
    399.2339	      0.0000
    453.1722	      0.0000
    453.1813	      0.0000
    453.1905	      0.0000
    453.1996	      0.0000
    453.2088	    585.2953
    453.2179	   1494.8964
    453.2271	   2221.6919
    453.2363	   2227.7183
    453.2454	   1498.1176
    453.2546	    571.7664
    453.2637	      0.0000
    453.2729	      0.0000
    453.2820	      0.0000
    453.2912	      0.0000
    456.1423	      0.0000
    456.1516	      0.0000
    456.1608	      0.0000
    456.1701	      0.0000
    456.1793	    650.2751
    456.1886	   1795.3744
    456.1978	   4226.7822
    456.2070	   6376.1011
    456.2163	   5929.5796
    456.2255	   2642.1523
    456.2348	   1109.0638
    456.2442	      0.0000
    456.2535	      0.0000
    456.2627	      0.0000
    456.2720	      0.0000
    492.2316	      0.0000
    492.2420	      0.0000
    492.2524	      0.0000
    492.2627	      0.0000
    492.2731	    937.4234
    492.2834	   1921.6392
    492.2938	   2429.2717
    492.3042	   2076.2458
    492.3145	   1178.6218
    492.3249	      0.0000
    492.3352	      0.0000
    492.3456	      0.0000
    492.3560	      0.0000
    497.1261	      0.0000
    497.1366	      0.0000
    497.1471	      0.0000
    497.1576	      0.0000
    497.1682	   1352.8455
    497.1787	   2703.8655
    497.1892	   3740.3767
    497.1997	   3734.0266
    497.2102	   2679.5662
    497.2207	   1324.8525
    497.2315	      0.0000
    497.2420	      0.0000
    497.2526	      0.0000
    497.2631	      0.0000
    527.1670	      0.0000
    527.1785	      0.0000
    527.1900	      0.0000
    527.2015	      0.0000
    527.2130	    660.0866
    527.2244	   1588.6949
    527.2359	   2352.5791
    527.2474	   2366.9224
    527.2589	   1583.1072
    527.2704	    610.7813
    527.2819	      0.0000
    527.2934	      0.0000
    527.3048	      0.0000
    527.3163	      0.0000
    528.4092	      0.0000
    528.4207	      0.0000
    528.4322	      0.0000
    528.4437	      0.0000
    528.4553	    661.1125
    528.4668	   1428.6644
    528.4783	   2284.0061
    528.4898	   2477.0017
    528.5013	   1798.0002
    528.5129	    761.6628
    528.5245	      0.0000
    528.5360	      0.0000
    528.5475	      0.0000
    528.5590	      0.0000
    579.2524	      0.0000
    579.2656	      0.0000
    579.2789	      0.0000
    579.2921	      0.0000
    579.3053	   1005.6334
    579.3185	   1507.9841
    579.3318	   1650.6632
    579.3450	   1366.6117
    579.3582	    842.8241
    579.3714	      0.0000
    579.3847	      0.0000
    579.3979	      0.0000
    579.4111	      0.0000
    582.1593	      0.0000
    582.1726	      0.0000
    582.1860	      0.0000
    582.1993	      0.0000
    582.2126	    848.3493
    582.2259	   1371.2413
    582.2393	   1627.6643
    582.2526	   1459.1249
    582.2659	    953.3997
    582.2793	      0.0000
    582.2926	      0.0000
    582.3060	      0.0000
    582.3193	      0.0000
    659.1972	      0.0000
    659.2133	      0.0000
    659.2293	      0.0000
    659.2454	      0.0000
    659.2615	    796.4245
    659.2775	   1620.9486
    659.2936	   2032.0593
    659.3096	   1711.1791
    659.3257	    927.7721
    659.3418	      0.0000
    659.3578	      0.0000
    659.3739	      0.0000
    659.3899	      0.0000
    672.8259	      0.0000
    672.8425	      0.0000
    672.8590	      0.0000
    672.8756	      0.0000
    672.8922	   1086.8572
    672.9087	   1774.3485
    672.9253	   2019.9385
    672.9418	   1627.2147
    672.9584	    878.6840
    672.9774	      0.0000
    672.9940	      0.0000
    673.0106	      0.0000
    673.0271	      0.0000
    676.2349	      0.0000
    676.2516	      0.0000
    676.2683	      0.0000
    676.2850	      0.0000
    676.3016	    887.0572
    676.3183	   2986.9775
    676.3350	  10426.8301
    676.3517	  22521.8105
    676.3684	  35676.5898
    676.3851	  37567.6406
    676.4017	  24676.1621
    676.4184	  12065.2627
    676.4351	   2617.6841
    676.4518	      0.0000
    676.4712	      0.0000
    676.4879	      0.0000
    676.5046	      0.0000
    676.5213	      0.0000
    677.2563	      0.0000
    677.2730	      0.0000
    677.2897	      0.0000
    677.3064	      0.0000
    677.3231	    810.1160
    677.3399	   2827.2183
    677.3566	   6632.2178
    677.3733	  10819.1387
    677.3900	  12002.2568
    677.4068	   7950.3887
    677.4235	   3811.0925
    677.4402	    450.6580
    677.4518	      0.0000
    677.4685	      0.0000
    677.4852	      0.0000
    677.5020	      0.0000
    726.1956	      0.0000
    726.2142	      0.0000
    726.2328	      0.0000
    726.2513	      0.0000
    726.2699	    839.6000
    726.2885	   1488.7600
    726.3070	   1837.5251
    726.3256	   1660.7958
    726.3442	   1055.2139
    726.3628	      0.0000
    726.3814	      0.0000
    726.4000	      0.0000
    726.4185	      0.0000
    790.2488	      0.0000
    790.2699	      0.0000
    790.2910	      0.0000
    790.3121	      0.0000
    790.3331	    535.6628
    790.3542	   1622.4310
    790.3753	   4893.4067
    790.3964	   8526.8926
    790.4174	  10921.2891
    790.4385	   8196.7529
    790.4596	   4520.5059
    790.4807	    951.4515
    790.5018	      0.0000
    790.5229	      0.0000
    790.5439	      0.0000
    790.5650	      0.0000
    791.2824	      0.0000
    791.3035	      0.0000
    791.3246	      0.0000
    791.3457	      0.0000
    791.3668	    490.0633
    791.3879	   1543.6573
    791.4091	   2607.0320
    791.4302	   2887.2144
    791.4513	   2161.6296
    791.4724	   1021.6539
    791.4937	      0.0000
    791.5148	      0.0000
    791.5359	      0.0000
    791.5570	      0.0000
    895.3583	      0.0000
    895.3838	      0.0000
    895.4092	      0.0000
    895.4346	      0.0000
    895.4600	    952.8845
    895.4854	   1623.5004
    895.5108	   1900.9437
    895.5363	   1590.5398
    895.5617	    899.8028
    895.5872	      0.0000
    895.6126	      0.0000
    895.6381	      0.0000
    895.6635	      0.0000
    982.2232	      0.0000
    982.2524	      0.0000
    982.2816	      0.0000
    982.3108	      0.0000
    982.3400	   1172.6097
    982.3692	   1823.9075
    982.3984	   2300.5039
    982.4276	   2301.0364
    982.4568	   1746.0565
    982.4860	    909.7472
    982.5152	      0.0000
    982.5445	      0.0000
    982.5737	      0.0000
    982.6029	      0.0000
    984.2996	      0.0000
    984.3289	      0.0000
    984.3582	      0.0000
    984.3875	      0.0000
    984.4168	    533.4795
    984.4461	   1557.6960
    984.4754	   2570.8154
    984.5047	   2805.5376
    984.5340	   2098.6011
    984.5633	   1032.4856
    984.6007	      0.0000
    984.6300	      0.0000
    984.6593	      0.0000
    984.6886	      0.0000
   1001.2188	      0.0000
   1001.2489	      0.0000
   1001.2789	      0.0000
   1001.3090	      0.0000
   1001.3390	    875.9615
   1001.3691	   2008.2312
   1001.3992	   4814.3979
   1001.4292	  13539.8066
   1001.4593	  35247.1758
   1001.4893	  59131.5039
   1001.5194	  73859.7188
   1001.5495	  55265.8828
   1001.5795	  31046.9961
   1001.6096	   8300.3564
   1001.6397	    392.2486
   1001.6718	      0.0000
   1001.7019	      0.0000
   1001.7320	      0.0000
   1001.7620	      0.0000
   1002.2735	      0.0000
   1002.3036	      0.0000
   1002.3337	      0.0000
   1002.3638	      0.0000
   1002.3939	   1354.9559
   1002.4240	   3662.9399
   1002.4541	  10632.3672
   1002.4842	  19464.5859
   1002.5143	  27730.0332
   1002.5444	  24375.5684
   1002.5745	  14596.9697
   1002.6046	   5446.2354
   1002.6348	    703.3727
   1002.6547	      0.0000
   1002.6848	      0.0000
   1002.7149	      0.0000
   1002.7450	      0.0000
   1003.2874	      0.0000
   1003.3175	      0.0000
   1003.3477	      0.0000
   1003.3778	      0.0000
   1003.4080	    603.0724
   1003.4381	   1852.9802
   1003.4683	   4570.4580
   1003.4984	   7519.6260
   1003.5286	   8015.2930
   1003.5587	   5117.5498
   1003.5889	   2308.8550
   1003.6190	    849.6168
   1003.6645	      0.0000
   1003.6947	      0.0000
   1003.7249	      0.0000
   1003.7550	      0.0000
   1072.2903	      0.0000
   1072.3236	      0.0000
   1072.3569	      0.0000
   1072.3902	      0.0000
   1072.4235	    968.5740
   1072.4568	   3200.4368
   1072.4901	   7925.1777
   1072.5234	  13253.0420
   1072.5568	  16908.1172
   1072.5901	  13287.3271
   1072.6234	   7727.3823
   1072.6567	   2333.2678
   1072.6900	      0.0000
   1072.7081	      0.0000
   1072.7415	      0.0000
   1072.7748	      0.0000
   1072.8081	      0.0000
   1073.3082	      0.0000
   1073.3416	      0.0000
   1073.3750	      0.0000
   1073.4083	      0.0000
   1073.4417	    982.4440
   1073.4750	   4334.7822
   1073.5084	   7161.4170
   1073.5418	   9290.8594
   1073.5751	   7282.4375
   1073.6085	   3947.9224
   1073.6419	    705.0970
   1073.6842	      0.0000
   1073.7176	      0.0000
   1073.7509	      0.0000
   1073.7843	      0.0000
   1143.2675	      0.0000
   1143.3041	      0.0000
   1143.3408	      0.0000
   1143.3775	      0.0000
   1143.4142	    368.0425
   1143.4508	   1898.5359
   1143.4875	   6402.9619
   1143.5242	  15291.3760
   1143.5609	  25147.0273
   1143.5975	  29165.6836
   1143.6342	  20495.9961
   1143.6709	  10767.8955
   1143.7076	   2476.8535
   1143.7443	      0.0000
   1143.7846	      0.0000
   1143.8213	      0.0000
   1143.8580	      0.0000
   1143.8947	      0.0000
   1144.2984	      0.0000
   1144.3352	      0.0000
   1144.3719	      0.0000
   1144.4086	      0.0000
   1144.4453	    659.7603
   1144.4820	   2474.6292
   1144.5188	   6516.4556
   1144.5555	  11058.6533
   1144.5922	  14248.3516
   1144.6289	  11033.5879
   1144.6657	   6241.6802
   1144.7024	   1688.4612
   1144.7392	      0.0000
   1144.7634	      0.0000
   1144.8001	      0.0000
   1144.8369	      0.0000
   1144.8736	      0.0000
   1145.3515	      0.0000
   1145.3882	      0.0000
   1145.4250	      0.0000
   1145.4618	      0.0000
   1145.4985	   1298.2858
   1145.5353	   2043.3348
   1145.5721	   2310.0078
   1145.6089	   1915.6698
   1145.6456	   1116.0170
   1145.6825	      0.0000
   1145.7193	      0.0000
   1145.7560	      0.0000
   1145.7928	      0.0000
   1189.8067	      0.0000
   1189.8456	      0.0000
   1189.8846	      0.0000
   1189.9235	      0.0000
   1189.9624	    612.1346
   1190.0014	   1637.9869
   1190.0403	   2697.9771
   1190.0793	   3104.8298
   1190.1182	   2555.9734
   1190.1571	   1446.1732
   1190.1961	      0.0000
   1190.2350	      0.0000
   1190.2740	      0.0000
   1190.3129	      0.0000
   1200.3086	      0.0000
   1200.3480	      0.0000
   1200.3875	      0.0000
   1200.4269	      0.0000
   1200.4664	   1008.4692
   1200.5058	   1913.0247
   1200.5453	   2362.5635
   1200.5847	   2030.6544
   1200.6242	   1163.7183
   1200.6637	      0.0000
   1200.7031	      0.0000
   1200.7426	      0.0000
   1200.7821	      0.0000
   1200.8215	      0.0000
   1200.8610	      0.0000
   1200.9005	      0.0000
   1200.9400	   1014.4889
   1200.9794	   2205.6375
   1201.0189	   3354.3838
   1201.0584	   3735.9487
   1201.0979	   3111.6299
   1201.1374	   1919.2228
   1201.1768	    871.8769
   1201.2163	      0.0000
   1201.2558	      0.0000
   1201.2953	      0.0000
   1201.3348	      0.0000
   1202.3228	      0.0000
   1202.3624	      0.0000
   1202.4019	      0.0000
   1202.4415	      0.0000
   1202.4810	   1101.9652
   1202.5206	   2307.9734
   1202.5601	   3253.6497
   1202.5997	   3263.2651
   1202.6392	   2324.0564
   1202.6788	   1101.5371
   1202.7184	      0.0000
   1202.7580	      0.0000
   1202.7976	      0.0000
   1202.8371	      0.0000
   1221.8149	      0.0000
   1221.8554	      0.0000
   1221.8959	      0.0000
   1221.9364	      0.0000
   1221.9769	   1252.8177
   1222.0174	   2350.9465
   1222.0580	   3018.7493
   1222.0985	   2802.0613
   1222.1390	   1893.3927
   1222.1795	    903.7270
   1222.2507	      0.0000
   1222.2913	      0.0000
   1222.3318	      0.0000
   1222.3723	      0.0000
   1230.2745	      0.0000
   1230.3154	      0.0000
   1230.3563	      0.0000
   1230.3973	      0.0000
   1230.4382	    666.2219
   1230.4791	   1773.5764
   1230.5201	   5129.6216
   1230.5610	   8932.3193
   1230.6020	  11802.8926
   1230.6429	   9069.0068
   1230.6839	   4667.8096
   1230.7248	    500.8590
   1230.7639	      0.0000
   1230.8049	      0.0000
   1230.8458	      0.0000
   1230.8868	      0.0000
   1230.9277	      0.0000
   1230.9687	    968.3936
   1231.0097	   4467.3750
   1231.0506	   8114.9360
   1231.0916	  11491.7676
   1231.1326	  10797.5693
   1231.1736	   6573.7817
   1231.2145	   2639.7773
   1231.2555	      0.0000
   1231.2677	      0.0000
   1231.3087	      0.0000
   1231.3496	      0.0000
   1231.3906	      0.0000
   1231.4316	      0.0000
   1231.4726	    984.6429
   1231.5136	   2352.4741
   1231.5546	   3628.5864
   1231.5956	   6010.5239
   1231.6366	   3141.1741
   1231.6776	   1697.9474
   1231.7186	      0.0000
   1231.7596	      0.0000
   1231.8006	      0.0000
   1231.8416	      0.0000
   1231.8826	      0.0000
   1231.9236	      0.0000
   1231.9647	    749.0452
   1232.0057	   1795.3594
   1232.0467	   2678.9536
   1232.0877	   2801.2783
   1232.1287	   2077.0251
   1232.1698	   1007.7266
   1232.2282	      0.0000
   1232.2692	      0.0000
   1232.3102	      0.0000
   1232.3513	      0.0000
   1258.2766	      0.0000
   1258.3189	      0.0000
   1258.3612	      0.0000
   1258.4036	      0.0000
   1258.4459	    694.8962
   1258.4883	   2251.3486
   1258.5306	   6659.1187
   1258.5730	  12029.7686
   1258.6153	  16704.8320
   1258.6577	  14109.1025
   1258.7000	   8237.8672
   1258.7424	   2736.9800
   1258.7848	      0.0000
   1258.8098	      0.0000
   1258.8521	      0.0000
   1258.8945	      0.0000
   1258.9369	      0.0000
   1259.3183	      0.0000
   1259.3607	      0.0000
   1259.4031	      0.0000
   1259.4455	      0.0000
   1259.4879	   1368.7230
   1259.5303	   4297.9521
   1259.5727	   6915.2661
   1259.6151	   7958.6270
   1259.6575	   5699.6675
   1259.6999	   3072.8186
   1259.7423	   1151.1328
   1259.7847	      0.0000
   1259.8272	      0.0000
   1259.8696	      0.0000
   1259.9120	      0.0000
   1303.2932	      0.0000
   1303.3378	      0.0000
   1303.3824	      0.0000
   1303.4271	      0.0000
   1303.4717	   1024.9821
   1303.5163	   4413.1118
   1303.5610	   7276.0449
   1303.6056	   9046.5664
   1303.6503	   6677.8447
   1303.6949	   3398.9075
   1303.7396	    497.1234
   1303.8017	      0.0000
   1303.8464	      0.0000
   1303.8910	      0.0000
   1303.9357	      0.0000
   1303.9803	   1188.2101
   1304.0250	   4664.3975
   1304.0697	   9601.0000
   1304.1143	  14918.3154
   1304.1590	  13685.5488
   1304.2037	   7889.2539
   1304.2484	   2713.9106
   1304.2930	      0.0000
   1304.3202	      0.0000
   1304.3649	      0.0000
   1304.4096	      0.0000
   1304.4543	      0.0000
   1304.4990	   1292.8569
   1304.5437	   2581.6067
   1304.5884	   3458.0845
   1304.6331	   3282.8796
   1304.6778	   2227.8630
   1304.7225	   1052.0508
   1304.7672	      0.0000
   1304.8119	      0.0000
   1304.8566	      0.0000
   1304.9013	      0.0000
   1304.9460	      0.0000
   1304.9907	    984.0574
   1305.0354	   2311.2710
   1305.0802	   3562.6780
   1305.1249	   3876.0386
   1305.1696	   2993.1379
   1305.2143	   1573.1337
   1305.2818	      0.0000
   1305.3265	      0.0000
   1305.3713	      0.0000
   1305.4160	      0.0000
   1314.2288	      0.0000
   1314.2740	      0.0000
   1314.3192	      0.0000
   1314.3644	      0.0000
   1314.4096	    880.8248
   1314.4548	   3006.9441
   1314.5000	   8440.3594
   1314.5452	  17076.3945
   1314.5904	  26438.8691
   1314.6356	  28162.9531
   1314.6808	  18589.4707
   1314.7260	   9198.5752
   1314.7713	   1444.4259
   1314.8004	      0.0000
   1314.8456	      0.0000
   1314.8908	      0.0000
   1314.9361	      0.0000
   1314.9813	   3008.1538
   1315.0265	   7861.9561
   1315.0718	  13277.0020
   1315.1170	  15535.1875
   1315.1622	  10471.8262
   1315.2075	   5276.5264
   1315.2527	   1044.9165
   1315.3087	      0.0000
   1315.3540	      0.0000
   1315.3992	      0.0000
   1315.4445	    533.3282
   1315.4898	   2840.5950
   1315.5350	   6704.4990
   1315.5803	  11070.4561
   1315.6255	  13362.3398
   1315.6708	   9210.5273
   1315.7161	   4523.9341
   1315.7613	    457.8242
   1315.7892	      0.0000
   1315.8345	      0.0000
   1315.8797	      0.0000
   1315.9250	      0.0000
   1322.2871	      0.0000
   1322.3327	      0.0000
   1322.3783	      0.0000
   1322.4239	      0.0000
   1322.4695	   1465.9769
   1322.5152	   3167.5327
   1322.5608	   6781.5103
   1322.6064	   5738.6265
   1322.6520	   3071.5840
   1322.6977	    555.1731
   1322.7433	      0.0000
   1322.7889	      0.0000
   1322.8346	      0.0000
   1322.8802	      0.0000
   1323.2910	      0.0000
   1323.3367	      0.0000
   1323.3824	      0.0000
   1323.4280	      0.0000
   1323.4737	   1304.7454
   1323.5194	   2819.6885
   1323.5651	   5887.5664
   1323.6107	   6067.0938
   1323.6564	   3762.9136
   1323.7021	   1629.4779
   1323.7478	      0.0000
   1323.7935	      0.0000
   1323.8391	      0.0000
   1323.8848	      0.0000
   1331.7788	      0.0000
   1331.8249	      0.0000
   1331.8710	      0.0000
   1331.9171	      0.0000
   1331.9632	    643.0731
   1332.0093	   2191.5059
   1332.0554	   6184.1025
   1332.1016	   8162.0356
   1332.1477	   6251.7090
   1332.1938	   3389.1995
   1332.2399	    508.2838
   1332.2860	      0.0000
   1332.3322	      0.0000
   1332.3783	      0.0000
   1332.4244	      0.0000
   1332.4706	   1336.2209
   1332.5167	   5386.3184
   1332.5628	   8820.1113
   1332.6090	  11200.8447
   1332.6551	   8200.8701
   1332.7013	   4239.2451
   1332.7474	    355.6610
   1332.7936	      0.0000
   1332.8397	      0.0000
   1332.8859	      0.0000
   1332.9320	      0.0000
   1332.9782	    555.1441
   1333.0244	   1892.7750
   1333.0705	   3601.0442
   1333.1167	   6615.2188
   1333.1629	   4692.3281
   1333.2090	   2224.2095
   1333.2552	    994.1110
   1333.3014	      0.0000
   1333.3476	      0.0000
   1333.3938	      0.0000
   1333.4399	      0.0000
   1333.4861	   1340.6703
   1333.5323	   2856.4023
   1333.5785	   6048.3950
   1333.6247	   6345.5205
   1333.6709	   3997.8279
   1333.7171	   1691.3253
   1333.7633	      0.0000
   1333.8095	      0.0000
   1333.8557	      0.0000
   1333.9019	      0.0000
   1343.2857	      0.0000
   1343.3324	      0.0000
   1343.3791	      0.0000
   1343.4258	      0.0000
   1343.4725	    875.0336
   1343.5192	   1794.6716
   1343.5659	   2427.3486
   1343.6126	   2314.7170
   1343.6593	   1562.6257
   1343.7061	      0.0000
   1343.7528	      0.0000
   1343.7995	      0.0000
   1343.8463	      0.0000
   1386.3709	      0.0000
   1386.4199	      0.0000
   1386.4688	      0.0000
   1386.5178	      0.0000
   1386.5668	    904.0005
   1386.6158	   2485.7410
   1386.6647	   5718.6401
   1386.7137	   6050.2183
   1386.7627	   3698.4185
   1386.8117	   1768.8658
   1386.8607	    638.6740
   1386.9097	      0.0000
   1386.9587	      0.0000
   1387.0077	      0.0000
   1387.0566	      0.0000
   1387.3507	      0.0000
   1387.3997	      0.0000
   1387.4487	      0.0000
   1387.4978	      0.0000
   1387.5468	   1113.5046
   1387.5958	   2341.5510
   1387.6448	   3470.5259
   1387.6939	   3776.5193
   1387.7429	   3024.4749
   1387.7919	   1713.6836
   1387.8410	    630.9838
   1387.8888	      0.0000
   1387.9379	      0.0000
   1387.9869	      0.0000
   1388.0360	      0.0000
   1515.3733	      0.0000
   1515.4292	      0.0000
   1515.4852	      0.0000
   1515.5412	      0.0000
   1515.5971	    819.3221
   1515.6531	   2084.7158
   1515.7091	   3230.8215
   1515.7650	   3405.6506
   1515.8210	   2486.5017
   1515.8770	   1202.6909
   1515.9330	      0.0000
   1515.9890	      0.0000
   1516.0450	      0.0000
   1516.1010	      0.0000
   1586.3748	      0.0000
   1586.4347	      0.0000
   1586.4947	      0.0000
   1586.5546	      0.0000
   1586.6146	   1004.9781
   1586.6745	   2078.9346
   1586.7345	   2951.8276
   1586.7944	   2991.5840
   1586.8544	   2108.6121
   1586.9143	    919.1212
   1586.9743	      0.0000
   1587.0343	      0.0000
   1587.0942	      0.0000
   1587.1542	      0.0000
   1663.3221	      0.0000
   1663.3864	      0.0000
   1663.4508	      0.0000
   1663.5151	      0.0000
   1663.5795	   1465.0087
   1663.6438	   2529.3013
   1663.7082	   3046.1902
   1663.7726	   2591.5833
   1663.8369	   1477.8632
   1663.9013	      0.0000
   1663.9657	      0.0000
   1664.0301	      0.0000
   1664.0945	      0.0000
   2767.7447	      0.0000
   2767.8828	      0.0000
   2768.0209	      0.0000
   2768.1591	      0.0000
