# ljz_20131022_MR_Chym1_ELUTE.mzML
#
# index: 3874
# id: controllerType=0 controllerNumber=1 scan=9913
# scanNumber: 9913
# massAnalyzerType: quadrupole
# scanEvent: 2
# msLevel: 2
# retentionTime: 2509.41
# filterString: FTMS + p NSI d Full ms2 363.14@hcd28.00 [100.00-760.00]
# mzLow: 99.0036
# mzHigh: 767.731
# basePeakMZ: 363.201
# basePeakIntensity: 52835.6
# totalIonCurrent: 396521
# precursorCount: 1
# precursor 0: 363.141 522458
# binary (1063): 
     99.0036	      0.0000
     99.0045	      0.0000
     99.0055	      0.0000
     99.0064	      0.0000
    103.0479	      0.0000
    103.0489	      0.0000
    103.0499	      0.0000
    103.0509	      0.0000
    103.0519	    340.6805
    103.0529	    966.0773
    103.0539	   1667.8011
    103.0549	   1947.8971
    103.0559	   1587.4045
    103.0569	    871.3297
    103.0579	    283.5215
    103.0588	      0.0000
    103.0598	      0.0000
    103.0608	      0.0000
    103.0618	      0.0000
    109.0586	      0.0000
    109.0597	      0.0000
    109.0608	      0.0000
    109.0619	      0.0000
    109.0630	    368.0774
    109.0640	    792.1782
    109.0651	   1108.8677
    109.0662	   1097.1180
    109.0673	    759.4578
    109.0684	    331.7585
    109.0694	      0.0000
    109.0705	      0.0000
    109.0716	      0.0000
    109.0727	      0.0000
    110.0528	      0.0000
    110.0539	      0.0000
    110.0550	      0.0000
    110.0561	      0.0000
    110.0572	    280.2929
    110.0583	    700.6716
    110.0594	   1143.9889
    110.0605	   1291.9821
    110.0615	   1000.6924
    110.0626	    491.8134
    110.0637	      0.0000
    110.0648	      0.0000
    110.0659	      0.0000
    110.0670	      0.0000
    110.0681	    506.3705
    110.0692	   1831.1210
    110.0703	   3771.6099
    110.0714	   5895.0737
    110.0725	   5854.3022
    110.0736	   3607.0085
    110.0747	   1527.1267
    110.0758	    180.3258
    110.0768	      0.0000
    110.0779	      0.0000
    110.0790	      0.0000
    110.0801	      0.0000
    115.5662	      0.0000
    115.5674	      0.0000
    115.5686	      0.0000
    115.5698	      0.0000
    115.5709	    478.1439
    115.5721	    771.1790
    115.5733	    925.3467
    115.5745	    824.9807
    115.5756	    513.1682
    115.5768	      0.0000
    115.5780	      0.0000
    115.5792	      0.0000
    115.5804	      0.0000
    116.0094	      0.0000
    116.0106	      0.0000
    116.0118	      0.0000
    116.0130	      0.0000
    116.0141	    594.9751
    116.0153	   1275.8641
    116.0165	   1766.5632
    116.0177	   1674.0691
    116.0189	   1060.0398
    116.0201	    408.2508
    116.0212	      0.0000
    116.0224	      0.0000
    116.0236	      0.0000
    116.0248	      0.0000
    119.0043	      0.0000
    119.0055	      0.0000
    119.0068	      0.0000
    119.0080	      0.0000
    119.0092	    331.0734
    119.0105	    702.3661
    119.0117	    995.9417
    119.0129	   1024.9628
    119.0141	    777.1463
    119.0154	    415.0056
    119.0167	      0.0000
    119.0179	      0.0000
    119.0192	      0.0000
    119.0204	      0.0000
    120.0680	      0.0000
    120.0693	      0.0000
    120.0705	      0.0000
    120.0718	      0.0000
    120.0730	      0.0000
    120.0743	    883.5059
    120.0755	   1497.3413
    120.0768	   3908.0625
    120.0780	  12620.3223
    120.0793	  28763.9766
    120.0805	  46343.3789
    120.0818	  51305.3867
    120.0830	  35110.6094
    120.0842	  18234.7422
    120.0855	   4887.8750
    120.0867	    979.8942
    120.0880	    632.7231
    120.0891	      0.0000
    120.0904	      0.0000
    120.0916	      0.0000
    120.0929	      0.0000
    121.0751	      0.0000
    121.0763	      0.0000
    121.0776	      0.0000
    121.0788	      0.0000
    121.0801	    281.8948
    121.0814	    811.0443
    121.0826	   1610.7394
    121.0839	   3168.0454
    121.0852	   3122.5234
    121.0864	   1507.3778
    121.0877	    666.3410
    121.0890	    190.7736
    121.0902	      0.0000
    121.0915	      0.0000
    121.0927	      0.0000
    121.0940	      0.0000
    123.0733	      0.0000
    123.0746	      0.0000
    123.0759	      0.0000
    123.0772	      0.0000
    123.0785	    566.9793
    123.0798	    889.9423
    123.0811	    975.9179
    123.0824	    775.4329
    123.0837	    421.9121
    123.0850	      0.0000
    123.0863	      0.0000
    123.0876	      0.0000
    123.0889	      0.0000
    125.0644	      0.0000
    125.0657	      0.0000
    125.0671	      0.0000
    125.0684	      0.0000
    125.0697	    569.8655
    125.0710	    944.6154
    125.0724	   1072.6344
    125.0737	    844.8803
    125.0750	    421.6860
    125.0763	      0.0000
    125.0777	      0.0000
    125.0790	      0.0000
    125.0803	      0.0000
    128.0624	      0.0000
    128.0638	      0.0000
    128.0652	      0.0000
    128.0665	      0.0000
    128.0679	    368.6439
    128.0693	    776.5057
    128.0707	   1010.1215
    128.0720	    892.1003
    128.0734	    507.8077
    128.0748	      0.0000
    128.0762	      0.0000
    128.0775	      0.0000
    128.0789	      0.0000
    129.0927	      0.0000
    129.0941	      0.0000
    129.0955	      0.0000
    129.0969	      0.0000
    129.0983	    455.8847
    129.0997	   1297.5403
    129.1010	   2766.0940
    129.1024	   4166.4023
    129.1038	   3641.3105
    129.1052	   2107.6216
    129.1066	    669.6105
    129.1080	      0.0000
    129.1094	      0.0000
    129.1108	      0.0000
    129.1122	      0.0000
    130.0763	      0.0000
    130.0777	      0.0000
    130.0792	      0.0000
    130.0806	      0.0000
    130.0820	    236.4373
    130.0834	    790.0555
    130.0848	   1641.4629
    130.0862	   3432.4626
    130.0876	   3425.5835
    130.0890	   2135.2800
    130.0904	    956.9370
    130.0918	    371.0871
    130.0932	      0.0000
    130.0946	      0.0000
    130.0960	      0.0000
    130.0974	      0.0000
    132.0733	      0.0000
    132.0748	      0.0000
    132.0762	      0.0000
    132.0776	      0.0000
    132.0791	    519.0792
    132.0805	    833.6567
    132.0820	    943.0522
    132.0834	    790.7122
    132.0848	    478.9102
    132.0863	      0.0000
    132.0877	      0.0000
    132.0891	      0.0000
    132.0906	      0.0000
    134.9827	      0.0000
    134.9842	      0.0000
    134.9857	      0.0000
    134.9872	      0.0000
    134.9886	    329.2132
    134.9901	    997.5703
    134.9916	   2604.2139
    134.9931	   3707.2639
    134.9946	   3197.3357
    134.9961	   1857.7198
    134.9976	    694.8143
    134.9990	      0.0000
    135.0005	      0.0000
    135.0020	      0.0000
    135.0035	      0.0000
    137.0500	      0.0000
    137.0516	      0.0000
    137.0531	      0.0000
    137.0546	      0.0000
    137.0561	    592.3273
    137.0576	    907.7571
    137.0592	   1002.0468
    137.0607	    831.2921
    137.0622	    514.3824
    137.0637	      0.0000
    137.0653	      0.0000
    137.0668	      0.0000
    137.0683	      0.0000
    143.0718	      0.0000
    143.0734	      0.0000
    143.0750	      0.0000
    143.0767	      0.0000
    143.0783	    398.7807
    143.0799	    837.1747
    143.0815	   1084.4470
    143.0831	    945.0681
    143.0848	    528.3948
    143.0864	      0.0000
    143.0880	      0.0000
    143.0896	      0.0000
    143.0912	      0.0000
    147.1011	      0.0000
    147.1028	      0.0000
    147.1045	      0.0000
    147.1061	      0.0000
    147.1078	    373.5363
    147.1095	   1015.6101
    147.1112	   2282.6648
    147.1129	   3500.6687
    147.1146	   3267.3669
    147.1163	   1459.6306
    147.1180	    655.6664
    147.1197	      0.0000
    147.1214	      0.0000
    147.1231	      0.0000
    147.1248	      0.0000
    148.0243	      0.0000
    148.0260	      0.0000
    148.0277	      0.0000
    148.0294	      0.0000
    148.0311	    268.3503
    148.0329	   1255.7196
    148.0346	   3228.9915
    148.0363	   5318.1855
    148.0380	   5897.9849
    148.0397	   3971.5176
    148.0414	   1989.4625
    148.0431	    450.7530
    148.0449	      0.0000
    148.0466	      0.0000
    148.0483	      0.0000
    148.0500	      0.0000
    149.0029	      0.0000
    149.0046	      0.0000
    149.0064	      0.0000
    149.0081	      0.0000
    149.0098	    470.1641
    149.0115	   1867.9552
    149.0133	    989.5934
    149.0150	    825.8934
    149.0168	   1582.2373
    149.0186	   5453.6060
    149.0203	  16812.4980
    149.0220	  29502.3926
    149.0237	  39716.6758
    149.0255	  32272.3594
    149.0272	  19044.2344
    149.0289	   6705.6455
    149.0307	   1382.5647
    149.0324	     42.3599
    149.0340	      0.0000
    149.0357	      0.0000
    149.0374	      0.0000
    149.0391	      0.0000
    150.0156	      0.0000
    150.0173	      0.0000
    150.0191	      0.0000
    150.0208	      0.0000
    150.0226	    504.4028
    150.0243	    979.9896
    150.0260	   1300.7661
    150.0278	   1234.8115
    150.0295	    819.1091
    150.0313	    333.7234
    150.0330	      0.0000
    150.0348	      0.0000
    150.0365	      0.0000
    150.0383	      0.0000
    166.0488	      0.0000
    166.0508	      0.0000
    166.0528	      0.0000
    166.0549	      0.0000
    166.0569	    467.7455
    166.0589	   1020.2625
    166.0609	   1471.8698
    166.0630	   1555.5812
    166.0650	   1226.9525
    166.0670	    695.2101
    166.0682	      0.0000
    166.0703	      0.0000
    166.0723	      0.0000
    166.0743	      0.0000
    166.0764	      0.0000
    166.0784	    470.6628
    166.0804	    811.0215
    166.0824	   2867.0234
    166.0845	   5048.7310
    166.0865	   6374.0034
    166.0885	   4901.7466
    166.0906	   2905.1780
    166.0926	   1130.0642
    166.0946	    273.9411
    166.0975	      0.0000
    166.0995	      0.0000
    166.1015	      0.0000
    166.1036	      0.0000
    169.0709	      0.0000
    169.0730	      0.0000
    169.0750	      0.0000
    169.0771	      0.0000
    169.0792	    156.0525
    169.0813	   1464.9829
    169.0834	   3372.0295
    169.0855	   5394.4014
    169.0876	   5320.7666
    169.0896	   3396.4705
    169.0917	   1594.1770
    169.0938	    491.9806
    169.0959	      0.0000
    169.0980	      0.0000
    169.1001	      0.0000
    169.1022	      0.0000
    170.0763	      0.0000
    170.0784	      0.0000
    170.0805	      0.0000
    170.0826	      0.0000
    170.0847	    626.7140
    170.0868	    962.6451
    170.0889	   1058.8948
    170.0910	    847.6411
    170.0931	    465.2654
    170.0954	      0.0000
    170.0975	      0.0000
    170.0996	      0.0000
    170.1017	      0.0000
    180.9985	      0.0000
    181.0008	      0.0000
    181.0031	      0.0000
    181.0054	      0.0000
    181.0078	    651.0501
    181.0101	   2231.3274
    181.0124	   7380.0386
    181.0147	  13819.3691
    181.0170	  19926.9512
    181.0193	  17895.8438
    181.0216	  10968.2383
    181.0239	   4591.8193
    181.0262	    939.4028
    181.0285	      0.0000
    181.0307	      0.0000
    181.0330	      0.0000
    181.0353	      0.0000
    181.0376	      0.0000
    181.1185	      0.0000
    181.1208	      0.0000
    181.1231	      0.0000
    181.1254	      0.0000
    181.1278	    305.6797
    181.1301	    750.3284
    181.1324	   1157.4407
    181.1347	   1255.2280
    181.1370	    973.3942
    181.1393	    508.8842
    181.1417	      0.0000
    181.1440	      0.0000
    181.1463	      0.0000
    181.1486	      0.0000
    185.1140	      0.0000
    185.1164	      0.0000
    185.1188	      0.0000
    185.1212	      0.0000
    185.1236	    391.7421
    185.1260	   1005.8925
    185.1283	   1477.7520
    185.1307	   1460.0831
    185.1331	   1009.0789
    185.1355	    474.1328
    185.1379	      0.0000
    185.1403	      0.0000
    185.1427	      0.0000
    185.1451	      0.0000
    187.0838	      0.0000
    187.0862	      0.0000
    187.0886	      0.0000
    187.0911	      0.0000
    187.0935	    414.3735
    187.0959	    772.0403
    187.0984	    928.2836
    187.1008	    746.6229
    187.1032	    362.0231
    187.1057	      0.0000
    187.1081	      0.0000
    187.1105	      0.0000
    187.1129	      0.0000
    197.0608	      0.0000
    197.0634	      0.0000
    197.0660	      0.0000
    197.0686	      0.0000
    197.0713	    272.6542
    197.0739	    781.4927
    197.0765	   1452.8445
    197.0791	   1830.3744
    197.0818	   1620.9777
    197.0844	    983.8716
    197.0870	    380.4774
    197.0897	      0.0000
    197.0923	      0.0000
    197.0949	      0.0000
    197.0976	      0.0000
    207.0923	      0.0000
    207.0951	      0.0000
    207.0980	      0.0000
    207.1008	      0.0000
    207.1036	    245.9336
    207.1064	    800.5630
    207.1093	   2412.8718
    207.1121	   4014.0005
    207.1149	   4265.7847
    207.1177	   2683.6289
    207.1206	   1195.5363
    207.1234	    519.5411
    207.1262	      0.0000
    207.1290	      0.0000
    207.1319	      0.0000
    207.1347	      0.0000
    209.0796	      0.0000
    209.0825	      0.0000
    209.0854	      0.0000
    209.0882	      0.0000
    209.0911	    494.5422
    209.0940	   1136.8914
    209.0968	   1606.6984
    209.0997	   1549.9207
    209.1026	   1014.0971
    209.1054	    422.0218
    209.1083	      0.0000
    209.1112	      0.0000
    209.1140	      0.0000
    209.1169	      0.0000
    209.1198	    293.0861
    209.1226	    976.4198
    209.1255	   2541.6472
    209.1284	   4017.4329
    209.1312	   3760.9797
    209.1341	   2214.8721
    209.1370	    807.1414
    209.1399	    363.8117
    209.1428	      0.0000
    209.1456	      0.0000
    209.1485	      0.0000
    209.1514	      0.0000
    218.1266	      0.0000
    218.1296	      0.0000
    218.1327	      0.0000
    218.1357	      0.0000
    218.1388	    239.2591
    218.1419	    780.5661
    218.1449	   2235.3281
    218.1480	   3758.9707
    218.1510	   4174.6807
    218.1541	   2763.1260
    218.1571	   1325.0686
    218.1602	    456.8374
    218.1635	      0.0000
    218.1665	      0.0000
    218.1696	      0.0000
    218.1727	      0.0000
    227.1134	      0.0000
    227.1166	      0.0000
    227.1199	      0.0000
    227.1231	      0.0000
    227.1264	    511.3572
    227.1296	   1593.7894
    227.1329	   5511.6709
    227.1361	  10588.1553
    227.1394	  15451.4795
    227.1426	  13901.8945
    227.1458	   8448.6514
    227.1491	   3429.6809
    227.1523	    653.6471
    227.1554	      0.0000
    227.1586	      0.0000
    227.1619	      0.0000
    227.1651	      0.0000
    239.0748	      0.0000
    239.0783	      0.0000
    239.0818	      0.0000
    239.0853	      0.0000
    239.0888	    533.9759
    239.0923	    861.2098
    239.0958	    996.3312
    239.0993	    855.4066
    239.1028	    518.3873
    239.1064	      0.0000
    239.1099	      0.0000
    239.1134	      0.0000
    239.1170	      0.0000
    244.1509	      0.0000
    244.1545	      0.0000
    244.1581	      0.0000
    244.1617	      0.0000
    244.1653	    409.7748
    244.1690	    729.3038
    244.1726	    877.9078
    244.1762	    734.5805
    244.1798	    399.6322
    244.1834	      0.0000
    244.1870	      0.0000
    244.1907	      0.0000
    244.1943	      0.0000
    248.9202	      0.0000
    248.9239	      0.0000
    248.9276	      0.0000
    248.9314	      0.0000
    248.9351	    605.9178
    248.9388	   1034.7224
    248.9425	   1209.5304
    248.9463	   1035.2482
    248.9500	    652.8779
    248.9539	      0.0000
    248.9576	      0.0000
    248.9613	      0.0000
    248.9650	      0.0000
    251.0158	      0.0000
    251.0196	      0.0000
    251.0234	      0.0000
    251.0272	      0.0000
    251.0309	    632.3359
    251.0347	   1508.8021
    251.0385	   5284.4360
    251.0422	  11209.4844
    251.0460	  17497.4902
    251.0498	  17542.1523
    251.0536	  11133.8750
    251.0573	   5138.6724
    251.0611	   1200.0313
    251.0649	    174.4533
    251.0685	      0.0000
    251.0723	      0.0000
    251.0761	      0.0000
    251.0798	      0.0000
    252.0259	      0.0000
    252.0297	      0.0000
    252.0335	      0.0000
    252.0373	      0.0000
    252.0411	    381.1635
    252.0449	    903.1485
    252.0487	   1378.9966
    252.0525	   1493.9336
    252.0563	   1172.6544
    252.0601	    650.7088
    252.0639	      0.0000
    252.0677	      0.0000
    252.0715	      0.0000
    252.0753	      0.0000
    253.0690	      0.0000
    253.0728	      0.0000
    253.0767	      0.0000
    253.0805	      0.0000
    253.0843	    437.7536
    253.0881	   1193.4232
    253.0919	   1852.9819
    253.0958	   1882.6184
    253.0996	   1261.8142
    253.1034	    501.2872
    253.1072	      0.0000
    253.1110	      0.0000
    253.1148	      0.0000
    253.1187	      0.0000
    255.1051	      0.0000
    255.1090	      0.0000
    255.1129	      0.0000
    255.1167	      0.0000
    255.1206	    415.3357
    255.1244	   1354.0066
    255.1283	   2957.0923
    255.1322	   4637.4385
    255.1360	   4707.9146
    255.1399	   3055.5315
    255.1438	   1448.0078
    255.1476	    490.8228
    255.1515	      0.0000
    255.1554	      0.0000
    255.1592	      0.0000
    255.1631	      0.0000
    256.1402	      0.0000
    256.1441	      0.0000
    256.1480	      0.0000
    256.1518	      0.0000
    256.1557	    422.9240
    256.1596	   1080.8156
    256.1635	   1791.2592
    256.1674	   2010.1744
    256.1713	   1546.5422
    256.1752	    763.7794
    256.1791	    207.1131
    256.1830	      0.0000
    256.1868	      0.0000
    256.1907	      0.0000
    256.1946	      0.0000
    257.1150	      0.0000
    257.1190	      0.0000
    257.1229	      0.0000
    257.1268	      0.0000
    257.1307	    581.7442
    257.1346	    956.5131
    257.1385	   1148.6608
    257.1424	   1012.8588
    257.1463	    625.3831
    257.1504	      0.0000
    257.1543	      0.0000
    257.1582	      0.0000
    257.1621	      0.0000
    261.8649	      0.0000
    261.8689	      0.0000
    261.8729	      0.0000
    261.8770	      0.0000
    261.8810	    699.8062
    261.8850	   1194.8158
    261.8890	   1424.6381
    261.8930	   1199.3462
    261.8971	    668.5698
    261.9011	      0.0000
    261.9051	      0.0000
    261.9091	      0.0000
    261.9131	      0.0000
    263.1114	      0.0000
    263.1154	      0.0000
    263.1195	      0.0000
    263.1235	      0.0000
    263.1276	    468.3612
    263.1316	   1465.5435
    263.1357	   2956.6902
    263.1397	   4306.5786
    263.1437	   3808.4712
    263.1478	   2308.8989
    263.1518	    769.8085
    263.1559	    220.7645
    263.1599	      0.0000
    263.1640	      0.0000
    263.1680	      0.0000
    263.1721	      0.0000
    268.0790	      0.0000
    268.0831	      0.0000
    268.0873	      0.0000
    268.0914	      0.0000
    268.0956	    597.8673
    268.0998	   1298.9720
    268.1039	   2652.1492
    268.1081	   3971.9512
    268.1123	   3600.0908
    268.1164	   2219.6306
    268.1206	    761.9296
    268.1248	    226.9348
    268.1284	      0.0000
    268.1326	      0.0000
    268.1368	      0.0000
    268.1409	      0.0000
    271.0803	      0.0000
    271.0845	      0.0000
    271.0887	      0.0000
    271.0930	      0.0000
    271.0972	      0.0000
    271.1014	    755.1069
    271.1057	   3121.3982
    271.1099	   6182.8081
    271.1141	   9254.4727
    271.1184	   8726.4131
    271.1226	   5537.3506
    271.1269	   2612.1941
    271.1311	    764.3520
    271.1353	    515.8086
    271.1401	      0.0000
    271.1444	      0.0000
    271.1486	      0.0000
    271.1528	      0.0000
    281.0599	      0.0000
    281.0644	      0.0000
    281.0689	      0.0000
    281.0733	      0.0000
    281.0778	    516.7101
    281.0823	    889.9758
    281.0867	   1163.3259
    281.0912	   1123.6816
    281.0957	    765.9781
    281.1002	    334.3498
    281.1046	      0.0000
    281.1090	      0.0000
    281.1135	      0.0000
    281.1180	      0.0000
    285.0986	      0.0000
    285.1031	      0.0000
    285.1077	      0.0000
    285.1123	      0.0000
    285.1168	    216.5399
    285.1214	   1628.3335
    285.1260	   5748.6235
    285.1305	  10362.6094
    285.1351	  14145.5244
    285.1397	  11572.8857
    285.1442	   6822.6636
    285.1488	   2419.2632
    285.1534	    495.7375
    285.1580	      0.0000
    285.1625	      0.0000
    285.1671	      0.0000
    285.1717	      0.0000
    285.9085	      0.0000
    285.9131	      0.0000
    285.9177	      0.0000
    285.9223	      0.0000
    285.9269	    529.2839
    285.9315	    810.4645
    285.9361	    939.7960
    285.9406	    850.5606
    285.9452	    584.7357
    285.9498	      0.0000
    285.9544	      0.0000
    285.9590	      0.0000
    285.9636	      0.0000
    286.1104	      0.0000
    286.1150	      0.0000
    286.1196	      0.0000
    286.1242	      0.0000
    286.1288	    509.7855
    286.1334	   1119.0018
    286.1380	   1543.2128
    286.1425	   1456.6587
    286.1471	    926.4065
    286.1517	    352.1926
    286.1563	      0.0000
    286.1609	      0.0000
    286.1655	      0.0000
    286.1701	      0.0000
    289.1550	      0.0000
    289.1597	      0.0000
    289.1643	      0.0000
    289.1690	      0.0000
    289.1737	    464.1860
    289.1783	   1207.3297
    289.1830	   2771.3047
    289.1877	   3844.4065
    289.1923	   3104.3218
    289.1970	   1397.3607
    289.2016	    547.4285
    289.2066	      0.0000
    289.2113	      0.0000
    289.2160	      0.0000
    289.2206	      0.0000
    345.0711	      0.0000
    345.0771	      0.0000
    345.0832	      0.0000
    345.0893	      0.0000
    345.0954	    502.6053
    345.1015	    862.7701
    345.1075	    989.8641
    345.1136	    757.8463
    345.1197	    349.1534
    345.1258	      0.0000
    345.1319	      0.0000
    345.1379	      0.0000
    345.1440	      0.0000
    346.0582	      0.0000
    346.0643	      0.0000
    346.0704	      0.0000
    346.0765	      0.0000
    346.0826	    621.7325
    346.0887	    898.3668
    346.0948	    921.0547
    346.1009	    717.2532
    346.1070	    425.4161
    346.1131	      0.0000
    346.1192	      0.0000
    346.1253	      0.0000
    346.1314	      0.0000
    360.1786	      0.0000
    360.1851	      0.0000
    360.1916	      0.0000
    360.1981	      0.0000
    360.2045	    292.6935
    360.2110	   1708.3744
    360.2175	   3785.0000
    360.2240	   5853.2876
    360.2305	   5426.2866
    360.2370	   3248.9463
    360.2435	   1261.0840
    360.2499	    455.0337
    360.2564	      0.0000
    360.2629	      0.0000
    360.2694	      0.0000
    360.2759	      0.0000
    362.1120	      0.0000
    362.1186	      0.0000
    362.1251	      0.0000
    362.1317	      0.0000
    362.1382	    378.0604
    362.1447	   1046.7035
    362.1513	   1446.3539
    362.1578	   1325.6779
    362.1643	    860.6542
    362.1709	    411.1489
    362.1774	      0.0000
    362.1840	      0.0000
    362.1905	    429.6497
    362.1970	    838.2672
    362.2036	   1127.3887
    362.2101	    987.0322
    362.2166	    552.4404
    362.2232	    429.2149
    362.2297	   1525.2928
    362.2363	   3184.4890
    362.2428	   4715.8760
    362.2493	   3868.2131
    362.2559	   2134.1855
    362.2624	    539.3354
    362.2690	      0.0000
    362.2755	      0.0000
    362.2820	      0.0000
    362.2886	      0.0000
    363.1141	      0.0000
    363.1207	      0.0000
    363.1273	      0.0000
    363.1338	      0.0000
    363.1404	      0.0000
    363.1470	   1979.2643
    363.1535	   4750.2051
    363.1601	   6311.2725
    363.1667	   5415.1753
    363.1732	   4054.6365
    363.1801	   6903.3770
    363.1866	  20723.7344
    363.1932	  37975.8164
    363.1998	  52628.4805
    363.2063	  44164.1016
    363.2129	  26332.2305
    363.2195	   9654.1387
    363.2260	   2518.7148
    363.2326	   1276.8458
    363.2389	      0.0000
    363.2454	      0.0000
    363.2520	      0.0000
    363.2586	      0.0000
    363.2651	      0.0000
    363.2717	      0.0000
    363.2783	      0.0000
    363.2849	      0.0000
    363.9359	      0.0000
    363.9425	      0.0000
    363.9491	      0.0000
    363.9557	      0.0000
    363.9623	    609.1108
    363.9689	   1332.7167
    363.9755	   1966.1628
    363.9820	   2070.1577
    363.9886	   1572.4160
    363.9952	    835.7490
    364.0018	    309.5736
    364.0084	      0.0000
    364.0150	      0.0000
    364.0216	      0.0000
    364.0282	      0.0000
    364.1534	      0.0000
    364.1600	      0.0000
    364.1665	      0.0000
    364.1731	      0.0000
    364.1797	    217.8082
    364.1863	    784.8224
    364.1929	   2522.1350
    364.1995	   4221.5562
    364.2061	   4887.7441
    364.2127	   3423.7070
    364.2193	   1820.0387
    364.2259	    539.3613
    364.2326	      0.0000
    364.2392	      0.0000
    364.2458	      0.0000
    364.2524	      0.0000
    382.0999	      0.0000
    382.1070	      0.0000
    382.1141	      0.0000
    382.1211	      0.0000
    382.1282	    239.4030
    382.1353	    780.9836
    382.1424	   1592.5482
    382.1495	   2182.6079
    382.1566	   2116.8164
    382.1637	   1449.7372
    382.1707	    668.4439
    382.1769	      0.0000
    382.1840	      0.0000
    382.1911	      0.0000
    382.1982	      0.0000
    400.1042	      0.0000
    400.1118	      0.0000
    400.1194	      0.0000
    400.1270	      0.0000
    400.1346	    395.3973
    400.1422	   2224.4529
    400.1497	   5298.2798
    400.1573	   8652.5967
    400.1649	   9397.9561
    400.1725	   6378.7290
    400.1801	   3324.5684
    400.1877	   1000.0085
    400.1953	    314.5898
    400.2040	      0.0000
    400.2115	      0.0000
    400.2191	      0.0000
    400.2267	      0.0000
    401.1244	      0.0000
    401.1320	      0.0000
    401.1397	      0.0000
    401.1473	      0.0000
    401.1549	    603.5378
    401.1625	   1010.5315
    401.1701	   1159.1477
    401.1778	    942.8976
    401.1854	    516.1053
    401.1930	      0.0000
    401.2006	      0.0000
    401.2082	      0.0000
    401.2159	      0.0000
    417.1336	      0.0000
    417.1417	      0.0000
    417.1498	      0.0000
    417.1579	      0.0000
    417.1660	    411.9599
    417.1741	   1045.5596
    417.1821	   1690.5447
    417.1902	   1913.9091
    417.1983	   1533.9225
    417.2064	    824.8247
    417.2145	    267.1662
    417.2220	      0.0000
    417.2301	      0.0000
    417.2382	      0.0000
    417.2462	      0.0000
    473.2313	      0.0000
    473.2411	      0.0000
    473.2508	      0.0000
    473.2606	      0.0000
    473.2704	    150.0713
    473.2801	   1239.2201
    473.2899	   4074.7395
    473.2997	   7073.4731
    473.3094	   8976.5996
    473.3192	   6731.9053
    473.3290	   3770.4353
    473.3387	   1175.5034
    473.3485	    302.0053
    473.3595	      0.0000
    473.3693	      0.0000
    473.3790	      0.0000
    473.3888	      0.0000
    528.3285	      0.0000
    528.3400	      0.0000
    528.3516	      0.0000
    528.3631	      0.0000
    528.3746	    275.3961
    528.3861	    758.8125
    528.3976	   1314.6182
    528.4092	   1602.9924
    528.4207	   1404.5995
    528.4322	    854.1391
    528.4437	    325.1295
    528.4553	      0.0000
    528.4668	      0.0000
    528.4783	      0.0000
    528.4898	      0.0000
    532.1271	      0.0000
    532.1387	      0.0000
    532.1504	      0.0000
    532.1620	      0.0000
    532.1737	    322.9732
    532.1853	    847.0436
    532.1969	   1328.1584
    532.2086	   1446.5718
    532.2202	   1136.4150
    532.2319	    633.7010
    532.2436	      0.0000
    532.2552	      0.0000
    532.2669	      0.0000
    532.2785	      0.0000
    586.7563	      0.0000
    586.7698	      0.0000
    586.7833	      0.0000
    586.7967	      0.0000
    586.8102	    583.0356
    586.8237	    932.5847
    586.8372	   1028.7928
    586.8507	    797.0529
    586.8642	    416.4841
    586.8778	      0.0000
    586.8913	      0.0000
    586.9048	      0.0000
    586.9183	      0.0000
    717.2030	      0.0000
    717.2212	      0.0000
    717.2395	      0.0000
    717.2577	      0.0000
    717.2759	    385.0490
    717.2941	    835.9031
    717.3123	   1121.1776
    717.3306	   1045.7395
    717.3488	    676.8365
    717.3670	      0.0000
    717.3852	      0.0000
    717.4035	      0.0000
    717.4217	      0.0000
    767.6709	      0.0000
    767.6911	      0.0000
    767.7112	      0.0000
    767.7314	      0.0000
