# ljz_20131022_MR_Chym1_ELUTE.mzML
#
# index: 2067
# id: controllerType=0 controllerNumber=1 scan=7547
# scanNumber: 7547
# massAnalyzerType: quadrupole
# scanEvent: 2
# msLevel: 2
# retentionTime: 2081.37
# filterString: FTMS + p NSI d Full ms2 690.31@hcd28.00 [100.00-2840.00]
# mzLow: 99.0035
# mzHigh: 2869.21
# basePeakMZ: 138.055
# basePeakIntensity: 160036
# totalIonCurrent: 2.10459e+006
# precursorCount: 1
# precursor 0: 690.058 769214
# binary (3196): 
     99.0035	      0.0000
     99.0045	      0.0000
     99.0054	      0.0000
     99.0063	      0.0000
    108.2518	      0.0000
    108.2529	      0.0000
    108.2540	      0.0000
    108.2550	      0.0000
    108.2561	    669.6931
    108.2572	   1122.8101
    108.2582	   1309.2273
    108.2593	   1136.9465
    108.2604	    739.4069
    108.2617	      0.0000
    108.2628	      0.0000
    108.2638	      0.0000
    108.2649	      0.0000
    109.0200	      0.0000
    109.0211	      0.0000
    109.0222	      0.0000
    109.0233	      0.0000
    109.0243	    461.2495
    109.0254	   1029.4333
    109.0265	   3500.5813
    109.0276	   6872.6177
    109.0286	  10391.0361
    109.0297	  10085.3818
    109.0308	   6328.5820
    109.0319	   2841.6665
    109.0330	    467.2891
    109.0338	      0.0000
    109.0349	      0.0000
    109.0359	      0.0000
    109.0370	      0.0000
    110.0648	      0.0000
    110.0659	      0.0000
    110.0670	      0.0000
    110.0681	      0.0000
    110.0692	    953.6843
    110.0703	   2186.1438
    110.0714	   3169.4585
    110.0725	   3162.5906
    110.0736	   2195.7932
    110.0747	   1028.8319
    110.0758	    379.5074
    110.0769	      0.0000
    110.0779	      0.0000
    110.0790	      0.0000
    110.0801	      0.0000
    111.0373	      0.0000
    111.0384	      0.0000
    111.0395	      0.0000
    111.0406	      0.0000
    111.0417	    547.4827
    111.0428	   1277.2502
    111.0439	   1767.7325
    111.0450	   1633.7131
    111.0461	    986.2141
    111.0472	      0.0000
    111.0483	      0.0000
    111.0494	      0.0000
    111.0505	      0.0000
    113.4487	      0.0000
    113.4498	      0.0000
    113.4510	      0.0000
    113.4521	      0.0000
    113.4532	    511.5677
    113.4544	   1152.0985
    113.4555	   1561.4255
    113.4567	   1435.3396
    113.4578	    873.3866
    113.4593	      0.0000
    113.4605	      0.0000
    113.4616	      0.0000
    113.4628	      0.0000
    115.0287	      0.0000
    115.0299	      0.0000
    115.0311	      0.0000
    115.0323	      0.0000
    115.0334	    658.8016
    115.0346	   1415.0665
    115.0358	   3622.9924
    115.0369	  10469.5596
    115.0381	  19645.7402
    115.0393	  28747.2246
    115.0404	  26583.8848
    115.0416	  16330.4600
    115.0428	   6806.8066
    115.0440	   1013.5209
    115.0447	      0.0000
    115.0458	      0.0000
    115.0470	      0.0000
    115.0482	      0.0000
    123.0979	      0.0000
    123.0992	      0.0000
    123.1005	      0.0000
    123.1018	      0.0000
    123.1031	    691.3685
    123.1044	   1198.5542
    123.1057	   1490.9583
    123.1070	   1349.9955
    123.1083	    849.1632
    123.1098	      0.0000
    123.1111	      0.0000
    123.1124	      0.0000
    123.1137	      0.0000
    126.0401	      0.0000
    126.0414	      0.0000
    126.0428	      0.0000
    126.0441	      0.0000
    126.0455	    892.5657
    126.0468	   1107.2335
    126.0481	   2154.1641
    126.0495	   3294.2632
    126.0508	   8185.1509
    126.0522	  25412.6777
    126.0535	  52545.8086
    126.0549	  81673.1250
    126.0562	  83628.2031
    126.0575	  54342.0195
    126.0589	  26296.6348
    126.0602	   6180.1973
    126.0616	   1005.1410
    126.0627	      0.0000
    126.0640	      0.0000
    126.0653	      0.0000
    126.0667	      0.0000
    126.0684	      0.0000
    126.0697	      0.0000
    126.0711	      0.0000
    126.0724	      0.0000
    127.0257	      0.0000
    127.0271	      0.0000
    127.0285	      0.0000
    127.0298	      0.0000
    127.0312	    852.5526
    127.0325	   2202.3831
    127.0339	   4472.7563
    127.0353	  12094.0557
    127.0366	  35496.4727
    127.0380	  65201.0273
    127.0393	  93382.0391
    127.0407	  83253.6328
    127.0420	  50796.5430
    127.0434	  20658.7051
    127.0448	   3820.5520
    127.0461	      0.0000
    127.0471	      0.0000
    127.0485	      0.0000
    127.0498	      0.0000
    127.0512	      0.0000
    127.0526	      0.0000
    127.0539	    590.2187
    127.0553	   1239.2717
    127.0566	   3363.6882
    127.0580	   5188.2891
    127.0593	   5718.4473
    127.0607	   2388.4888
    127.0621	    959.8544
    127.0634	      0.0000
    127.0648	      0.0000
    127.0661	      0.0000
    127.0675	      0.0000
    128.0335	      0.0000
    128.0349	      0.0000
    128.0363	      0.0000
    128.0377	      0.0000
    128.0390	    937.8036
    128.0404	   2148.6611
    128.0418	   4823.2124
    128.0432	   5316.6978
    128.0445	   3511.7104
    128.0459	   1745.0826
    128.0473	    747.3445
    128.0486	      0.0000
    128.0500	      0.0000
    128.0514	      0.0000
    128.0528	      0.0000
    129.0468	      0.0000
    129.0482	      0.0000
    129.0496	      0.0000
    129.0509	      0.0000
    129.0523	    689.9283
    129.0537	   1299.3209
    129.0551	   1596.1566
    129.0565	   1376.0074
    129.0579	    817.8023
    129.0593	      0.0000
    129.0607	      0.0000
    129.0621	      0.0000
    129.0635	      0.0000
    129.0927	      0.0000
    129.0941	      0.0000
    129.0955	      0.0000
    129.0969	      0.0000
    129.0982	    462.2688
    129.0996	   1206.1121
    129.1010	   2008.6376
    129.1024	   2405.2449
    129.1038	   2148.7395
    129.1052	   1428.4784
    129.1066	    681.5662
    129.1079	      0.0000
    129.1093	      0.0000
    129.1107	      0.0000
    129.1121	      0.0000
    133.0418	      0.0000
    133.0432	      0.0000
    133.0447	      0.0000
    133.0461	      0.0000
    133.0476	    572.5287
    133.0491	   1164.5415
    133.0505	   1451.2413
    133.0520	   1282.9463
    133.0534	    825.8279
    133.0551	      0.0000
    133.0565	      0.0000
    133.0580	      0.0000
    133.0594	      0.0000
    138.0387	      0.0000
    138.0402	      0.0000
    138.0418	      0.0000
    138.0433	      0.0000
    138.0448	    225.6707
    138.0464	   2435.3970
    138.0479	   4241.2168
    138.0494	  10345.4766
    138.0510	  31230.9160
    138.0525	  79249.3125
    138.0541	 131565.5781
    138.0556	 159678.3594
    138.0571	 117365.7344
    138.0587	  65553.0078
    138.0602	  18999.5527
    138.0618	   3406.9653
    138.0633	    901.0934
    138.0654	      0.0000
    138.0670	      0.0000
    138.0685	      0.0000
    138.0701	      0.0000
    139.0462	      0.0000
    139.0478	      0.0000
    139.0494	      0.0000
    139.0509	      0.0000
    139.0525	    647.0827
    139.0540	   1715.0543
    139.0556	   4512.4409
    139.0571	   9075.5137
    139.0587	  13949.8311
    139.0602	  13800.9375
    139.0618	   8463.7725
    139.0634	   3485.3733
    139.0649	     80.9431
    139.0657	      0.0000
    139.0673	      0.0000
    139.0688	      0.0000
    139.0704	      0.0000
    144.0524	      0.0000
    144.0541	      0.0000
    144.0557	      0.0000
    144.0574	      0.0000
    144.0590	    548.2717
    144.0606	   1695.9756
    144.0623	   5897.4536
    144.0639	  11157.6084
    144.0656	  16012.7910
    144.0672	  13923.3027
    144.0688	   8362.7363
    144.0705	   3225.9016
    144.0721	    728.3970
    144.0740	      0.0000
    144.0757	      0.0000
    144.0773	      0.0000
    144.0789	      0.0000
    145.0335	      0.0000
    145.0351	      0.0000
    145.0368	      0.0000
    145.0384	      0.0000
    145.0401	    379.3667
    145.0418	   1275.9753
    145.0434	   3271.5867
    145.0451	   9472.3652
    145.0467	  27323.1445
    145.0484	  47159.7773
    145.0500	  62140.1719
    145.0517	  48971.1055
    145.0534	  28567.4863
    145.0550	   8966.0137
    145.0567	   1598.6858
    145.0583	    453.4134
    145.0596	      0.0000
    145.0613	      0.0000
    145.0629	      0.0000
    145.0646	      0.0000
    146.0407	      0.0000
    146.0423	      0.0000
    146.0440	      0.0000
    146.0457	      0.0000
    146.0474	    351.5208
    146.0490	   1147.4110
    146.0507	   2402.0391
    146.0524	   5018.4199
    146.0541	   5096.8848
    146.0557	   2609.3845
    146.0574	   1348.9624
    146.0591	    499.0134
    146.0608	      0.0000
    146.0625	      0.0000
    146.0642	      0.0000
    146.0658	      0.0000
    156.0661	      0.0000
    156.0680	      0.0000
    156.0698	      0.0000
    156.0717	      0.0000
    156.0735	    429.2710
    156.0754	   1109.4381
    156.0772	   1502.1570
    156.0791	   1319.0981
    156.0809	    745.8677
    156.0827	      0.0000
    156.0846	      0.0000
    156.0864	      0.0000
    156.0883	      0.0000
    163.0377	      0.0000
    163.0397	      0.0000
    163.0417	      0.0000
    163.0437	      0.0000
    163.0456	    764.9692
    163.0476	   2586.8711
    163.0496	   1339.8314
    163.0519	   1915.3160
    163.0539	   4899.6216
    163.0559	  15489.6729
    163.0578	  30578.5273
    163.0598	  46246.0039
    163.0618	  44562.3398
    163.0638	  27940.2578
    163.0657	  12520.1426
    163.0677	   2728.8286
    163.0697	    264.9886
    163.0713	      0.0000
    163.0733	      0.0000
    163.0753	      0.0000
    163.0772	      0.0000
    164.0515	      0.0000
    164.0535	      0.0000
    164.0555	      0.0000
    164.0575	      0.0000
    164.0595	    809.7970
    164.0614	   1683.2454
    164.0634	   2319.9814
    164.0654	   2260.6294
    164.0674	   1548.6860
    164.0694	    692.4568
    164.0717	      0.0000
    164.0737	      0.0000
    164.0757	      0.0000
    164.0777	      0.0000
    167.0766	      0.0000
    167.0787	      0.0000
    167.0807	      0.0000
    167.0828	      0.0000
    167.0848	    769.5191
    167.0868	   1940.8716
    167.0889	   6093.3047
    167.0909	  10907.9561
    167.0930	  14745.1113
    167.0950	  11802.3701
    167.0971	   6770.8145
    167.0991	   2080.7056
    167.1012	    245.1608
    167.1032	      0.0000
    167.1052	      0.0000
    167.1073	      0.0000
    167.1093	      0.0000
    168.0456	      0.0000
    168.0477	      0.0000
    168.0497	      0.0000
    168.0518	      0.0000
    168.0538	   1008.4017
    168.0559	   1849.2173
    168.0580	   4585.6045
    168.0600	  14622.7119
    168.0621	  36399.8359
    168.0642	  60107.9492
    168.0662	  70885.4141
    168.0683	  50770.1563
    168.0704	  27605.5469
    168.0724	   7947.2114
    168.0745	   1888.3081
    168.0766	   1032.3939
    168.0787	    812.1715
    168.0805	      0.0000
    168.0826	      0.0000
    168.0847	      0.0000
    168.0867	      0.0000
    169.0542	      0.0000
    169.0563	      0.0000
    169.0583	      0.0000
    169.0604	      0.0000
    169.0625	    976.1662
    169.0646	   2929.8926
    169.0667	   5304.3921
    169.0688	   7313.8169
    169.0708	   6199.8789
    169.0729	   3709.2908
    169.0750	   1326.0529
    169.0771	    466.6980
    169.0792	      0.0000
    169.0813	      0.0000
    169.0834	      0.0000
    169.0854	      0.0000
    169.0959	      0.0000
    169.0980	      0.0000
    169.1000	      0.0000
    169.1021	      0.0000
    169.1042	    428.7541
    169.1063	   1097.2762
    169.1084	   1472.6830
    169.1105	   1258.8361
    169.1126	    656.6266
    169.1147	      0.0000
    169.1168	      0.0000
    169.1189	      0.0000
    169.1210	      0.0000
    173.0302	      0.0000
    173.0324	      0.0000
    173.0345	      0.0000
    173.0367	      0.0000
    173.0389	    688.4909
    173.0410	   1164.0645
    173.0432	   1403.1923
    173.0453	   1251.4547
    173.0475	    804.2899
    173.0496	      0.0000
    173.0518	      0.0000
    173.0539	      0.0000
    173.0561	      0.0000
    178.0393	      0.0000
    178.0416	      0.0000
    178.0438	      0.0000
    178.0461	      0.0000
    178.0484	    624.5947
    178.0506	   1156.6392
    178.0529	   1435.3118
    178.0551	   1292.3434
    178.0574	    841.7578
    178.0599	      0.0000
    178.0622	      0.0000
    178.0644	      0.0000
    178.0667	      0.0000
    186.0471	      0.0000
    186.0495	      0.0000
    186.0519	      0.0000
    186.0543	      0.0000
    186.0567	    120.4004
    186.0591	   1270.6162
    186.0615	   1325.1174
    186.0639	   1424.9838
    186.0663	   1651.0995
    186.0687	   4432.7837
    186.0712	  14894.8711
    186.0736	  28585.2598
    186.0760	  41763.2773
    186.0784	  37427.1328
    186.0808	  22775.7910
    186.0832	   9186.4609
    186.0856	   2249.6614
    186.0880	   1056.4209
    186.0901	   1408.2997
    186.0926	   2241.3435
    186.0950	    256.5128
    186.0974	      0.0000
    186.0998	      0.0000
    186.1022	      0.0000
    186.1046	      0.0000
    187.0619	      0.0000
    187.0643	      0.0000
    187.0668	      0.0000
    187.0692	      0.0000
    187.0716	    520.2818
    187.0740	   1405.4137
    187.0765	   3291.9351
    187.0789	   5135.8276
    187.0813	   4918.1421
    187.0838	   2443.0454
    187.0862	   1184.2152
    187.0886	    413.6049
    187.0910	      0.0000
    187.0935	      0.0000
    187.0959	      0.0000
    187.0983	      0.0000
    202.0634	      0.0000
    202.0661	      0.0000
    202.0689	      0.0000
    202.0716	      0.0000
    202.0743	    327.4109
    202.0770	   1148.4476
    202.0798	   2278.2241
    202.0825	   2980.8486
    202.0852	   2744.8103
    202.0879	   1771.6156
    202.0907	    768.6992
    202.0939	      0.0000
    202.0966	      0.0000
    202.0994	      0.0000
    202.1021	      0.0000
    204.0566	      0.0000
    204.0593	      0.0000
    204.0621	      0.0000
    204.0649	      0.0000
    204.0676	    334.7165
    204.0704	   2023.9907
    204.0732	   3298.4316
    204.0759	   6327.1055
    204.0787	  18528.9746
    204.0814	  56030.0039
    204.0842	 100274.2578
    204.0870	 138062.1875
    204.0897	 115455.4297
    204.0925	  68931.7109
    204.0953	  25364.0313
    204.0980	   5540.5801
    204.1008	   1484.7109
    204.1031	      0.0000
    204.1059	      0.0000
    204.1087	      0.0000
    204.1114	      0.0000
    204.1146	      0.0000
    204.1174	      0.0000
    204.1201	      0.0000
    204.1229	      0.0000
    205.0695	      0.0000
    205.0723	      0.0000
    205.0750	      0.0000
    205.0778	      0.0000
    205.0806	    785.9843
    205.0834	   2937.5308
    205.0862	   6824.9097
    205.0890	  11026.8789
    205.0918	  11970.9229
    205.0946	   7864.1475
    205.0973	   3736.7161
    205.1001	    638.2961
    205.1025	      0.0000
    205.1052	      0.0000
    205.1080	      0.0000
    205.1108	      0.0000
    213.0790	      0.0000
    213.0820	      0.0000
    213.0849	      0.0000
    213.0879	      0.0000
    213.0909	    896.1578
    213.0938	   1766.6030
    213.0968	   2410.5071
    213.0997	   2443.6975
    213.1027	   1851.0957
    213.1056	    994.5866
    213.1086	      0.0000
    213.1116	      0.0000
    213.1145	      0.0000
    213.1175	      0.0000
    241.0469	      0.0000
    241.0505	      0.0000
    241.0540	      0.0000
    241.0576	      0.0000
    241.0611	    566.6710
    241.0647	   1530.4274
    241.0682	   2526.8213
    241.0718	   2845.4143
    241.0753	   2226.7021
    241.0789	   1164.3671
    241.0824	    449.4554
    241.0861	      0.0000
    241.0897	      0.0000
    241.0932	      0.0000
    241.0968	      0.0000
    258.1231	      0.0000
    258.1270	      0.0000
    258.1310	      0.0000
    258.1349	      0.0000
    258.1389	    917.3606
    258.1428	   1466.6956
    258.1467	   1582.7524
    258.1507	   1162.4153
    258.1546	    504.7130
    258.1585	      0.0000
    258.1625	      0.0000
    258.1664	      0.0000
    258.1703	      0.0000
    292.8084	      0.0000
    292.8132	      0.0000
    292.8179	      0.0000
    292.8227	      0.0000
    292.8274	    751.6672
    292.8322	   1291.1808
    292.8369	   1472.6865
    292.8417	   1148.4692
    292.8464	    555.4290
    292.8515	      0.0000
    292.8563	      0.0000
    292.8610	      0.0000
    292.8658	      0.0000
    349.0326	      0.0000
    349.0388	      0.0000
    349.0449	      0.0000
    349.0511	      0.0000
    349.0573	    673.1285
    349.0635	   1158.6913
    349.0697	   1445.8810
    349.0759	   1362.4161
    349.0821	    969.3608
    349.0891	      0.0000
    349.0953	      0.0000
    349.1015	      0.0000
    349.1077	      0.0000
    366.0865	      0.0000
    366.0932	      0.0000
    366.0998	      0.0000
    366.1065	      0.0000
    366.1131	    321.3027
    366.1198	   1608.3772
    366.1264	   5343.2300
    366.1330	   9607.8027
    366.1397	  13135.8662
    366.1463	  10830.3105
    366.1530	   6414.0249
    366.1596	   2231.2073
    366.1663	    349.9215
    366.1724	      0.0000
    366.1790	      0.0000
    366.1857	      0.0000
    366.1923	      0.0000
    394.6950	      0.0000
    394.7024	      0.0000
    394.7098	      0.0000
    394.7173	      0.0000
    394.7247	    785.9929
    394.7321	   2585.0520
    394.7396	   4699.6714
    394.7470	   6487.4844
    394.7545	   5296.4194
    394.7619	   2969.3191
    394.7693	    754.8257
    394.7768	      0.0000
    394.7842	      0.0000
    394.7917	      0.0000
    394.7991	      0.0000
    407.1661	      0.0000
    407.1739	      0.0000
    407.1817	      0.0000
    407.1895	      0.0000
    407.1973	    610.6190
    407.2050	   1145.3042
    407.2128	   1361.7400
    407.2206	   1100.6472
    407.2284	    570.0813
    407.2362	      0.0000
    407.2440	      0.0000
    407.2518	      0.0000
    407.2596	      0.0000
    410.0807	      0.0000
    410.0885	      0.0000
    410.0964	      0.0000
    410.1043	      0.0000
    410.1122	    571.2299
    410.1201	   1169.7179
    410.1279	   1588.0951
    410.1358	   1549.7982
    410.1437	   1074.7134
    410.1539	      0.0000
    410.1618	      0.0000
    410.1696	      0.0000
    410.1775	      0.0000
    416.6837	      0.0000
    416.6918	      0.0000
    416.6999	      0.0000
    416.7079	      0.0000
    416.7160	    575.5110
    416.7241	   2063.8704
    416.7321	   5092.4165
    416.7402	   8458.4512
    416.7483	   9501.8369
    416.7563	   6367.7275
    416.7644	   3146.6750
    416.7725	    580.9927
    416.7782	      0.0000
    416.7863	      0.0000
    416.7944	      0.0000
    416.8025	      0.0000
    417.1902	      0.0000
    417.1982	      0.0000
    417.2063	      0.0000
    417.2144	      0.0000
    417.2225	    735.0594
    417.2306	   1795.6929
    417.2387	   2766.5247
    417.2467	   2959.6057
    417.2548	   2242.3167
    417.2629	   1152.7495
    417.2710	    361.6380
    417.2793	      0.0000
    417.2874	      0.0000
    417.2954	      0.0000
    417.3035	      0.0000
    430.2095	      0.0000
    430.2179	      0.0000
    430.2264	      0.0000
    430.2349	      0.0000
    430.2433	    588.8383
    430.2518	   1638.1595
    430.2603	   2768.7734
    430.2687	   3190.0918
    430.2772	   2575.5269
    430.2857	   1413.6946
    430.2941	    519.7040
    430.3026	      0.0000
    430.3111	      0.0000
    430.3195	      0.0000
    430.3280	      0.0000
    452.1946	      0.0000
    452.2037	      0.0000
    452.2128	      0.0000
    452.2220	      0.0000
    452.2311	    415.3215
    452.2402	   1343.1033
    452.2493	   4170.0142
    452.2584	   6603.8115
    452.2676	   7041.7412
    452.2767	   4588.8848
    452.2858	   2129.5347
    452.2949	    866.6315
    452.3041	      0.0000
    452.3132	      0.0000
    452.3223	      0.0000
    452.3314	      0.0000
    452.6967	      0.0000
    452.7058	      0.0000
    452.7149	      0.0000
    452.7241	      0.0000
    452.7332	    992.9940
    452.7423	   2780.1174
    452.7515	   4952.5430
    452.7606	   6485.3257
    452.7698	   5036.3174
    452.7789	   2820.5581
    452.7880	    659.4297
    452.7974	      0.0000
    452.8065	      0.0000
    452.8157	      0.0000
    452.8248	      0.0000
    489.5185	      0.0000
    489.5288	      0.0000
    489.5390	      0.0000
    489.5493	      0.0000
    489.5596	    742.8926
    489.5698	   1463.4216
    489.5801	   1789.3760
    489.5904	   1474.2200
    489.6007	    780.0619
    489.6110	      0.0000
    489.6212	      0.0000
    489.6315	      0.0000
    489.6418	      0.0000
    495.5213	      0.0000
    495.5318	      0.0000
    495.5423	      0.0000
    495.5527	      0.0000
    495.5632	    726.8392
    495.5736	   1563.8197
    495.5841	   2005.4362
    495.5946	   1712.7664
    495.6050	    946.6251
    495.6158	      0.0000
    495.6262	      0.0000
    495.6367	      0.0000
    495.6472	      0.0000
    513.1808	      0.0000
    513.1918	      0.0000
    513.2029	      0.0000
    513.2139	      0.0000
    513.2249	    484.1486
    513.2359	   1140.8464
    513.2470	   1770.3131
    513.2580	   1924.3422
    513.2690	   1447.5750
    513.2801	    659.5396
    513.2911	      0.0000
    513.3021	      0.0000
    513.3132	      0.0000
    513.3242	      0.0000
    522.5251	      0.0000
    522.5364	      0.0000
    522.5478	      0.0000
    522.5591	      0.0000
    522.5704	    529.6664
    522.5818	   1270.6273
    522.5931	   1852.5121
    522.6044	   1867.1942
    522.6158	   1295.0750
    522.6271	    541.1067
    522.6384	      0.0000
    522.6498	      0.0000
    522.6611	      0.0000
    522.6724	      0.0000
    522.8652	      0.0000
    522.8765	      0.0000
    522.8878	      0.0000
    522.8992	      0.0000
    522.9105	    867.1928
    522.9219	   1473.6105
    522.9332	   1606.1505
    522.9446	   1163.1526
    522.9559	    480.4102
    522.9672	      0.0000
    522.9786	      0.0000
    522.9899	      0.0000
    523.0013	      0.0000
    523.1488	      0.0000
    523.1601	      0.0000
    523.1715	      0.0000
    523.1828	      0.0000
    523.1942	   1039.7860
    523.2055	   1733.5974
    523.2169	   1871.5828
    523.2283	   1332.8174
    523.2396	    536.5540
    523.2510	      0.0000
    523.2623	      0.0000
    523.2737	      0.0000
    523.2850	      0.0000
    537.7365	      0.0000
    537.7483	      0.0000
    537.7601	      0.0000
    537.7719	      0.0000
    537.7838	    631.5613
    537.7956	   1518.0016
    537.8074	   2372.0330
    537.8193	   2645.6560
    537.8311	   2148.9963
    537.8429	   1238.5577
    537.8548	    462.3509
    537.8666	      0.0000
    537.8784	      0.0000
    537.8903	      0.0000
    537.9021	      0.0000
    541.5415	      0.0000
    541.5534	      0.0000
    541.5654	      0.0000
    541.5773	      0.0000
    541.5893	    713.0051
    541.6012	   1286.0814
    541.6132	   1517.8127
    541.6251	   1243.7511
    541.6371	    684.2964
    541.6491	      0.0000
    541.6610	      0.0000
    541.6730	      0.0000
    541.6849	      0.0000
    547.5317	      0.0000
    547.5438	      0.0000
    547.5560	      0.0000
    547.5681	      0.0000
    547.5803	    753.7310
    547.5924	   1817.4595
    547.6046	   4368.1963
    547.6167	   6264.7656
    547.6289	   5638.6958
    547.6411	   3503.1052
    547.6532	   1281.3945
    547.6654	    458.0103
    547.6775	      0.0000
    547.6897	      0.0000
    547.7018	      0.0000
    547.7140	      0.0000
    547.8843	      0.0000
    547.8964	      0.0000
    547.9086	      0.0000
    547.9208	      0.0000
    547.9329	    934.2584
    547.9451	   1706.4137
    547.9573	   1959.2316
    547.9694	   1550.0697
    547.9816	    830.5411
    547.9938	      0.0000
    548.0059	      0.0000
    548.0181	      0.0000
    548.0303	      0.0000
    548.2128	      0.0000
    548.2250	      0.0000
    548.2372	      0.0000
    548.2494	      0.0000
    548.2616	    648.2602
    548.2737	   1382.7736
    548.2859	   2012.4164
    548.2981	   2099.9419
    548.3103	   1565.2915
    548.3224	    769.6085
    548.3346	      0.0000
    548.3468	      0.0000
    548.3590	      0.0000
    548.3712	      0.0000
    558.7603	      0.0000
    558.7728	      0.0000
    558.7854	      0.0000
    558.7979	      0.0000
    558.8104	    507.7353
    558.8230	   1235.5125
    558.8355	   1762.7535
    558.8480	   1730.1708
    558.8606	   1205.8790
    558.8731	    576.7480
    558.8856	      0.0000
    558.8982	      0.0000
    558.9107	      0.0000
    558.9232	      0.0000
    562.1963	      0.0000
    562.2090	      0.0000
    562.2216	      0.0000
    562.2342	      0.0000
    562.2469	    957.7812
    562.2595	   3440.7424
    562.2722	   5843.9790
    562.2848	   7318.5610
    562.2975	   5535.9619
    562.3101	   3074.3894
    562.3228	   1065.8932
    562.3354	      0.0000
    562.3481	      0.0000
    562.3607	      0.0000
    562.3734	      0.0000
    562.5252	      0.0000
    562.5379	      0.0000
    562.5505	      0.0000
    562.5632	      0.0000
    562.5758	    702.3615
    562.5885	   1538.0244
    562.6011	   4311.8242
    562.6138	   7204.5044
    562.6265	   7971.8813
    562.6391	   5415.5342
    562.6518	   2704.7195
    562.6644	    760.6880
    562.6771	      0.0000
    562.6898	      0.0000
    562.7024	      0.0000
    562.7151	      0.0000
    562.8670	      0.0000
    562.8797	      0.0000
    562.8924	      0.0000
    562.9050	      0.0000
    562.9177	    633.9809
    562.9304	   1471.7045
    562.9430	   2164.4836
    562.9557	   2256.9072
    562.9684	   1710.9260
    562.9811	    925.5389
    562.9937	      0.0000
    563.0064	      0.0000
    563.0191	      0.0000
    563.0318	      0.0000
    581.2410	      0.0000
    581.2543	      0.0000
    581.2676	      0.0000
    581.2809	      0.0000
    581.2942	    578.8764
    581.3075	   1364.2510
    581.3207	   2047.7561
    581.3340	   2167.1587
    581.3473	   1633.9489
    581.3606	    825.6130
    581.3739	      0.0000
    581.3872	      0.0000
    581.4005	      0.0000
    581.4138	      0.0000
    590.4404	      0.0000
    590.4541	      0.0000
    590.4677	      0.0000
    590.4813	      0.0000
    590.4949	    761.3319
    590.5085	   1373.4509
    590.5221	   1621.2916
    590.5357	   1302.8806
    590.5493	    653.4659
    590.5630	      0.0000
    590.5766	      0.0000
    590.5902	      0.0000
    590.6038	      0.0000
    615.2276	      0.0000
    615.2421	      0.0000
    615.2565	      0.0000
    615.2710	      0.0000
    615.2855	    716.0333
    615.3000	   1386.2786
    615.3145	   1645.6909
    615.3289	   1328.1162
    615.3434	    719.8441
    615.3579	      0.0000
    615.3724	      0.0000
    615.3869	      0.0000
    615.4013	      0.0000
    623.4585	      0.0000
    623.4733	      0.0000
    623.4880	      0.0000
    623.5028	      0.0000
    623.5176	    820.9764
    623.5323	   1351.4943
    623.5471	   1524.2957
    623.5619	   1222.2467
    623.5766	    669.6007
    623.5914	      0.0000
    623.6062	      0.0000
    623.6210	      0.0000
    623.6357	      0.0000
    637.7418	      0.0000
    637.7571	      0.0000
    637.7724	      0.0000
    637.7877	      0.0000
    637.8030	    432.7527
    637.8182	   1310.1229
    637.8335	   2555.4336
    637.8488	   4920.2202
    637.8641	   3211.2632
    637.8794	   2156.4138
    637.8946	    964.1871
    637.9099	      0.0000
    637.9252	      0.0000
    637.9405	      0.0000
    637.9558	      0.0000
    655.7591	      0.0000
    655.7750	      0.0000
    655.7909	      0.0000
    655.8069	      0.0000
    655.8228	    685.9563
    655.8387	   1247.3887
    655.8547	   1534.1877
    655.8706	   1379.7924
    655.8865	    900.3559
    655.9025	      0.0000
    655.9184	      0.0000
    655.9343	      0.0000
    655.9503	      0.0000
    664.2021	      0.0000
    664.2184	      0.0000
    664.2346	      0.0000
    664.2508	      0.0000
    664.2671	   1142.1660
    664.2833	   1825.8385
    664.2995	   1996.9274
    664.3158	   1542.5382
    664.3320	    799.4550
    664.3483	      0.0000
    664.3645	      0.0000
    664.3808	      0.0000
    664.3970	      0.0000
    671.2064	      0.0000
    671.2229	      0.0000
    671.2394	      0.0000
    671.2559	      0.0000
    671.2724	    394.8189
    671.2889	   1261.7728
    671.3054	   3374.8979
    671.3219	   5703.2114
    671.3384	   6146.9282
    671.3549	   3960.5796
    671.3714	   1785.6619
    671.3879	    561.1308
    671.4044	      0.0000
    671.4209	      0.0000
    671.4374	      0.0000
    671.4539	      0.0000
    671.7346	      0.0000
    671.7511	      0.0000
    671.7676	      0.0000
    671.7841	      0.0000
    671.8006	   1182.2578
    671.8172	   2206.7559
    671.8337	   2847.5457
    671.8502	   2633.2605
    671.8667	   1725.3440
    671.8832	    749.0698
    671.8998	      0.0000
    671.9163	      0.0000
    671.9328	      0.0000
    671.9493	      0.0000
    689.0554	      0.0000
    689.0725	      0.0000
    689.0897	      0.0000
    689.1068	      0.0000
    689.1240	    668.4332
    689.1411	   1387.4310
    689.1583	   1738.8658
    689.1755	   1448.7661
    689.1926	    804.3446
    689.2115	      0.0000
    689.2287	      0.0000
    689.2459	      0.0000
    689.2630	    452.3419
    689.2802	   1273.9524
    689.2974	   3988.5728
    689.3145	   7311.4141
    689.3317	  10637.9844
    689.3489	  10514.9844
    689.3660	   7033.8589
    689.3832	   3623.1499
    689.4004	   1027.3468
    689.4158	      0.0000
    689.4330	      0.0000
    689.4501	      0.0000
    689.4673	      0.0000
    690.2235	      0.0000
    690.2407	      0.0000
    690.2579	      0.0000
    690.2751	      0.0000
    690.2923	    931.2209
    690.3095	   1849.8821
    690.3267	   2611.4592
    690.3439	   2682.5481
    690.3611	   1991.6344
    690.3783	   1015.5519
    690.3956	      0.0000
    690.4128	      0.0000
    690.4300	      0.0000
    690.4472	      0.0000
    730.7460	      0.0000
    730.7648	      0.0000
    730.7835	      0.0000
    730.8022	      0.0000
    730.8210	    540.8722
    730.8397	   1545.3560
    730.8585	   3709.1123
    730.8772	   6050.7471
    730.8959	   6288.1260
    730.9147	   4142.2422
    730.9334	   1484.1239
    730.9522	    437.6015
    730.9709	      0.0000
    730.9897	      0.0000
    731.0084	      0.0000
    731.0272	      0.0000
    731.7777	      0.0000
    731.7964	      0.0000
    731.8152	      0.0000
    731.8340	      0.0000
    731.8528	    607.2307
    731.8716	   1459.2596
    731.8903	   2088.5942
    731.9091	   2033.2075
    731.9279	   1346.4779
    731.9467	    531.2299
    731.9655	      0.0000
    731.9843	      0.0000
    732.0030	      0.0000
    732.0218	      0.0000
    737.2535	      0.0000
    737.2725	      0.0000
    737.2915	      0.0000
    737.3105	      0.0000
    737.3294	   1120.6924
    737.3484	   1894.3442
    737.3674	   2303.1431
    737.3864	   2062.1306
    737.4054	   1311.9015
    737.4244	    539.3471
    737.4434	      0.0000
    737.4624	      0.0000
    737.4814	      0.0000
    737.5004	      0.0000
    741.2572	      0.0000
    741.2763	      0.0000
    741.2955	      0.0000
    741.3146	      0.0000
    741.3338	    849.9187
    741.3529	   1659.8770
    741.3721	   2154.4905
    741.3912	   1970.3350
    741.4104	   1234.6318
    741.4295	      0.0000
    741.4487	      0.0000
    741.4678	      0.0000
    741.4870	      0.0000
    742.2536	      0.0000
    742.2728	      0.0000
    742.2920	      0.0000
    742.3112	      0.0000
    742.3304	    979.5158
    742.3495	   1757.9385
    742.3687	   2234.5930
    742.3879	   2066.3091
    742.4071	   1364.4457
    742.4263	    594.8170
    742.4455	      0.0000
    742.4647	      0.0000
    742.4839	      0.0000
    742.5031	      0.0000
    749.7914	      0.0000
    749.8108	      0.0000
    749.8303	      0.0000
    749.8498	      0.0000
    749.8693	    734.9100
    749.8887	   1602.0070
    749.9082	   2167.0127
    749.9277	   1999.3673
    749.9472	   1246.7826
    749.9667	    461.8806
    749.9862	      0.0000
    750.0056	      0.0000
    750.0251	      0.0000
    750.0446	      0.0000
    768.7614	      0.0000
    768.7817	      0.0000
    768.8019	      0.0000
    768.8221	      0.0000
    768.8423	    708.0815
    768.8625	   1463.7192
    768.8828	   1919.2377
    768.9030	   1774.0610
    768.9232	   1151.8501
    768.9434	      0.0000
    768.9637	      0.0000
    768.9839	      0.0000
    769.0041	      0.0000
    775.3337	      0.0000
    775.3542	      0.0000
    775.3747	      0.0000
    775.3952	      0.0000
    775.4157	   1027.0573
    775.4361	   1972.6598
    775.4566	   2477.0173
    775.4771	   2159.0256
    775.4976	   1280.5701
    775.5181	    455.9477
    775.5386	      0.0000
    775.5591	      0.0000
    775.5795	      0.0000
    775.6000	      0.0000
    783.7568	      0.0000
    783.7776	      0.0000
    783.7984	      0.0000
    783.8192	      0.0000
    783.8400	   1040.4990
    783.8608	   2416.7773
    783.8817	   5727.0156
    783.9025	   5560.2168
    783.9233	   3379.9397
    783.9441	   1520.4406
    783.9649	    582.0153
    783.9858	      0.0000
    784.0066	      0.0000
    784.0274	      0.0000
    784.0482	      0.0000
    785.5915	      0.0000
    785.6124	      0.0000
    785.6333	      0.0000
    785.6542	      0.0000
    785.6750	    614.3547
    785.6959	   1439.5643
    785.7168	   2023.0186
    785.7377	   1922.8605
    785.7586	   1205.9648
    785.7795	      0.0000
    785.8004	      0.0000
    785.8213	      0.0000
    785.8422	      0.0000
    788.3557	      0.0000
    788.3767	      0.0000
    788.3977	      0.0000
    788.4187	      0.0000
    788.4397	   1226.9580
    788.4607	   2472.6548
    788.4817	   4368.1118
    788.5027	   3173.8977
    788.5237	   2071.1575
    788.5447	    873.4080
    788.5657	      0.0000
    788.5867	      0.0000
    788.6077	      0.0000
    788.6287	      0.0000
    803.2610	      0.0000
    803.2826	      0.0000
    803.3042	      0.0000
    803.3258	      0.0000
    803.3474	    472.3636
    803.3690	   1543.9497
    803.3906	   4324.4019
    803.4122	   6135.6265
    803.4338	   5554.5532
    803.4554	   3404.7461
    803.4770	   1408.7766
    803.4986	    529.8835
    803.5202	      0.0000
    803.5418	      0.0000
    803.5634	      0.0000
    803.5850	      0.0000
    803.7579	      0.0000
    803.7795	      0.0000
    803.8011	      0.0000
    803.8227	      0.0000
    803.8443	    812.4210
    803.8660	   3088.1694
    803.8876	   5846.5283
    803.9092	   8531.6357
    803.9308	   7774.0977
    803.9524	   4616.6597
    803.9741	   1729.4215
    803.9957	      0.0000
    804.0173	      0.0000
    804.0389	      0.0000
    804.0606	      0.0000
    804.0822	      0.0000
    804.2769	      0.0000
    804.2985	      0.0000
    804.3201	      0.0000
    804.3418	      0.0000
    804.3634	    574.0482
    804.3851	   1599.3801
    804.4067	   2672.7910
    804.4283	   3086.0774
    804.4500	   2568.3601
    804.4716	   1529.0284
    804.4933	    625.6655
    804.5149	      0.0000
    804.5366	      0.0000
    804.5582	      0.0000
    804.5798	      0.0000
    804.7747	      0.0000
    804.7964	      0.0000
    804.8180	      0.0000
    804.8397	      0.0000
    804.8613	    842.3367
    804.8830	   1633.6055
    804.9047	   2161.3555
    804.9263	   2073.5601
    804.9480	   1449.5123
    804.9696	    687.7020
    804.9913	      0.0000
    805.0130	      0.0000
    805.0346	      0.0000
    805.0563	      0.0000
    809.7568	      0.0000
    809.7787	      0.0000
    809.8005	      0.0000
    809.8224	      0.0000
    809.8442	    592.1239
    809.8661	   1330.5195
    809.8880	   3843.9663
    809.9098	   6557.7148
    809.9317	   7713.7886
    809.9535	   5585.7896
    809.9754	   3098.5574
    809.9973	    862.8551
    810.0191	      0.0000
    810.0410	      0.0000
    810.0629	      0.0000
    810.0848	      0.0000
    810.2816	      0.0000
    810.3035	      0.0000
    810.3254	      0.0000
    810.3473	      0.0000
    810.3691	    853.2382
    810.3910	   1885.7815
    810.4129	   2678.1770
    810.4348	   2658.3352
    810.4567	   1850.3777
    810.4786	    834.2996
    810.5004	      0.0000
    810.5223	      0.0000
    810.5442	      0.0000
    810.5661	      0.0000
    810.8069	      0.0000
    810.8288	      0.0000
    810.8507	      0.0000
    810.8726	      0.0000
    810.8945	   1194.7532
    810.9165	   1868.4767
    810.9384	   2100.4036
    810.9603	   1669.3467
    810.9822	    852.7020
    811.0041	      0.0000
    811.0260	      0.0000
    811.0479	      0.0000
    811.0698	      0.0000
    812.2762	      0.0000
    812.2982	      0.0000
    812.3201	      0.0000
    812.3421	      0.0000
    812.3640	   1203.9360
    812.3860	   1799.4817
    812.4080	   1889.0916
    812.4299	   1445.7482
    812.4519	    775.2799
    812.4739	      0.0000
    812.4958	      0.0000
    812.5178	      0.0000
    812.5398	      0.0000
    819.2599	      0.0000
    819.2821	      0.0000
    819.3044	      0.0000
    819.3266	      0.0000
    819.3489	   1260.5663
    819.3711	   2008.6920
    819.3934	   2249.7087
    819.4156	   1770.9794
    819.4379	    893.2397
    819.4601	      0.0000
    819.4824	      0.0000
    819.5046	      0.0000
    819.5269	      0.0000
    820.7745	      0.0000
    820.7968	      0.0000
    820.8191	      0.0000
    820.8414	      0.0000
    820.8637	    899.6079
    820.8860	   2219.4172
    820.9083	   4916.5107
    820.9306	   5074.1602
    820.9530	   3082.1965
    820.9753	   1363.8962
    820.9976	    490.5792
    821.0199	      0.0000
    821.0422	      0.0000
    821.0645	      0.0000
    821.0868	      0.0000
    821.2654	      0.0000
    821.2877	      0.0000
    821.3101	      0.0000
    821.3324	      0.0000
    821.3547	    548.7875
    821.3770	   2253.4011
    821.3994	   4545.0552
    821.4217	   6847.5249
    821.4440	   6552.0474
    821.4664	   4118.4312
    821.4887	   1855.7671
    821.5110	    482.9693
    821.5357	      0.0000
    821.5580	      0.0000
    821.5804	      0.0000
    821.6027	      0.0000
    824.8963	      0.0000
    824.9187	      0.0000
    824.9412	      0.0000
    824.9637	      0.0000
    824.9862	    266.5699
    825.0086	   1997.4219
    825.0311	   5680.2622
    825.0536	   9734.4492
    825.0761	  10899.2344
    825.0986	   6970.6577
    825.1210	   2997.7593
    825.1435	     64.5182
    825.1782	      0.0000
    825.2007	      0.0000
    825.2232	      0.0000
    825.2456	      0.0000
    825.2681	      0.0000
    825.2906	      0.0000
    825.3131	   1234.7755
    825.3356	   3131.6716
    825.3581	   7750.9429
    825.3806	  14138.3936
    825.4031	  20628.4336
    825.4256	  19221.4766
    825.4481	  11639.6768
    825.4706	   4604.6196
    825.4930	      3.4436
    825.5094	      0.0000
    825.5319	      0.0000
    825.5544	      0.0000
    825.5769	      0.0000
    825.5994	      0.0000
    825.6219	      0.0000
    825.6444	    838.9284
    825.6669	   2722.5984
    825.6894	   7628.0967
    825.7119	  13774.3389
    825.7345	  19642.1836
    825.7570	  17193.0684
    825.7795	  10168.9912
    825.8020	   3671.6685
    825.8245	    162.3453
    825.8386	      0.0000
    825.8611	      0.0000
    825.8836	      0.0000
    825.9061	      0.0000
    825.9286	      0.0000
    825.9512	      0.0000
    825.9737	      0.0000
    825.9962	    679.1866
    826.0187	   2939.2874
    826.0412	   5457.0776
    826.0637	   7960.7676
    826.0863	   7036.8301
    826.1088	   4100.3945
    826.1313	   1383.9061
    826.1538	      0.0000
    826.1764	      0.0000
    826.1989	      0.0000
    826.2214	      0.0000
    826.2439	      0.0000
    826.2665	      0.0000
    826.2890	      0.0000
    826.3115	    488.1548
    826.3341	   2416.3396
    826.3566	   5253.1616
    826.3791	   8372.5615
    826.4017	   9022.3350
    826.4242	   5995.3027
    826.4467	   2921.4612
    826.4693	    525.6368
    826.5000	      0.0000
    826.5225	      0.0000
    826.5450	      0.0000
    826.5676	      0.0000
    831.7536	      0.0000
    831.7764	      0.0000
    831.7991	      0.0000
    831.8219	      0.0000
    831.8447	    443.5247
    831.8674	   1737.8658
    831.8902	   4581.0239
    831.9129	   7755.6782
    831.9357	   9756.6943
    831.9584	   7460.8350
    831.9812	   4277.4854
    832.0040	   1176.3162
    832.0255	      0.0000
    832.0482	      0.0000
    832.0710	      0.0000
    832.0938	      0.0000
    832.2532	      0.0000
    832.2759	      0.0000
    832.2987	      0.0000
    832.3215	      0.0000
    832.3443	      0.0000
    832.3670	   1382.3651
    832.3898	   5095.9409
    832.4126	  11278.4014
    832.4354	  17981.3945
    832.4582	  21923.7910
    832.4809	  17636.8613
    832.5037	  10695.9111
    832.5265	   4110.2183
    832.5493	    290.8951
    832.5652	      0.0000
    832.5880	      0.0000
    832.6108	      0.0000
    832.6336	      0.0000
    832.7703	      0.0000
    832.7931	      0.0000
    832.8159	      0.0000
    832.8387	      0.0000
    832.8615	    895.5111
    832.8843	   3996.8894
    832.9071	   6615.3696
    832.9299	   8194.3496
    832.9527	   6042.9902
    832.9755	   3228.8389
    832.9983	    462.7304
    833.0386	      0.0000
    833.0614	      0.0000
    833.0842	      0.0000
    833.1070	      0.0000
    833.3123	      0.0000
    833.3352	      0.0000
    833.3580	      0.0000
    833.3808	      0.0000
    833.4036	    788.0936
    833.4264	   4149.0137
    833.4493	   6940.4419
    833.4721	   9296.2227
    833.4949	   8101.8950
    833.5177	   4702.9897
    833.5406	   1453.1580
    833.5634	      0.0000
    833.5687	      0.0000
    833.5915	      0.0000
    833.6144	      0.0000
    833.6372	      0.0000
    833.7742	      0.0000
    833.7970	      0.0000
    833.8199	      0.0000
    833.8427	      0.0000
    833.8656	    871.6298
    833.8884	   1608.7208
    833.9112	   1977.6221
    833.9341	   1694.4948
    833.9569	    974.2785
    833.9798	      0.0000
    834.0026	      0.0000
    834.0255	      0.0000
    834.0483	      0.0000
    834.2540	      0.0000
    834.2768	      0.0000
    834.2997	      0.0000
    834.3226	      0.0000
    834.3454	   1268.6724
    834.3683	   2542.7327
    834.3911	   5557.4331
    834.4140	   4987.2681
    834.4369	   2950.8257
    834.4597	   1143.5743
    834.4826	      0.0000
    834.5055	      0.0000
    834.5283	      0.0000
    834.5512	      0.0000
    834.7570	      0.0000
    834.7799	      0.0000
    834.8028	      0.0000
    834.8257	      0.0000
    834.8486	    721.1002
    834.8714	   1416.3567
    834.8943	   2035.0035
    834.9172	   2219.6917
    834.9401	   1823.8228
    834.9630	   1084.1936
    834.9859	      0.0000
    835.0088	      0.0000
    835.0317	      0.0000
    835.0546	      0.0000
    838.7749	      0.0000
    838.7980	      0.0000
    838.8210	      0.0000
    838.8441	      0.0000
    838.8671	   1082.0448
    838.8902	   1612.9711
    838.9132	   1764.7930
    838.9363	   1424.9932
    838.9593	    801.7396
    838.9824	      0.0000
    839.0054	      0.0000
    839.0285	      0.0000
    839.0515	      0.0000
    840.2747	      0.0000
    840.2978	      0.0000
    840.3209	      0.0000
    840.3440	      0.0000
    840.3671	    518.0276
    840.3902	   1344.3604
    840.4133	   2141.5076
    840.4364	   2428.6287
    840.4596	   2032.1699
    840.4827	   1241.1808
    840.5058	      0.0000
    840.5289	      0.0000
    840.5520	      0.0000
    840.5751	      0.0000
    840.7832	      0.0000
    840.8063	      0.0000
    840.8295	      0.0000
    840.8526	      0.0000
    840.8757	    888.4131
    840.8988	   1957.1115
    840.9220	   2776.3997
    840.9451	   2706.3362
    840.9682	   1781.5870
    840.9914	    689.4744
    841.0220	      0.0000
    841.0451	      0.0000
    841.0683	      0.0000
    841.0914	      0.0000
    842.6902	      0.0000
    842.7134	      0.0000
    842.7366	      0.0000
    842.7598	      0.0000
    842.7830	    493.1012
    842.8062	   1330.5006
    842.8294	   3229.0674
    842.8526	   8776.9736
    842.8758	  24475.3965
    842.8990	  42444.5547
    842.9222	  56863.0000
    842.9455	  46086.3984
    842.9687	  26987.5527
    842.9919	   8805.1377
    843.0151	    764.7352
    843.0378	      0.0000
    843.0610	      0.0000
    843.0842	      0.0000
    843.1074	      0.0000
    843.2003	      0.0000
    843.2236	      0.0000
    843.2468	      0.0000
    843.2700	      0.0000
    843.2932	    871.4714
    843.3165	   1883.8839
    843.3397	   4704.7930
    843.3629	  13332.1299
    843.3862	  29517.3066
    843.4094	  47412.9883
    843.4326	  53496.4492
    843.4559	  37012.2813
    843.4791	  19298.0410
    843.5023	   4357.0005
    843.5256	      0.0000
    843.5467	      0.0000
    843.5699	      0.0000
    843.5932	      0.0000
    843.6164	      0.0000
    843.7326	      0.0000
    843.7559	      0.0000
    843.7791	      0.0000
    843.8024	      0.0000
    843.8256	   1193.4009
    843.8489	   3442.1736
    843.8721	  10160.0791
    843.8954	  18663.8555
    843.9186	  26831.6348
    843.9419	  24171.6934
    843.9652	  14696.9180
    843.9884	   5987.2993
    844.0117	    975.6976
    844.0301	      0.0000
    844.0533	      0.0000
    844.0766	      0.0000
    844.0999	      0.0000
    844.2627	      0.0000
    844.2860	      0.0000
    844.3092	      0.0000
    844.3325	      0.0000
    844.3558	    798.9646
    844.3791	   1745.0455
    844.4023	   2602.2468
    844.4256	   2804.2900
    844.4489	   2179.0513
    844.4722	   1164.1639
    844.4954	      0.0000
    844.5187	      0.0000
    844.5420	      0.0000
    844.5653	      0.0000
    844.7748	      0.0000
    844.7981	      0.0000
    844.8214	      0.0000
    844.8447	      0.0000
    844.8680	    844.0261
    844.8913	   1811.3051
    844.9146	   2550.5557
    844.9379	   2520.9578
    844.9612	   1724.4326
    844.9845	    744.6982
    845.0078	      0.0000
    845.0311	      0.0000
    845.0544	      0.0000
    845.0777	      0.0000
    846.3608	      0.0000
    846.3841	      0.0000
    846.4075	      0.0000
    846.4309	      0.0000
    846.4542	    971.5420
    846.4776	   1727.2085
    846.5009	   2109.9521
    846.5243	   1859.5609
    846.5477	   1162.7305
    846.5710	      0.0000
    846.5944	      0.0000
    846.6178	      0.0000
    846.6411	      0.0000
    853.2220	      0.0000
    853.2456	      0.0000
    853.2693	      0.0000
    853.2929	      0.0000
    853.3166	   1078.0687
    853.3402	   1617.5918
    853.3639	   1726.5171
    853.3875	   1328.4105
    853.4111	    700.0095
    853.4348	      0.0000
    853.4584	      0.0000
    853.4821	      0.0000
    853.5058	      0.0000
    862.1085	      0.0000
    862.1325	      0.0000
    862.1565	      0.0000
    862.1806	      0.0000
    862.2046	    520.6848
    862.2286	   1509.7172
    862.2526	   2514.4810
    862.2766	   2835.3408
    862.3006	   2214.4006
    862.3247	   1139.3708
    862.3487	      0.0000
    862.3727	      0.0000
    862.3967	      0.0000
    862.4207	      0.0000
    873.5786	      0.0000
    873.6031	      0.0000
    873.6276	      0.0000
    873.6520	      0.0000
    873.6765	    632.1682
    873.7010	   1526.0195
    873.7255	   2381.8606
    873.7500	   2592.0737
    873.7745	   1978.4424
    873.7990	    987.3040
    873.8277	      0.0000
    873.8522	      0.0000
    873.8767	      0.0000
    873.9012	      0.0000
    873.9257	      0.0000
    873.9503	      0.0000
    873.9748	      0.0000
    873.9993	    298.7875
    874.0238	   2183.2939
    874.0483	   5502.0469
    874.0728	   9221.0410
    874.0973	  10061.9863
    874.1218	   6489.4907
    874.1463	   2895.8335
    874.1709	    227.9846
    874.1912	      0.0000
    874.2157	      0.0000
    874.2402	      0.0000
    874.2647	      0.0000
    874.2892	      0.0000
    874.3138	      0.0000
    874.3383	    903.2991
    874.3628	   1985.3186
    874.3873	   4668.4634
    874.4119	   6182.1436
    874.4364	   5057.7437
    874.4609	   2906.9866
    874.4854	   1025.6969
    874.5100	      0.0000
    874.5345	      0.0000
    874.5590	      0.0000
    874.5836	      0.0000
    874.6081	      0.0000
    874.6326	      0.0000
    874.6572	      0.0000
    874.6817	    740.0380
    874.7062	   1699.7574
    874.7308	   2585.7944
    874.7553	   2760.0632
    874.7799	   2049.7483
    874.8044	    971.2015
    874.8290	      0.0000
    874.8535	      0.0000
    874.8780	      0.0000
    874.9026	      0.0000
    874.9271	      0.0000
    874.9517	      0.0000
    874.9762	      0.0000
    875.0008	      0.0000
    875.0253	    599.8289
    875.0499	   1345.5076
    875.0744	   1894.9757
    875.0990	   1807.0752
    875.1236	   1118.7454
    875.1481	      0.0000
    875.1727	      0.0000
    875.1972	      0.0000
    875.2218	      0.0000
    885.2541	      0.0000
    885.2791	      0.0000
    885.3040	      0.0000
    885.3290	      0.0000
    885.3540	    811.5588
    885.3790	   1593.1655
    885.4040	   2149.1531
    885.4290	   2146.4924
    885.4540	   1601.5674
    885.4790	    856.3417
    885.5040	      0.0000
    885.5290	      0.0000
    885.5540	      0.0000
    885.5790	      0.0000
    885.7290	      0.0000
    885.7540	      0.0000
    885.7790	      0.0000
    885.8040	      0.0000
    885.8290	   1098.9108
    885.8540	   1839.6342
    885.8790	   2232.6438
    885.9040	   2002.5900
    885.9290	   1273.1202
    885.9540	      0.0000
    885.9790	      0.0000
    886.0041	      0.0000
    886.0291	      0.0000
    888.2346	      0.0000
    888.2597	      0.0000
    888.2849	      0.0000
    888.3100	      0.0000
    888.3351	    826.7341
    888.3602	   1683.4161
    888.3853	   2273.4578
    888.4104	   2188.3335
    888.4355	   1494.7556
    888.4607	    659.6849
    888.4858	      0.0000
    888.5109	      0.0000
    888.5360	      0.0000
    888.5612	      0.0000
    892.5693	      0.0000
    892.5946	      0.0000
    892.6199	      0.0000
    892.6452	      0.0000
    892.6705	    144.4375
    892.6958	   2302.2080
    892.7211	   5352.6685
    892.7464	   8296.8662
    892.7717	   7836.2930
    892.7970	   5134.3306
    892.8223	   1486.9302
    892.8476	    386.4500
    892.8799	      0.0000
    892.9052	      0.0000
    892.9305	      0.0000
    892.9558	      0.0000
    892.9811	      0.0000
    893.0064	   1252.2089
    893.0318	   5518.2861
    893.0571	  12571.3428
    893.0824	  20294.3887
    893.1077	  21642.1836
    893.1330	  13933.9219
    893.1583	   6264.1592
    893.1837	    498.8163
    893.2323	      0.0000
    893.2576	      0.0000
    893.2829	      0.0000
    893.3083	    406.7383
    893.3336	   1478.1387
    893.3589	   3961.9429
    893.3842	   7506.9160
    893.4096	  11688.2861
    893.4349	  14567.4971
    893.4602	  13669.0889
    893.4856	   8665.6836
    893.5109	   3821.6641
    893.5362	      0.0000
    893.5313	      0.0000
    893.5566	      0.0000
    893.5820	      0.0000
    893.6073	      0.0000
    893.6833	      0.0000
    893.7087	      0.0000
    893.7340	      0.0000
    893.7593	      0.0000
    893.7847	    606.1346
    893.8100	   7429.3647
    893.8354	  11263.2422
    893.8607	  14483.4287
    893.8861	  11558.4658
    893.9114	   6328.1099
    893.9368	   1473.7998
    893.9621	      0.0000
    893.9875	      0.0000
    894.0128	      0.0000
    894.0382	   1023.0995
    894.0636	   3356.2261
    894.0889	   4640.8457
    894.1143	   3347.9351
    894.1396	   1430.3066
    894.1650	    799.9481
    894.1744	      0.0000
    894.1998	      0.0000
    894.2251	      0.0000
    894.2505	      0.0000
    894.2758	   1635.5121
    894.3012	   4969.3340
    894.3266	   8393.3174
    894.3520	  10585.8389
    894.3773	   8654.9492
    894.4027	   5457.8364
    894.4281	   2542.8762
    894.4534	    762.7419
    894.4948	      0.0000
    894.5202	      0.0000
    894.5455	      0.0000
    894.5709	      0.0000
    894.6978	      0.0000
    894.7232	      0.0000
    894.7486	      0.0000
    894.7740	      0.0000
    894.7994	    850.9689
    894.8248	   3239.0894
    894.8502	   5616.9443
    894.8756	   7356.6357
    894.9009	   5784.0752
    894.9263	   3214.2048
    894.9517	    800.7978
    894.9771	      0.0000
    895.0025	      0.0000
    895.0279	      0.0000
    895.0533	      0.0000
    895.1803	      0.0000
    895.2057	      0.0000
    895.2311	      0.0000
    895.2566	      0.0000
    895.2820	    503.5437
    895.3074	   1384.5742
    895.3328	   3961.1997
    895.3582	   6213.5957
    895.3836	   7278.9839
    895.4090	   5739.7310
    895.4344	   3418.4932
    895.4599	   1289.0475
    895.4853	      0.0000
    895.5107	      0.0000
    895.5361	      0.0000
    895.5615	      0.0000
    895.7141	      0.0000
    895.7395	      0.0000
    895.7649	      0.0000
    895.7904	      0.0000
    895.8158	   1066.2949
    895.8412	   3437.9602
    895.8667	   5531.3809
    895.8921	   6093.4048
    895.9175	   4077.8687
    895.9430	   1973.7552
    895.9684	    651.6923
    895.9939	      0.0000
    896.0193	      0.0000
    896.0447	      0.0000
    896.0702	      0.0000
    896.2229	      0.0000
    896.2483	      0.0000
    896.2738	      0.0000
    896.2992	      0.0000
    896.3247	    851.4268
    896.3501	   1690.8119
    896.3756	   2502.1309
    896.4010	   2828.9973
    896.4265	   2422.3237
    896.4519	   1500.4165
    896.4774	    598.0132
    896.5029	      0.0000
    896.5283	      0.0000
    896.5538	      0.0000
    896.5793	      0.0000
    896.7575	      0.0000
    896.7830	      0.0000
    896.8085	      0.0000
    896.8340	      0.0000
    896.8594	   1016.1120
    896.8849	   1646.7531
    896.9104	   1795.3002
    896.9359	   1333.6650
    896.9613	    608.3840
    896.9868	      0.0000
    897.0123	      0.0000
    897.0378	      0.0000
    897.0633	      0.0000
    897.2162	      0.0000
    897.2417	      0.0000
    897.2672	      0.0000
    897.2927	      0.0000
    897.3182	    876.1847
    897.3437	   3719.9658
    897.3692	   6143.9180
    897.3947	   7603.9614
    897.4202	   5756.2988
    897.4457	   3186.6167
    897.4712	    585.3311
    897.4967	      0.0000
    897.5222	      0.0000
    897.5477	      0.0000
    897.5732	      0.0000
    897.7518	      0.0000
    897.7773	      0.0000
    897.8028	      0.0000
    897.8283	      0.0000
    897.8538	   1055.8401
    897.8794	   2182.4299
    897.9049	   3102.4507
    897.9304	   4720.5083
    897.9559	   2383.6907
    897.9814	   1188.6398
    898.0070	      0.0000
    898.0325	      0.0000
    898.0580	      0.0000
    898.0836	      0.0000
    898.2367	      0.0000
    898.2623	      0.0000
    898.2878	      0.0000
    898.3134	      0.0000
    898.3389	    533.8915
    898.3644	   2114.4451
    898.3900	   4243.0234
    898.4155	   6271.7168
    898.4411	   5730.7979
    898.4666	   3382.9082
    898.4922	   1336.1051
    898.5177	    451.7246
    898.5433	      0.0000
    898.5688	      0.0000
    898.5943	      0.0000
    898.6199	      0.0000
    903.3399	      0.0000
    903.3657	      0.0000
    903.3914	      0.0000
    903.4172	      0.0000
    903.4429	    978.4695
    903.4687	   2241.0779
    903.4944	   5354.0801
    903.5202	   5516.2007
    903.5460	   3529.6262
    903.5717	   1508.9849
    903.5975	    532.7187
    903.6233	      0.0000
    903.6490	      0.0000
    903.6748	      0.0000
    903.7006	      0.0000
    915.7506	      0.0000
    915.7769	      0.0000
    915.8032	      0.0000
    915.8295	      0.0000
    915.8557	    869.0308
    915.8820	   2803.8811
    915.9083	   5488.7026
    915.9346	   8152.2202
    915.9609	   7964.3408
    915.9872	   5087.0781
    916.0135	   2295.0591
    916.0398	    197.6306
    916.0661	      0.0000
    916.0924	      0.0000
    916.1187	      0.0000
    916.1450	      0.0000
    916.2502	      0.0000
    916.2765	      0.0000
    916.3028	      0.0000
    916.3292	      0.0000
    916.3555	    581.0490
    916.3818	   2568.1587
    916.4081	   5159.7002
    916.4344	   7922.5654
    916.4607	   7818.3892
    916.4870	   4819.6509
    916.5134	   2019.5225
    916.5397	     82.1776
    916.5660	      0.0000
    916.5923	      0.0000
    916.6186	      0.0000
    916.6450	      0.0000
    916.7503	      0.0000
    916.7766	      0.0000
    916.8029	      0.0000
    916.8293	      0.0000
    916.8556	    497.5072
    916.8819	   1572.5990
    916.9083	   4079.5146
    916.9346	   5705.4116
    916.9609	   4693.0654
    916.9873	   2658.2576
    917.0136	    939.8311
    917.0400	      0.0000
    917.0663	      0.0000
    917.0927	      0.0000
    917.1190	      0.0000
    936.2768	      0.0000
    936.3039	      0.0000
    936.3311	      0.0000
    936.3583	      0.0000
    936.3855	   1179.1968
    936.4127	   1799.6962
    936.4398	   2011.8807
    936.4670	   1682.3756
    936.4942	   1002.8307
    936.5214	      0.0000
    936.5486	      0.0000
    936.5758	      0.0000
    936.6030	      0.0000
    941.2696	      0.0000
    941.2970	      0.0000
    941.3244	      0.0000
    941.3518	      0.0000
    941.3792	   1012.4832
    941.4066	   1921.1567
    941.4340	   2403.8789
    941.4614	   2146.1213
    941.4888	   1348.2284
    941.5162	    525.4411
    941.5516	      0.0000
    941.5790	      0.0000
    941.6064	      0.0000
    941.6338	      0.0000
    941.6612	      0.0000
    941.6886	    782.2115
    941.7160	   3596.2495
    941.7434	   7577.1465
    941.7708	  11726.4795
    941.7982	  11529.0459
    941.8257	   7178.4395
    941.8531	   3066.4424
    941.8805	    426.1598
    941.8999	      0.0000
    941.9274	      0.0000
    941.9548	      0.0000
    941.9822	      0.0000
    942.0096	    140.3733
    942.0370	   1787.6571
    942.0645	   4778.6606
    942.0919	   7987.8276
    942.1193	   8509.3174
    942.1468	   5533.3687
    942.1742	   2533.9661
    942.2016	    451.2862
    942.2291	      0.0000
    942.2565	      0.0000
    942.2839	      0.0000
    942.3114	      0.0000
    942.3388	      0.0000
    942.3662	   1149.9847
    942.3937	   3787.3308
    942.4211	   6633.3389
    942.4486	   8548.8682
    942.4760	   6790.1406
    942.5035	   3873.8516
    942.5309	   1157.8217
    942.5583	      0.0000
    942.5858	      0.0000
    942.6132	      0.0000
    942.6407	      0.0000
    942.6682	      0.0000
    942.6956	    607.4205
    942.7231	   1612.6068
    942.7505	   2686.4275
    942.7780	   3149.0825
    942.8054	   2649.5786
    942.8329	   1522.5275
    942.8604	    504.5491
    942.8878	      0.0000
    942.9153	      0.0000
    942.9427	      0.0000
    942.9702	      0.0000
    942.9977	      0.0000
    943.0251	      0.0000
    943.0526	   1101.6163
    943.0801	   2019.1125
    943.1076	   2399.6909
    943.1350	   1925.4569
    943.1625	    980.4894
    943.1960	      0.0000
    943.2235	      0.0000
    943.2509	      0.0000
    943.2784	      0.0000
    944.2409	      0.0000
    944.2685	      0.0000
    944.2960	      0.0000
    944.3235	      0.0000
    944.3510	    576.8602
    944.3786	   2357.7683
    944.4061	   7226.6753
    944.4336	  12728.6943
    944.4611	  16985.6816
    944.4887	  13552.1426
    944.5162	   7866.7764
    944.5437	   2492.9590
    944.5713	    270.1687
    944.5992	      0.0000
    944.6268	      0.0000
    944.6543	      0.0000
    944.6818	      0.0000
    944.7369	      0.0000
    944.7645	      0.0000
    944.7920	      0.0000
    944.8196	      0.0000
    944.8471	    871.3135
    944.8747	   2725.2468
    944.9022	   7992.5259
    944.9298	  14430.5752
    944.9573	  20307.5508
    944.9849	  17699.6699
    945.0124	  10535.8477
    945.0400	   3968.7048
    945.0675	    314.0384
    945.0992	      0.0000
    945.1268	      0.0000
    945.1543	      0.0000
    945.1819	      0.0000
    945.2370	      0.0000
    945.2646	      0.0000
    945.2922	      0.0000
    945.3197	      0.0000
    945.3473	    373.8840
    945.3749	   1482.3827
    945.4024	   3591.8970
    945.4300	   6674.5674
    945.4576	   9933.2480
    945.4852	   9710.1035
    945.5127	   5990.1016
    945.5403	   2531.0425
    945.5679	    182.7966
    945.6026	      0.0000
    945.6302	      0.0000
    945.6578	      0.0000
    945.6854	      0.0000
    946.5963	      0.0000
    946.6240	      0.0000
    946.6516	      0.0000
    946.6792	      0.0000
    946.7068	   1295.3990
    946.7345	   4104.2148
    946.7621	   7419.1226
    946.7897	  10007.1211
    946.8174	   8076.4341
    946.8450	   4133.0801
    946.8726	    833.3337
    946.8941	      0.0000
    946.9217	      0.0000
    946.9494	      0.0000
    946.9770	    463.9079
    947.0047	   1391.0153
    947.0323	   3553.4199
    947.0599	  10177.9170
    947.0876	  18361.1074
    947.1152	  25141.9219
    947.1429	  20775.6914
    947.1705	  11855.0850
    947.1982	   3642.1987
    947.2258	      0.0000
    947.2476	      0.0000
    947.2753	      0.0000
    947.3030	      0.0000
    947.3306	    197.2469
    947.3583	   1786.6139
    947.3859	   5598.3447
    947.4136	  10660.2246
    947.4412	  14491.7754
    947.4689	  12110.1143
    947.4966	   6921.0063
    947.5242	   2295.0366
    947.5519	     81.4601
    947.5779	      0.0000
    947.6056	      0.0000
    947.6332	      0.0000
    947.6609	    173.3030
    947.6886	   1484.0770
    947.7162	   5096.5679
    947.7439	   9800.5029
    947.7716	  14128.1143
    947.7993	  12448.9814
    947.8270	   7437.2363
    947.8546	   2843.6152
    947.8823	    478.4021
    947.9060	      0.0000
    947.9337	      0.0000
    947.9613	      0.0000
    947.9890	      0.0000
    948.0167	    553.7510
    948.0444	   1974.7655
    948.0721	   4343.1787
    948.0998	   6380.7769
    948.1275	   5575.8120
    948.1552	   3114.0916
    948.1829	    885.9281
    948.2106	      0.0000
    948.2383	      0.0000
    948.2660	      0.0000
    948.2937	      0.0000
    965.1342	      0.0000
    965.1627	      0.0000
    965.1911	      0.0000
    965.2196	      0.0000
    965.2480	    725.6443
    965.2765	   1334.4072
    965.3049	   1806.3489
    965.3334	   1791.3743
    965.3618	   1222.6738
    965.3903	      0.0000
    965.4187	      0.0000
    965.4472	      0.0000
    965.4756	      0.0000
    967.1852	      0.0000
    967.2137	      0.0000
    967.2423	      0.0000
    967.2708	      0.0000
    967.2993	    861.5273
    967.3279	   1545.3395
    967.3564	   2096.1313
    967.3850	   2194.2463
    967.4135	   1736.0950
    967.4420	    964.6846
    967.4706	      0.0000
    967.4991	      0.0000
    967.5277	      0.0000
    967.5562	      0.0000
    967.7561	      0.0000
    967.7846	      0.0000
    967.8132	      0.0000
    967.8418	      0.0000
    967.8703	   1195.5015
    967.8989	   1957.8423
    967.9274	   2119.8262
    967.9560	   1571.1505
    967.9846	    738.3912
    968.0131	      0.0000
    968.0417	      0.0000
    968.0703	      0.0000
    968.0989	      0.0000
    970.2453	      0.0000
    970.2739	      0.0000
    970.3026	      0.0000
    970.3313	      0.0000
    970.3600	    969.4769
    970.3886	   1790.3761
    970.4173	   2175.3074
    970.4460	   1871.1370
    970.4747	   1133.0636
    970.5033	      0.0000
    970.5320	      0.0000
    970.5607	      0.0000
    970.5894	      0.0000
    990.9233	      0.0000
    990.9529	      0.0000
    990.9825	      0.0000
    991.0121	      0.0000
    991.0417	    664.3010
    991.0713	   1981.7582
    991.1009	   4394.1240
    991.1305	   5058.7476
    991.1601	   2950.8635
    991.1897	   1008.8703
    991.2193	      0.0000
    991.2489	      0.0000
    991.2785	      0.0000
    991.3081	      0.0000
    991.3377	      0.0000
    991.3673	    968.0156
    991.3969	   3587.6318
    991.4265	   6369.5532
    991.4561	   8390.2705
    991.4857	   6089.0767
    991.5154	   3128.1360
    991.5450	    447.2581
    991.5746	      0.0000
    991.6042	      0.0000
    991.6338	      0.0000
    991.6634	      0.0000
    991.6931	    435.0435
    991.7227	   1654.0618
    991.7523	   4553.3022
    991.7819	   6562.7319
    991.8116	   5547.1426
    991.8412	   3071.0684
    991.8708	    865.1276
    991.9005	      0.0000
    991.9301	      0.0000
    991.9597	      0.0000
    991.9894	      0.0000
    994.7215	      0.0000
    994.7512	      0.0000
    994.7810	      0.0000
    994.8107	      0.0000
    994.8405	   1352.2893
    994.8703	   1972.8564
    994.9000	   2170.1936
    994.9298	   1848.7498
    994.9596	   1202.1165
    994.9893	      0.0000
    995.0191	      0.0000
    995.0489	      0.0000
    995.0787	      0.0000
    995.1978	      0.0000
    995.2275	      0.0000
    995.2573	      0.0000
    995.2871	      0.0000
    995.3169	   1106.3296
    995.3467	   3798.8672
    995.3765	   6465.4390
    995.4063	   8833.0537
    995.4360	   8578.6582
    995.4658	   5940.6396
    995.4956	   2802.9773
    995.5254	    363.1618
    995.5331	      0.0000
    995.5629	      0.0000
    995.5927	      0.0000
    995.6225	      0.0000
    995.6523	      0.0000
    995.6821	   1094.6888
    995.7119	   6026.4658
    995.7417	  11225.8887
    995.7715	  14986.2832
    995.8013	  12160.2109
    995.8311	   7745.4512
    995.8609	   4026.7690
    995.8907	    391.2101
    995.9329	      0.0000
    995.9627	      0.0000
    995.9925	      0.0000
    996.0223	    116.1670
    996.0521	   3405.8857
    996.0820	   7474.6372
    996.1118	  11687.7979
    996.1416	  10312.5801
    996.1714	   6066.5371
    996.2012	   2108.9634
    996.2311	      0.0000
    996.2882	      0.0000
    996.3180	      0.0000
    996.3479	    905.5919
    996.3777	   3201.2231
    996.4075	   6257.6660
    996.4374	   9255.5010
    996.4672	  10256.5664
    996.4970	   7128.4258
    996.5269	   3606.2666
    996.5567	    576.5914
    996.5690	      0.0000
    996.5989	      0.0000
    996.6287	      0.0000
    996.6586	      0.0000
    996.6884	      0.0000
    996.7183	   1545.2185
    996.7481	   4593.5781
    996.7780	   8160.6685
    996.8078	   8287.0811
    996.8377	   5455.5513
    996.8675	    991.7424
    996.8974	      0.0000
    996.9272	      0.0000
    996.9571	      0.0000
    996.9869	      0.0000
    997.0168	      0.0000
    997.0467	    921.5824
    997.0765	   1994.7552
    997.1064	   2899.6824
    997.1363	   2792.0537
    997.1661	   1781.2239
    997.1960	    691.1531
    997.2259	      0.0000
    997.2557	      0.0000
    997.2856	      0.0000
    997.3155	      0.0000
    997.3454	      0.0000
    997.3752	   1389.9515
    997.4051	   2554.4031
    997.4350	   3168.8755
    997.4649	   2769.2566
    997.4948	   1677.0635
    997.5246	    643.3287
    997.5545	      0.0000
    997.5844	      0.0000
    997.6143	      0.0000
    997.6442	      0.0000
    998.7510	      0.0000
    998.7810	      0.0000
    998.8109	      0.0000
    998.8408	      0.0000
    998.8708	    768.4747
    998.9007	   1651.7825
    998.9307	   2176.6414
    998.9606	   1942.3601
    998.9906	   1136.9871
    999.0205	      0.0000
    999.0505	      0.0000
    999.0804	      0.0000
    999.1104	      0.0000
    999.2302	      0.0000
    999.2602	      0.0000
    999.2901	      0.0000
    999.3201	      0.0000
    999.3501	    873.2738
    999.3800	   1866.4635
    999.4100	   2761.2844
    999.4400	   2991.7629
    999.4699	   2380.6379
    999.4999	   1337.4857
    999.5481	      0.0000
    999.5781	      0.0000
    999.6081	      0.0000
    999.6381	      0.0000
   1000.5680	      0.0000
   1000.5981	      0.0000
   1000.6281	      0.0000
   1000.6581	      0.0000
   1000.6881	    528.5428
   1000.7182	   1880.2325
   1000.7482	   4879.8179
   1000.7782	   8298.6445
   1000.8082	   9914.5967
   1000.8383	   6734.2148
   1000.8683	   3269.9729
   1000.8983	    362.2693
   1000.9167	      0.0000
   1000.9468	      0.0000
   1000.9768	      0.0000
   1001.0068	    265.8599
   1001.0369	   2081.7490
   1001.0669	   6407.9580
   1001.0970	  11292.3096
   1001.1270	  15244.7393
   1001.1571	  11929.6875
   1001.1871	   6823.8516
   1001.2172	   2102.8401
   1001.2472	     19.8485
   1001.2783	      0.0000
   1001.3083	      0.0000
   1001.3384	      0.0000
   1001.3684	    939.6128
   1001.3985	   3743.5059
   1001.4285	   7403.5459
   1001.4586	  11152.0547
   1001.4887	   9636.8672
   1001.5187	   5511.5400
   1001.5488	   1863.7225
   1001.5789	      0.0000
   1001.5932	      0.0000
   1001.6233	      0.0000
   1001.6533	      0.0000
   1001.6834	    434.1270
   1001.7135	   3416.9226
   1001.7435	   7860.1255
   1001.7736	  12958.4883
   1001.8037	  13224.5137
   1001.8338	   8448.7490
   1001.8638	   4163.6191
   1001.8939	   1162.1418
   1001.9321	      0.0000
   1001.9622	      0.0000
   1001.9923	      0.0000
   1002.0224	    645.9335
   1002.0525	   1718.2168
   1002.0826	   4268.7236
   1002.1127	   7047.1230
   1002.1428	   7226.2656
   1002.1728	   4303.1655
   1002.2029	   1736.6326
   1002.2330	      0.0000
   1002.2631	      0.0000
   1002.2932	      0.0000
   1002.3233	      0.0000
   1002.3534	      0.0000
   1002.3835	    976.1586
   1002.4136	   2340.9993
   1002.4437	   4988.5581
   1002.4738	   5341.8325
   1002.5040	   3282.0256
   1002.5341	   1381.7578
   1002.5642	      0.0000
   1002.5943	      0.0000
   1002.6244	      0.0000
   1002.6545	      0.0000
   1017.2675	      0.0000
   1017.2982	      0.0000
   1017.3290	      0.0000
   1017.3598	      0.0000
   1017.3906	   1354.6180
   1017.4214	   2358.7517
   1017.4521	   3098.9343
   1017.4829	   3110.5339
   1017.5137	   2354.3245
   1017.5445	   1274.0907
   1017.5753	      0.0000
   1017.6061	      0.0000
   1017.6369	      0.0000
   1017.6677	      0.0000
   1017.7601	      0.0000
   1017.7909	      0.0000
   1017.8217	      0.0000
   1017.8525	      0.0000
   1017.8833	    570.2783
   1017.9141	   1900.2688
   1017.9449	   4198.9448
   1017.9757	   6568.5713
   1018.0065	   6129.6396
   1018.0373	   3645.9753
   1018.0681	   1380.0428
   1018.0989	      0.0000
   1018.1297	      0.0000
   1018.1606	      0.0000
   1018.1914	      0.0000
   1025.2543	      0.0000
   1025.2854	      0.0000
   1025.3166	      0.0000
   1025.3477	      0.0000
   1025.3789	    792.3558
   1025.4100	   3743.1853
   1025.4412	   6292.8726
   1025.4723	   8043.1162
   1025.5035	   6220.1226
   1025.5346	   3464.2485
   1025.5658	    674.4622
   1025.6048	      0.0000
   1025.6360	      0.0000
   1025.6671	      0.0000
   1025.6983	      0.0000
   1025.7294	      0.0000
   1025.7606	      0.0000
   1025.7918	      0.0000
   1025.8229	      0.0000
   1025.8541	    423.0194
   1025.8853	   1557.1875
   1025.9164	   5244.1431
   1025.9476	  10127.7061
   1025.9788	  14933.7363
   1026.0099	  13712.6074
   1026.0411	   8349.4395
   1026.0723	   3299.3689
   1026.1035	    354.1042
   1026.1267	      0.0000
   1026.1579	      0.0000
   1026.1891	      0.0000
   1026.2203	      0.0000
   1026.2515	      0.0000
   1026.2827	      0.0000
   1026.3138	      0.0000
   1026.3450	      0.0000
   1026.3762	    416.3716
   1026.4074	   1591.1017
   1026.4386	   4997.2949
   1026.4698	   7060.9058
   1026.5010	   6410.5464
   1026.5322	   3735.2795
   1026.5634	   1242.2388
   1026.5946	      0.0000
   1026.6258	      0.0000
   1026.6570	      0.0000
   1026.6882	      0.0000
   1039.2528	      0.0000
   1039.2846	      0.0000
   1039.3163	      0.0000
   1039.3481	      0.0000
   1039.3799	    814.8341
   1039.4117	   1850.9713
   1039.4435	   2933.0234
   1039.4753	   4897.3257
   1039.5071	   2809.1499
   1039.5389	   1643.1025
   1039.5706	    623.5419
   1039.6024	      0.0000
   1039.6342	      0.0000
   1039.6660	      0.0000
   1039.6978	      0.0000
   1039.9523	      0.0000
   1039.9841	      0.0000
   1040.0159	      0.0000
   1040.0477	      0.0000
   1040.0795	   1433.8577
   1040.1113	   2661.6431
   1040.1432	   4959.4609
   1040.1750	   3987.1289
   1040.2068	   2018.6178
   1040.2386	    946.8889
   1040.2705	      0.0000
   1040.3023	      0.0000
   1040.3341	      0.0000
   1040.3659	    786.9916
   1040.3978	   2405.3938
   1040.4296	   4701.9204
   1040.4614	   6799.5854
   1040.4933	   5918.2520
   1040.5251	   3294.2427
   1040.5569	    718.4673
   1040.5888	      0.0000
   1040.6206	      0.0000
   1040.6525	      0.0000
   1040.6843	      0.0000
   1044.9005	      0.0000
   1044.9326	      0.0000
   1044.9646	      0.0000
   1044.9966	      0.0000
   1045.0287	    529.0167
   1045.0607	   2580.9719
   1045.0928	   5090.7842
   1045.1248	   7753.5337
   1045.1569	   7912.3315
   1045.1889	   5005.9746
   1045.2210	   2177.0488
   1045.2530	      0.0000
   1045.2851	      0.0000
   1045.3171	      0.0000
   1045.3492	      0.0000
   1045.3813	      0.0000
   1045.4133	   1155.3551
   1045.4454	   1922.8833
   1045.4775	   2249.0405
   1045.5095	   1807.6310
   1045.5416	    941.5041
   1045.5737	      0.0000
   1045.6057	      0.0000
   1045.6378	      0.0000
   1045.6699	      0.0000
   1045.7019	    645.9421
   1045.7340	   2146.5974
   1045.7661	   4501.1240
   1045.7982	   6875.2402
   1045.8303	   6181.3628
   1045.8623	   3472.6309
   1045.8944	    976.2629
   1045.9265	      0.0000
   1045.9586	      0.0000
   1045.9907	      0.0000
   1046.0228	      0.0000
   1046.0549	   1084.6204
   1046.0869	   1955.8031
   1046.1190	   2797.2336
   1046.1511	   2975.0027
   1046.1832	   2300.8679
   1046.2153	   1248.4445
   1046.2474	      0.0000
   1046.2795	      0.0000
   1046.3116	      0.0000
   1046.3437	      0.0000
   1049.2714	      0.0000
   1049.3036	      0.0000
   1049.3359	      0.0000
   1049.3681	      0.0000
   1049.4003	    696.0400
   1049.4326	   1926.1923
   1049.4648	   2987.4578
   1049.4971	   3870.9517
   1049.5293	   2201.0020
   1049.5616	   1093.7946
   1049.6061	      0.0000
   1049.6383	      0.0000
   1049.6706	      0.0000
   1049.7028	    494.3002
   1049.7351	   2729.9775
   1049.7674	   6256.1519
   1049.7996	  10129.8760
   1049.8319	  10799.6553
   1049.8642	   7018.8843
   1049.8964	   3272.5610
   1049.9287	    228.2234
   1049.9556	      0.0000
   1049.9878	      0.0000
   1050.0201	      0.0000
   1050.0524	   1199.4152
   1050.0846	   4806.1221
   1050.1169	   8983.9131
   1050.1492	  12666.6016
   1050.1815	  10538.9668
   1050.2138	   6152.3809
   1050.2460	   1792.5883
   1050.2783	      0.0000
   1050.3135	      0.0000
   1050.3458	      0.0000
   1050.3781	   1092.3485
   1050.4104	   5112.9014
   1050.4427	  10022.5342
   1050.4750	  14892.1797
   1050.5073	  13524.2432
   1050.5396	   7975.0859
   1050.5719	   2864.6023
   1050.6042	      0.0000
   1050.6267	      0.0000
   1050.6590	      0.0000
   1050.6913	      0.0000
   1050.7236	   1274.1538
   1050.7560	   3985.8503
   1050.7883	   6637.1611
   1050.8206	   8007.8667
   1050.8529	   5798.3535
   1050.8852	   2980.1064
   1050.9175	    906.0867
   1050.9498	      0.0000
   1050.9821	      0.0000
   1051.0145	      0.0000
   1051.0468	      0.0000
   1054.9036	      0.0000
   1054.9361	      0.0000
   1054.9686	      0.0000
   1055.0011	      0.0000
   1055.0336	    839.4114
   1055.0661	   3258.5703
   1055.0986	   5518.3008
   1055.1311	   7159.2227
   1055.1636	   5703.7744
   1055.1961	   3159.5530
   1055.2287	    554.9348
   1055.2612	      0.0000
   1055.2937	      0.0000
   1055.3262	      0.0000
   1055.3587	      0.0000
   1055.3912	   1459.0753
   1055.4238	   3551.3696
   1055.4563	   5334.8828
   1055.4888	   5103.8584
   1055.5213	   3082.6323
   1055.5539	   1224.2183
   1055.5864	      0.0000
   1055.6189	      0.0000
   1055.6515	      0.0000
   1055.6840	      0.0000
   1055.7165	    800.1496
   1055.7491	   1999.5830
   1055.7816	   4500.5400
   1055.8142	   5054.1099
   1055.8467	   3165.1963
   1055.8792	   1230.9579
   1055.9118	      0.0000
   1055.9443	      0.0000
   1055.9769	      0.0000
   1056.0094	      0.0000
   1064.1614	      0.0000
   1064.1943	      0.0000
   1064.2272	      0.0000
   1064.2602	      0.0000
   1064.2931	   1505.1997
   1064.3260	   4031.0393
   1064.3590	   5754.1416
   1064.3919	   5012.7256
   1064.4248	   2201.2864
   1064.4578	    892.2957
   1064.4908	      0.0000
   1064.5237	      0.0000
   1064.5566	      0.0000
   1064.5896	      0.0000
   1068.2231	      0.0000
   1068.2563	      0.0000
   1068.2894	      0.0000
   1068.3225	      0.0000
   1068.3556	    990.6753
   1068.3887	   1941.8049
   1068.4219	   2754.4019
   1068.4550	   2920.1787
   1068.4881	   2301.2085
   1068.5212	   1300.4696
   1068.5544	      0.0000
   1068.5875	      0.0000
   1068.6206	      0.0000
   1068.6538	      0.0000
   1069.7481	      0.0000
   1069.7813	      0.0000
   1069.8145	      0.0000
   1069.8477	      0.0000
   1069.8809	   1427.6752
   1069.9141	   2445.5120
   1069.9473	   2946.8306
   1069.9805	   2606.5190
   1070.0137	   1675.7520
   1070.0469	    721.2693
   1070.0801	      0.0000
   1070.1133	      0.0000
   1070.1465	      0.0000
   1070.1797	      0.0000
   1071.7755	      0.0000
   1071.8087	      0.0000
   1071.8420	      0.0000
   1071.8753	      0.0000
   1071.9086	    798.4520
   1071.9419	   1632.6162
   1071.9752	   2044.2797
   1072.0085	   1754.5079
   1072.0418	   1019.6511
   1072.0751	      0.0000
   1072.1084	      0.0000
   1072.1417	      0.0000
   1072.1750	      0.0000
   1075.7136	      0.0000
   1075.7470	      0.0000
   1075.7805	      0.0000
   1075.8140	      0.0000
   1075.8474	    995.0108
   1075.8809	   1863.4971
   1075.9144	   2303.3804
   1075.9479	   1988.0759
   1075.9813	   1163.9813
   1076.0148	      0.0000
   1076.0483	      0.0000
   1076.0818	      0.0000
   1076.1153	      0.0000
   1076.7517	      0.0000
   1076.7853	      0.0000
   1076.8188	      0.0000
   1076.8523	      0.0000
   1076.8858	   1229.7178
   1076.9193	   2049.0891
   1076.9529	   2422.8765
   1076.9864	   2135.8096
   1077.0199	   1398.6492
   1077.0534	      0.0000
   1077.0870	      0.0000
   1077.1205	      0.0000
   1077.1540	      0.0000
   1077.1876	      0.0000
   1077.2211	      0.0000
   1077.2546	      0.0000
   1077.2882	      0.0000
   1077.3217	    811.4827
   1077.3552	   2521.8818
   1077.3888	   4940.1504
   1077.4223	   7141.7515
   1077.4559	   6287.2476
   1077.4894	   3817.5325
   1077.5230	   1486.6864
   1077.5565	      0.0000
   1077.5901	      0.0000
   1077.6236	      0.0000
   1077.6572	      0.0000
   1077.7243	      0.0000
   1077.7579	      0.0000
   1077.7914	      0.0000
   1077.8250	      0.0000
   1077.8586	   1423.3453
   1077.8921	   2343.7561
   1077.9257	   2756.1338
   1077.9593	   2338.2722
   1077.9928	   1365.8241
   1078.0264	      0.0000
   1078.0600	      0.0000
   1078.0936	      0.0000
   1078.1271	      0.0000
   1079.7407	      0.0000
   1079.7744	      0.0000
   1079.8080	      0.0000
   1079.8417	      0.0000
   1079.8753	    786.4874
   1079.9090	   1775.1722
   1079.9427	   2529.8677
   1079.9763	   2512.5654
   1080.0100	   1741.6490
   1080.0436	    785.3354
   1080.0773	      0.0000
   1080.1110	      0.0000
   1080.1447	      0.0000
   1080.1783	      0.0000
   1080.2120	      0.0000
   1080.2457	      0.0000
   1080.2794	      0.0000
   1080.3130	      0.0000
   1080.3467	   1075.5598
   1080.3804	   2051.4551
   1080.4141	   2818.1338
   1080.4478	   2807.3574
   1080.4815	   1944.4658
   1080.5152	    801.1216
   1080.5489	      0.0000
   1080.5826	      0.0000
   1080.6163	      0.0000
   1080.6500	      0.0000
   1106.2677	      0.0000
   1106.3026	      0.0000
   1106.3375	      0.0000
   1106.3724	      0.0000
   1106.4073	   1188.7025
   1106.4422	   3392.2458
   1106.4771	   5606.3389
   1106.5120	   6192.4971
   1106.5469	   4158.8618
   1106.5819	   2044.3591
   1106.6168	    729.7256
   1106.6517	      0.0000
   1106.6866	      0.0000
   1106.7215	      0.0000
   1106.7565	      0.0000
   1106.7914	      0.0000
   1106.8263	      0.0000
   1106.8612	      0.0000
   1106.8962	    725.5741
   1106.9311	   1865.4415
   1106.9660	   4158.7803
   1107.0010	   5576.4038
   1107.0359	   4268.7842
   1107.0709	   1801.3782
   1107.1058	    632.8035
   1107.1408	      0.0000
   1107.1757	      0.0000
   1107.2107	      0.0000
   1107.2456	      0.0000
   1142.2324	      0.0000
   1142.2690	      0.0000
   1142.3057	      0.0000
   1142.3423	      0.0000
   1142.3789	   1493.7509
   1142.4155	   2154.8613
   1142.4522	   2382.8496
   1142.4888	   2067.9604
   1142.5254	   1402.1927
   1142.5621	      0.0000
   1142.5987	      0.0000
   1142.6353	      0.0000
   1142.6720	      0.0000
   1149.7392	      0.0000
   1149.7761	      0.0000
   1149.8131	      0.0000
   1149.8501	      0.0000
   1149.8871	    565.9078
   1149.9241	   1554.6891
   1149.9611	   2568.1890
   1149.9980	   2898.2500
   1150.0350	   2294.5535
   1150.0720	   1217.7345
   1150.1090	      0.0000
   1150.1460	      0.0000
   1150.1830	      0.0000
   1150.2200	      0.0000
   1157.1708	      0.0000
   1157.2081	      0.0000
   1157.2454	      0.0000
   1157.2828	      0.0000
   1157.3201	    923.7059
   1157.3575	   1825.0298
   1157.3948	   2852.4404
   1157.4322	   5776.9858
   1157.4695	   5032.9312
   1157.5069	   2216.6743
   1157.5442	   1141.2797
   1157.5816	      0.0000
   1157.6189	      0.0000
   1157.6563	      0.0000
   1157.6937	      0.0000
   1157.7310	      0.0000
   1157.7684	      0.0000
   1157.8058	      0.0000
   1157.8431	      0.0000
   1157.8805	   1211.8555
   1157.9179	   1907.9697
   1157.9552	   2108.1162
   1157.9926	   1683.8365
   1158.0300	    955.6431
   1158.0674	      0.0000
   1158.1048	      0.0000
   1158.1421	      0.0000
   1158.1795	      0.0000
   1158.2169	      0.0000
   1158.2543	      0.0000
   1158.2917	      0.0000
   1158.3291	      0.0000
   1158.3665	    798.7030
   1158.4039	   1932.1970
   1158.4413	   2894.4595
   1158.4787	   3017.2717
   1158.5161	   2224.0671
   1158.5535	   1106.6658
   1158.5909	      0.0000
   1158.6283	      0.0000
   1158.6657	      0.0000
   1158.7031	      0.0000
   1158.7405	      0.0000
   1158.7780	      0.0000
   1158.8154	      0.0000
   1158.8528	      0.0000
   1158.8902	   1337.1793
   1158.9276	   2172.7214
   1158.9651	   2528.0720
   1159.0025	   2132.2913
   1159.0399	   1250.7753
   1159.0773	      0.0000
   1159.1148	      0.0000
   1159.1522	      0.0000
   1159.1896	      0.0000
   1159.2271	      0.0000
   1159.2645	      0.0000
   1159.3020	      0.0000
   1159.3394	      0.0000
   1159.3768	    944.2408
   1159.4143	   1772.2473
   1159.4517	   2351.4519
   1159.4892	   2352.3945
   1159.5266	   1784.5950
   1159.5641	    975.8578
   1159.6016	      0.0000
   1159.6390	      0.0000
   1159.6765	      0.0000
   1159.7139	      0.0000
   1187.3190	      0.0000
   1187.3578	      0.0000
   1187.3966	      0.0000
   1187.4354	      0.0000
   1187.4742	   1365.7295
   1187.5130	   2219.9224
   1187.5519	   2346.6226
   1187.5907	   1673.9213
   1187.6295	    743.4487
   1187.6684	      0.0000
   1187.7072	      0.0000
   1187.7461	      0.0000
   1187.7849	      0.0000
   1223.2338	      0.0000
   1223.2743	      0.0000
   1223.3149	      0.0000
   1223.3555	      0.0000
   1223.3961	   1342.9142
   1223.4367	   2371.3208
   1223.4773	   2760.5737
   1223.5179	   2207.5417
   1223.5585	   1156.7391
   1223.5991	      0.0000
   1223.6397	      0.0000
   1223.6803	      0.0000
   1223.7209	      0.0000
   1228.7714	      0.0000
   1228.8123	      0.0000
   1228.8532	      0.0000
   1228.8940	      0.0000
   1228.9349	    742.4357
   1228.9758	   2330.1982
   1229.0166	   4533.8872
   1229.0575	   6627.6694
   1229.0984	   6043.9658
   1229.1392	   3716.5811
   1229.1801	   1471.0741
   1229.2210	      0.0000
   1229.2619	      0.0000
   1229.3027	      0.0000
   1229.3436	      0.0000
   2868.7681	      0.0000
   2868.9138	      0.0000
   2869.0596	      0.0000
   2869.2054	      0.0000
