# ljz_20131022_MR_Chym1_ELUTE.mzML
#
# index: 4521
# id: controllerType=0 controllerNumber=1 scan=10727
# scanNumber: 10727
# massAnalyzerType: quadrupole
# scanEvent: 2
# msLevel: 2
# retentionTime: 2651.56
# filterString: FTMS + p NSI d Full ms2 766.90@hcd28.00 [100.00-1585.00]
# mzLow: 99.0036
# mzHigh: 1601.22
# basePeakMZ: 126.056
# basePeakIntensity: 81948.1
# totalIonCurrent: 641372
# precursorCount: 1
# precursor 0: 766.9 630354
# binary (1325): 
     99.0036	      0.0000
     99.0045	      0.0000
     99.0055	      0.0000
     99.0064	      0.0000
    100.1412	      0.0000
    100.1421	      0.0000
    100.1431	      0.0000
    100.1440	      0.0000
    100.1450	    544.1703
    100.1459	    925.7648
    100.1469	   1091.6171
    100.1478	    933.7994
    100.1488	    546.7168
    100.1497	      0.0000
    100.1507	      0.0000
    100.1516	      0.0000
    100.1526	      0.0000
    101.0648	      0.0000
    101.0657	      0.0000
    101.0667	      0.0000
    101.0677	      0.0000
    101.0686	    285.3719
    101.0696	   1015.2014
    101.0706	   1998.8827
    101.0715	   2690.2600
    101.0725	   2601.8450
    101.0734	   1804.7590
    101.0744	    858.7166
    101.0753	      0.0000
    101.0763	      0.0000
    101.0772	      0.0000
    101.0782	      0.0000
    108.8623	      0.0000
    108.8634	      0.0000
    108.8644	      0.0000
    108.8655	      0.0000
    108.8666	    449.7313
    108.8677	    892.8567
    108.8688	   1097.7183
    108.8698	    906.5156
    108.8709	    454.5381
    108.8720	      0.0000
    108.8731	      0.0000
    108.8741	      0.0000
    108.8752	      0.0000
    110.0637	      0.0000
    110.0648	      0.0000
    110.0659	      0.0000
    110.0670	      0.0000
    110.0681	    738.4133
    110.0692	   2716.6384
    110.0703	   5427.2720
    110.0714	   8194.2217
    110.0725	   7749.9834
    110.0736	   4769.5015
    110.0747	   2056.8411
    110.0758	    254.1334
    110.0769	      0.0000
    110.0780	      0.0000
    110.0791	      0.0000
    110.0802	      0.0000
    111.0373	      0.0000
    111.0384	      0.0000
    111.0395	      0.0000
    111.0406	      0.0000
    111.0417	    359.1132
    111.0428	    959.6996
    111.0439	   1542.5430
    111.0450	   1658.1156
    111.0461	   1181.5833
    111.0473	    467.8183
    111.0483	      0.0000
    111.0494	      0.0000
    111.0506	      0.0000
    111.0517	      0.0000
    115.0295	      0.0000
    115.0307	      0.0000
    115.0319	      0.0000
    115.0331	      0.0000
    115.0342	    317.2543
    115.0354	    959.4116
    115.0366	   1755.5111
    115.0377	   2348.7219
    115.0389	   2404.2542
    115.0401	   1882.5176
    115.0413	   1094.9034
    115.0424	    460.6594
    115.0435	      0.0000
    115.0447	      0.0000
    115.0459	      0.0000
    115.0471	      0.0000
    120.0729	      0.0000
    120.0742	      0.0000
    120.0754	      0.0000
    120.0766	      0.0000
    120.0779	    631.8440
    120.0791	   1306.1691
    120.0804	   1799.4006
    120.0816	   1740.9305
    120.0829	   1143.6204
    120.0841	    432.1620
    120.0853	      0.0000
    120.0866	      0.0000
    120.0878	      0.0000
    120.0891	      0.0000
    125.0644	      0.0000
    125.0657	      0.0000
    125.0671	      0.0000
    125.0684	      0.0000
    125.0697	    778.2543
    125.0710	   1363.7751
    125.0724	   1611.1440
    125.0737	   1387.9727
    125.0750	    877.3552
    125.0765	      0.0000
    125.0779	      0.0000
    125.0792	      0.0000
    125.0805	      0.0000
    126.0414	      0.0000
    126.0427	      0.0000
    126.0441	      0.0000
    126.0454	      0.0000
    126.0468	    920.9761
    126.0481	   1749.7416
    126.0495	   2849.0649
    126.0508	   7810.2363
    126.0521	  24825.7695
    126.0535	  50512.5352
    126.0548	  77973.7188
    126.0562	  78740.3203
    126.0575	  50859.9492
    126.0589	  24366.1563
    126.0602	   5866.8428
    126.0615	    861.2915
    126.0631	      0.0000
    126.0644	      0.0000
    126.0658	      0.0000
    126.0671	      0.0000
    127.0285	      0.0000
    127.0299	      0.0000
    127.0313	      0.0000
    127.0326	      0.0000
    127.0340	    627.3870
    127.0353	   1656.2429
    127.0367	   4891.5308
    127.0380	   9218.9961
    127.0394	  13408.8838
    127.0408	  12070.8525
    127.0421	   7214.6641
    127.0435	   2776.4985
    127.0448	    132.1433
    127.0458	      0.0000
    127.0471	      0.0000
    127.0485	      0.0000
    127.0499	      0.0000
    127.0512	      0.0000
    127.0526	      0.0000
    127.0539	      0.0000
    127.0553	    600.1514
    127.0566	   1602.7560
    127.0580	   2604.7520
    127.0594	   2884.0342
    127.0607	   2239.5437
    127.0621	   1201.0763
    127.0634	    422.9895
    127.0648	      0.0000
    127.0661	      0.0000
    127.0675	      0.0000
    127.0689	      0.0000
    129.0927	      0.0000
    129.0941	      0.0000
    129.0955	      0.0000
    129.0969	      0.0000
    129.0983	    624.7240
    129.0997	   1310.7671
    129.1010	   1985.6049
    129.1024	   2174.2212
    129.1038	   1677.5950
    129.1052	    812.7147
    129.1066	      0.0000
    129.1080	      0.0000
    129.1094	      0.0000
    129.1108	      0.0000
    132.0517	      0.0000
    132.0532	      0.0000
    132.0546	      0.0000
    132.0561	      0.0000
    132.0575	    732.3439
    132.0589	   1172.0435
    132.0604	   1479.7299
    132.0618	   1405.3599
    132.0632	    903.4256
    132.0647	      0.0000
    132.0661	      0.0000
    132.0675	      0.0000
    132.0690	      0.0000
    134.9842	      0.0000
    134.9857	      0.0000
    134.9872	      0.0000
    134.9886	      0.0000
    134.9901	    617.8370
    134.9916	   1140.3456
    134.9931	   1367.4357
    134.9946	   1097.7875
    134.9961	    523.1683
    134.9976	      0.0000
    134.9990	      0.0000
    135.0005	      0.0000
    135.0020	      0.0000
    136.0662	      0.0000
    136.0677	      0.0000
    136.0692	      0.0000
    136.0707	      0.0000
    136.0722	    406.6083
    136.0737	   1221.9509
    136.0752	   1992.6132
    136.0767	   2189.9377
    136.0782	   1684.6632
    136.0797	    880.3798
    136.0815	      0.0000
    136.0830	      0.0000
    136.0845	      0.0000
    136.0860	      0.0000
    138.0418	      0.0000
    138.0434	      0.0000
    138.0449	      0.0000
    138.0464	      0.0000
    138.0480	    565.9386
    138.0495	   2186.8435
    138.0510	   7648.7207
    138.0526	  19747.6914
    138.0541	  33015.3828
    138.0557	  40065.4570
    138.0572	  29298.7285
    138.0587	  16262.8936
    138.0603	   4426.2915
    138.0618	    429.7957
    138.0631	      0.0000
    138.0646	      0.0000
    138.0662	      0.0000
    138.0677	      0.0000
    144.0540	      0.0000
    144.0556	      0.0000
    144.0573	      0.0000
    144.0589	      0.0000
    144.0606	    622.2427
    144.0622	   1663.9498
    144.0638	   3855.2949
    144.0655	   5267.2480
    144.0671	   4108.3423
    144.0688	   2286.7397
    144.0704	    822.5991
    144.0720	      0.0000
    144.0737	      0.0000
    144.0753	      0.0000
    144.0770	      0.0000
    145.0381	      0.0000
    145.0398	      0.0000
    145.0414	      0.0000
    145.0431	      0.0000
    145.0447	    494.2924
    145.0464	   1562.4960
    145.0480	   3950.2893
    145.0497	   5352.0098
    145.0514	   4130.9883
    145.0530	   2275.5479
    145.0547	    831.3241
    145.0563	      0.0000
    145.0580	      0.0000
    145.0596	      0.0000
    145.0613	      0.0000
    146.0691	      0.0000
    146.0708	      0.0000
    146.0725	      0.0000
    146.0742	      0.0000
    146.0758	    500.0734
    146.0775	   1462.9882
    146.0792	   3606.1001
    146.0809	   5052.8662
    146.0825	   4296.0225
    146.0842	   1826.9120
    146.0859	    702.9500
    146.0876	      0.0000
    146.0893	      0.0000
    146.0909	      0.0000
    146.0926	      0.0000
    162.0608	      0.0000
    162.0627	      0.0000
    162.0647	      0.0000
    162.0666	      0.0000
    162.0686	    444.6233
    162.0706	   1027.4078
    162.0725	   1454.9988
    162.0745	   1397.4210
    162.0764	    889.7036
    162.0784	      0.0000
    162.0803	      0.0000
    162.0823	      0.0000
    162.0843	      0.0000
    163.0457	      0.0000
    163.0476	      0.0000
    163.0496	      0.0000
    163.0516	      0.0000
    163.0536	    513.8037
    163.0555	   1484.6238
    163.0575	   3964.9700
    163.0595	   6059.9741
    163.0615	   5867.7065
    163.0634	   3590.4812
    163.0654	   1475.3051
    163.0674	    647.0894
    163.0697	      0.0000
    163.0716	      0.0000
    163.0736	      0.0000
    163.0756	      0.0000
    168.0478	      0.0000
    168.0499	      0.0000
    168.0519	      0.0000
    168.0540	      0.0000
    168.0561	    431.9868
    168.0581	   1336.5402
    168.0602	   4117.7227
    168.0623	  10119.6768
    168.0643	  16652.9805
    168.0664	  19893.4707
    168.0685	  14477.3154
    168.0705	   7983.0796
    168.0726	   2233.0835
    168.0747	     56.5280
    168.0765	      0.0000
    168.0785	      0.0000
    168.0806	      0.0000
    168.0827	      0.0000
    175.1040	      0.0000
    175.1062	      0.0000
    175.1084	      0.0000
    175.1106	      0.0000
    175.1128	    556.9314
    175.1150	   1568.6501
    175.1172	   4115.9458
    175.1194	   5333.3306
    175.1216	   4170.0474
    175.1238	   2322.9038
    175.1260	    882.0544
    175.1282	      0.0000
    175.1304	      0.0000
    175.1326	      0.0000
    175.1348	      0.0000
    183.0976	      0.0000
    183.1000	      0.0000
    183.1023	      0.0000
    183.1047	      0.0000
    183.1070	    544.9212
    183.1094	   1360.7374
    183.1117	   2064.6006
    183.1141	   2132.2661
    183.1164	   1501.6136
    183.1188	    662.1894
    183.1199	      0.0000
    183.1222	      0.0000
    183.1246	      0.0000
    183.1269	      0.0000
    186.0576	      0.0000
    186.0600	      0.0000
    186.0624	      0.0000
    186.0649	      0.0000
    186.0673	    342.7559
    186.0697	   3625.4324
    186.0721	   7883.5161
    186.0745	  12264.8799
    186.0769	  11489.3691
    186.0793	   7203.4590
    186.0817	   3508.5371
    186.0841	    617.8849
    186.0878	      0.0000
    186.0902	      0.0000
    186.0926	      0.0000
    186.0950	      0.0000
    203.0863	      0.0000
    203.0890	      0.0000
    203.0918	      0.0000
    203.0945	      0.0000
    203.0973	    677.8326
    203.1000	   1208.8756
    203.1028	   1497.7401
    203.1055	   1311.0424
    203.1082	    758.4061
    203.1113	      0.0000
    203.1141	      0.0000
    203.1168	      0.0000
    203.1196	      0.0000
    204.0619	      0.0000
    204.0647	      0.0000
    204.0675	      0.0000
    204.0702	      0.0000
    204.0730	    899.0772
    204.0758	   2366.6465
    204.0785	   8317.1533
    204.0813	  25863.9258
    204.0841	  46296.2422
    204.0868	  63847.5313
    204.0896	  53549.5313
    204.0924	  32067.6074
    204.0951	  12156.9229
    204.0979	   2826.1433
    204.1007	    558.8569
    204.1032	      0.0000
    204.1059	      0.0000
    204.1087	      0.0000
    204.1115	      0.0000
    205.0691	      0.0000
    205.0719	      0.0000
    205.0747	      0.0000
    205.0775	      0.0000
    205.0802	    389.2628
    205.0830	   1131.8519
    205.0858	   2207.4033
    205.0886	   3046.8579
    205.0914	   4593.8975
    205.0942	   2201.0022
    205.0970	   1081.7255
    205.0997	    325.2246
    205.1025	      0.0000
    205.1053	      0.0000
    205.1081	      0.0000
    205.1109	      0.0000
    206.0756	      0.0000
    206.0784	      0.0000
    206.0812	      0.0000
    206.0840	      0.0000
    206.0868	    611.8589
    206.0896	   1109.0663
    206.0924	   1365.9961
    206.0952	   1222.1752
    206.0980	    775.6244
    206.1008	      0.0000
    206.1036	      0.0000
    206.1064	      0.0000
    206.1092	      0.0000
    214.1006	      0.0000
    214.1036	      0.0000
    214.1065	      0.0000
    214.1095	      0.0000
    214.1125	    444.3805
    214.1154	    952.2020
    214.1184	   1364.3489
    214.1214	   1406.2245
    214.1244	   1017.3218
    214.1273	    450.6573
    214.1304	      0.0000
    214.1334	      0.0000
    214.1363	      0.0000
    214.1393	      0.0000
    216.0785	      0.0000
    216.0815	      0.0000
    216.0845	      0.0000
    216.0875	      0.0000
    216.0905	    447.0320
    216.0935	   1022.7639
    216.0966	   1479.9791
    216.0996	   1501.6376
    216.1026	   1068.4031
    216.1056	    491.1194
    216.1086	      0.0000
    216.1116	      0.0000
    216.1146	      0.0000
    216.1176	      0.0000
    225.0751	      0.0000
    225.0783	      0.0000
    225.0815	      0.0000
    225.0847	      0.0000
    225.0879	    433.1368
    225.0911	   1110.2080
    225.0943	   1905.4663
    225.0975	   2341.0732
    225.1007	   2081.6638
    225.1039	   1295.9769
    225.1071	    517.5753
    225.1104	      0.0000
    225.1136	      0.0000
    225.1168	      0.0000
    225.1200	      0.0000
    236.0842	      0.0000
    236.0876	      0.0000
    236.0910	      0.0000
    236.0945	      0.0000
    236.0979	    810.0085
    236.1014	   1247.2052
    236.1048	   1365.8199
    236.1082	   1077.7648
    236.1117	    574.0580
    236.1151	      0.0000
    236.1185	      0.0000
    236.1220	      0.0000
    236.1254	      0.0000
    242.1261	      0.0000
    242.1297	      0.0000
    242.1333	      0.0000
    242.1369	      0.0000
    242.1404	    685.9342
    242.1440	   1486.4615
    242.1476	   2284.0417
    242.1512	   2638.4558
    242.1547	   2326.6033
    242.1583	   1534.2677
    242.1619	    716.4328
    242.1656	      0.0000
    242.1692	      0.0000
    242.1727	      0.0000
    242.1763	      0.0000
    243.1120	      0.0000
    243.1156	      0.0000
    243.1192	      0.0000
    243.1228	      0.0000
    243.1264	    613.1722
    243.1300	   1149.0479
    243.1336	   1372.2343
    243.1372	   1095.9596
    243.1408	    537.4246
    243.1444	      0.0000
    243.1480	      0.0000
    243.1516	      0.0000
    243.1552	      0.0000
    244.0677	      0.0000
    244.0713	      0.0000
    244.0749	      0.0000
    244.0785	      0.0000
    244.0821	    473.7664
    244.0857	   1138.5867
    244.0894	   1767.0438
    244.0930	   1949.7898
    244.0966	   1558.4303
    244.1002	    865.6669
    244.1038	      0.0000
    244.1074	      0.0000
    244.1110	      0.0000
    244.1147	      0.0000
    249.1998	      0.0000
    249.2035	      0.0000
    249.2073	      0.0000
    249.2110	      0.0000
    249.2147	    705.3179
    249.2185	   1137.3684
    249.2222	   1379.3645
    249.2259	   1279.2865
    249.2297	    873.6588
    249.2334	      0.0000
    249.2371	      0.0000
    249.2408	      0.0000
    249.2446	      0.0000
    253.0652	      0.0000
    253.0690	      0.0000
    253.0728	      0.0000
    253.0767	      0.0000
    253.0805	    365.2390
    253.0843	   1055.1334
    253.0881	   2055.8923
    253.0919	   2739.6794
    253.0957	   2566.2129
    253.0996	   1651.2039
    253.1034	    669.4822
    253.1072	      0.0000
    253.1110	      0.0000
    253.1149	      0.0000
    253.1187	      0.0000
    277.0144	      0.0000
    277.0188	      0.0000
    277.0232	      0.0000
    277.0276	      0.0000
    277.0319	    488.3441
    277.0363	   2127.2944
    277.0407	   5868.4595
    277.0451	   9929.7920
    277.0494	  11564.2402
    277.0538	   7936.7104
    277.0582	   4002.7285
    277.0626	    897.2662
    277.0670	      0.0000
    277.0714	      0.0000
    277.0758	      0.0000
    277.0802	      0.0000
    288.1781	      0.0000
    288.1827	      0.0000
    288.1873	      0.0000
    288.1920	      0.0000
    288.1966	    937.4300
    288.2013	   1428.1002
    288.2059	   1472.0269
    288.2105	   1054.4208
    288.2152	    496.2321
    288.2199	      0.0000
    288.2245	      0.0000
    288.2292	      0.0000
    288.2338	      0.0000
    314.1234	      0.0000
    314.1287	      0.0000
    314.1340	      0.0000
    314.1393	      0.0000
    314.1445	    908.4391
    314.1498	   1914.9725
    314.1551	   2794.9258
    314.1604	   2978.6924
    314.1657	   2367.4270
    314.1709	   1400.9492
    314.1762	    615.0781
    314.1817	      0.0000
    314.1869	      0.0000
    314.1922	      0.0000
    314.1975	      0.0000
    317.0751	      0.0000
    317.0804	      0.0000
    317.0858	      0.0000
    317.0911	      0.0000
    317.0965	    462.4392
    317.1019	    966.4304
    317.1072	   1339.7649
    317.1126	   1343.8998
    317.1179	    992.7397
    317.1233	    518.9949
    317.1287	      0.0000
    317.1341	      0.0000
    317.1394	      0.0000
    317.1448	      0.0000
    353.0691	      0.0000
    353.0754	      0.0000
    353.0817	      0.0000
    353.0880	      0.0000
    353.0943	    415.0940
    353.1006	    975.5744
    353.1069	   1317.9287
    353.1132	   1186.0405
    353.1195	    689.3324
    353.1259	      0.0000
    353.1322	      0.0000
    353.1385	      0.0000
    353.1448	      0.0000
    384.9138	      0.0000
    384.9209	      0.0000
    384.9281	      0.0000
    384.9353	      0.0000
    384.9424	    508.9802
    384.9496	    995.5260
    384.9567	   1260.3896
    384.9639	   1124.1770
    384.9711	    691.2642
    384.9782	      0.0000
    384.9854	      0.0000
    384.9926	      0.0000
    384.9997	      0.0000
    389.1241	      0.0000
    389.1313	      0.0000
    389.1386	      0.0000
    389.1459	      0.0000
    389.1532	    605.4693
    389.1605	   1055.1952
    389.1677	   1400.8534
    389.1750	   1413.0421
    389.1823	   1032.6459
    389.1896	    478.3774
    389.1971	      0.0000
    389.2043	      0.0000
    389.2116	      0.0000
    389.2189	      0.0000
    410.0729	      0.0000
    410.0807	      0.0000
    410.0886	      0.0000
    410.0965	      0.0000
    410.1044	    610.0007
    410.1122	   1525.7133
    410.1201	   2630.9587
    410.1280	   4796.0259
    410.1359	   3795.0464
    410.1438	   1959.5344
    410.1516	    901.1959
    410.1597	      0.0000
    410.1676	      0.0000
    410.1755	      0.0000
    410.1833	      0.0000
    428.0929	      0.0000
    428.1013	      0.0000
    428.1097	      0.0000
    428.1181	      0.0000
    428.1265	    949.7653
    428.1349	   1413.0393
    428.1433	   1438.6835
    428.1517	    978.6349
    428.1602	    368.1817
    428.1685	      0.0000
    428.1770	      0.0000
    428.1854	      0.0000
    428.1938	      0.0000
    453.1813	      0.0000
    453.1905	      0.0000
    453.1996	      0.0000
    453.2088	      0.0000
    453.2179	    491.6002
    453.2271	   1065.2317
    453.2362	   1412.8145
    453.2454	   1225.4032
    453.2546	    640.0253
    453.2637	      0.0000
    453.2729	      0.0000
    453.2820	      0.0000
    453.2912	      0.0000
    458.2565	      0.0000
    458.2658	      0.0000
    458.2752	      0.0000
    458.2845	      0.0000
    458.2938	    858.8709
    458.3031	   1495.1965
    458.3124	   1682.3914
    458.3217	   1281.6324
    458.3310	    612.7772
    458.3405	      0.0000
    458.3498	      0.0000
    458.3591	      0.0000
    458.3684	      0.0000
    471.8487	      0.0000
    471.8584	      0.0000
    471.8681	      0.0000
    471.8779	      0.0000
    471.8876	    820.6755
    471.8973	   1123.4550
    471.9070	   1192.5684
    471.9168	    991.1287
    471.9265	    614.0703
    471.9365	      0.0000
    471.9462	      0.0000
    471.9559	      0.0000
    471.9656	      0.0000
    510.1837	      0.0000
    510.1946	      0.0000
    510.2055	      0.0000
    510.2165	      0.0000
    510.2274	    812.9293
    510.2383	   1859.2438
    510.2493	   2799.9380
    510.2602	   2983.8198
    510.2711	   2282.9937
    510.2821	   1218.2473
    510.2930	    452.1985
    510.3039	      0.0000
    510.3149	      0.0000
    510.3258	      0.0000
    510.3368	      0.0000
    522.6045	      0.0000
    522.6158	      0.0000
    522.6272	      0.0000
    522.6385	      0.0000
    522.6498	    672.4075
    522.6612	   1081.3037
    522.6725	   1264.2076
    522.6838	   1073.3777
    522.6952	    608.4880
    522.7065	      0.0000
    522.7178	      0.0000
    522.7292	      0.0000
    522.7405	      0.0000
    524.1491	      0.0000
    524.1605	      0.0000
    524.1719	      0.0000
    524.1832	      0.0000
    524.1946	    652.9948
    524.2060	   1142.1420
    524.2174	   1323.2609
    524.2288	   1041.9891
    524.2402	    488.4241
    524.2516	      0.0000
    524.2629	      0.0000
    524.2743	      0.0000
    524.2857	      0.0000
    528.1328	      0.0000
    528.1443	      0.0000
    528.1558	      0.0000
    528.1673	      0.0000
    528.1788	    586.5032
    528.1903	   1183.8862
    528.2018	   1650.8165
    528.2133	   1851.4310
    528.2249	   1765.1871
    528.2364	   1394.3411
    528.2479	    828.4794
    528.2594	      0.0000
    528.2709	      0.0000
    528.2824	      0.0000
    528.2940	      0.0000
    530.1879	      0.0000
    530.1995	      0.0000
    530.2111	      0.0000
    530.2227	      0.0000
    530.2343	    463.6004
    530.2459	   1037.9326
    530.2574	   1380.9109
    530.2690	   1296.3511
    530.2806	    866.6610
    530.2922	      0.0000
    530.3038	      0.0000
    530.3154	      0.0000
    530.3269	      0.0000
    541.1473	      0.0000
    541.1592	      0.0000
    541.1712	      0.0000
    541.1831	      0.0000
    541.1950	    679.1167
    541.2070	   1343.0806
    541.2189	   1817.7080
    541.2309	   1784.4380
    541.2428	   1253.8704
    541.2548	    588.0463
    541.2667	      0.0000
    541.2787	      0.0000
    541.2906	      0.0000
    541.3025	      0.0000
    548.1277	      0.0000
    548.1399	      0.0000
    548.1521	      0.0000
    548.1642	      0.0000
    548.1764	    418.2951
    548.1886	   1024.4418
    548.2008	   1355.5582
    548.2129	   1146.7532
    548.2251	    596.3277
    548.2373	      0.0000
    548.2495	      0.0000
    548.2617	      0.0000
    548.2738	      0.0000
    554.1289	      0.0000
    554.1412	      0.0000
    554.1536	      0.0000
    554.1660	      0.0000
    554.1784	    469.1232
    554.1907	   1326.4222
    554.2031	   2402.9077
    554.2155	   2924.6438
    554.2279	   2490.5142
    554.2402	   1458.6125
    554.2526	    557.5206
    554.2664	      0.0000
    554.2788	      0.0000
    554.2912	      0.0000
    554.3035	      0.0000
    555.2579	      0.0000
    555.2703	      0.0000
    555.2828	      0.0000
    555.2952	      0.0000
    555.3076	    826.3856
    555.3200	   3193.1108
    555.3324	  11382.8916
    555.3448	  23092.0527
    555.3572	  35453.2695
    555.3696	  34560.4219
    555.3821	  21838.1191
    555.3945	  10028.9063
    555.4069	   2243.7656
    555.4193	    246.4125
    555.4303	      0.0000
    555.4427	      0.0000
    555.4551	      0.0000
    555.4676	      0.0000
    556.2756	      0.0000
    556.2880	      0.0000
    556.3005	      0.0000
    556.3129	      0.0000
    556.3254	    537.3367
    556.3378	   3145.6401
    556.3503	   6068.9360
    556.3627	   8571.4053
    556.3752	   7235.1777
    556.3876	   4382.1240
    556.4001	   1845.9617
    556.4125	    419.2014
    556.4250	      0.0000
    556.4374	      0.0000
    556.4499	      0.0000
    556.4623	      0.0000
    573.1259	      0.0000
    573.1389	      0.0000
    573.1520	      0.0000
    573.1650	      0.0000
    573.1780	    639.3249
    573.1910	   1336.6984
    573.2040	   1909.0603
    573.2170	   1995.1404
    573.2301	   1521.5377
    573.2431	    797.8420
    573.2589	      0.0000
    573.2719	      0.0000
    573.2849	      0.0000
    573.2979	      0.0000
    626.2615	      0.0000
    626.2763	      0.0000
    626.2912	      0.0000
    626.3061	      0.0000
    626.3209	    733.5909
    626.3358	   1151.3077
    626.3507	   3393.3201
    626.3656	  11090.6680
    626.3804	  21312.7402
    626.3953	  31446.7559
    626.4102	  28897.0391
    626.4250	  17728.6074
    626.4399	   7379.0557
    626.4548	   1459.1377
    626.4697	     62.8983
    626.4856	      0.0000
    626.5004	      0.0000
    626.5153	      0.0000
    626.5302	      0.0000
    627.2895	      0.0000
    627.3044	      0.0000
    627.3193	      0.0000
    627.3342	      0.0000
    627.3491	    634.5317
    627.3640	   2390.3914
    627.3789	   5151.4160
    627.3938	   8175.9575
    627.4087	   8787.5381
    627.4236	   5850.4053
    627.4386	   2855.4468
    627.4535	    525.5850
    627.4646	      0.0000
    627.4795	      0.0000
    627.4944	      0.0000
    627.5094	      0.0000
    638.7514	      0.0000
    638.7667	      0.0000
    638.7820	      0.0000
    638.7973	      0.0000
    638.8126	    579.3247
    638.8280	   1215.8707
    638.8433	   1572.6331
    638.8586	   1413.1923
    638.8739	    884.1752
    638.8893	      0.0000
    638.9046	      0.0000
    638.9199	      0.0000
    638.9352	      0.0000
    677.2678	      0.0000
    677.2845	      0.0000
    677.3012	      0.0000
    677.3179	      0.0000
    677.3347	    665.4341
    677.3514	   1453.7134
    677.3681	   1988.6332
    677.3848	   1869.3633
    677.4016	   1180.0295
    677.4183	    433.1240
    677.4350	      0.0000
    677.4517	      0.0000
    677.4685	      0.0000
    677.4852	      0.0000
    707.1976	      0.0000
    707.2154	      0.0000
    707.2332	      0.0000
    707.2511	      0.0000
    707.2689	    910.6497
    707.2868	   1380.1636
    707.3046	   1475.0653
    707.3224	   1133.3951
    707.3403	    591.6998
    707.3581	      0.0000
    707.3760	      0.0000
    707.3938	      0.0000
    707.4117	      0.0000
    721.1912	      0.0000
    721.2096	      0.0000
    721.2280	      0.0000
    721.2464	      0.0000
    721.2647	    543.1097
    721.2831	   2140.0618
    721.3015	   4239.9517
    721.3198	   6284.5811
    721.3382	   5658.2617
    721.3566	   3312.1797
    721.3750	   1126.6337
    721.3934	    452.2556
    721.4117	      0.0000
    721.4301	      0.0000
    721.4485	      0.0000
    721.4669	      0.0000
    722.2027	      0.0000
    722.2211	      0.0000
    722.2395	      0.0000
    722.2579	      0.0000
    722.2763	    498.2038
    722.2948	   1084.8424
    722.3132	   1559.4979
    722.3316	   1596.6246
    722.3500	   1168.0692
    722.3684	    555.1542
    722.3868	      0.0000
    722.4053	      0.0000
    722.4237	      0.0000
    722.4421	      0.0000
    739.3467	      0.0000
    739.3658	      0.0000
    739.3849	      0.0000
    739.4039	      0.0000
    739.4230	    795.7934
    739.4421	   2966.0833
    739.4611	   5148.6401
    739.4802	   6756.3706
    739.4993	   5255.7988
    739.5184	   2914.9646
    739.5374	    596.0671
    739.5565	      0.0000
    739.5756	      0.0000
    739.5947	      0.0000
    739.6138	      0.0000
    740.3775	      0.0000
    740.3966	      0.0000
    740.4157	      0.0000
    740.4348	      0.0000
    740.4540	    837.5229
    740.4731	   1476.6055
    740.4922	   1659.8888
    740.5113	   1240.8048
    740.5304	    568.4721
    740.5545	      0.0000
    740.5736	      0.0000
    740.5927	      0.0000
    740.6118	      0.0000
    796.3362	      0.0000
    796.3575	      0.0000
    796.3788	      0.0000
    796.4001	      0.0000
    796.4214	    934.4667
    796.4428	   2875.3801
    796.4641	   8247.1855
    796.4854	  14105.8271
    796.5067	  17837.8711
    796.5280	  13222.1621
    796.5494	   7240.3813
    796.5707	   1713.3179
    796.5920	      0.0000
    796.6085	      0.0000
    796.6298	      0.0000
    796.6511	      0.0000
    796.6725	      0.0000
    797.3554	      0.0000
    797.3768	      0.0000
    797.3981	      0.0000
    797.4195	      0.0000
    797.4409	    623.8605
    797.4622	   2549.2493
    797.4836	   4522.4448
    797.5049	   5823.6777
    797.5263	   4266.6450
    797.5477	   2210.8110
    797.5690	    222.2063
    797.5957	      0.0000
    797.6171	      0.0000
    797.6384	      0.0000
    797.6598	      0.0000
    883.3388	      0.0000
    883.3637	      0.0000
    883.3886	      0.0000
    883.4135	      0.0000
    883.4384	    719.7071
    883.4633	   2345.0605
    883.4882	   6670.3979
    883.5131	  11450.5977
    883.5381	  14558.8516
    883.5630	  10910.3467
    883.5879	   6071.2017
    883.6128	   1579.2396
    883.6377	    125.8329
    883.6574	      0.0000
    883.6823	      0.0000
    883.7073	      0.0000
    883.7322	      0.0000
    884.3555	      0.0000
    884.3804	      0.0000
    884.4054	      0.0000
    884.4303	      0.0000
    884.4553	    624.0765
    884.4802	   2005.4836
    884.5052	   3951.0093
    884.5301	   5652.4453
    884.5551	   4686.0884
    884.5800	   2689.7773
    884.6050	    889.2069
    884.6300	      0.0000
    884.6550	      0.0000
    884.6800	      0.0000
    884.7049	      0.0000
    952.3787	      0.0000
    952.4066	      0.0000
    952.4345	      0.0000
    952.4624	      0.0000
    952.4903	   1118.5974
    952.5181	   2376.8711
    952.5460	   4901.7002
    952.5739	   3727.6104
    952.6018	   1954.8016
    952.6297	    932.1448
    952.6624	      0.0000
    952.6903	      0.0000
    952.7182	      0.0000
    952.7461	      0.0000
    998.3070	      0.0000
    998.3369	      0.0000
    998.3669	      0.0000
    998.3968	      0.0000
    998.4267	    532.4492
    998.4566	   1655.1584
    998.4865	   5713.1631
    998.5165	  12129.5889
    998.5464	  19015.3418
    998.5763	  19320.4727
    998.6063	  12419.3398
    998.6362	   5819.9170
    998.6661	   1222.5129
    998.6961	     44.5068
    998.7212	      0.0000
    998.7512	      0.0000
    998.7811	      0.0000
    998.8110	      0.0000
    999.3502	      0.0000
    999.3802	      0.0000
    999.4101	      0.0000
    999.4401	      0.0000
    999.4701	    651.1503
    999.5001	   2540.8726
    999.5300	   4619.6040
    999.5600	   5984.3721
    999.5900	   4284.5439
    999.6200	   2060.2344
    999.6499	     71.4493
    999.6799	      0.0000
    999.7099	      0.0000
    999.7399	      0.0000
    999.7699	      0.0000
   1002.2934	      0.0000
   1002.3235	      0.0000
   1002.3536	      0.0000
   1002.3837	      0.0000
   1002.4138	    691.1751
   1002.4439	   1704.1025
   1002.4740	   4166.3999
   1002.5041	   5244.3389
   1002.5342	   3917.0801
   1002.5643	   2117.4990
   1002.5944	    973.6809
   1002.6247	      0.0000
   1002.6548	      0.0000
   1002.6849	      0.0000
   1002.7150	      0.0000
   1123.3556	      0.0000
   1123.3913	      0.0000
   1123.4271	      0.0000
   1123.4628	      0.0000
   1123.4985	    789.5834
   1123.5342	   1541.0394
   1123.5699	   2012.9235
   1123.6057	   1856.7908
   1123.6414	   1176.7057
   1123.6771	      0.0000
   1123.7129	      0.0000
   1123.7486	      0.0000
   1123.7843	      0.0000
   1134.0381	      0.0000
   1134.0743	      0.0000
   1134.1105	      0.0000
   1134.1467	      0.0000
   1134.1830	    585.5475
   1134.2192	   1240.9203
   1134.2554	   1717.8044
   1134.2917	   1674.1765
   1134.3279	   1118.5553
   1134.3863	      0.0000
   1134.4226	      0.0000
   1134.4588	      0.0000
   1134.4950	      0.0000
   1166.2820	      0.0000
   1166.3198	      0.0000
   1166.3576	      0.0000
   1166.3954	      0.0000
   1166.4331	    792.8007
   1166.4709	   1533.4445
   1166.5087	   2841.2808
   1166.5465	   6839.8496
   1166.5843	  11764.1143
   1166.6221	  15872.4688
   1166.6599	  13308.5020
   1166.6977	   7702.3081
   1166.7355	   2406.3159
   1166.7733	      0.0000
   1166.7890	      0.0000
   1166.8268	      0.0000
   1166.8646	      0.0000
   1166.9024	      0.0000
   1167.3184	      0.0000
   1167.3562	      0.0000
   1167.3941	      0.0000
   1167.4319	      0.0000
   1167.4698	    577.6236
   1167.5076	   1759.6694
   1167.5454	   3798.0876
   1167.5833	   6029.7891
   1167.6211	   6390.1895
   1167.6590	   4260.8320
   1167.6968	   2111.7166
   1167.7347	    590.5482
   1167.7869	      0.0000
   1167.8247	      0.0000
   1167.8626	      0.0000
   1167.9004	      0.0000
   1183.2693	      0.0000
   1183.3079	      0.0000
   1183.3465	      0.0000
   1183.3851	      0.0000
   1183.4237	   1169.8505
   1183.4623	   1869.9470
   1183.5009	   3533.6946
   1183.5396	   8967.2129
   1183.5782	  19748.7852
   1183.6168	  31575.8965
   1183.6554	  35608.4297
   1183.6941	  24516.9941
   1183.7327	  12561.2559
   1183.7713	   2555.7112
   1183.8100	      0.0000
   1183.8561	      0.0000
   1183.8947	      0.0000
   1183.9334	      0.0000
   1183.9720	      0.0000
   1184.3585	      0.0000
   1184.3972	      0.0000
   1184.4358	      0.0000
   1184.4745	      0.0000
   1184.5132	   1150.4266
   1184.5518	   3064.6333
   1184.5905	   6900.5244
   1184.6292	  11163.4004
   1184.6678	  12339.2510
   1184.7065	   8169.2554
   1184.7452	   3841.7593
   1184.7839	    478.4225
   1184.8008	      0.0000
   1184.8394	      0.0000
   1184.8781	      0.0000
   1184.9168	      0.0000
   1185.3812	      0.0000
   1185.4199	      0.0000
   1185.4586	      0.0000
   1185.4974	      0.0000
   1185.5361	    876.6783
   1185.5748	   1298.3800
   1185.6135	   1461.3094
   1185.6522	   1242.6895
   1185.6910	    757.7257
   1185.7298	      0.0000
   1185.7686	      0.0000
   1185.8073	      0.0000
   1185.8460	      0.0000
   1276.4035	      0.0000
   1276.4468	      0.0000
   1276.4901	      0.0000
   1276.5333	      0.0000
   1276.5766	    709.8393
   1276.6199	   1328.9963
   1276.6631	   1647.4490
   1276.7064	   1431.7886
   1276.7497	    841.0459
   1276.7929	      0.0000
   1276.8362	      0.0000
   1276.8795	      0.0000
   1276.9228	      0.0000
   1293.3976	      0.0000
   1293.4417	      0.0000
   1293.4858	      0.0000
   1293.5299	      0.0000
   1293.5741	   1002.1266
   1293.6182	   1595.5569
   1293.6623	   1786.0167
   1293.7065	   1438.7505
   1293.7506	    788.8997
   1293.7948	      0.0000
   1293.8390	      0.0000
   1293.8831	      0.0000
   1293.9273	      0.0000
   1373.9207	      0.0000
   1373.9690	      0.0000
   1374.0173	      0.0000
   1374.0656	      0.0000
   1374.1139	   1085.9171
   1374.1622	   1735.3759
   1374.2106	   1894.9487
   1374.2589	   1437.5347
   1374.3072	    713.4142
   1374.3556	      0.0000
   1374.4039	      0.0000
   1374.4522	      0.0000
   1374.5005	      0.0000
   1386.4198	      0.0000
   1386.4688	      0.0000
   1386.5178	      0.0000
   1386.5668	      0.0000
   1386.6157	    815.4751
   1386.6647	   1568.3370
   1386.7137	   2039.5111
   1386.7627	   1874.7947
   1386.8117	   1180.3817
   1386.8595	      0.0000
   1386.9084	      0.0000
   1386.9574	      0.0000
   1387.0064	      0.0000
   1406.2646	      0.0000
   1406.3147	      0.0000
   1406.3647	      0.0000
   1406.4147	      0.0000
   1406.4647	    781.7217
   1406.5148	   1355.2361
   1406.5648	   1586.6735
   1406.6149	   1298.2205
   1406.6649	    698.5690
   1406.7149	      0.0000
   1406.7650	      0.0000
   1406.8150	      0.0000
   1406.8651	      0.0000
   1601.0393	      0.0000
   1601.1001	      0.0000
   1601.1608	      0.0000
   1601.2216	      0.0000
