# ljz_20131022_MR_Chym1_ELUTE.mzML
#
# index: 2248
# id: controllerType=0 controllerNumber=1 scan=7769
# scanNumber: 7769
# massAnalyzerType: quadrupole
# scanEvent: 2
# msLevel: 2
# retentionTime: 2120.17
# filterString: FTMS + p NSI d Full ms2 422.57@hcd28.00 [100.00-1315.00]
# mzLow: 99.0036
# mzHigh: 1328.42
# basePeakMZ: 394.749
# basePeakIntensity: 44681.5
# totalIonCurrent: 676438
# precursorCount: 1
# precursor 0: 422.566 531436
# binary (1884): 
     99.0036	      0.0000
     99.0045	      0.0000
     99.0055	      0.0000
     99.0064	      0.0000
    101.0648	      0.0000
    101.0657	      0.0000
    101.0667	      0.0000
    101.0677	      0.0000
    101.0686	    636.8425
    101.0696	   1629.3124
    101.0706	   3923.8521
    101.0715	   4672.8755
    101.0725	   3275.3298
    101.0734	   1641.2723
    101.0744	    728.4254
    101.0754	      0.0000
    101.0763	      0.0000
    101.0773	      0.0000
    101.0783	      0.0000
    102.0218	      0.0000
    102.0227	      0.0000
    102.0237	      0.0000
    102.0247	      0.0000
    102.0257	    610.7624
    102.0266	    916.4197
    102.0276	   1037.9138
    102.0286	    896.4899
    102.0296	    560.5270
    102.0305	      0.0000
    102.0315	      0.0000
    102.0325	      0.0000
    102.0335	      0.0000
    102.0501	      0.0000
    102.0511	      0.0000
    102.0521	      0.0000
    102.0530	      0.0000
    102.0540	    649.3845
    102.0550	   1084.3943
    102.0560	   1217.9940
    102.0569	    972.3046
    102.0579	    541.3399
    102.0589	      0.0000
    102.0599	      0.0000
    102.0608	      0.0000
    102.0618	      0.0000
    104.0645	      0.0000
    104.0655	      0.0000
    104.0665	      0.0000
    104.0675	      0.0000
    104.0685	    390.4883
    104.0695	    754.5121
    104.0705	   1014.7819
    104.0715	    996.1089
    104.0725	    697.5574
    104.0735	      0.0000
    104.0745	      0.0000
    104.0756	      0.0000
    104.0766	      0.0000
    106.0427	      0.0000
    106.0438	      0.0000
    106.0448	      0.0000
    106.0458	      0.0000
    106.0469	    276.9370
    106.0479	    881.9873
    106.0489	   2361.3613
    106.0500	   3896.5601
    106.0510	   3986.7949
    106.0520	   2493.7478
    106.0531	    875.0676
    106.0541	    222.2356
    106.0554	      0.0000
    106.0564	      0.0000
    106.0574	      0.0000
    106.0585	      0.0000
    110.0629	      0.0000
    110.0640	      0.0000
    110.0651	      0.0000
    110.0662	      0.0000
    110.0673	    776.8866
    110.0684	   2381.1150
    110.0695	   7454.7676
    110.0706	  13803.7383
    110.0717	  19595.4004
    110.0727	  16959.9785
    110.0738	  10139.6035
    110.0749	   3757.9724
    110.0760	    591.4977
    110.0768	      0.0000
    110.0779	      0.0000
    110.0790	      0.0000
    110.0801	      0.0000
    115.0799	      0.0000
    115.0811	      0.0000
    115.0822	      0.0000
    115.0834	      0.0000
    115.0846	    500.4314
    115.0857	    917.6158
    115.0869	   1107.8732
    115.0881	    939.3997
    115.0893	    541.7940
    115.0905	      0.0000
    115.0917	      0.0000
    115.0928	      0.0000
    115.0940	      0.0000
    117.0559	      0.0000
    117.0571	      0.0000
    117.0583	      0.0000
    117.0595	      0.0000
    117.0607	    361.7119
    117.0619	    796.9584
    117.0631	   3076.1584
    117.0643	   7567.3408
    117.0655	  12442.7139
    117.0667	  13967.2568
    117.0680	   9454.6240
    117.0692	   4765.6973
    117.0704	    991.8221
    117.0716	      0.0000
    117.0729	      0.0000
    117.0741	      0.0000
    117.0753	      0.0000
    117.0765	      0.0000
    120.0706	      0.0000
    120.0719	      0.0000
    120.0731	      0.0000
    120.0744	      0.0000
    120.0756	    231.0034
    120.0769	   1116.0997
    120.0781	   3926.8838
    120.0794	   8239.4795
    120.0806	  12874.9092
    120.0819	  13274.2520
    120.0831	   8667.2646
    120.0844	   4164.9678
    120.0856	    907.1917
    120.0868	      0.0000
    120.0879	      0.0000
    120.0891	      0.0000
    120.0904	      0.0000
    120.0916	      0.0000
    122.0732	      0.0000
    122.0745	      0.0000
    122.0757	      0.0000
    122.0770	      0.0000
    122.0783	    621.3766
    122.0796	   1284.1506
    122.0808	   1782.6085
    122.0821	   1753.6044
    122.0834	   1204.7754
    122.0847	    529.3148
    122.0859	      0.0000
    122.0872	      0.0000
    122.0885	      0.0000
    122.0898	      0.0000
    127.0784	      0.0000
    127.0797	      0.0000
    127.0811	      0.0000
    127.0825	      0.0000
    127.0838	    600.4950
    127.0852	   1359.5980
    127.0865	   1862.6910
    127.0879	   1681.1790
    127.0893	    980.4900
    127.0906	    350.6374
    127.0923	      0.0000
    127.0936	      0.0000
    127.0950	      0.0000
    127.0964	      0.0000
    129.0916	      0.0000
    129.0930	      0.0000
    129.0944	      0.0000
    129.0958	      0.0000
    129.0972	    380.0251
    129.0986	   1689.0056
    129.1000	   5336.1606
    129.1014	   9551.2012
    129.1028	  13119.8662
    129.1041	  10927.9688
    129.1055	   6417.0400
    129.1069	   2172.9111
    129.1083	    155.0103
    129.1094	      0.0000
    129.1108	      0.0000
    129.1121	      0.0000
    129.1135	      0.0000
    132.0906	      0.0000
    132.0920	      0.0000
    132.0935	      0.0000
    132.0949	      0.0000
    132.0964	    229.1052
    132.0978	    794.5233
    132.0992	   2955.9968
    132.1007	   4984.9111
    132.1021	   6260.7085
    132.1036	   4624.4282
    132.1050	   2508.7908
    132.1064	    434.0019
    132.1079	      0.0000
    132.1093	      0.0000
    132.1108	      0.0000
    132.1122	      0.0000
    132.1165	      0.0000
    132.1180	      0.0000
    132.1194	      0.0000
    132.1208	      0.0000
    132.1223	    469.8305
    132.1237	   1011.4590
    132.1252	   1348.6995
    132.1266	   1179.6370
    132.1281	    649.6627
    132.1295	      0.0000
    132.1309	      0.0000
    132.1324	      0.0000
    132.1338	      0.0000
    133.0505	      0.0000
    133.0520	      0.0000
    133.0534	      0.0000
    133.0549	      0.0000
    133.0563	    463.1780
    133.0578	   1411.8470
    133.0593	   3075.1287
    133.0607	   4639.9717
    133.0622	   4091.1440
    133.0636	   2409.3274
    133.0651	    833.9540
    133.0665	    363.8799
    133.0680	      0.0000
    133.0694	      0.0000
    133.0709	      0.0000
    133.0723	      0.0000
    134.9827	      0.0000
    134.9842	      0.0000
    134.9857	      0.0000
    134.9872	      0.0000
    134.9886	    407.4954
    134.9901	   1187.5371
    134.9916	   2898.9885
    134.9931	   4083.0227
    134.9946	   3376.3123
    134.9961	   1922.0491
    134.9976	    724.9197
    134.9993	      0.0000
    135.0008	      0.0000
    135.0023	      0.0000
    135.0038	      0.0000
    136.0634	      0.0000
    136.0649	      0.0000
    136.0664	      0.0000
    136.0680	      0.0000
    136.0695	    231.9707
    136.0710	    938.2894
    136.0725	   3278.0754
    136.0740	   6876.1387
    136.0755	  10719.2139
    136.0770	  10849.1924
    136.0785	   6963.9155
    136.0800	   3282.1785
    136.0815	    630.3884
    136.0830	      0.0000
    136.0845	      0.0000
    136.0860	      0.0000
    136.0875	      0.0000
    141.0898	      0.0000
    141.0914	      0.0000
    141.0930	      0.0000
    141.0946	      0.0000
    141.0962	    485.9696
    141.0977	   1029.2919
    141.0993	   3365.3125
    141.1009	   5947.1934
    141.1025	   7816.0713
    141.1041	   5972.4956
    141.1057	   3357.3142
    141.1073	    846.4539
    141.1089	      0.0000
    141.1105	      0.0000
    141.1121	      0.0000
    141.1137	      0.0000
    141.1152	      0.0000
    143.1046	      0.0000
    143.1062	      0.0000
    143.1078	      0.0000
    143.1094	      0.0000
    143.1111	    659.0779
    143.1127	   1306.5510
    143.1143	   4234.6758
    143.1159	   9011.5166
    143.1175	  14135.7148
    143.1192	  14471.2314
    143.1208	   9271.7900
    143.1224	   4289.0850
    143.1240	    767.8728
    143.1257	      0.0000
    143.1273	      0.0000
    143.1289	      0.0000
    143.1305	      0.0000
    145.0467	      0.0000
    145.0484	      0.0000
    145.0500	      0.0000
    145.0517	      0.0000
    145.0533	    762.7437
    145.0550	    948.5871
    145.0566	   2510.8474
    145.0583	   6590.3374
    145.0600	  11038.5527
    145.0616	  13154.2500
    145.0633	   9354.2676
    145.0649	   4925.3716
    145.0666	   1136.6884
    145.0682	    165.9147
    145.0696	      0.0000
    145.0712	      0.0000
    145.0729	      0.0000
    145.0745	      0.0000
    148.0499	      0.0000
    148.0516	      0.0000
    148.0534	      0.0000
    148.0551	      0.0000
    148.0568	    417.8105
    148.0585	    934.1998
    148.0602	   1267.2476
    148.0619	   1165.6121
    148.0636	    712.1515
    148.0654	      0.0000
    148.0671	      0.0000
    148.0688	      0.0000
    148.0705	      0.0000
    149.0150	      0.0000
    149.0167	      0.0000
    149.0184	      0.0000
    149.0202	      0.0000
    149.0219	    479.5097
    149.0236	    874.1683
    149.0253	   1021.2026
    149.0271	    826.6158
    149.0288	    450.5373
    149.0305	      0.0000
    149.0322	      0.0000
    149.0340	      0.0000
    149.0357	      0.0000
    152.0704	      0.0000
    152.0721	      0.0000
    152.0739	      0.0000
    152.0757	      0.0000
    152.0775	    518.8199
    152.0793	   1266.0599
    152.0810	   1941.8665
    152.0828	   2044.0836
    152.0846	   1510.2830
    152.0864	    754.9780
    152.0881	      0.0000
    152.0899	      0.0000
    152.0917	      0.0000
    152.0935	      0.0000
    155.0685	      0.0000
    155.0704	      0.0000
    155.0722	      0.0000
    155.0740	      0.0000
    155.0759	    800.7498
    155.0777	   2624.1013
    155.0795	   4825.5601
    155.0814	   6676.0283
    155.0832	   5389.6768
    155.0850	   3026.6521
    155.0868	    764.6201
    155.0889	      0.0000
    155.0907	      0.0000
    155.0926	      0.0000
    155.0944	      0.0000
    156.0626	      0.0000
    156.0645	      0.0000
    156.0663	      0.0000
    156.0682	      0.0000
    156.0700	    320.8698
    156.0719	   1541.4849
    156.0737	   4047.4604
    156.0756	   6781.8037
    156.0774	   8083.3916
    156.0793	   5796.5669
    156.0811	   3078.2908
    156.0830	    753.8453
    156.0846	      0.0000
    156.0865	      0.0000
    156.0883	      0.0000
    156.0902	      0.0000
    157.1200	      0.0000
    157.1219	      0.0000
    157.1238	      0.0000
    157.1256	      0.0000
    157.1275	    354.8244
    157.1294	   1814.5835
    157.1312	   3982.4402
    157.1331	   6215.7134
    157.1350	   5949.9321
    157.1368	   3680.7449
    157.1387	   1556.3685
    157.1406	    422.9871
    157.1425	      0.0000
    157.1443	      0.0000
    157.1462	      0.0000
    157.1481	      0.0000
    165.0426	      0.0000
    165.0446	      0.0000
    165.0466	      0.0000
    165.0487	      0.0000
    165.0507	    564.0842
    165.0527	   1157.9852
    165.0547	   1517.4802
    165.0567	   1372.1808
    165.0587	    835.9739
    165.0607	    290.8334
    165.0624	      0.0000
    165.0644	      0.0000
    165.0664	      0.0000
    165.0684	      0.0000
    165.0866	      0.0000
    165.0886	      0.0000
    165.0906	      0.0000
    165.0926	      0.0000
    165.0946	    111.2995
    165.0966	   1392.0630
    165.0986	   4047.7759
    165.1006	   6901.3428
    165.1026	   8015.9956
    165.1047	   5535.7192
    165.1067	   2842.5002
    165.1087	    690.6202
    165.1110	      0.0000
    165.1130	      0.0000
    165.1150	      0.0000
    165.1171	      0.0000
    166.0488	      0.0000
    166.0508	      0.0000
    166.0528	      0.0000
    166.0549	      0.0000
    166.0569	    313.2691
    166.0589	    874.8080
    166.0609	   1275.2531
    166.0630	   1209.0820
    166.0650	    754.9310
    166.0673	      0.0000
    166.0693	      0.0000
    166.0713	      0.0000
    166.0734	      0.0000
    167.0746	      0.0000
    167.0767	      0.0000
    167.0787	      0.0000
    167.0808	      0.0000
    167.0828	    149.7613
    167.0849	    954.1262
    167.0869	   3445.6738
    167.0890	  10433.4336
    167.0910	  18279.6953
    167.0931	  24426.1934
    167.0951	  19667.8691
    167.0972	  11589.2314
    167.0992	   3950.6863
    167.1013	    821.2335
    167.1033	    112.1032
    167.1051	      0.0000
    167.1071	      0.0000
    167.1092	      0.0000
    167.1112	      0.0000
    168.9854	      0.0000
    168.9875	      0.0000
    168.9896	      0.0000
    168.9917	      0.0000
    168.9937	    398.4337
    168.9958	    871.0447
    168.9979	   1211.2869
    169.0000	   1230.9769
    169.0021	    945.6327
    169.0042	    529.5699
    169.0062	      0.0000
    169.0083	      0.0000
    169.0104	      0.0000
    169.0125	      0.0000
    169.0938	      0.0000
    169.0959	      0.0000
    169.0980	      0.0000
    169.1001	      0.0000
    169.1022	    650.2554
    169.1042	   1835.6860
    169.1063	   3927.9983
    169.1084	   5975.8638
    169.1105	   5314.0059
    169.1126	   3109.5562
    169.1147	   1044.1316
    169.1168	    493.2019
    169.1190	      0.0000
    169.1210	      0.0000
    169.1231	      0.0000
    169.1252	      0.0000
    171.0971	      0.0000
    171.0993	      0.0000
    171.1014	      0.0000
    171.1035	      0.0000
    171.1056	    561.0945
    171.1077	   2408.4937
    171.1099	   5477.1621
    171.1120	   8810.9678
    171.1141	   9536.8057
    171.1162	   6360.4341
    171.1184	   3189.2791
    171.1205	    655.0394
    171.1225	      0.0000
    171.1246	      0.0000
    171.1267	      0.0000
    171.1288	      0.0000
    172.1270	      0.0000
    172.1291	      0.0000
    172.1312	      0.0000
    172.1334	      0.0000
    172.1355	    699.1255
    172.1377	   1201.2811
    172.1398	   1541.9924
    172.1420	   1500.5792
    172.1441	   1088.7526
    172.1462	    559.6293
    172.1484	      0.0000
    172.1506	      0.0000
    172.1527	      0.0000
    172.1549	      0.0000
    178.0394	      0.0000
    178.0416	      0.0000
    178.0439	      0.0000
    178.0461	      0.0000
    178.0484	    675.0214
    178.0506	   1365.7223
    178.0529	   1865.4015
    178.0551	   1849.3256
    178.0574	   1352.1093
    178.0596	    711.1887
    178.0619	      0.0000
    178.0641	      0.0000
    178.0664	      0.0000
    178.0687	      0.0000
    179.0782	      0.0000
    179.0804	      0.0000
    179.0827	      0.0000
    179.0850	      0.0000
    179.0873	    688.1959
    179.0895	   1564.7498
    179.0918	   2272.5657
    179.0941	   2285.7644
    179.0964	   1607.4713
    179.0986	    767.5004
    179.1010	      0.0000
    179.1032	      0.0000
    179.1055	      0.0000
    179.1078	      0.0000
    182.0656	      0.0000
    182.0679	      0.0000
    182.0703	      0.0000
    182.0726	      0.0000
    182.0749	    456.5032
    182.0773	   1067.1499
    182.0796	   1638.6531
    182.0819	   1766.4292
    182.0843	   1347.7852
    182.0866	    676.2838
    182.0889	      0.0000
    182.0912	      0.0000
    182.0936	      0.0000
    182.0959	      0.0000
    183.0976	      0.0000
    183.1000	      0.0000
    183.1023	      0.0000
    183.1047	      0.0000
    183.1070	    562.0256
    183.1094	   1227.6825
    183.1117	   1857.3612
    183.1141	   2066.7234
    183.1164	   1715.6539
    183.1188	   1043.7195
    183.1211	    453.9420
    183.1234	      0.0000
    183.1258	      0.0000
    183.1281	      0.0000
    183.1305	      0.0000
    185.0734	      0.0000
    185.0758	      0.0000
    185.0782	      0.0000
    185.0806	      0.0000
    185.0830	    226.6513
    185.0853	    854.8438
    185.0877	   3014.5112
    185.0901	   4955.0635
    185.0925	   5894.8047
    185.0949	   4191.7319
    185.0973	   2099.7588
    185.0997	    280.1916
    185.1021	      0.0000
    185.1045	      0.0000
    185.1068	      0.0000
    185.1092	      0.0000
    185.1116	      0.0000
    185.1140	      0.0000
    185.1164	      0.0000
    185.1188	      0.0000
    185.1212	    469.6125
    185.1236	   2165.3838
    185.1260	   4367.9092
    185.1283	   6259.7231
    185.1307	   5217.8252
    185.1331	   3015.8074
    185.1355	    970.9464
    185.1379	    459.8236
    185.1403	      0.0000
    185.1427	      0.0000
    185.1451	      0.0000
    185.1474	      0.0000
    187.0935	      0.0000
    187.0959	      0.0000
    187.0983	      0.0000
    187.1008	      0.0000
    187.1032	    545.9678
    187.1056	    905.7902
    187.1081	   1070.0939
    187.1105	    905.1712
    187.1129	    508.1089
    187.1154	      0.0000
    187.1178	      0.0000
    187.1202	      0.0000
    187.1227	      0.0000
    193.0914	      0.0000
    193.0939	      0.0000
    193.0965	      0.0000
    193.0990	      0.0000
    193.1016	    373.1547
    193.1041	   1010.5416
    193.1067	   1724.2061
    193.1092	   2017.0743
    193.1117	   1683.5692
    193.1143	    991.5524
    193.1168	    390.7019
    193.1194	      0.0000
    193.1219	      0.0000
    193.1245	      0.0000
    193.1270	      0.0000
    196.0753	      0.0000
    196.0779	      0.0000
    196.0805	      0.0000
    196.0831	      0.0000
    196.0857	    352.0756
    196.0883	    782.2022
    196.0909	   1017.4646
    196.0935	    878.4261
    196.0961	    484.0227
    196.0987	      0.0000
    196.1013	      0.0000
    196.1039	      0.0000
    196.1065	      0.0000
    199.1635	      0.0000
    199.1662	      0.0000
    199.1688	      0.0000
    199.1715	      0.0000
    199.1741	    461.8293
    199.1768	   1024.5880
    199.1795	   1427.5380
    199.1821	   1410.6947
    199.1848	    992.5757
    199.1875	    459.1418
    199.1901	      0.0000
    199.1928	      0.0000
    199.1955	      0.0000
    199.1981	      0.0000
    200.0892	      0.0000
    200.0918	      0.0000
    200.0945	      0.0000
    200.0972	      0.0000
    200.0999	    694.1104
    200.1026	   1172.0974
    200.1053	   1353.5718
    200.1079	   1115.0121
    200.1106	    635.3624
    200.1133	      0.0000
    200.1160	      0.0000
    200.1187	      0.0000
    200.1214	      0.0000
    201.1078	      0.0000
    201.1105	      0.0000
    201.1132	      0.0000
    201.1159	      0.0000
    201.1187	    625.0563
    201.1214	   1156.0463
    201.1241	   1346.4927
    201.1268	   1044.0679
    201.1295	    498.3676
    201.1324	      0.0000
    201.1351	      0.0000
    201.1378	      0.0000
    201.1405	      0.0000
    203.0783	      0.0000
    203.0810	      0.0000
    203.0837	      0.0000
    203.0865	      0.0000
    203.0892	     55.6920
    203.0920	    818.2006
    203.0947	   3414.0039
    203.0975	  10401.7471
    203.1002	  17981.7383
    203.1030	  23529.6348
    203.1057	  18353.2344
    203.1085	  10652.2939
    203.1112	   3372.7891
    203.1139	    658.3317
    203.1170	      0.0000
    203.1197	      0.0000
    203.1225	      0.0000
    203.1252	      0.0000
    210.0036	      0.0000
    210.0065	      0.0000
    210.0094	      0.0000
    210.0123	      0.0000
    210.0151	    302.7802
    210.0180	   1527.0487
    210.0209	   3987.1963
    210.0238	   6686.2480
    210.0267	   7898.9575
    210.0296	   5613.5313
    210.0325	   3024.6533
    210.0353	    723.6222
    210.0378	      0.0000
    210.0407	      0.0000
    210.0436	      0.0000
    210.0465	      0.0000
    210.9881	      0.0000
    210.9910	      0.0000
    210.9939	      0.0000
    210.9968	      0.0000
    210.9997	    303.7476
    211.0026	   1687.0747
    211.0055	   3789.7048
    211.0084	   6006.4077
    211.0113	   5782.7178
    211.0142	   3501.7410
    211.0172	   1386.7947
    211.0201	     72.5024
    211.0230	      0.0000
    211.0259	      0.0000
    211.0288	      0.0000
    211.0317	      0.0000
    213.0673	      0.0000
    213.0702	      0.0000
    213.0732	      0.0000
    213.0761	      0.0000
    213.0791	    450.5862
    213.0820	   2562.3804
    213.0850	   4696.7114
    213.0879	   6132.5610
    213.0909	   4874.1797
    213.0938	   3009.5754
    213.0968	    551.8179
    213.0997	      0.0000
    213.1027	      0.0000
    213.1056	      0.0000
    213.1086	      0.0000
    213.1115	      0.0000
    213.1145	    501.6418
    213.1174	    984.9861
    213.1204	   1466.0018
    213.1233	   1658.2570
    213.1263	   1404.0693
    213.1292	    829.4078
    213.1322	    275.1191
    213.1352	      0.0000
    213.1382	      0.0000
    213.1411	      0.0000
    213.1441	      0.0000
    221.0837	      0.0000
    221.0868	      0.0000
    221.0899	      0.0000
    221.0931	      0.0000
    221.0962	    634.5792
    221.0993	   1233.6616
    221.1024	   1674.6066
    221.1055	   1654.6837
    221.1087	   1179.9713
    221.1118	    569.0245
    221.1149	      0.0000
    221.1180	      0.0000
    221.1211	      0.0000
    221.1242	      0.0000
    225.0815	      0.0000
    225.0847	      0.0000
    225.0879	      0.0000
    225.0911	      0.0000
    225.0943	    769.1864
    225.0975	   1159.9137
    225.1007	   1168.9764
    225.1039	    789.9917
    225.1071	    315.4916
    225.1103	      0.0000
    225.1135	      0.0000
    225.1167	      0.0000
    225.1199	      0.0000
    226.0971	      0.0000
    226.1003	      0.0000
    226.1035	      0.0000
    226.1068	      0.0000
    226.1100	    510.3454
    226.1132	   1215.1243
    226.1165	   1844.6201
    226.1197	   1950.9314
    226.1229	   1451.2798
    226.1261	    718.3077
    226.1295	      0.0000
    226.1327	      0.0000
    226.1359	      0.0000
    226.1391	      0.0000
    228.1164	      0.0000
    228.1197	      0.0000
    228.1230	      0.0000
    228.1262	      0.0000
    228.1295	    419.2389
    228.1328	    857.9294
    228.1360	   1084.0856
    228.1393	    929.8609
    228.1426	    522.6119
    228.1458	      0.0000
    228.1491	      0.0000
    228.1523	      0.0000
    228.1556	      0.0000
    239.1379	      0.0000
    239.1414	      0.0000
    239.1449	      0.0000
    239.1484	      0.0000
    239.1519	    623.6592
    239.1554	   1165.2524
    239.1589	   1566.4736
    239.1625	   1567.5668
    239.1660	   1162.3674
    239.1695	    619.3031
    239.1730	      0.0000
    239.1765	      0.0000
    239.1800	      0.0000
    239.1835	      0.0000
    240.1090	      0.0000
    240.1125	      0.0000
    240.1160	      0.0000
    240.1196	      0.0000
    240.1231	    318.8566
    240.1266	    829.8192
    240.1302	   1478.2000
    240.1337	   1890.8829
    240.1372	   1795.9012
    240.1407	   1283.8323
    240.1443	    691.3888
    240.1478	      0.0000
    240.1513	      0.0000
    240.1549	      0.0000
    240.1584	      0.0000
    242.1261	      0.0000
    242.1297	      0.0000
    242.1333	      0.0000
    242.1369	      0.0000
    242.1404	    553.6581
    242.1440	   1049.4769
    242.1476	   1357.8196
    242.1512	   1248.2943
    242.1547	    797.7881
    242.1583	    311.4906
    242.1620	      0.0000
    242.1655	      0.0000
    242.1691	      0.0000
    242.1727	      0.0000
    252.0563	      0.0000
    252.0601	      0.0000
    252.0639	      0.0000
    252.0677	      0.0000
    252.0715	    505.3778
    252.0753	   1221.9865
    252.0791	   1791.0901
    252.0829	   1745.0350
    252.0867	   1150.0399
    252.0905	    484.9585
    252.0943	      0.0000
    252.0980	      0.0000
    252.1018	      0.0000
    252.1056	      0.0000
    253.0652	      0.0000
    253.0690	      0.0000
    253.0728	      0.0000
    253.0766	      0.0000
    253.0805	    367.4204
    253.0843	    965.3838
    253.0881	   1817.6537
    253.0919	   2389.0303
    253.0957	   2240.2358
    253.0996	   1466.2085
    253.1034	    609.7313
    253.1077	      0.0000
    253.1116	      0.0000
    253.1154	      0.0000
    253.1192	      0.0000
    258.1118	      0.0000
    258.1157	      0.0000
    258.1197	      0.0000
    258.1236	      0.0000
    258.1275	    127.8550
    258.1315	    876.8400
    258.1354	   3195.6453
    258.1393	   6801.7856
    258.1433	  10698.5303
    258.1472	  11163.3828
    258.1511	   7326.4111
    258.1551	   3594.9971
    258.1590	    756.9437
    258.1625	      0.0000
    258.1664	      0.0000
    258.1703	      0.0000
    258.1743	      0.0000
    268.1414	      0.0000
    268.1456	      0.0000
    268.1497	      0.0000
    268.1539	      0.0000
    268.1581	    305.3930
    268.1622	    812.8650
    268.1664	   1111.7113
    268.1706	   1007.3646
    268.1747	    623.0714
    268.1796	      0.0000
    268.1837	      0.0000
    268.1879	      0.0000
    268.1921	      0.0000
    269.0733	      0.0000
    269.0775	      0.0000
    269.0817	      0.0000
    269.0858	      0.0000
    269.0900	    212.2316
    269.0942	   1000.6335
    269.0984	   3806.3970
    269.1026	   7683.6973
    269.1068	  11658.2393
    269.1110	  11037.9658
    269.1151	   6798.2393
    269.1193	   2865.6023
    269.1235	    427.4923
    269.1270	      0.0000
    269.1312	      0.0000
    269.1354	      0.0000
    269.1396	      0.0000
    269.1438	      0.0000
    269.1480	      0.0000
    269.1522	      0.0000
    269.1563	    786.7328
    269.1605	   1092.5724
    269.1647	   1144.5376
    269.1689	    893.7160
    269.1731	    483.0202
    269.1774	      0.0000
    269.1816	      0.0000
    269.1858	      0.0000
    269.1900	      0.0000
    278.1332	      0.0000
    278.1376	      0.0000
    278.1420	      0.0000
    278.1464	      0.0000
    278.1508	    389.5944
    278.1552	   1113.7739
    278.1596	   2049.9336
    278.1640	   3928.9927
    278.1684	   3372.7847
    278.1728	   1615.6376
    278.1772	    764.2889
    278.1815	      0.0000
    278.1860	      0.0000
    278.1904	      0.0000
    278.1948	      0.0000
    280.0837	      0.0000
    280.0881	      0.0000
    280.0926	      0.0000
    280.0970	      0.0000
    280.1014	    548.2310
    280.1059	    843.9792
    280.1103	   1035.5782
    280.1148	    988.9520
    280.1192	    692.7211
    280.1236	      0.0000
    280.1281	      0.0000
    280.1325	      0.0000
    280.1370	      0.0000
    291.0485	      0.0000
    291.0532	      0.0000
    291.0579	      0.0000
    291.0626	      0.0000
    291.0673	    464.3941
    291.0720	   1012.3627
    291.0767	   1459.8428
    291.0814	   1499.3597
    291.0861	   1092.6857
    291.0909	    520.0148
    291.0957	      0.0000
    291.1004	      0.0000
    291.1051	      0.0000
    291.1098	      0.0000
    303.1051	      0.0000
    303.1101	      0.0000
    303.1151	      0.0000
    303.1201	      0.0000
    303.1252	    301.9351
    303.1302	    777.7931
    303.1352	   2002.5385
    303.1402	   3634.1860
    303.1452	   4811.1528
    303.1502	   3804.6904
    303.1552	   2203.4783
    303.1602	    659.9379
    303.1652	      0.0000
    303.1702	      0.0000
    303.1752	      0.0000
    303.1802	      0.0000
    308.0758	      0.0000
    308.0809	      0.0000
    308.0861	      0.0000
    308.0912	      0.0000
    308.0963	    397.4262
    308.1014	    924.3550
    308.1066	   1229.5100
    308.1117	   1056.4775
    308.1168	    566.2604
    308.1221	      0.0000
    308.1272	      0.0000
    308.1324	      0.0000
    308.1375	      0.0000
    318.5692	      0.0000
    318.5745	      0.0000
    318.5799	      0.0000
    318.5853	      0.0000
    318.5907	    184.4643
    318.5961	    810.7781
    318.6015	   1720.7622
    318.6069	   2327.7112
    318.6123	   2180.5698
    318.6177	   1424.8228
    318.6231	    619.8454
    318.6285	      0.0000
    318.6339	      0.0000
    318.6393	      0.0000
    318.6447	      0.0000
    321.1083	      0.0000
    321.1138	      0.0000
    321.1192	      0.0000
    321.1247	      0.0000
    321.1302	    406.2894
    321.1356	    805.8270
    321.1411	    985.4462
    321.1465	    803.5087
    321.1520	    397.6920
    321.1576	      0.0000
    321.1630	      0.0000
    321.1685	      0.0000
    321.1739	      0.0000
    346.1864	      0.0000
    346.1925	      0.0000
    346.1986	      0.0000
    346.2047	      0.0000
    346.2109	    719.8569
    346.2170	   1292.3395
    346.2231	   1488.7809
    346.2292	   1128.4615
    346.2353	    503.9872
    346.2415	      0.0000
    346.2477	      0.0000
    346.2538	      0.0000
    346.2599	      0.0000
    364.6154	      0.0000
    364.6220	      0.0000
    364.6286	      0.0000
    364.6352	      0.0000
    364.6418	    614.6711
    364.6484	    997.6204
    364.6550	   1119.6814
    364.6616	    898.4497
    364.6682	    486.9028
    364.6748	      0.0000
    364.6814	      0.0000
    364.6880	      0.0000
    364.6946	      0.0000
    368.1743	      0.0000
    368.1810	      0.0000
    368.1877	      0.0000
    368.1944	      0.0000
    368.2012	    583.9171
    368.2079	   1244.5553
    368.2146	   1668.1681
    368.2213	   1558.0925
    368.2280	   1018.9490
    368.2347	    448.2682
    368.2413	      0.0000
    368.2480	      0.0000
    368.2547	      0.0000
    368.2615	      0.0000
    386.1848	      0.0000
    386.1920	      0.0000
    386.1992	      0.0000
    386.2064	      0.0000
    386.2136	    454.6443
    386.2208	   2334.8389
    386.2280	   4389.2446
    386.2352	   6061.6460
    386.2424	   4995.8291
    386.2496	   2975.8203
    386.2568	   1109.0170
    386.2640	    382.2277
    386.2712	      0.0000
    386.2784	      0.0000
    386.2856	      0.0000
    386.2928	      0.0000
    386.6964	      0.0000
    386.7036	      0.0000
    386.7108	      0.0000
    386.7180	      0.0000
    386.7252	    697.7101
    386.7324	   1326.7322
    386.7396	   1572.5477
    386.7469	   1245.4299
    386.7541	    623.7729
    386.7613	      0.0000
    386.7685	      0.0000
    386.7757	      0.0000
    386.7829	      0.0000
    389.6415	      0.0000
    389.6488	      0.0000
    389.6561	      0.0000
    389.6634	      0.0000
    389.6707	    427.6514
    389.6780	   1100.3713
    389.6853	   1835.9778
    389.6926	   2187.7927
    389.6999	   1908.4786
    389.7072	   1204.1390
    389.7145	    529.3044
    389.7232	      0.0000
    389.7305	      0.0000
    389.7378	      0.0000
    389.7451	      0.0000
    394.6813	      0.0000
    394.6888	      0.0000
    394.6962	      0.0000
    394.7037	      0.0000
    394.7111	    654.7859
    394.7185	   1799.5690
    394.7260	   5771.6621
    394.7334	  17611.3574
    394.7409	  31859.1191
    394.7483	  44443.6758
    394.7557	  37892.8359
    394.7632	  22763.5117
    394.7706	   8703.8965
    394.7781	   1853.9136
    394.7855	    248.1016
    394.7926	      0.0000
    394.8000	      0.0000
    394.8074	      0.0000
    394.8149	      0.0000
    395.1872	      0.0000
    395.1947	      0.0000
    395.2021	      0.0000
    395.2096	      0.0000
    395.2170	    683.9632
    395.2245	   1639.6309
    395.2319	   5856.9692
    395.2394	  12545.0254
    395.2468	  19727.7461
    395.2543	  20132.1113
    395.2617	  12912.1875
    395.2692	   6092.0654
    395.2766	   1327.1945
    395.2841	    166.9062
    395.2907	      0.0000
    395.2982	      0.0000
    395.3056	      0.0000
    395.3131	      0.0000
    395.6936	      0.0000
    395.7010	      0.0000
    395.7085	      0.0000
    395.7160	      0.0000
    395.7234	    331.9896
    395.7309	   1031.6371
    395.7384	   3027.9189
    395.7458	   4926.0913
    395.7533	   5558.2227
    395.7608	   3866.1533
    395.7682	   2029.5616
    395.7757	    570.9603
    395.7821	      0.0000
    395.7895	      0.0000
    395.7970	      0.0000
    395.8045	      0.0000
    402.6824	      0.0000
    402.6900	      0.0000
    402.6977	      0.0000
    402.7054	      0.0000
    402.7130	     21.0555
    402.7207	   1030.6504
    402.7284	   4148.2485
    402.7360	   7616.2515
    402.7437	  10432.0293
    402.7514	   8577.7480
    402.7590	   5116.4155
    402.7667	   1900.6398
    402.7744	    618.5839
    402.7831	      0.0000
    402.7908	      0.0000
    402.7985	      0.0000
    402.8061	      0.0000
    403.1975	      0.0000
    403.2052	      0.0000
    403.2129	      0.0000
    403.2206	      0.0000
    403.2282	    475.8788
    403.2359	   1278.7886
    403.2436	   1962.8943
    403.2513	   2043.9534
    403.2590	   1501.8290
    403.2666	    763.9003
    403.2743	      0.0000
    403.2820	      0.0000
    403.2897	      0.0000
    403.2974	      0.0000
    405.1243	      0.0000
    405.1320	      0.0000
    405.1397	      0.0000
    405.1475	      0.0000
    405.1552	    325.8044
    405.1629	    864.4919
    405.1707	   1237.0575
    405.1784	   1177.5300
    405.1861	    747.4304
    405.1939	      0.0000
    405.2016	      0.0000
    405.2093	      0.0000
    405.2171	      0.0000
    407.6888	      0.0000
    407.6966	      0.0000
    407.7044	      0.0000
    407.7122	      0.0000
    407.7200	    630.3541
    407.7278	   1170.4191
    407.7356	   1483.5452
    407.7434	   1357.3484
    407.7512	    888.1119
    407.7591	    392.2617
    407.7669	      0.0000
    407.7747	      0.0000
    407.7825	      0.0000
    407.7903	      0.0000
    408.1811	      0.0000
    408.1890	      0.0000
    408.1968	      0.0000
    408.2046	      0.0000
    408.2124	    327.6054
    408.2202	    832.7451
    408.2281	   1197.1414
    408.2359	   1178.4664
    408.2437	    824.0197
    408.2518	      0.0000
    408.2596	      0.0000
    408.2674	      0.0000
    408.2752	      0.0000
    416.6736	      0.0000
    416.6817	      0.0000
    416.6898	      0.0000
    416.6978	      0.0000
    416.7059	    635.3269
    416.7140	   1921.0343
    416.7220	   6761.4937
    416.7301	  15868.8066
    416.7382	  25763.0625
    416.7462	  28892.3438
    416.7543	  19960.9316
    416.7624	  10523.2207
    416.7705	   2933.4360
    416.7785	    597.5839
    416.7871	      0.0000
    416.7951	      0.0000
    416.8032	      0.0000
    416.8113	      0.0000
    417.1747	      0.0000
    417.1828	      0.0000
    417.1909	      0.0000
    417.1990	      0.0000
    417.2071	     61.9955
    417.2151	    888.1674
    417.2232	   3443.9204
    417.2313	   7667.4204
    417.2394	  12288.8096
    417.2475	  13248.8682
    417.2556	   8903.2031
    417.2637	   4493.1411
    417.2717	   1073.1766
    417.2798	      0.0000
    417.2872	      0.0000
    417.2953	      0.0000
    417.3034	      0.0000
    417.3115	      0.0000
    417.6918	      0.0000
    417.6999	      0.0000
    417.7080	      0.0000
    417.7161	      0.0000
    417.7242	    393.6857
    417.7323	    983.1531
    417.7404	   1478.8983
    417.7485	   1531.9680
    417.7566	   1124.5032
    417.7647	    556.5960
    417.7728	      0.0000
    417.7809	      0.0000
    417.7890	      0.0000
    417.7971	      0.0000
    421.1791	      0.0000
    421.1873	      0.0000
    421.1955	      0.0000
    421.2037	      0.0000
    421.2119	    602.7498
    421.2201	   1005.3271
    421.2283	   1242.6797
    421.2365	   1219.7014
    421.2447	    950.5776
    421.2529	    562.2357
    421.2611	      0.0000
    421.2693	      0.0000
    421.2775	      0.0000
    421.2857	      0.0000
    421.6386	      0.0000
    421.6468	      0.0000
    421.6550	      0.0000
    421.6632	      0.0000
    421.6715	    356.0553
    421.6797	    907.8908
    421.6879	   1372.1943
    421.6961	   1533.0342
    421.7043	   1350.4623
    421.7125	    951.1757
    421.7207	    210.3618
    421.7290	    388.8622
    421.7372	   1706.3629
    421.7454	   3712.1750
    421.7536	   5902.5103
    421.7618	   5748.5337
    421.7700	   3544.8171
    421.7783	   1502.4230
    421.7865	    229.0131
    421.7947	      0.0000
    421.8029	      0.0000
    421.8111	      0.0000
    421.8193	      0.0000
    422.1318	      0.0000
    422.1400	      0.0000
    422.1482	      0.0000
    422.1565	      0.0000
    422.1647	    450.9492
    422.1729	   1108.1216
    422.1811	   3226.0579
    422.1894	   5587.9712
    422.1976	   7178.5479
    422.2058	   5559.2729
    422.2141	   3347.1572
    422.2223	   1225.6543
    422.2305	    750.7626
    422.2387	   1634.3021
    422.2470	   3027.6331
    422.2552	   4039.9792
    422.2634	   3562.4260
    422.2717	   1551.2328
    422.2799	    729.5131
    422.2881	      0.0000
    422.2964	      0.0000
    422.3046	      0.0000
    422.3128	      0.0000
    422.9639	      0.0000
    422.9722	      0.0000
    422.9804	      0.0000
    422.9887	      0.0000
    422.9969	    527.1901
    423.0052	    888.1498
    423.0134	   1115.3942
    423.0217	   1031.5885
    423.0299	    655.7963
    423.0382	      0.0000
    423.0464	      0.0000
    423.0547	    592.7596
    423.0629	   1081.3473
    423.0712	   1302.3389
    423.0794	   1110.5391
    423.0877	    680.3508
    423.0946	      0.0000
    423.1028	      0.0000
    423.1111	      0.0000
    423.1193	      0.0000
    423.1276	      0.0000
    423.1359	      0.0000
    423.1441	    491.4091
    423.1524	   1202.3463
    423.1606	   3419.0571
    423.1689	   6674.0713
    423.1771	  10001.1084
    423.1854	  10475.2676
    423.1937	   7431.4927
    423.2019	   4245.0088
    423.2102	   1686.0380
    423.2184	    490.0623
    423.2289	      0.0000
    423.2372	      0.0000
    423.2454	      0.0000
    423.2537	      0.0000
    430.1933	      0.0000
    430.2017	      0.0000
    430.2102	      0.0000
    430.2187	      0.0000
    430.2271	    534.4615
    430.2356	   1547.7197
    430.2440	   5317.1938
    430.2525	  13082.4521
    430.2610	  21493.1367
    430.2694	  25081.7383
    430.2779	  17944.3828
    430.2864	   9774.0947
    430.2948	   2847.9236
    430.3033	    701.5703
    430.3131	      0.0000
    430.3216	      0.0000
    430.3301	      0.0000
    430.3385	      0.0000
    430.7029	      0.0000
    430.7114	      0.0000
    430.7198	      0.0000
    430.7283	      0.0000
    430.7368	    631.7375
    430.7453	   2254.4324
    430.7537	   6088.9805
    430.7622	  10330.1367
    430.7707	  12977.7637
    430.7792	   9847.1816
    430.7877	   5651.1167
    430.7962	   1607.9403
    430.8046	    136.1430
    430.8111	      0.0000
    430.8196	      0.0000
    430.8281	      0.0000
    430.8366	      0.0000
    431.2100	      0.0000
    431.2185	      0.0000
    431.2270	      0.0000
    431.2355	      0.0000
    431.2440	    399.5854
    431.2525	   1054.8768
    431.2610	   1897.4802
    431.2695	   2363.2495
    431.2780	   2064.1338
    431.2865	   1213.2921
    431.2950	    420.9096
    431.3035	      0.0000
    431.3120	      0.0000
    431.3205	      0.0000
    431.3290	      0.0000
    434.1210	      0.0000
    434.1295	      0.0000
    434.1381	      0.0000
    434.1467	      0.0000
    434.1553	    558.8217
    434.1639	   1477.6061
    434.1724	   3554.3765
    434.1810	   5798.5928
    434.1896	   6099.3799
    434.1982	   3993.4419
    434.2068	   1922.2880
    434.2154	    473.9529
    434.2239	      0.0000
    434.2325	      0.0000
    434.2411	      0.0000
    434.2497	      0.0000
    438.1991	      0.0000
    438.2078	      0.0000
    438.2165	      0.0000
    438.2252	      0.0000
    438.2339	    340.5555
    438.2426	   1056.3979
    438.2513	   2900.3091
    438.2600	   4306.7153
    438.2687	   4021.6511
    438.2774	   2453.2966
    438.2861	    896.4763
    438.2948	    303.9713
    438.3035	      0.0000
    438.3122	      0.0000
    438.3209	      0.0000
    438.3296	      0.0000
    438.7129	      0.0000
    438.7216	      0.0000
    438.7303	      0.0000
    438.7390	      0.0000
    438.7477	    755.1926
    438.7565	   1364.3054
    438.7652	   1709.6268
    438.7739	   1532.5809
    438.7826	    958.3488
    438.7913	    373.6505
    438.8000	      0.0000
    438.8088	      0.0000
    438.8175	      0.0000
    438.8262	      0.0000
    439.2188	      0.0000
    439.2276	      0.0000
    439.2363	      0.0000
    439.2450	      0.0000
    439.2538	    686.2467
    439.2625	   1203.4711
    439.2712	   1394.8378
    439.2800	   1119.0146
    439.2887	    594.4227
    439.2983	      0.0000
    439.3071	      0.0000
    439.3158	      0.0000
    439.3245	      0.0000
    452.1864	      0.0000
    452.1956	      0.0000
    452.2047	      0.0000
    452.2138	      0.0000
    452.2229	    577.9794
    452.2320	   2016.5065
    452.2412	   7134.8599
    452.2503	  13827.5723
    452.2594	  20438.3281
    452.2685	  18730.8848
    452.2777	  11536.6836
    452.2868	   4901.6831
    452.2959	   1083.1544
    452.3050	    222.1244
    452.3132	      0.0000
    452.3224	      0.0000
    452.3315	      0.0000
    452.3406	      0.0000
    452.6967	      0.0000
    452.7059	      0.0000
    452.7150	      0.0000
    452.7241	      0.0000
    452.7333	    662.4543
    452.7424	   1787.1396
    452.7515	   3440.1284
    452.7607	   5022.9604
    452.7698	   4508.9058
    452.7790	   2795.4624
    452.7881	    905.7825
    452.7972	    270.3750
    452.8064	      0.0000
    452.8155	      0.0000
    452.8247	      0.0000
    452.8338	      0.0000
    453.1996	      0.0000
    453.2088	      0.0000
    453.2179	      0.0000
    453.2271	      0.0000
    453.2362	    366.4815
    453.2454	    989.9492
    453.2545	   1777.1466
    453.2637	   2230.0300
    453.2729	   1986.6680
    453.2820	   1209.9796
    453.2912	    450.6514
    453.3005	      0.0000
    453.3097	      0.0000
    453.3188	      0.0000
    453.3280	      0.0000
    486.7463	      0.0000
    486.7565	      0.0000
    486.7667	      0.0000
    486.7769	      0.0000
    486.7871	    282.8694
    486.7973	    848.6556
    486.8074	   1283.7638
    486.8176	   1248.0308
    486.8278	    780.4284
    486.8383	      0.0000
    486.8485	      0.0000
    486.8586	      0.0000
    486.8688	      0.0000
    509.2340	      0.0000
    509.2449	      0.0000
    509.2558	      0.0000
    509.2667	      0.0000
    509.2776	    504.8138
    509.2885	    932.5881
    509.2994	   1146.2743
    509.3104	    990.8043
    509.3213	    579.9963
    509.3322	      0.0000
    509.3431	      0.0000
    509.3540	      0.0000
    509.3649	      0.0000
    513.2691	      0.0000
    513.2801	      0.0000
    513.2912	      0.0000
    513.3022	      0.0000
    513.3132	    762.9088
    513.3242	   1145.7269
    513.3353	   1264.5464
    513.3463	   1019.5504
    513.3573	    558.7064
    513.3684	      0.0000
    513.3794	      0.0000
    513.3904	      0.0000
    513.4015	      0.0000
    515.2381	      0.0000
    515.2492	      0.0000
    515.2602	      0.0000
    515.2713	      0.0000
    515.2824	    472.2514
    515.2935	   1285.3407
    515.3046	   3042.1177
    515.3157	   4051.2629
    515.3268	   3167.4631
    515.3379	   1433.1521
    515.3490	    558.5981
    515.3601	      0.0000
    515.3712	      0.0000
    515.3823	      0.0000
    515.3934	      0.0000
    517.2742	      0.0000
    517.2853	      0.0000
    517.2965	      0.0000
    517.3076	      0.0000
    517.3188	    334.8529
    517.3300	    875.4775
    517.3411	   1406.0293
    517.3523	   1592.1864
    517.3635	   1319.6316
    517.3746	    787.1707
    517.3858	      0.0000
    517.3970	      0.0000
    517.4081	      0.0000
    517.4193	      0.0000
    537.2401	      0.0000
    537.2519	      0.0000
    537.2637	      0.0000
    537.2755	      0.0000
    537.2873	    307.7517
    537.2992	    844.9848
    537.3110	   1279.6116
    537.3228	   1325.4475
    537.3346	   1002.3884
    537.3464	    550.6655
    537.3583	      0.0000
    537.3701	      0.0000
    537.3819	      0.0000
    537.3937	      0.0000
    565.2305	      0.0000
    565.2433	      0.0000
    565.2560	      0.0000
    565.2688	      0.0000
    565.2815	    389.4536
    565.2943	   1079.5378
    565.3070	   1847.7081
    565.3198	   2203.9937
    565.3325	   1879.7908
    565.3453	   1108.4640
    565.3580	    413.5940
    565.3708	      0.0000
    565.3836	      0.0000
    565.3963	      0.0000
    565.4091	      0.0000
    630.3219	      0.0000
    630.3369	      0.0000
    630.3519	      0.0000
    630.3669	      0.0000
    630.3819	    636.6082
    630.3969	   1848.8405
    630.4120	   3574.8894
    630.4270	   5143.5859
    630.4420	   4412.4673
    630.4570	   2617.3604
    630.4720	    828.7386
    630.4870	      0.0000
    630.5021	      0.0000
    630.5171	      0.0000
    630.5321	      0.0000
    637.3144	      0.0000
    637.3297	      0.0000
    637.3449	      0.0000
    637.3602	      0.0000
    637.3755	    711.2735
    637.3907	   1099.6538
    637.4060	   1219.0118
    637.4213	    972.5986
    637.4365	    513.4092
    637.4518	      0.0000
    637.4670	      0.0000
    637.4823	      0.0000
    637.4976	      0.0000
    638.2922	      0.0000
    638.3075	      0.0000
    638.3228	      0.0000
    638.3381	      0.0000
    638.3534	    658.2021
    638.3687	   2583.7222
    638.3840	   4391.8345
    638.3993	   5655.7798
    638.4146	   4436.6353
    638.4299	   2512.8462
    638.4452	    716.1467
    638.4605	      0.0000
    638.4758	      0.0000
    638.4911	      0.0000
    638.5065	      0.0000
    655.3134	      0.0000
    655.3293	      0.0000
    655.3452	      0.0000
    655.3611	      0.0000
    655.3771	    719.8455
    655.3930	   2019.8514
    655.4089	   3556.2666
    655.4248	   4510.9063
    655.4407	   3264.0837
    655.4566	   1704.3898
    655.4726	    558.7852
    655.4885	      0.0000
    655.5044	      0.0000
    655.5204	      0.0000
    655.5363	      0.0000
    674.6340	      0.0000
    674.6506	      0.0000
    674.6672	      0.0000
    674.6838	      0.0000
    674.7005	    488.3540
    674.7171	    918.0269
    674.7337	   1102.8582
    674.7503	    920.1570
    674.7670	    506.6992
    674.7887	      0.0000
    674.8053	      0.0000
    674.8219	      0.0000
    674.8386	      0.0000
    691.3136	      0.0000
    691.3308	      0.0000
    691.3480	      0.0000
    691.3653	      0.0000
    691.3825	    818.6890
    691.3998	   2773.3948
    691.4170	   5064.2803
    691.4343	   6915.4053
    691.4515	   5561.0259
    691.4688	   3219.6943
    691.4860	    973.9167
    691.5033	    179.9258
    691.5154	      0.0000
    691.5327	      0.0000
    691.5499	      0.0000
    691.5672	      0.0000
    692.3268	      0.0000
    692.3441	      0.0000
    692.3614	      0.0000
    692.3787	      0.0000
    692.3959	    804.0117
    692.4132	   1598.7939
    692.4305	   2145.1455
    692.4478	   2025.5118
    692.4651	   1322.5656
    692.4824	    583.5269
    692.4997	      0.0000
    692.5169	      0.0000
    692.5342	      0.0000
    692.5515	      0.0000
    709.3072	      0.0000
    709.3252	      0.0000
    709.3431	      0.0000
    709.3610	      0.0000
    709.3789	    592.9971
    709.3968	   1402.3732
    709.4148	   3251.5791
    709.4327	   4024.1033
    709.4506	   2946.4084
    709.4685	   1409.5596
    709.4865	    596.3539
    709.5044	      0.0000
    709.5223	      0.0000
    709.5403	      0.0000
    709.5582	      0.0000
    735.2828	      0.0000
    735.3017	      0.0000
    735.3206	      0.0000
    735.3395	      0.0000
    735.3584	    342.8777
    735.3774	   1016.8380
    735.3963	   2685.9028
    735.4152	   4278.4199
    735.4341	   4386.2441
    735.4530	   2816.3091
    735.4719	   1052.1519
    735.4909	    330.3238
    735.5099	      0.0000
    735.5288	      0.0000
    735.5477	      0.0000
    735.5666	      0.0000
    788.3558	      0.0000
    788.3768	      0.0000
    788.3978	      0.0000
    788.4188	      0.0000
    788.4398	    626.4769
    788.4608	   1340.8658
    788.4818	   1859.8837
    788.5028	   1761.8131
    788.5238	   1135.8821
    788.5448	    436.9269
    788.5658	      0.0000
    788.5868	      0.0000
    788.6078	      0.0000
    788.6288	      0.0000
    832.3147	      0.0000
    832.3375	      0.0000
    832.3603	      0.0000
    832.3830	      0.0000
    832.4058	    777.3682
    832.4286	   2822.3870
    832.4514	   4742.7471
    832.4742	   5962.3818
    832.4970	   4446.5610
    832.5197	   2367.6658
    832.5425	    428.4660
    832.5653	      0.0000
    832.5881	      0.0000
    832.6109	      0.0000
    832.6337	      0.0000
    833.3178	      0.0000
    833.3406	      0.0000
    833.3634	      0.0000
    833.3862	      0.0000
    833.4091	    270.3630
    833.4319	   1008.0403
    833.4547	   1921.1572
    833.4775	   2400.1067
    833.5004	   2089.4468
    833.5232	   1259.1459
    833.5460	    500.7349
    833.5689	      0.0000
    833.5917	      0.0000
    833.6146	      0.0000
    833.6374	      0.0000
    884.2058	      0.0000
    884.2308	      0.0000
    884.2557	      0.0000
    884.2806	      0.0000
    884.3056	    435.8642
    884.3305	    897.5162
    884.3555	   1246.6836
    884.3804	   1245.5034
    884.4054	    878.8935
    884.4303	    384.6359
    884.4553	      0.0000
    884.4802	      0.0000
    884.5052	      0.0000
    884.5301	      0.0000
    885.2292	      0.0000
    885.2542	      0.0000
    885.2792	      0.0000
    885.3042	      0.0000
    885.3291	    444.3268
    885.3541	    920.7422
    885.3791	   1170.2190
    885.4041	   1016.1510
    885.4291	    586.9377
    885.4542	      0.0000
    885.4792	      0.0000
    885.5042	      0.0000
    885.5292	      0.0000
    951.1532	      0.0000
    951.1811	      0.0000
    951.2089	      0.0000
    951.2367	      0.0000
    951.2646	    405.6057
    951.2924	    856.4138
    951.3202	   1221.5566
    951.3481	   1284.6818
    951.3759	   1011.3950
    951.4037	    578.2559
    951.4316	      0.0000
    951.4594	      0.0000
    951.4872	      0.0000
    951.5151	      0.0000
   1328.2816	      0.0000
   1328.3275	      0.0000
   1328.3734	      0.0000
   1328.4194	      0.0000
