# ljz_20131022_MR_Chym1_ELUTE.mzML
#
# index: 1659
# id: controllerType=0 controllerNumber=1 scan=7010
# scanNumber: 7010
# massAnalyzerType: quadrupole
# scanEvent: 2
# msLevel: 2
# retentionTime: 1981.07
# filterString: FTMS + p NSI d Full ms2 876.08@hcd28.00 [100.00-2700.00]
# mzLow: 99.0036
# mzHigh: 2727.72
# basePeakMZ: 204.087
# basePeakIntensity: 150975
# totalIonCurrent: 2.79959e+006
# precursorCount: 1
# precursor 0: 875.744 1.92534e+006
# binary (2838): 
     99.0036	      0.0000
     99.0045	      0.0000
     99.0055	      0.0000
     99.0064	      0.0000
    100.2629	      0.0000
    100.2639	      0.0000
    100.2648	      0.0000
    100.2658	      0.0000
    100.2667	      0.0000
    100.2677	      0.0000
    100.2686	      0.0000
    100.2696	      0.0000
    100.2705	      0.0000
    100.2715	      0.0000
    100.2724	      0.0000
    100.2734	      0.0000
    100.2743	      0.0000
    100.2753	      0.0000
    100.2763	      0.0000
    100.2772	      0.0000
    100.2781	      0.0000
    100.2791	      0.0000
    100.2800	      0.0000
    100.2810	      0.0000
    103.4360	      0.0000
    103.4370	      0.0000
    103.4380	      0.0000
    103.4390	      0.0000
    103.4400	      0.0000
    103.4410	      0.0000
    103.4420	      0.0000
    103.4430	      0.0000
    103.4440	      0.0000
    103.4450	      0.0000
    103.4460	      0.0000
    103.4470	      0.0000
    103.4480	      0.0000
    103.4490	      0.0000
    103.4499	      0.0000
    103.4849	      0.0000
    103.4859	      0.0000
    103.4869	      0.0000
    103.4879	      0.0000
    103.4889	      0.0000
    103.4899	      0.0000
    103.4909	      0.0000
    103.4919	      0.0000
    103.4929	      0.0000
    103.4939	      0.0000
    103.4949	      0.0000
    103.4959	      0.0000
    103.4969	      0.0000
    103.4979	      0.0000
    103.4989	      0.0000
    103.4999	      0.0000
    103.5009	      0.0000
    103.5018	      0.0000
    103.5028	      0.0000
    103.5038	      0.0000
    103.5048	      0.0000
    109.0208	      0.0000
    109.0219	      0.0000
    109.0230	      0.0000
    109.0241	      0.0000
    109.0251	    761.6146
    109.0262	   2515.1631
    109.0273	   5472.4272
    109.0284	   8659.6338
    109.0295	   8683.4707
    109.0305	   5466.9370
    109.0316	   2392.9663
    109.0327	    801.4146
    109.0338	      0.0000
    109.0348	      0.0000
    109.0359	      0.0000
    109.0370	      0.0000
    111.0373	      0.0000
    111.0384	      0.0000
    111.0395	      0.0000
    111.0406	      0.0000
    111.0417	    681.1461
    111.0428	   1685.8783
    111.0439	   2618.1802
    111.0450	   2817.1104
    111.0461	   2150.8513
    111.0472	   1130.5146
    111.0483	    365.8691
    111.0495	      0.0000
    111.0506	      0.0000
    111.0517	      0.0000
    111.0528	      0.0000
    111.5495	      0.0000
    111.5507	      0.0000
    111.5518	      0.0000
    111.5529	      0.0000
    111.5540	      0.0000
    111.5551	      0.0000
    111.5562	      0.0000
    111.5574	      0.0000
    111.5585	      0.0000
    111.5596	      0.0000
    111.5607	      0.0000
    111.5618	      0.0000
    111.5630	      0.0000
    111.5641	      0.0000
    111.6054	      0.0000
    111.6066	      0.0000
    111.6077	      0.0000
    111.6088	      0.0000
    111.6099	      0.0000
    111.6110	      0.0000
    111.6121	      0.0000
    111.6133	      0.0000
    111.6144	      0.0000
    111.6155	      0.0000
    111.6166	      0.0000
    111.6177	      0.0000
    111.6189	      0.0000
    111.6200	      0.0000
    112.4942	      0.0000
    112.4954	      0.0000
    112.4965	      0.0000
    112.4976	      0.0000
    112.4987	      0.0000
    112.4999	      0.0000
    112.5010	      0.0000
    112.5021	      0.0000
    112.5033	      0.0000
    112.5047	      0.0000
    112.5058	      0.0000
    112.5070	      0.0000
    112.5081	      0.0000
    115.0287	      0.0000
    115.0299	      0.0000
    115.0310	      0.0000
    115.0322	      0.0000
    115.0334	    324.9271
    115.0345	   1181.9044
    115.0357	   3456.2317
    115.0369	   9773.6045
    115.0380	  17781.7598
    115.0392	  25513.2578
    115.0404	  23133.0332
    115.0416	  14169.6748
    115.0427	   5915.3726
    115.0439	    933.0365
    115.0446	      0.0000
    115.0458	      0.0000
    115.0470	      0.0000
    115.0482	      0.0000
    126.0398	      0.0000
    126.0412	      0.0000
    126.0425	      0.0000
    126.0439	      0.0000
    126.0452	    432.8300
    126.0465	   2736.3367
    126.0479	   1484.0630
    126.0494	   2143.3792
    126.0508	   5441.4043
    126.0521	  17271.7930
    126.0534	  35728.4727
    126.0548	  55484.2305
    126.0561	  56663.6953
    126.0575	  36790.9258
    126.0588	  17728.2520
    126.0602	   4166.7622
    126.0615	    383.4392
    126.0630	      0.0000
    126.0643	      0.0000
    126.0657	      0.0000
    126.0670	      0.0000
    127.0257	      0.0000
    127.0271	      0.0000
    127.0285	      0.0000
    127.0298	      0.0000
    127.0312	    460.8055
    127.0325	   1266.2578
    127.0339	   2770.8403
    127.0352	   8085.5581
    127.0366	  24330.2266
    127.0380	  44207.3906
    127.0393	  62315.3008
    127.0407	  53887.0469
    127.0420	  32314.3340
    127.0434	  12193.2227
    127.0448	   1790.2087
    127.0461	      0.0000
    127.0471	      0.0000
    127.0485	      0.0000
    127.0498	      0.0000
    127.0512	      0.0000
    128.0335	      0.0000
    128.0349	      0.0000
    128.0363	      0.0000
    128.0377	      0.0000
    128.0390	   1104.9376
    128.0404	   2212.3030
    128.0418	   3082.6023
    128.0432	   3062.3618
    128.0445	   2151.6147
    128.0459	    993.3917
    128.0473	      0.0000
    128.0486	      0.0000
    128.0500	      0.0000
    128.0514	      0.0000
    129.0468	      0.0000
    129.0482	      0.0000
    129.0496	      0.0000
    129.0509	      0.0000
    129.0523	    620.4872
    129.0537	   1492.8214
    129.0551	   1947.6608
    129.0565	   1602.8914
    129.0579	    804.5784
    129.0593	      0.0000
    129.0606	      0.0000
    129.0620	      0.0000
    129.0634	      0.0000
    133.0403	      0.0000
    133.0418	      0.0000
    133.0432	      0.0000
    133.0447	      0.0000
    133.0461	    695.6548
    133.0476	   1383.6750
    133.0490	   1823.1417
    133.0505	   1679.6722
    133.0520	   1046.3319
    133.0536	      0.0000
    133.0550	      0.0000
    133.0565	      0.0000
    133.0579	      0.0000
    138.0386	      0.0000
    138.0402	      0.0000
    138.0417	      0.0000
    138.0432	      0.0000
    138.0448	    639.1805
    138.0463	   2493.6565
    138.0479	   3821.4028
    138.0494	   8976.5332
    138.0509	  27884.1348
    138.0525	  71896.4063
    138.0540	 119887.7344
    138.0556	 145977.8281
    138.0571	 107265.0781
    138.0586	  59860.3555
    138.0602	  17387.5430
    138.0617	   3136.2839
    138.0632	    507.7300
    138.0646	      0.0000
    138.0661	      0.0000
    138.0677	      0.0000
    138.0692	      0.0000
    139.0469	      0.0000
    139.0485	      0.0000
    139.0501	      0.0000
    139.0516	      0.0000
    139.0532	    513.0619
    139.0547	   1523.6829
    139.0563	   4252.7510
    139.0578	   6840.1851
    139.0594	   7257.5767
    139.0609	   4705.5273
    139.0625	   2236.3567
    139.0641	    820.1690
    139.0660	      0.0000
    139.0675	      0.0000
    139.0691	      0.0000
    139.0706	      0.0000
    144.0527	      0.0000
    144.0543	      0.0000
    144.0560	      0.0000
    144.0576	      0.0000
    144.0592	    761.2781
    144.0609	   1401.3749
    144.0625	   4972.1865
    144.0642	   9219.6289
    144.0658	  12816.6875
    144.0674	  10529.0322
    144.0691	   6165.6235
    144.0707	   2045.8223
    144.0724	    349.0088
    144.0739	      0.0000
    144.0756	      0.0000
    144.0772	      0.0000
    144.0789	      0.0000
    145.0350	      0.0000
    145.0367	      0.0000
    145.0384	      0.0000
    145.0400	      0.0000
    145.0417	    950.0114
    145.0433	   2642.7063
    145.0450	   8204.6934
    145.0466	  23924.2637
    145.0483	  41234.7734
    145.0500	  54211.6953
    145.0516	  42722.4570
    145.0533	  24929.0293
    145.0549	   7947.4268
    145.0566	   1297.3375
    145.0582	      0.0000
    145.0596	      0.0000
    145.0613	      0.0000
    145.0629	      0.0000
    145.0646	      0.0000
    146.0440	      0.0000
    146.0457	      0.0000
    146.0474	      0.0000
    146.0490	      0.0000
    146.0507	    922.3503
    146.0524	   1556.4409
    146.0540	   1633.0219
    146.0557	   1112.4589
    146.0574	    412.6529
    146.0595	      0.0000
    146.0612	      0.0000
    146.0629	      0.0000
    146.0645	      0.0000
    163.0382	      0.0000
    163.0401	      0.0000
    163.0421	      0.0000
    163.0441	      0.0000
    163.0461	    909.5845
    163.0480	   1516.2587
    163.0500	   2564.6653
    163.0520	   3539.5322
    163.0540	   8282.8779
    163.0559	  25077.2773
    163.0579	  49011.8555
    163.0599	  73508.6563
    163.0619	  70189.1016
    163.0638	  43997.4063
    163.0658	  19506.6445
    163.0678	   4241.9541
    163.0698	    665.0300
    163.0713	      0.0000
    163.0733	      0.0000
    163.0752	      0.0000
    163.0772	      0.0000
    164.0515	      0.0000
    164.0535	      0.0000
    164.0555	      0.0000
    164.0575	      0.0000
    164.0594	   1013.5539
    164.0614	   1975.1017
    164.0634	   2548.2737
    164.0654	   2287.3789
    164.0674	   1403.0745
    164.0694	    571.0729
    164.0716	      0.0000
    164.0736	      0.0000
    164.0756	      0.0000
    164.0776	      0.0000
    168.0477	      0.0000
    168.0497	      0.0000
    168.0518	      0.0000
    168.0539	      0.0000
    168.0559	   1079.9775
    168.0580	   3954.4824
    168.0601	  14097.8975
    168.0621	  35936.6406
    168.0642	  59793.5703
    168.0663	  71433.0547
    168.0683	  51779.1563
    168.0704	  28652.2051
    168.0725	   8287.1416
    168.0745	   1589.3202
    168.0766	    581.4530
    168.0785	      0.0000
    168.0805	      0.0000
    168.0826	      0.0000
    168.0847	      0.0000
    169.0542	      0.0000
    169.0562	      0.0000
    169.0583	      0.0000
    169.0604	      0.0000
    169.0625	    878.5786
    169.0646	   2233.2129
    169.0667	   5588.2871
    169.0688	   6966.5952
    169.0708	   5286.8755
    169.0729	   2887.8455
    169.0750	   1154.4742
    169.0772	      0.0000
    169.0793	      0.0000
    169.0814	      0.0000
    169.0834	      0.0000
    182.1145	      0.0000
    182.1169	      0.0000
    182.1192	      0.0000
    182.1215	      0.0000
    182.1239	    595.8413
    182.1262	   1190.5033
    182.1285	   1501.7285
    182.1308	   1283.6171
    182.1332	    703.5895
    182.1359	      0.0000
    182.1382	      0.0000
    182.1405	      0.0000
    182.1429	      0.0000
    186.0544	      0.0000
    186.0568	      0.0000
    186.0592	      0.0000
    186.0616	      0.0000
    186.0641	    568.9753
    186.0665	   1204.2883
    186.0689	   3748.1863
    186.0713	  11970.9668
    186.0737	  22875.7285
    186.0761	  33494.4492
    186.0785	  30680.5977
    186.0809	  18946.6191
    186.0833	   8034.6226
    186.0857	   1738.5177
    186.0881	    204.7627
    186.0901	      0.0000
    186.0925	      0.0000
    186.0949	      0.0000
    186.0974	      0.0000
    187.0643	      0.0000
    187.0668	      0.0000
    187.0692	      0.0000
    187.0716	      0.0000
    187.0740	    994.8189
    187.0765	   1934.9551
    187.0789	   2609.9617
    187.0813	   2597.1223
    187.0838	   1930.6968
    187.0862	   1032.6439
    187.0886	      0.0000
    187.0910	      0.0000
    187.0935	      0.0000
    187.0959	      0.0000
    200.1213	      0.0000
    200.1240	      0.0000
    200.1267	      0.0000
    200.1294	      0.0000
    200.1321	    951.3655
    200.1348	   2295.6719
    200.1375	   3550.3740
    200.1401	   5387.5034
    200.1428	   2862.0032
    200.1455	   1444.2040
    200.1482	    476.5614
    200.1509	      0.0000
    200.1536	      0.0000
    200.1562	      0.0000
    200.1589	      0.0000
    201.1051	      0.0000
    201.1078	      0.0000
    201.1105	      0.0000
    201.1132	      0.0000
    201.1159	    494.8599
    201.1186	   1194.4724
    201.1213	   1865.8746
    201.1240	   2074.2231
    201.1267	   1662.3691
    201.1294	    910.9858
    201.1326	      0.0000
    201.1353	      0.0000
    201.1380	      0.0000
    201.1407	      0.0000
    204.0537	      0.0000
    204.0565	      0.0000
    204.0592	      0.0000
    204.0620	      0.0000
    204.0648	      0.0000
    204.0675	   1603.4197
    204.0703	   2884.2322
    204.0731	   3709.3372
    204.0758	   6582.6929
    204.0786	  19825.6211
    204.0814	  60968.7344
    204.0841	 109198.7422
    204.0869	 150447.4063
    204.0896	 125867.2578
    204.0924	  75126.6172
    204.0952	  27856.9004
    204.0979	   6203.6387
    204.1007	   1335.9490
    204.1031	   1689.2380
    204.1059	    694.1074
    204.1087	      0.0000
    204.1115	      0.0000
    204.1142	      0.0000
    204.1170	      0.0000
    205.0691	      0.0000
    205.0719	      0.0000
    205.0747	      0.0000
    205.0775	      0.0000
    205.0803	    426.4637
    205.0830	   2383.4744
    205.0858	   6399.7207
    205.0886	  10693.0771
    205.0914	  12004.4385
    205.0942	   8083.9331
    205.0970	   3993.6863
    205.0998	    825.8745
    205.1026	      0.0000
    205.1054	      0.0000
    205.1081	      0.0000
    205.1109	      0.0000
    230.0933	      0.0000
    230.0966	      0.0000
    230.0999	      0.0000
    230.1032	      0.0000
    230.1065	    662.9550
    230.1098	   1664.4658
    230.1131	   2442.8506
    230.1164	   2452.0510
    230.1197	   1719.4248
    230.1231	    796.6605
    230.1263	      0.0000
    230.1296	      0.0000
    230.1329	      0.0000
    230.1362	      0.0000
    241.0433	      0.0000
    241.0469	      0.0000
    241.0504	      0.0000
    241.0540	      0.0000
    241.0575	    465.7683
    241.0611	   1872.7285
    241.0646	   4758.0347
    241.0682	   8000.0044
    241.0717	   9552.9180
    241.0753	   6770.0391
    241.0789	   3510.0349
    241.0824	    784.2866
    241.0863	      0.0000
    241.0898	      0.0000
    241.0934	      0.0000
    241.0969	      0.0000
    295.0695	      0.0000
    295.0743	      0.0000
    295.0791	      0.0000
    295.0839	      0.0000
    295.0888	    699.0276
    295.0936	   1678.2130
    295.0984	   2575.7043
    295.1032	   2772.1294
    295.1080	   2108.3047
    295.1128	   1066.4061
    295.1189	      0.0000
    295.1237	      0.0000
    295.1286	      0.0000
    295.1334	      0.0000
    366.0868	      0.0000
    366.0935	      0.0000
    366.1001	      0.0000
    366.1068	      0.0000
    366.1134	    667.9956
    366.1200	   2348.5703
    366.1267	   7740.8042
    366.1333	  13961.2539
    366.1400	  19105.8906
    366.1466	  15552.5107
    366.1533	   9065.3896
    366.1599	   2970.4019
    366.1666	    396.9077
    366.1730	      0.0000
    366.1797	      0.0000
    366.1863	      0.0000
    366.1930	      0.0000
    528.1211	      0.0000
    528.1327	      0.0000
    528.1442	      0.0000
    528.1557	      0.0000
    528.1672	    904.1301
    528.1787	   1846.3542
    528.1902	   2555.5754
    528.2017	   2577.4915
    528.2133	   1933.6140
    528.2248	   1059.1757
    528.2364	      0.0000
    528.2479	      0.0000
    528.2594	      0.0000
    528.2710	      0.0000
    625.2490	      0.0000
    625.2638	      0.0000
    625.2787	      0.0000
    625.2935	      0.0000
    625.3083	    830.6434
    625.3232	   1526.4166
    625.3380	   1988.6171
    625.3528	   1884.0780
    625.3677	   1269.2863
    625.3826	      0.0000
    625.3974	      0.0000
    625.4122	      0.0000
    625.4271	      0.0000
    690.5504	      0.0000
    690.5676	      0.0000
    690.5848	      0.0000
    690.6020	      0.0000
    690.6193	   1055.8534
    690.6365	   1415.2026
    690.6537	   1537.3406
    690.6709	   1315.9905
    690.6881	    831.1567
    690.7054	      0.0000
    690.7226	      0.0000
    690.7398	      0.0000
    690.7570	      0.0000
    719.2477	      0.0000
    719.2660	      0.0000
    719.2843	      0.0000
    719.3026	      0.0000
    719.3209	    507.6877
    719.3392	   1354.1454
    719.3575	   2464.1858
    719.3758	   3145.6294
    719.3941	   2948.3713
    719.4124	   2038.2484
    719.4307	   1002.6756
    719.4491	      0.0000
    719.4674	      0.0000
    719.4857	      0.0000
    719.5040	      0.0000
    733.1879	      0.0000
    733.2068	      0.0000
    733.2256	      0.0000
    733.2444	      0.0000
    733.2633	    761.5040
    733.2821	   1344.0009
    733.3009	   1579.5221
    733.3198	   1292.8142
    733.3386	    666.6720
    733.3575	      0.0000
    733.3763	      0.0000
    733.3952	      0.0000
    733.4140	      0.0000
    751.1955	      0.0000
    751.2150	      0.0000
    751.2345	      0.0000
    751.2541	      0.0000
    751.2736	    726.0669
    751.2931	   1321.4362
    751.3127	   1559.0333
    751.3322	   1289.7755
    751.3517	    714.5563
    751.3713	      0.0000
    751.3908	      0.0000
    751.4103	      0.0000
    751.4299	      0.0000
    757.7411	      0.0000
    757.7609	      0.0000
    757.7807	      0.0000
    757.8005	      0.0000
    757.8203	   1128.2473
    757.8401	   1722.8136
    757.8599	   1789.7123
    757.8797	   1277.6023
    757.8994	    550.7540
    757.9193	      0.0000
    757.9390	      0.0000
    757.9588	      0.0000
    757.9786	      0.0000
    768.2360	      0.0000
    768.2562	      0.0000
    768.2764	      0.0000
    768.2966	      0.0000
    768.3168	    800.6114
    768.3370	   1537.9695
    768.3572	   1934.0234
    768.3774	   1691.9860
    768.3976	    971.2544
    768.4178	      0.0000
    768.4380	      0.0000
    768.4582	      0.0000
    768.4784	      0.0000
    769.2671	      0.0000
    769.2874	      0.0000
    769.3076	      0.0000
    769.3278	      0.0000
    769.3481	   1008.6462
    769.3683	   2307.9514
    769.3886	   5816.1348
    769.4088	   6286.3281
    769.4291	   4230.3237
    769.4493	   2027.1335
    769.4695	    923.3211
    769.4898	      0.0000
    769.5100	      0.0000
    769.5303	      0.0000
    769.5505	      0.0000
    769.7531	      0.0000
    769.7733	      0.0000
    769.7936	      0.0000
    769.8138	      0.0000
    769.8341	    360.2914
    769.8544	   1301.8313
    769.8746	   2941.3740
    769.8949	   7626.4722
    769.9152	   7758.5903
    769.9354	   4851.0679
    769.9557	   1918.7507
    769.9759	      0.0000
    769.9962	      0.0000
    770.0165	      0.0000
    770.0368	      0.0000
    770.0570	      0.0000
    786.1766	      0.0000
    786.1975	      0.0000
    786.2184	      0.0000
    786.2393	      0.0000
    786.2602	    960.2602
    786.2811	   1608.5509
    786.3021	   1819.7443
    786.3230	   1405.9369
    786.3439	    652.0622
    786.3648	      0.0000
    786.3857	      0.0000
    786.4067	      0.0000
    786.4276	      0.0000
    793.1858	      0.0000
    793.2070	      0.0000
    793.2282	      0.0000
    793.2494	      0.0000
    793.2706	   1168.2736
    793.2918	   1905.1030
    793.3130	   2088.5056
    793.3342	   1582.5143
    793.3554	    766.3499
    793.3766	      0.0000
    793.3978	      0.0000
    793.4190	      0.0000
    793.4402	      0.0000
    811.1793	      0.0000
    811.2013	      0.0000
    811.2232	      0.0000
    811.2451	      0.0000
    811.2670	    799.5435
    811.2889	   3629.2700
    811.3108	   6466.5991
    811.3328	   9084.3037
    811.3547	   8417.1191
    811.3766	   5334.9727
    811.3985	   2413.5762
    811.4205	    907.6551
    811.4424	      0.0000
    811.4643	      0.0000
    811.4862	      0.0000
    811.5082	      0.0000
    811.6836	      0.0000
    811.7055	      0.0000
    811.7275	      0.0000
    811.7494	      0.0000
    811.7714	    862.3524
    811.7933	   3521.4395
    811.8152	   6361.0645
    811.8372	   8659.1572
    811.8591	   7481.1445
    811.8811	   4859.7695
    811.9030	   1136.0170
    811.9249	      0.0000
    811.9469	      0.0000
    811.9688	      0.0000
    811.9908	      0.0000
    812.2103	      0.0000
    812.2323	      0.0000
    812.2542	      0.0000
    812.2762	      0.0000
    812.2981	    722.1003
    812.3201	   1622.0575
    812.3420	   2032.5422
    812.3640	   1664.3103
    812.3860	    849.5521
    812.4079	      0.0000
    812.4299	      0.0000
    812.4519	      0.0000
    812.4738	      0.0000
    818.7263	      0.0000
    818.7485	      0.0000
    818.7708	      0.0000
    818.7930	      0.0000
    818.8152	    933.1199
    818.8374	   2291.2896
    818.8597	   3340.2366
    818.8819	   3362.2502
    818.9041	   2402.3030
    818.9263	   1204.4861
    818.9486	      0.0000
    818.9708	      0.0000
    818.9930	      0.0000
    819.0153	      0.0000
    819.2154	      0.0000
    819.2376	      0.0000
    819.2599	      0.0000
    819.2821	      0.0000
    819.3044	    544.3209
    819.3266	   1547.8337
    819.3489	   2776.0063
    819.3711	   3265.6658
    819.3933	   2636.6431
    819.4156	   1418.1293
    819.4378	    434.7850
    819.4601	      0.0000
    819.4823	      0.0000
    819.5046	      0.0000
    819.5269	      0.0000
    820.2394	      0.0000
    820.2617	      0.0000
    820.2840	      0.0000
    820.3063	      0.0000
    820.3286	    938.6747
    820.3509	   1835.9769
    820.3731	   3069.2820
    820.3954	   7266.5605
    820.4177	   7869.4756
    820.4400	   5698.1899
    820.4623	   3140.1455
    820.4846	   1136.1788
    820.5126	      0.0000
    820.5349	      0.0000
    820.5572	      0.0000
    820.5795	      0.0000
    820.7356	      0.0000
    820.7579	      0.0000
    820.7802	      0.0000
    820.8025	      0.0000
    820.8248	    768.1169
    820.8471	   1507.5232
    820.8694	   4557.5396
    820.8917	   9706.0967
    820.9140	  15333.7334
    820.9363	  16477.0957
    820.9586	  11042.2021
    820.9810	   5545.1816
    821.0033	   1049.1565
    821.0307	      0.0000
    821.0530	      0.0000
    821.0754	      0.0000
    821.0977	      0.0000
    821.2316	      0.0000
    821.2539	      0.0000
    821.2762	      0.0000
    821.2986	      0.0000
    821.3209	    595.1593
    821.3432	   1542.0228
    821.3655	   3980.3413
    821.3879	   8774.3975
    821.4102	  14223.0313
    821.4325	  16944.4727
    821.4549	  12269.2627
    821.4772	   6613.2896
    821.4995	   1407.9108
    821.5110	      0.0000
    821.5333	      0.0000
    821.5557	      0.0000
    821.5780	      0.0000
    821.7791	      0.0000
    821.8014	      0.0000
    821.8238	      0.0000
    821.8461	      0.0000
    821.8685	   1155.9310
    821.8908	   1755.2437
    821.9132	   2016.5057
    821.9355	   1703.8634
    821.9579	    975.6476
    821.9802	      0.0000
    822.0026	      0.0000
    822.0249	      0.0000
    822.0473	      0.0000
    827.2135	      0.0000
    827.2360	      0.0000
    827.2586	      0.0000
    827.2812	      0.0000
    827.3037	   1096.4089
    827.3263	   1981.6876
    827.3489	   2611.8357
    827.3715	   2592.8601
    827.3940	   1926.8394
    827.4166	   1018.4737
    827.4392	      0.0000
    827.4618	      0.0000
    827.4843	      0.0000
    827.5069	      0.0000
    827.7102	      0.0000
    827.7328	      0.0000
    827.7553	      0.0000
    827.7779	      0.0000
    827.8005	    657.3014
    827.8231	   1739.3228
    827.8457	   3842.1313
    827.8683	   5952.0254
    827.8909	   5312.8076
    827.9135	   2479.4141
    827.9361	   1020.1996
    827.9587	      0.0000
    827.9813	      0.0000
    828.0039	      0.0000
    828.0265	      0.0000
    828.2073	      0.0000
    828.2299	      0.0000
    828.2525	      0.0000
    828.2751	      0.0000
    828.2978	    608.3182
    828.3204	   1759.7317
    828.3430	   4856.4927
    828.3656	   8219.5420
    828.3882	   9962.9014
    828.4108	   7329.6348
    828.4334	   4097.6216
    828.4561	   1206.9552
    828.4787	      0.0000
    828.5013	      0.0000
    828.5239	      0.0000
    828.5465	      0.0000
    828.7275	      0.0000
    828.7502	      0.0000
    828.7728	      0.0000
    828.7954	      0.0000
    828.8181	   1170.7229
    828.8407	   3533.7332
    828.8633	   6093.7842
    828.8860	   8246.2793
    828.9086	   7032.9155
    828.9312	   4234.1260
    828.9539	   1578.7344
    828.9765	    532.6772
    829.0090	      0.0000
    829.0316	      0.0000
    829.0543	      0.0000
    829.0769	      0.0000
    829.2128	      0.0000
    829.2354	      0.0000
    829.2581	      0.0000
    829.2807	      0.0000
    829.3034	      0.0000
    829.3260	   3976.1182
    829.3487	  12718.0332
    829.3714	  31507.8105
    829.3940	  69987.2813
    829.4167	 113029.4063
    829.4393	 136503.1094
    829.4620	 101997.0078
    829.4846	  58183.8633
    829.5073	  16283.2080
    829.5300	      0.0000
    829.5574	      0.0000
    829.5801	      0.0000
    829.6027	      0.0000
    829.6254	      0.0000
    829.7161	      0.0000
    829.7387	      0.0000
    829.7614	      0.0000
    829.7841	      0.0000
    829.8068	      0.0000
    829.8294	   3519.7632
    829.8521	  11579.4375
    829.8748	  25478.4668
    829.8975	  54328.8242
    829.9201	  87399.9766
    829.9428	 109452.2031
    829.9655	  85572.7031
    829.9882	  49915.4063
    830.0109	  14627.4355
    830.0335	      0.0000
    830.0651	      0.0000
    830.0878	      0.0000
    830.1105	      0.0000
    830.1332	      0.0000
    830.2239	      0.0000
    830.2466	      0.0000
    830.2693	      0.0000
    830.2920	      0.0000
    830.3147	    783.5934
    830.3374	   2246.7876
    830.3601	   6955.5698
    830.3828	  12943.7949
    830.4055	  23421.8516
    830.4282	  35767.0273
    830.4509	  44031.3242
    830.4736	  35028.9102
    830.4963	  20182.5703
    830.5190	   5521.6279
    830.5417	      0.0000
    830.5409	      0.0000
    830.5636	      0.0000
    830.5863	      0.0000
    830.6090	      0.0000
    830.7225	      0.0000
    830.7452	      0.0000
    830.7679	      0.0000
    830.7907	      0.0000
    830.8134	    941.7485
    830.8361	   1698.8202
    830.8588	   5843.1650
    830.8815	   8597.2070
    830.9042	  10342.6787
    830.9270	  11727.1709
    830.9497	   8779.5605
    830.9724	   4946.2622
    830.9951	    956.2219
    831.0179	      0.0000
    831.0406	      0.0000
    831.0633	      0.0000
    831.0861	      0.0000
    839.2360	      0.0000
    839.2590	      0.0000
    839.2821	      0.0000
    839.3051	      0.0000
    839.3282	    921.3707
    839.3513	   1603.5004
    839.3743	   1889.4115
    839.3974	   1540.0436
    839.4205	    800.6279
    839.4436	      0.0000
    839.4666	      0.0000
    839.4897	      0.0000
    839.5128	      0.0000
    855.1875	      0.0000
    855.2112	      0.0000
    855.2349	      0.0000
    855.2586	      0.0000
    855.2824	   1064.2053
    855.3061	   2041.4613
    855.3298	   2580.9812
    855.3536	   2272.2715
    855.3773	   1341.3163
    855.4010	      0.0000
    855.4248	      0.0000
    855.4485	      0.0000
    855.4722	      0.0000
    874.8535	      0.0000
    874.8780	      0.0000
    874.9026	      0.0000
    874.9271	      0.0000
    874.9517	    902.1367
    874.9762	   2232.7920
    875.0008	   3389.1245
    875.0253	   3541.0574
    875.0499	   2608.2874
    875.0744	   1322.3223
    875.0990	      0.0000
    875.1235	      0.0000
    875.1481	      0.0000
    875.1726	      0.0000
    875.1972	      0.0000
    875.2218	      0.0000
    875.2463	      0.0000
    875.2709	    979.8926
    875.2954	   2368.9329
    875.3200	   5788.8267
    875.3446	   6476.5635
    875.3691	   4411.0303
    875.3937	   1989.3514
    875.4183	    770.1277
    875.4480	      0.0000
    875.4726	      0.0000
    875.4971	      0.0000
    875.5217	      0.0000
    875.5463	      0.0000
    875.5708	      0.0000
    875.5954	    655.4257
    875.6200	   3266.3245
    875.6446	   7411.8438
    875.6692	  11964.6973
    875.6937	  13007.4414
    875.7183	   8759.5967
    875.7429	   4430.5928
    875.7675	    805.2213
    875.7869	      0.0000
    875.8115	      0.0000
    875.8361	      0.0000
    875.8607	      0.0000
    875.8853	      0.0000
    875.9098	      0.0000
    875.9344	    781.8325
    875.9590	   2414.1641
    875.9836	   5489.7583
    876.0082	   8697.7852
    876.0328	   8478.9736
    876.0574	   5064.9463
    876.0820	   1901.6761
    876.1066	      0.0000
    876.1312	      0.0000
    876.1558	      0.0000
    876.1804	      0.0000
    876.2050	      0.0000
    876.2296	      0.0000
    876.2542	      0.0000
    876.2788	      0.0000
    876.3034	    874.1653
    876.3280	   2172.4004
    876.3526	   5164.0630
    876.3772	   6040.9658
    876.4018	   4175.7769
    876.4264	   2047.3738
    876.4511	    875.7549
    876.4757	      0.0000
    876.5003	      0.0000
    876.5249	      0.0000
    876.5495	      0.0000
    876.5741	      0.0000
    876.5988	      0.0000
    876.6234	      0.0000
    876.6480	    856.4102
    876.6726	   1652.1573
    876.6972	   1972.6345
    876.7219	   1564.9916
    876.7465	    757.2057
    876.7711	      0.0000
    876.7957	      0.0000
    876.8204	      0.0000
    876.8450	      0.0000
    884.2057	      0.0000
    884.2306	      0.0000
    884.2556	      0.0000
    884.2805	      0.0000
    884.3054	   1219.3942
    884.3304	   3206.9236
    884.3553	   5418.7710
    884.3803	   6107.1885
    884.4052	   4045.9055
    884.4302	   1804.6805
    884.4551	    669.8293
    884.4801	      0.0000
    884.5050	      0.0000
    884.5300	      0.0000
    884.5549	      0.0000
    884.7047	      0.0000
    884.7296	      0.0000
    884.7546	      0.0000
    884.7796	      0.0000
    884.8045	   1139.6490
    884.8295	   2619.9126
    884.8544	   5580.1235
    884.8794	   5926.6826
    884.9044	   3683.4646
    884.9294	   1501.3832
    884.9543	    676.3168
    884.9793	      0.0000
    885.0043	      0.0000
    885.0293	      0.0000
    885.0542	      0.0000
    893.7593	      0.0000
    893.7847	      0.0000
    893.8100	      0.0000
    893.8354	      0.0000
    893.8607	    852.9022
    893.8861	   2744.0693
    893.9114	   5249.0591
    893.9368	   7672.1968
    893.9621	   6936.9155
    893.9875	   4202.9717
    894.0128	   1598.0175
    894.0382	    526.3300
    894.0635	      0.0000
    894.0889	      0.0000
    894.1143	      0.0000
    894.1396	      0.0000
    896.2992	      0.0000
    896.3246	      0.0000
    896.3501	      0.0000
    896.3755	      0.0000
    896.4010	    883.6530
    896.4265	   1906.8982
    896.4519	   2565.0823
    896.4774	   2399.6206
    896.5028	   1550.8679
    896.5283	    599.1690
    896.5538	      0.0000
    896.5792	      0.0000
    896.6047	      0.0000
    896.6302	      0.0000
    901.2318	      0.0000
    901.2575	      0.0000
    901.2831	      0.0000
    901.3088	      0.0000
    901.3345	    550.1108
    901.3601	   1559.2147
    901.3858	   2706.9622
    901.4115	   3301.5618
    901.4372	   2913.7842
    901.4628	   1821.0234
    901.4885	    742.6078
    901.5142	      0.0000
    901.5398	      0.0000
    901.5655	      0.0000
    901.5912	      0.0000
    901.7453	      0.0000
    901.7710	      0.0000
    901.7967	      0.0000
    901.8224	      0.0000
    901.8480	    917.6852
    901.8737	   1936.0129
    901.8994	   2684.9658
    901.9251	   2650.3474
    901.9508	   1861.5575
    901.9765	    845.0089
    902.0124	      0.0000
    902.0381	      0.0000
    902.0638	      0.0000
    902.0895	      0.0000
    902.2180	      0.0000
    902.2437	      0.0000
    902.2694	      0.0000
    902.2951	      0.0000
    902.3208	    387.3064
    902.3465	   2268.8816
    902.3722	   6431.3643
    902.3980	  17345.8145
    902.4237	  34370.1055
    902.4494	  52782.9023
    902.4751	  55476.7656
    902.5008	  36846.3750
    902.5265	  18330.8340
    902.5522	   3456.7603
    902.5780	      0.0000
    902.6138	      0.0000
    902.6396	      0.0000
    902.6653	      0.0000
    902.6910	      0.0000
    902.7425	      0.0000
    902.7682	      0.0000
    902.7939	      0.0000
    902.8196	      0.0000
    902.8454	   1222.9877
    902.8711	   4589.1685
    902.8968	   9502.4355
    902.9226	  18882.5762
    902.9483	  29624.4824
    902.9740	  36240.2188
    902.9998	  28354.9629
    903.0255	  16482.5566
    903.0513	   4648.5352
    903.0770	      0.0000
    903.0824	      0.0000
    903.1081	      0.0000
    903.1339	      0.0000
    903.1596	      0.0000
    903.2111	      0.0000
    903.2369	      0.0000
    903.2626	      0.0000
    903.2884	      0.0000
    903.3141	    926.3969
    903.3399	   4199.8120
    903.3656	   7468.8940
    903.3914	  12057.6260
    903.4171	  17515.3594
    903.4429	  20998.3828
    903.4687	  18895.4336
    903.4944	  11406.0957
    903.5202	   4348.6836
    903.5459	      0.0000
    903.5717	      0.0000
    903.5975	      0.0000
    903.6232	      0.0000
    903.6490	      0.0000
    903.7521	      0.0000
    903.7778	      0.0000
    903.8036	      0.0000
    903.8294	      0.0000
    903.8552	   1262.7124
    903.8809	   2003.0187
    903.9067	   2872.5361
    903.9325	   3641.7256
    903.9583	   6439.7598
    903.9840	   4322.6367
    904.0098	   1944.3384
    904.0356	    833.2272
    904.0614	      0.0000
    904.0872	      0.0000
    904.1130	      0.0000
    904.1388	      0.0000
    909.7607	      0.0000
    909.7867	      0.0000
    909.8127	      0.0000
    909.8388	      0.0000
    909.8648	   1025.6173
    909.8908	   1701.8721
    909.9169	   1939.7893
    909.9429	   1583.4991
    909.9690	    890.5229
    909.9950	      0.0000
    910.0210	      0.0000
    910.0471	      0.0000
    910.0731	      0.0000
    910.2815	      0.0000
    910.3075	      0.0000
    910.3336	      0.0000
    910.3596	      0.0000
    910.3857	    838.8835
    910.4117	   1486.7053
    910.4378	   1751.3777
    910.4639	   1439.7015
    910.4899	    776.7431
    910.5160	      0.0000
    910.5420	      0.0000
    910.5681	      0.0000
    910.5942	      0.0000
    912.6829	      0.0000
    912.7090	      0.0000
    912.7352	      0.0000
    912.7613	      0.0000
    912.7875	    500.4987
    912.8137	   1530.3118
    912.8398	   4274.0713
    912.8660	   6389.9487
    912.8921	   6258.1572
    912.9183	   3966.7671
    912.9445	   1640.9344
    912.9706	    580.0397
    912.9968	      0.0000
    913.0230	      0.0000
    913.0491	      0.0000
    913.0753	      0.0000
    913.7037	      0.0000
    913.7299	      0.0000
    913.7561	      0.0000
    913.7823	      0.0000
    913.8085	    740.4507
    913.8347	   1873.0924
    913.8609	   3037.5750
    913.8871	   3422.4299
    913.9133	   2724.5627
    913.9395	   1468.2485
    913.9658	    467.8665
    913.9920	      0.0000
    914.0182	      0.0000
    914.0444	      0.0000
    914.0706	      0.0000
    920.7389	      0.0000
    920.7654	      0.0000
    920.7919	      0.0000
    920.8184	      0.0000
    920.8449	    888.3541
    920.8714	   1600.6483
    920.8979	   2051.4397
    920.9244	   1951.3966
    920.9509	   1337.9316
    920.9774	      0.0000
    921.0039	      0.0000
    921.0304	      0.0000
    921.0569	      0.0000
    921.7733	      0.0000
    921.7998	      0.0000
    921.8264	      0.0000
    921.8529	      0.0000
    921.8794	    901.6150
    921.9060	   3499.8347
    921.9326	   5929.3149
    921.9591	   7583.8750
    921.9857	   5910.8960
    922.0122	   3222.2278
    922.0388	    617.8812
    922.0781	      0.0000
    922.1046	      0.0000
    922.1312	      0.0000
    922.1577	      0.0000
    922.2640	      0.0000
    922.2906	      0.0000
    922.3171	      0.0000
    922.3437	      0.0000
    922.3703	    601.7504
    922.3968	   2876.6479
    922.4234	   6079.6201
    922.4500	   9613.4004
    922.4766	  11131.8281
    922.5031	   8039.5771
    922.5297	   4336.5161
    922.5563	    896.1041
    922.5701	      0.0000
    922.5967	      0.0000
    922.6233	      0.0000
    922.6499	      0.0000
    922.7562	      0.0000
    922.7828	      0.0000
    922.8094	      0.0000
    922.8360	      0.0000
    922.8626	   1134.1786
    922.8892	   2372.8232
    922.9158	   6531.2593
    922.9424	   7553.9746
    922.9690	   6066.7466
    922.9956	   3533.2056
    923.0222	   1045.5496
    923.0488	      0.0000
    923.0754	      0.0000
    923.1020	      0.0000
    923.1286	      0.0000
    923.2882	      0.0000
    923.3148	      0.0000
    923.3414	      0.0000
    923.3681	      0.0000
    923.3947	   1241.2462
    923.4213	   2520.4116
    923.4479	   3435.8267
    923.4745	   3343.6892
    923.5011	   2295.2827
    923.5278	   1025.2097
    923.5544	      0.0000
    923.5810	      0.0000
    923.6076	      0.0000
    923.6343	      0.0000
    928.7409	      0.0000
    928.7677	      0.0000
    928.7946	      0.0000
    928.8214	      0.0000
    928.8483	    916.5905
    928.8751	   1461.7671
    928.9020	   1744.9648
    928.9288	   1605.7732
    928.9557	   1132.1880
    928.9825	      0.0000
    929.0094	      0.0000
    929.0363	      0.0000
    929.0631	      0.0000
    929.2512	      0.0000
    929.2780	      0.0000
    929.3049	      0.0000
    929.3318	      0.0000
    929.3587	   1236.8712
    929.3855	   2071.5295
    929.4124	   2433.6472
    929.4393	   2104.5029
    929.4662	   1323.5463
    929.4930	      0.0000
    929.5199	      0.0000
    929.5468	      0.0000
    929.5737	      0.0000
    929.7081	      0.0000
    929.7350	      0.0000
    929.7619	      0.0000
    929.7888	      0.0000
    929.8157	    591.0382
    929.8426	   1912.3838
    929.8695	   4822.5815
    929.8964	   8039.1460
    929.9233	   8814.2588
    929.9502	   5656.7827
    929.9771	   2512.6584
    930.0040	     33.2152
    930.0309	      0.0000
    930.0578	      0.0000
    930.0847	      0.0000
    930.1116	      0.0000
    930.2461	      0.0000
    930.2730	      0.0000
    930.3000	      0.0000
    930.3269	      0.0000
    930.3538	   1360.5339
    930.3807	   2901.2295
    930.4076	   5682.9331
    930.4345	   4943.7534
    930.4615	   2787.4290
    930.4884	   1102.9026
    930.5253	      0.0000
    930.5522	      0.0000
    930.5792	      0.0000
    930.6061	      0.0000
    930.7138	      0.0000
    930.7407	      0.0000
    930.7677	      0.0000
    930.7946	      0.0000
    930.8216	    791.0200
    930.8485	   3563.6545
    930.8754	   9190.4912
    930.9024	  24284.0566
    930.9293	  51810.4531
    930.9563	  82341.8672
    930.9832	  92594.6641
    931.0101	  64336.8789
    931.0371	  33849.0977
    931.0640	   7660.6572
    931.0910	      0.0000
    931.1236	      0.0000
    931.1505	      0.0000
    931.1775	      0.0000
    931.2044	      0.0000
    931.2314	      0.0000
    931.2583	      0.0000
    931.2853	      0.0000
    931.3122	      0.0000
    931.3392	   1779.0201
    931.3662	   5934.8252
    931.3931	  13441.5039
    931.4201	  31000.9297
    931.4470	  53189.6484
    931.4740	  73735.0781
    931.5010	  65583.5156
    931.5279	  39894.4570
    931.5549	  15636.4453
    931.5819	   1249.4949
    931.6172	      0.0000
    931.6442	      0.0000
    931.6711	      0.0000
    931.6981	      0.0000
    931.7251	      0.0000
    931.7521	      0.0000
    931.7791	      0.0000
    931.8060	      0.0000
    931.8330	      0.0000
    931.8600	   2868.0994
    931.8870	   7701.5601
    931.9140	  14632.3018
    931.9409	  23293.8047
    931.9679	  32005.5000
    931.9949	  32213.9160
    932.0219	  21785.9473
    932.0489	  11002.8955
    932.0759	   1665.2407
    932.1029	      0.0000
    932.1059	      0.0000
    932.1329	      0.0000
    932.1599	      0.0000
    932.1869	      0.0000
    932.2408	      0.0000
    932.2678	      0.0000
    932.2948	      0.0000
    932.3218	      0.0000
    932.3489	    756.3561
    932.3759	   1792.3571
    932.4029	   5816.8726
    932.4299	   8133.5327
    932.4569	   9042.1982
    932.4839	   6993.8057
    932.5109	   3977.1350
    932.5379	    990.6072
    932.5650	      0.0000
    932.5920	      0.0000
    932.6190	      0.0000
    932.6460	      0.0000
    985.6776	      0.0000
    985.7069	      0.0000
    985.7363	      0.0000
    985.7656	      0.0000
    985.7950	    456.2289
    985.8244	   1658.9562
    985.8537	   4484.4561
    985.8831	   7513.2324
    985.9124	   9354.0566
    985.9418	   6994.3706
    985.9712	   3888.2661
    986.0005	    844.6851
    986.0299	      0.0000
    986.0593	      0.0000
    986.0886	      0.0000
    986.1180	      0.0000
    986.2061	      0.0000
    986.2355	      0.0000
    986.2649	      0.0000
    986.2943	      0.0000
    986.3237	    979.6764
    986.3530	   3096.0247
    986.3824	   5532.1108
    986.4118	   7297.8193
    986.4412	   5479.9556
    986.4706	   2966.6470
    986.5000	   1078.6611
    986.5294	      0.0000
    986.5588	      0.0000
    986.5882	      0.0000
    986.6176	      0.0000
    986.7057	      0.0000
    986.7351	      0.0000
    986.7645	      0.0000
    986.7939	      0.0000
    986.8233	    710.7155
    986.8528	   2073.9438
    986.8822	   4907.5815
    986.9116	   6265.8193
    986.9410	   4470.8911
    986.9704	   2165.1731
    986.9998	      0.0000
    987.0292	      0.0000
    987.0586	      0.0000
    987.0880	      0.0000
    987.1175	      0.0000
    993.7104	      0.0000
    993.7401	      0.0000
    993.7699	      0.0000
    993.7996	      0.0000
    993.8293	   1073.9915
    993.8590	   2293.1794
    993.8887	   3336.4495
    993.9185	   3577.4380
    993.9482	   2865.9321
    993.9779	   1675.5470
    994.0076	    706.4568
    994.0373	      0.0000
    994.0671	      0.0000
    994.0968	      0.0000
    994.1265	      0.0000
    994.2455	      0.0000
    994.2752	      0.0000
    994.3050	      0.0000
    994.3347	      0.0000
    994.3644	   1412.5078
    994.3942	   2457.9729
    994.4239	   2874.8054
    994.4537	   2320.9873
    994.4834	   1216.8375
    994.5132	      0.0000
    994.5429	      0.0000
    994.5727	      0.0000
    994.6024	      0.0000
    994.7512	      0.0000
    994.7810	      0.0000
    994.8107	      0.0000
    994.8405	      0.0000
    994.8702	    740.1291
    994.9000	   1803.1003
    994.9298	   2925.0513
    994.9595	   3489.5017
    994.9893	   3149.9705
    995.0191	   2115.2524
    995.0489	    977.5910
    995.0786	      0.0000
    995.1084	      0.0000
    995.1382	      0.0000
    995.1680	      0.0000
    995.2871	      0.0000
    995.3169	      0.0000
    995.3467	      0.0000
    995.3764	      0.0000
    995.4062	    761.6479
    995.4360	   2085.4993
    995.4658	   3385.7415
    995.4956	   6114.5200
    995.5254	   4070.8787
    995.5552	   1879.8770
    995.5850	    987.5624
    995.6148	      0.0000
    995.6446	      0.0000
    995.6744	      0.0000
    995.7042	      0.0000
    995.7638	      0.0000
    995.7936	      0.0000
    995.8234	      0.0000
    995.8532	      0.0000
    995.8830	    740.0693
    995.9128	   2035.1333
    995.9426	   5795.7065
    995.9725	   7375.2104
    996.0023	   5951.4424
    996.0321	   3281.1345
    996.0619	    725.0190
    996.0917	      0.0000
    996.1216	      0.0000
    996.1514	      0.0000
    996.1812	      0.0000
   1002.2631	      0.0000
   1002.2932	      0.0000
   1002.3233	      0.0000
   1002.3534	      0.0000
   1002.3835	   1380.9373
   1002.4136	   2187.5503
   1002.4437	   2349.6819
   1002.4738	   1701.0363
   1002.5039	    718.2889
   1002.5340	      0.0000
   1002.5641	      0.0000
   1002.5943	      0.0000
   1002.6244	      0.0000
   1002.7448	      0.0000
   1002.7750	      0.0000
   1002.8051	      0.0000
   1002.8352	      0.0000
   1002.8653	   1193.8671
   1002.8954	   2507.1272
   1002.9256	   5612.7080
   1002.9557	   6174.7910
   1002.9858	   4248.3477
   1003.0160	   2085.6692
   1003.0461	    952.9606
   1003.0958	      0.0000
   1003.1259	      0.0000
   1003.1560	      0.0000
   1003.1862	      0.0000
   1003.2464	      0.0000
   1003.2766	      0.0000
   1003.3067	      0.0000
   1003.3369	      0.0000
   1003.3670	    768.4178
   1003.3972	   2942.8499
   1003.4273	   6871.5288
   1003.4575	  11166.4111
   1003.4876	  13362.4258
   1003.5178	   9909.9775
   1003.5479	   5604.3540
   1003.5781	   1191.3676
   1003.6027	      0.0000
   1003.6328	      0.0000
   1003.6630	      0.0000
   1003.6931	      0.0000
   1003.7233	      0.0000
   1003.7535	      0.0000
   1003.7836	      0.0000
   1003.8138	      0.0000
   1003.8440	    846.0228
   1003.8741	   3083.7908
   1003.9043	   8415.1592
   1003.9345	  22287.4238
   1003.9646	  39904.4414
   1003.9948	  56768.8477
   1004.0250	  51715.7461
   1004.0552	  31871.2559
   1004.0853	  13307.7842
   1004.1155	   1364.2852
   1004.1478	      0.0000
   1004.1780	      0.0000
   1004.2082	      0.0000
   1004.2383	      0.0000
   1004.2685	      0.0000
   1004.2987	      0.0000
   1004.3289	      0.0000
   1004.3591	   2191.9099
   1004.3893	   7799.5830
   1004.4195	  18820.5625
   1004.4497	  38511.2344
   1004.4799	  59909.5508
   1004.5101	  69843.4688
   1004.5403	  51800.5352
   1004.5705	  29469.8359
   1004.6007	   7777.2578
   1004.6309	      0.0000
   1004.6670	      0.0000
   1004.6972	      0.0000
   1004.7274	      0.0000
   1004.7576	      0.0000
   1004.7879	      0.0000
   1004.8181	      0.0000
   1004.8483	    327.0370
   1004.8785	   4014.8308
   1004.9087	   9174.3633
   1004.9389	  18046.7363
   1004.9691	  27931.4336
   1004.9994	  34737.2813
   1005.0296	  29507.2344
   1005.0598	  18021.5000
   1005.0900	   7212.7886
   1005.1202	      0.0000
   1005.1289	      0.0000
   1005.1591	      0.0000
   1005.1894	      0.0000
   1005.2196	      0.0000
   1005.2498	      0.0000
   1005.2801	      0.0000
   1005.3103	      0.0000
   1005.3405	   1516.0808
   1005.3708	   4392.6499
   1005.4010	   7807.2441
   1005.4312	  11471.5088
   1005.4615	  12062.2783
   1005.4917	  10480.0518
   1005.5220	   6662.8540
   1005.5522	   3177.3098
   1005.5825	    296.8272
   1005.6123	      0.0000
   1005.6425	      0.0000
   1005.6728	      0.0000
   1005.7030	      0.0000
   1005.7333	      0.0000
   1005.7635	      0.0000
   1005.7938	      0.0000
   1005.8240	      0.0000
   1005.8543	   1321.4446
   1005.8846	   2421.7109
   1005.9148	   3122.4343
   1005.9451	   2920.6179
   1005.9753	   1937.4346
   1006.0056	    808.3843
   1006.0359	      0.0000
   1006.0662	      0.0000
   1006.0964	      0.0000
   1006.1267	      0.0000
   1010.7438	      0.0000
   1010.7743	      0.0000
   1010.8047	      0.0000
   1010.8352	      0.0000
   1010.8657	   1072.1898
   1010.8962	   2264.0728
   1010.9267	   3057.6099
   1010.9572	   2866.3462
   1010.9877	   1841.8535
   1011.0182	    755.4066
   1011.0486	      0.0000
   1011.0791	      0.0000
   1011.1096	      0.0000
   1011.1401	      0.0000
   1011.2621	      0.0000
   1011.2926	      0.0000
   1011.3231	      0.0000
   1011.3537	      0.0000
   1011.3842	   1596.4800
   1011.4147	   3925.7917
   1011.4452	   6250.2329
   1011.4757	   6027.4463
   1011.5062	   2803.5933
   1011.5367	   1458.6532
   1011.5840	      0.0000
   1011.6145	      0.0000
   1011.6450	      0.0000
   1011.6755	      0.0000
   1011.7060	      0.0000
   1011.7366	      0.0000
   1011.7671	      0.0000
   1011.7976	      0.0000
   1011.8281	    550.7791
   1011.8587	   1781.3352
   1011.8892	   4293.9287
   1011.9197	  10575.6797
   1011.9503	  22636.1484
   1011.9808	  35966.8164
   1012.0113	  41540.6992
   1012.0419	  29424.8574
   1012.0724	  15577.8955
   1012.1030	   2866.7810
   1012.1335	      0.0000
   1012.1653	      0.0000
   1012.1958	      0.0000
   1012.2264	      0.0000
   1012.2569	      0.0000
   1012.2875	      0.0000
   1012.3180	      0.0000
   1012.3486	   1398.8629
   1012.3791	   4441.6807
   1012.4097	  10034.0518
   1012.4402	  22544.5938
   1012.4708	  36724.6875
   1012.5013	  46480.3320
   1012.5319	  36985.3047
   1012.5625	  21753.3008
   1012.5930	   6566.8184
   1012.6236	      0.0000
   1012.6511	      0.0000
   1012.6816	      0.0000
   1012.7122	      0.0000
   1012.7428	      0.0000
   1012.7734	      0.0000
   1012.8039	      0.0000
   1012.8345	      0.0000
   1012.8651	   1162.4657
   1012.8956	   3269.1895
   1012.9262	   7976.7363
   1012.9568	  14953.4219
   1012.9874	  22028.1289
   1013.0180	  23068.2070
   1013.0485	  15578.3066
   1013.0791	   8028.1816
   1013.1097	   1491.4344
   1013.1374	      0.0000
   1013.1679	      0.0000
   1013.1985	      0.0000
   1013.2291	      0.0000
   1013.2597	      0.0000
   1013.2903	      0.0000
   1013.3209	      0.0000
   1013.3515	    855.3287
   1013.3821	   3545.8691
   1013.4127	   6759.4985
   1013.4433	  10306.0244
   1013.4739	  11858.0352
   1013.5045	  10844.7676
   1013.5351	   7003.2739
   1013.5657	   3410.9382
   1013.5963	    363.6115
   1013.6151	      0.0000
   1013.6457	      0.0000
   1013.6763	      0.0000
   1013.7069	      0.0000
   1066.7014	      0.0000
   1066.7344	      0.0000
   1066.7675	      0.0000
   1066.8005	      0.0000
   1066.8336	   1129.6183
   1066.8666	   3637.8337
   1066.8997	   6292.7266
   1066.9327	   7691.8315
   1066.9658	   5475.2324
   1066.9988	   2782.1199
   1067.0319	    172.3852
   1067.0650	      0.0000
   1067.0980	      0.0000
   1067.1311	      0.0000
   1067.1642	      0.0000
   1069.2836	      0.0000
   1069.3168	      0.0000
   1069.3500	      0.0000
   1069.3831	      0.0000
   1069.4163	   1388.6484
   1069.4495	   2830.9939
   1069.4827	   5622.6069
   1069.5158	   5381.5908
   1069.5490	   2726.2764
   1069.5822	   1335.6552
   1069.6154	      0.0000
   1069.6486	      0.0000
   1069.6817	      0.0000
   1069.7149	      0.0000
   1074.7103	      0.0000
   1074.7437	      0.0000
   1074.7771	      0.0000
   1074.8105	      0.0000
   1074.8439	    660.1752
   1074.8774	   1928.4235
   1074.9108	   3280.0447
   1074.9442	   5238.8291
   1074.9777	   3203.6438
   1075.0111	   1608.5657
   1075.0445	    575.6578
   1075.0780	      0.0000
   1075.1114	      0.0000
   1075.1448	      0.0000
   1075.1783	      0.0000
   1075.2452	      0.0000
   1075.2786	      0.0000
   1075.3120	      0.0000
   1075.3455	      0.0000
   1075.3789	   1536.5212
   1075.4124	   2446.4424
   1075.4458	   2679.4458
   1075.4793	   2046.7954
   1075.5128	   1031.5621
   1075.5462	      0.0000
   1075.5797	      0.0000
   1075.6131	      0.0000
   1075.6466	      0.0000
   1075.7135	      0.0000
   1075.7470	      0.0000
   1075.7805	      0.0000
   1075.8139	      0.0000
   1075.8474	   1335.1406
   1075.8809	   2688.4551
   1075.9143	   5855.3262
   1075.9478	   6303.6992
   1075.9813	   3102.1467
   1076.0148	   1770.6656
   1076.0483	    699.7091
   1076.0817	      0.0000
   1076.1152	      0.0000
   1076.1487	      0.0000
   1076.1822	      0.0000
   1076.7852	      0.0000
   1076.8187	      0.0000
   1076.8523	      0.0000
   1076.8858	      0.0000
   1076.9193	    920.7210
   1076.9528	   1790.0604
   1076.9863	   2452.9089
   1077.0199	   2485.1482
   1077.0534	   1871.6902
   1077.0869	   1014.8052
   1077.1205	      0.0000
   1077.1540	      0.0000
   1077.1875	      0.0000
   1077.2211	      0.0000
   1077.7578	      0.0000
   1077.7914	      0.0000
   1077.8250	      0.0000
   1077.8585	      0.0000
   1077.8921	   1075.2552
   1077.9257	   3682.3325
   1077.9592	   6150.5894
   1077.9928	   7756.1978
   1078.0264	   5951.5840
   1078.0600	   3177.9260
   1078.0935	    525.4934
   1078.1356	      0.0000
   1078.1692	      0.0000
   1078.2028	      0.0000
   1078.2363	      0.0000
   1078.2699	      0.0000
   1078.3035	      0.0000
   1078.3371	      0.0000
   1078.3707	    881.3837
   1078.4043	   2152.7927
   1078.4379	   6225.9556
   1078.4715	  11909.6143
   1078.5051	  17802.0840
   1078.5387	  17106.9160
   1078.5723	  10600.3213
   1078.6059	   4515.3169
   1078.6395	    451.9619
   1078.6646	      0.0000
   1078.6982	      0.0000
   1078.7318	      0.0000
   1078.7654	      0.0000
   1078.7990	      0.0000
   1078.8326	      0.0000
   1078.8662	      0.0000
   1078.8998	    915.4356
   1078.9334	   1901.8567
   1078.9671	   3086.8027
   1079.0007	   6157.4165
   1079.0343	   4730.9355
   1079.0679	   2079.6428
   1079.1015	    825.3629
   1079.1352	      0.0000
   1079.1688	      0.0000
   1079.2024	      0.0000
   1079.2360	      0.0000
   1084.2644	      0.0000
   1084.2983	      0.0000
   1084.3322	      0.0000
   1084.3660	      0.0000
   1084.3999	    831.0835
   1084.4338	   1824.7405
   1084.4677	   2709.9180
   1084.5015	   2909.5315
   1084.5354	   2258.4443
   1084.5693	   1209.8124
   1084.6218	      0.0000
   1084.6557	      0.0000
   1084.6895	      0.0000
   1084.7234	      0.0000
   1084.7573	      0.0000
   1084.7912	      0.0000
   1084.8251	      0.0000
   1084.8590	    299.3449
   1084.8929	   1924.9518
   1084.9268	   5080.6528
   1084.9607	  12930.2988
   1084.9946	  22303.6582
   1085.0285	  30272.9355
   1085.0624	  25515.6602
   1085.0963	  14996.8447
   1085.1302	   5043.0083
   1085.1641	      0.0000
   1085.1929	      0.0000
   1085.2269	      0.0000
   1085.2608	      0.0000
   1085.2947	      0.0000
   1085.3286	      0.0000
   1085.3625	    583.3182
   1085.3964	   3046.3813
   1085.4303	   8134.5991
   1085.4643	  16750.0039
   1085.4982	  26103.6816
   1085.5321	  29778.7051
   1085.5660	  21161.1191
   1085.6000	  11244.8711
   1085.6339	   2328.1086
   1085.6678	      0.0000
   1085.7120	      0.0000
   1085.7460	      0.0000
   1085.7799	      0.0000
   1085.8138	      0.0000
   1085.8478	      0.0000
   1085.8817	    790.6725
   1085.9157	   3904.5127
   1085.9496	   8156.7446
   1085.9835	  12924.6162
   1086.0175	  16796.9746
   1086.0514	  15055.1592
   1086.0854	   9408.8857
   1086.1193	   4001.2871
   1086.1533	     17.0531
   1086.1634	      0.0000
   1086.1974	      0.0000
   1086.2313	      0.0000
   1086.2653	      0.0000
   1086.2992	      0.0000
   1086.3332	      0.0000
   1086.3672	      0.0000
   1086.4011	   1368.2344
   1086.4351	   2370.7480
   1086.4690	   3126.0637
   1086.5030	   3162.4263
   1086.5370	   2419.0808
   1086.5710	   1347.5565
   1086.6049	      0.0000
   1086.6389	      0.0000
   1086.6729	      0.0000
   1086.7069	      0.0000
   1091.2403	      0.0000
   1091.2745	      0.0000
   1091.3087	      0.0000
   1091.3429	      0.0000
   1091.3771	    924.4941
   1091.4113	   2203.6738
   1091.4455	   3483.3418
   1091.4797	   5776.0928
   1091.5139	   3836.8203
   1091.5481	   1837.9218
   1091.5823	    713.9316
   1091.6166	      0.0000
   1091.6508	      0.0000
   1091.6850	      0.0000
   1091.7192	      0.0000
   1091.7534	      0.0000
   1091.7876	      0.0000
   1091.8218	      0.0000
   1091.8561	      0.0000
   1091.8903	    664.3240
   1091.9245	   1621.7487
   1091.9587	   2259.0103
   1091.9930	   2085.6448
   1092.0272	   1283.3137
   1092.0614	      0.0000
   1092.0957	      0.0000
   1092.1299	      0.0000
   1092.1641	      0.0000
   1092.2668	      0.0000
   1092.3011	      0.0000
   1092.3353	      0.0000
   1092.3696	      0.0000
   1092.4038	   1270.7333
   1092.4381	   2457.3882
   1092.4723	   3125.3115
   1092.5066	   2783.5405
   1092.5408	   1690.9253
   1092.5751	    627.2271
   1092.6247	      0.0000
   1092.6590	      0.0000
   1092.6932	      0.0000
   1092.7275	      0.0000
   1092.7618	      0.0000
   1092.7960	      0.0000
   1092.8303	      0.0000
   1092.8646	    750.5040
   1092.8988	   3403.5432
   1092.9331	   9820.4609
   1092.9674	  20621.0508
   1093.0016	  32500.2227
   1093.0359	  35940.1289
   1093.0702	  24720.9219
   1093.1045	  12777.4248
   1093.1388	   2203.2253
   1093.1730	      0.0000
   1093.2112	      0.0000
   1093.2455	      0.0000
   1093.2797	      0.0000
   1093.3140	      0.0000
   1093.3483	      0.0000
   1093.3826	   2308.7747
   1093.4169	   6925.8604
   1093.4512	  16385.6719
   1093.4855	  26995.0137
   1093.5198	  35845.1289
   1093.5541	  30201.2422
   1093.5884	  17946.3262
   1093.6227	   6151.4268
   1093.6570	      0.0000
   1093.6852	      0.0000
   1093.7195	      0.0000
   1093.7539	      0.0000
   1093.7882	      0.0000
   1093.8225	      0.0000
   1093.8568	      3.6908
   1093.8911	   3149.9597
   1093.9254	   8992.9980
   1093.9597	  17204.8320
   1093.9941	  26138.1699
   1094.0284	  28541.9375
   1094.0627	  19884.2070
   1094.0970	  10514.7070
   1094.1314	   2277.7925
   1094.1657	      0.0000
   1094.1869	      0.0000
   1094.2212	      0.0000
   1094.2555	      0.0000
   1094.2899	      0.0000
   1094.3242	      0.0000
   1094.3586	      0.0000
   1094.3929	   1491.8717
   1094.4272	   4681.8784
   1094.4616	   7109.7261
   1094.4959	   8590.3408
   1094.5303	   6906.1860
   1094.5646	   4037.6018
   1094.5990	   1331.6624
   1094.6334	      0.0000
   1094.6677	      0.0000
   1094.7021	      0.0000
   1094.7364	      0.0000
   1133.2052	      0.0000
   1133.2414	      0.0000
   1133.2776	      0.0000
   1133.3137	      0.0000
   1133.3499	    751.9858
   1133.3861	   1810.3567
   1133.4223	   2802.4719
   1133.4585	   3072.7488
   1133.4947	   2433.8535
   1133.5309	   1332.0570
   1133.5671	      0.0000
   1133.6033	      0.0000
   1133.6395	      0.0000
   1133.6757	      0.0000
   1140.7326	      0.0000
   1140.7691	      0.0000
   1140.8057	      0.0000
   1140.8422	      0.0000
   1140.8788	   1417.0543
   1140.9153	   2432.6985
   1140.9519	   2970.4832
   1140.9884	   2631.8953
   1141.0250	   1647.6099
   1141.0615	    665.2789
   1141.0981	      0.0000
   1141.1347	      0.0000
   1141.1712	      0.0000
   1141.2078	      0.0000
   1148.1876	      0.0000
   1148.2245	      0.0000
   1148.2614	      0.0000
   1148.2983	      0.0000
   1148.3352	    444.8452
   1148.3721	   2979.3184
   1148.4090	   6246.2666
   1148.4460	   9589.4766
   1148.4829	   9930.9326
   1148.5198	   6764.6182
   1148.5567	   3492.0056
   1148.5936	    796.5412
   1148.6306	      0.0000
   1148.6675	      0.0000
   1148.7044	      0.0000
   1148.7413	      0.0000
   1150.2570	      0.0000
   1150.2940	      0.0000
   1150.3310	      0.0000
   1150.3680	      0.0000
   1150.4050	    471.8787
   1150.4420	   1710.8256
   1150.4791	   4489.7139
   1150.5161	   6137.2637
   1150.5531	   4605.6128
   1150.5901	   2320.0935
   1150.6271	   1041.6044
   1150.6641	      0.0000
   1150.7012	      0.0000
   1150.7382	      0.0000
   1150.7752	      0.0000
   1150.8123	      0.0000
   1150.8493	      0.0000
   1150.8863	      0.0000
   1150.9234	   1246.2993
   1150.9604	   4026.0278
   1150.9974	   6547.7197
   1151.0345	   7653.3809
   1151.0715	   5478.4297
   1151.1086	   2799.4080
   1151.1456	    852.8958
   1151.1970	      0.0000
   1151.2340	      0.0000
   1151.2711	      0.0000
   1151.3081	      0.0000
   1151.3452	      0.0000
   1151.3822	    101.4877
   1151.4193	   2168.5781
   1151.4563	   5886.5518
   1151.4934	   9841.9463
   1151.5305	  12543.6641
   1151.5675	  10316.0713
   1151.6046	   6086.9023
   1151.6417	   1982.6486
   1151.6787	      0.0000
   1151.7015	      0.0000
   1151.7386	      0.0000
   1151.7757	      0.0000
   1151.8127	      0.0000
   1151.8498	      0.0000
   1151.8869	      0.0000
   1151.9240	   1443.2830
   1151.9611	   4819.1519
   1151.9982	   7588.9741
   1152.0352	   9120.1133
   1152.0723	   7036.0381
   1152.1094	   3944.9170
   1152.1465	   1058.8420
   1152.1836	      0.0000
   1152.2207	      0.0000
   1152.2578	      0.0000
   1152.2949	      0.0000
   1155.7532	      0.0000
   1155.7905	      0.0000
   1155.8277	      0.0000
   1155.8650	      0.0000
   1155.9023	   1569.7428
   1155.9395	   2886.7810
   1155.9768	   3495.6851
   1156.0141	   2968.3689
   1156.0514	   1747.2656
   1156.0887	    675.5692
   1156.1260	      0.0000
   1156.1633	      0.0000
   1156.2005	      0.0000
   1156.2378	      0.0000
   1156.2751	      0.0000
   1156.3124	      0.0000
   1156.3497	      0.0000
   1156.3870	   1266.1211
   1156.4243	   2059.8718
   1156.4616	   2227.4805
   1156.4989	   1649.3414
   1156.5362	    764.0950
   1156.5735	      0.0000
   1156.6109	      0.0000
   1156.6482	      0.0000
   1156.6855	      0.0000
   1157.2454	      0.0000
   1157.2827	      0.0000
   1157.3201	      0.0000
   1157.3574	      0.0000
   1157.3948	    739.3193
   1157.4321	   1837.2281
   1157.4695	   2885.6025
   1157.5068	   3306.1433
   1157.5442	   2887.9314
   1157.5815	   1919.8146
   1157.6189	    916.3508
   1157.6563	      0.0000
   1157.6936	      0.0000
   1157.7310	      0.0000
   1157.7684	      0.0000
   1157.8057	      0.0000
   1157.8431	      0.0000
   1157.8805	      0.0000
   1157.9178	      0.0000
   1157.9552	   1410.2834
   1157.9926	   2093.3806
   1158.0300	   2200.3684
   1158.0673	   1701.5610
   1158.1047	    940.7233
   1158.1421	      0.0000
   1158.1795	      0.0000
   1158.2169	      0.0000
   1158.2543	      0.0000
   1158.2917	      0.0000
   1158.3291	      0.0000
   1158.3665	      0.0000
   1158.4039	    585.1142
   1158.4413	   1734.2493
   1158.4787	   2993.8755
   1158.5161	   3569.8589
   1158.5535	   3067.1250
   1158.5909	   1887.7394
   1158.6283	    803.6216
   1158.6726	      0.0000
   1158.7100	      0.0000
   1158.7474	      0.0000
   1158.7848	      0.0000
   1158.8223	      0.0000
   1158.8597	      0.0000
   1158.8971	    559.3652
   1158.9345	   2600.0073
   1158.9719	   6909.9199
   1159.0094	  11437.7676
   1159.0468	  13427.5537
   1159.0842	   9417.7705
   1159.1217	   4641.4712
   1159.1591	    531.1517
   1159.2106	      0.0000
   1159.2480	      0.0000
   1159.2855	      0.0000
   1159.3229	      0.0000
   1159.3604	     13.4127
   1159.3978	   2363.7200
   1159.4353	   6932.5068
   1159.4727	  13811.0586
   1159.5102	  20834.4648
   1159.5476	  22911.5996
   1159.5851	  16361.0771
   1159.6225	   8807.2422
   1159.6600	   1819.1359
   1159.6974	      0.0000
   1159.7274	      0.0000
   1159.7649	      0.0000
   1159.8024	      0.0000
   1159.8398	      0.0000
   1159.8773	    764.9719
   1159.9148	   3258.6941
   1159.9522	   7426.3086
   1159.9897	  11177.2188
   1160.0272	  12205.4434
   1160.0647	   8602.3604
   1160.1021	   4528.4951
   1160.1396	    689.7281
   1160.1635	      0.0000
   1160.2010	      0.0000
   1160.2385	      0.0000
   1160.2760	      0.0000
   1160.3135	      0.0000
   1160.3510	      0.0000
   1160.3885	      0.0000
   1160.4260	    816.4108
   1160.4635	   2022.9723
   1160.5010	   3234.6272
   1160.5385	   3692.3743
   1160.5760	   3034.5503
   1160.6135	   1707.8329
   1160.6510	    565.3956
   1160.6885	      0.0000
   1160.7260	      0.0000
   1160.7635	      0.0000
   1160.8010	      0.0000
   1164.7500	      0.0000
   1164.7877	      0.0000
   1164.8254	      0.0000
   1164.8631	      0.0000
   1164.9008	    919.7816
   1164.9386	   2066.3215
   1164.9763	   2989.4099
   1165.0140	   3056.6511
   1165.0517	   2231.9739
   1165.0894	   1110.2026
   1165.1272	      0.0000
   1165.1649	      0.0000
   1165.2026	      0.0000
   1165.2403	      0.0000
   1165.2781	      0.0000
   1165.3158	      0.0000
   1165.3535	    500.7848
   1165.3913	   1680.5875
   1165.4290	   4443.5249
   1165.4667	   7386.8882
   1165.5045	   8816.5430
   1165.5422	   6630.3936
   1165.5800	   3765.5608
   1165.6177	   1048.7789
   1165.6704	      0.0000
   1165.7081	      0.0000
   1165.7459	      0.0000
   1165.7837	      0.0000
   1165.8214	      0.0000
   1165.8592	      0.0000
   1165.8969	   1354.9502
   1165.9347	   4375.1606
   1165.9725	  12562.2393
   1166.0102	  22163.8945
   1166.0480	  30194.4512
   1166.0858	  24981.4668
   1166.1235	  14408.1084
   1166.1613	   4254.5762
   1166.1991	      0.0000
   1166.2470	      0.0000
   1166.2848	      0.0000
   1166.3225	      0.0000
   1166.3603	      0.0000
   1166.3981	   1367.0084
   1166.4359	   4354.7124
   1166.4737	  11632.7305
   1166.5115	  19942.4199
   1166.5493	  27229.3066
   1166.5871	  24079.4004
   1166.6249	  14431.5625
   1166.6626	   4988.4487
   1166.7004	      0.0000
   1166.7342	      0.0000
   1166.7720	      0.0000
   1166.8098	      0.0000
   1166.8476	      0.0000
   1166.8854	    869.5854
   1166.9232	   3605.5745
   1166.9610	   9502.9863
   1166.9988	  16169.1621
   1167.0366	  21995.0918
   1167.0745	  19993.1914
   1167.1123	  12381.5693
   1167.1501	   4960.4414
   1167.1879	      0.0000
   1167.2047	      0.0000
   1167.2426	      0.0000
   1167.2804	      0.0000
   1167.3182	      0.0000
   1167.3560	      0.0000
   1167.3939	   1216.8386
   1167.4317	   4207.5342
   1167.4696	   7201.2993
   1167.5074	   9473.2021
   1167.5452	   8923.4883
   1167.5831	   5649.1675
   1167.6209	   2265.8381
   1167.6588	      0.0000
   1167.6966	      0.0000
   1167.7345	      0.0000
   1167.7723	      0.0000
   1167.8102	      0.0000
   1167.8480	      0.0000
   1167.8859	    806.6614
   1167.9237	   2149.8276
   1167.9616	   4933.7690
   1167.9995	   6377.4136
   1168.0373	   5049.0674
   1168.0752	   2401.7236
   1168.1131	   1094.5082
   1168.1509	      0.0000
   1168.1888	      0.0000
   1168.2267	      0.0000
   1168.2645	      0.0000
   1173.2422	      0.0000
   1173.2803	      0.0000
   1173.3184	      0.0000
   1173.3565	      0.0000
   1173.3947	    799.0790
   1173.4328	   1724.6749
   1173.4709	   2435.1367
   1173.5090	   2441.6821
   1173.5472	   1757.6272
   1173.5853	    885.3683
   1173.6381	      0.0000
   1173.6762	      0.0000
   1173.7144	      0.0000
   1173.7525	      0.0000
   1173.7907	      0.0000
   1173.8288	      0.0000
   1173.8670	      0.0000
   1173.9051	    873.6699
   1173.9433	   2611.4006
   1173.9814	   6846.2617
   1174.0196	  11445.9482
   1174.0577	  14164.1611
   1174.0959	  10428.5488
   1174.1340	   5462.9424
   1174.1722	    986.6366
   1174.2186	      0.0000
   1174.2568	      0.0000
   1174.2949	      0.0000
   1174.3331	      0.0000
   1174.3713	    518.2289
   1174.4095	   2626.1858
   1174.4476	   6924.6753
   1174.4858	  12635.3760
   1174.5240	  18077.7559
   1174.5622	  17291.9336
   1174.6004	  10878.9766
   1174.6385	   4656.1279
   1174.6767	     35.8818
   1174.7187	      0.0000
   1174.7569	      0.0000
   1174.7951	      0.0000
   1174.8333	      0.0000
   1174.8715	      0.0000
   1174.9097	   1204.4362
   1174.9479	   3868.4778
   1174.9861	   7732.9878
   1175.0243	  11645.9824
   1175.0625	  12472.5098
   1175.1007	   8464.5859
   1175.1389	   4170.7100
   1175.1771	    415.7388
   1175.1887	      0.0000
   1175.2269	      0.0000
   1175.2651	      0.0000
   1175.3033	      0.0000
   1214.1940	      0.0000
   1214.2342	      0.0000
   1214.2743	      0.0000
   1214.3144	      0.0000
   1214.3546	    515.7215
   1214.3947	   1610.1580
   1214.4349	   2880.1335
   1214.4750	   3509.6016
   1214.5152	   3028.3279
   1214.5553	   1802.7136
   1214.5955	    700.1887
   1214.6357	      0.0000
   1214.6758	      0.0000
   1214.7160	      0.0000
   1214.7561	      0.0000
   1221.6931	      0.0000
   1221.7336	      0.0000
   1221.7741	      0.0000
   1221.8146	      0.0000
   1221.8551	    833.4971
   1221.8957	   2190.6433
   1221.9362	   5133.3564
   1221.9767	   6871.9175
   1222.0172	   5501.0205
   1222.0577	   2981.8945
   1222.0983	    482.5142
   1222.1388	      0.0000
   1222.1793	      0.0000
   1222.2198	      0.0000
   1222.2604	      0.0000
   1222.3009	      0.0000
   1222.3414	      0.0000
   1222.3820	    687.6571
   1222.4225	   1883.5674
   1222.4631	   2934.5420
   1222.5036	   3160.2417
   1222.5441	   2424.1575
   1222.5847	   1260.5450
   1222.6252	      0.0000
   1222.6658	      0.0000
   1222.7063	      0.0000
   1222.7469	      0.0000
   1222.7875	      0.0000
   1222.8280	      0.0000
   1222.8686	      0.0000
   1222.9091	   1504.1401
   1222.9497	   2395.4363
   1222.9903	   2687.8074
   1223.0308	   2193.8506
   1223.0714	   1259.2961
   1223.1120	      0.0000
   1223.1526	      0.0000
   1223.1931	      0.0000
   1223.2337	      0.0000
   1228.7306	      0.0000
   1228.7714	      0.0000
   1228.8123	      0.0000
   1228.8531	      0.0000
   1228.8940	   1092.2113
   1228.9349	   2275.6462
   1228.9757	   3051.7668
   1229.0166	   2891.2615
   1229.0575	   1947.3230
   1229.0983	    882.7385
   1229.1392	      0.0000
   1229.1801	      0.0000
   1229.2210	      0.0000
   1229.2618	      0.0000
   1230.2436	      0.0000
   1230.2845	      0.0000
   1230.3254	      0.0000
   1230.3664	      0.0000
   1230.4073	    766.5050
   1230.4482	   1838.6062
   1230.4892	   2769.6494
   1230.5301	   2888.2024
   1230.5711	   2068.9050
   1230.6120	    937.9796
   1230.6994	      0.0000
   1230.7403	      0.0000
   1230.7813	      0.0000
   1230.8222	      0.0000
   1231.8058	      0.0000
   1231.8468	      0.0000
   1231.8878	      0.0000
   1231.9288	      0.0000
   1231.9698	    939.8808
   1232.0108	   4304.3511
   1232.0518	   7723.5820
   1232.0929	  10985.3066
   1232.1339	   9774.0146
   1232.1749	   5353.6865
   1232.2159	   1394.1912
   1232.2321	      0.0000
   1232.2731	      0.0000
   1232.3141	      0.0000
   1232.3552	      0.0000
   1232.3962	   1060.8588
   1232.4372	   3657.0830
   1232.4783	   9025.5850
   1232.5193	  15146.9551
   1232.5604	  19950.5879
   1232.6014	  16471.9668
   1232.6425	   9517.3789
   1232.6835	   3123.2825
   1232.7246	      0.0000
   1232.7483	      0.0000
   1232.7894	      0.0000
   1232.8304	      0.0000
   1232.8715	      0.0000
   1232.9126	   1337.6523
   1232.9536	   4602.2607
   1232.9947	   8652.7275
   1233.0358	  11579.0938
   1233.0768	   9667.1299
   1233.1179	   5633.0586
   1233.1590	   1992.1547
   1233.2000	      0.0000
   1233.2369	      0.0000
   1233.2780	      0.0000
   1233.3191	      0.0000
   1233.3601	      0.0000
   1233.4012	   1374.9071
   1233.4423	   3611.5266
   1233.4834	   6231.7085
   1233.5245	   7414.0933
   1233.5656	   5332.7886
   1233.6067	   2874.1553
   1233.6478	   1036.9614
   1233.6889	      0.0000
   1233.7300	      0.0000
   1233.7711	      0.0000
   1233.8122	      0.0000
   1238.7600	      0.0000
   1238.8014	      0.0000
   1238.8427	      0.0000
   1238.8841	      0.0000
   1238.9255	   1093.4943
   1238.9668	   2238.2468
   1239.0082	   3036.9585
   1239.0496	   2984.5366
   1239.0909	   2149.8333
   1239.1323	   1078.4601
   1239.1737	      0.0000
   1239.2151	      0.0000
   1239.2564	      0.0000
   1239.2978	      0.0000
   1239.7532	      0.0000
   1239.7946	      0.0000
   1239.8360	      0.0000
   1239.8774	      0.0000
   1239.9188	   1206.2473
   1239.9602	   3969.3701
   1240.0016	   6824.9951
   1240.0430	   9075.4287
   1240.0845	   7520.3545
   1240.1259	   4216.8228
   1240.1673	   1085.7656
   1240.2289	      0.0000
   1240.2703	      0.0000
   1240.3117	      0.0000
   1240.3532	      0.0000
   1240.3946	   1511.9296
   1240.4360	   4509.5039
   1240.4775	   8376.6016
   1240.5189	  12378.9043
   1240.5603	  12798.6504
   1240.6018	   8643.7285
   1240.6432	   4329.1177
   1240.6847	    702.1843
   1240.7353	      0.0000
   1240.7767	      0.0000
   1240.8182	      0.0000
   1240.8597	      0.0000
   1240.9011	    612.2088
   1240.9426	   2387.3486
   1240.9840	   5646.8472
   1241.0255	   9310.4004
   1241.0670	  11226.1777
   1241.1084	   8321.9063
   1241.1499	   4548.4316
   1241.1914	    827.5914
   1241.2036	      0.0000
   1241.2451	      0.0000
   1241.2866	      0.0000
   1241.3281	      0.0000
   1241.3695	      0.0000
   1241.4110	   1203.3236
   1241.4525	   2335.6182
   1241.4940	   3058.3870
   1241.5355	   2868.4033
   1241.5770	   1926.7297
   1241.6185	    875.2592
   1241.6600	      0.0000
   1241.7015	      0.0000
   1241.7430	      0.0000
   1241.7845	      0.0000
   1241.8260	      0.0000
   1241.8675	      0.0000
   1241.9090	    937.8572
   1241.9506	   2001.2052
   1241.9921	   2664.7957
   1242.0336	   2453.6060
   1242.0751	   1541.1846
   1242.1166	      0.0000
   1242.1582	      0.0000
   1242.1997	      0.0000
   1242.2412	      0.0000
   1246.2795	      0.0000
   1246.3212	      0.0000
   1246.3629	      0.0000
   1246.4047	      0.0000
   1246.4464	   1435.2191
   1246.4881	   2325.5198
   1246.5299	   2724.4451
   1246.5716	   2442.6116
   1246.6134	   1674.9681
   1246.6551	      0.0000
   1246.6969	      0.0000
   1246.7386	      0.0000
   1246.7804	      0.0000
   1246.8222	      0.0000
   1246.8639	      0.0000
   1246.9057	      0.0000
   1246.9475	   1532.9037
   1246.9892	   4348.4038
   1247.0310	   6432.6016
   1247.0728	   5911.2832
   1247.1145	   3315.7910
   1247.1563	    955.8225
   1247.2312	      0.0000
   1247.2730	      0.0000
   1247.3148	      0.0000
   1247.3565	      0.0000
   1247.3983	    386.2918
   1247.4401	   2195.6648
   1247.4819	   5458.4414
   1247.5237	   9365.6504
   1247.5655	  12620.4424
   1247.6073	  10638.9824
   1247.6491	   5963.4272
   1247.6909	   1753.5094
   1247.7267	      0.0000
   1247.7685	      0.0000
   1247.8103	      0.0000
   1247.8521	      0.0000
   1247.8939	    720.7665
   1247.9358	   2666.6899
   1247.9776	   6052.7100
   1248.0194	   9920.1455
   1248.0612	  12471.5684
   1248.1030	  10077.3291
   1248.1449	   5798.2070
   1248.1867	   1749.8735
   1248.2014	      0.0000
   1248.2432	      0.0000
   1248.2850	      0.0000
   1248.3269	      0.0000
   1248.3687	      0.0000
   1248.4106	      0.0000
   1248.4524	   1172.5713
   1248.4942	   2292.4409
   1248.5361	   2904.6326
   1248.5779	   2569.4912
   1248.6198	   1551.1744
   1248.6606	      0.0000
   1248.7024	      0.0000
   1248.7443	      0.0000
   1248.7861	      0.0000
   1640.4600	      0.0000
   1640.5231	      0.0000
   1640.5861	      0.0000
   1640.6491	      0.0000
   1640.7122	   1724.9603
   1640.7752	   2499.1353
   1640.8383	   2559.8960
   1640.9013	   1874.4268
   1640.9644	    933.3931
   1641.0274	      0.0000
   1641.0905	      0.0000
   1641.1535	      0.0000
   1641.2166	      0.0000
   1641.4058	      0.0000
   1641.4689	      0.0000
   1641.5320	      0.0000
   1641.5951	      0.0000
   1641.6582	    906.5084
   1641.7212	   1902.5137
   1641.7843	   2718.0220
   1641.8474	   2836.9436
   1641.9106	   2167.9773
   1641.9737	   1164.1963
   1642.0368	      0.0000
   1642.0999	      0.0000
   1642.1630	      0.0000
   1642.2261	      0.0000
   2727.3102	      0.0000
   2727.4453	      0.0000
   2727.5804	      0.0000
   2727.7156	      0.0000
