# ljz_20131022_MR_Chym1_ELUTE.mzML
#
# index: 2075
# id: controllerType=0 controllerNumber=1 scan=7556
# scanNumber: 7556
# massAnalyzerType: quadrupole
# scanEvent: 2
# msLevel: 2
# retentionTime: 2082.77
# filterString: FTMS + p NSI d Full ms2 1092.87@hcd28.00 [100.00-5600.00]
# mzLow: 99.0035
# mzHigh: 5657.93
# basePeakMZ: 204.087
# basePeakIntensity: 103297
# totalIonCurrent: 458392
# precursorCount: 1
# precursor 0: 1092.47 1.50864e+006
# binary (645): 
     99.0035	      0.0000
     99.0045	      0.0000
     99.0054	      0.0000
     99.0063	      0.0000
    109.0208	      0.0000
    109.0219	      0.0000
    109.0230	      0.0000
    109.0241	      0.0000
    109.0252	    950.7115
    109.0262	   2981.7798
    109.0273	   6048.4443
    109.0284	   9209.3662
    109.0295	   8690.4688
    109.0306	   5295.2715
    109.0316	   2111.7566
    109.0327	    140.9528
    109.0338	      0.0000
    109.0349	      0.0000
    109.0359	      0.0000
    109.0370	      0.0000
    111.0373	      0.0000
    111.0384	      0.0000
    111.0395	      0.0000
    111.0406	      0.0000
    111.0417	    409.6116
    111.0428	   1194.8378
    111.0439	   2036.1259
    111.0450	   2395.2634
    111.0462	   2025.7843
    111.0473	   1212.8949
    111.0484	    469.9222
    111.0500	      0.0000
    111.0511	      0.0000
    111.0522	      0.0000
    111.0533	      0.0000
    115.0301	      0.0000
    115.0312	      0.0000
    115.0324	      0.0000
    115.0336	      0.0000
    115.0348	    655.7293
    115.0359	   2089.9773
    115.0371	   5817.6592
    115.0383	  10558.0459
    115.0394	  14934.1895
    115.0406	  13276.2969
    115.0418	   8069.1089
    115.0429	   3127.7593
    115.0441	    312.7276
    115.0449	      0.0000
    115.0460	      0.0000
    115.0472	      0.0000
    115.0484	      0.0000
    126.0441	      0.0000
    126.0454	      0.0000
    126.0468	      0.0000
    126.0481	      0.0000
    126.0495	    983.6410
    126.0508	   2159.9907
    126.0522	   6594.6255
    126.0535	  13747.5400
    126.0548	  21308.3223
    126.0562	  21684.2949
    126.0575	  13946.1240
    126.0589	   6561.9644
    126.0602	   1326.0326
    126.0616	      0.0000
    126.0629	      0.0000
    126.0643	      0.0000
    126.0656	      0.0000
    126.0670	      0.0000
    127.0270	      0.0000
    127.0284	      0.0000
    127.0297	      0.0000
    127.0311	      0.0000
    127.0325	    391.9096
    127.0338	   1327.5953
    127.0352	   4632.7402
    127.0365	  14391.1465
    127.0379	  26326.5625
    127.0393	  37193.3359
    127.0406	  32239.5039
    127.0420	  19481.1289
    127.0433	   7635.5933
    127.0447	   1419.3785
    127.0460	      0.0000
    127.0471	      0.0000
    127.0485	      0.0000
    127.0499	      0.0000
    127.0512	      0.0000
    127.0526	      0.0000
    127.0539	      0.0000
    127.0553	    444.0386
    127.0567	   1149.0731
    127.0580	   1881.7791
    127.0594	   2100.8911
    127.0607	   1638.5699
    127.0621	    870.8357
    127.0634	      0.0000
    127.0648	      0.0000
    127.0661	      0.0000
    127.0675	      0.0000
    129.0468	      0.0000
    129.0482	      0.0000
    129.0496	      0.0000
    129.0510	      0.0000
    129.0524	    849.1882
    129.0538	   1587.0001
    129.0551	   1899.4917
    129.0565	   1540.6113
    129.0579	    806.7947
    129.0593	      0.0000
    129.0607	      0.0000
    129.0621	      0.0000
    129.0635	      0.0000
    132.1209	      0.0000
    132.1223	      0.0000
    132.1237	      0.0000
    132.1252	      0.0000
    132.1266	    714.2783
    132.1281	   1627.2843
    132.1295	   2031.8339
    132.1309	   1601.9502
    132.1324	    805.9814
    132.1340	      0.0000
    132.1355	      0.0000
    132.1369	      0.0000
    132.1383	      0.0000
    138.0403	      0.0000
    138.0418	      0.0000
    138.0433	      0.0000
    138.0449	      0.0000
    138.0464	    774.4486
    138.0480	   1427.5361
    138.0495	   3815.3713
    138.0510	  12214.4863
    138.0526	  31360.8828
    138.0541	  52260.2656
    138.0556	  63135.8906
    138.0572	  45977.6992
    138.0587	  25347.1152
    138.0603	   6979.2290
    138.0618	   1072.2491
    138.0631	      0.0000
    138.0646	      0.0000
    138.0662	      0.0000
    138.0677	      0.0000
    139.0485	      0.0000
    139.0501	      0.0000
    139.0516	      0.0000
    139.0532	      0.0000
    139.0548	    828.1206
    139.0563	   1981.1797
    139.0579	   2998.0215
    139.0594	   3119.3250
    139.0610	   2253.6555
    139.0625	   1057.0084
    139.0641	      0.0000
    139.0657	      0.0000
    139.0672	      0.0000
    139.0688	      0.0000
    144.0540	      0.0000
    144.0557	      0.0000
    144.0573	      0.0000
    144.0589	      0.0000
    144.0606	    907.7777
    144.0622	   2082.3779
    144.0639	   4852.7661
    144.0655	   6392.0806
    144.0671	   5028.4868
    144.0688	   2830.6238
    144.0704	   1152.0721
    144.0721	    483.5569
    144.0738	      0.0000
    144.0755	      0.0000
    144.0771	      0.0000
    144.0787	      0.0000
    145.0366	      0.0000
    145.0382	      0.0000
    145.0399	      0.0000
    145.0416	      0.0000
    145.0432	    923.9925
    145.0449	   3411.4504
    145.0465	  11323.3330
    145.0482	  20384.9785
    145.0498	  27612.3867
    145.0515	  22135.6055
    145.0532	  12831.9570
    145.0548	   4128.7251
    145.0565	    665.8229
    145.0580	      0.0000
    145.0597	      0.0000
    145.0613	      0.0000
    145.0630	      0.0000
    159.0658	      0.0000
    159.0677	      0.0000
    159.0696	      0.0000
    159.0715	      0.0000
    159.0734	   1037.7622
    159.0753	   1647.1613
    159.0772	   1769.1868
    159.0791	   1280.5431
    159.0810	    542.5521
    159.0832	      0.0000
    159.0851	      0.0000
    159.0870	      0.0000
    159.0889	      0.0000
    163.0440	      0.0000
    163.0460	      0.0000
    163.0479	      0.0000
    163.0499	      0.0000
    163.0519	    904.2909
    163.0539	   2815.3994
    163.0558	   9304.7471
    163.0578	  18034.7930
    163.0598	  26907.6484
    163.0618	  25223.7363
    163.0637	  15631.3652
    163.0657	   6726.9385
    163.0677	   1393.3021
    163.0697	     98.9058
    163.0713	      0.0000
    163.0733	      0.0000
    163.0753	      0.0000
    163.0773	      0.0000
    164.0276	      0.0000
    164.0296	      0.0000
    164.0316	      0.0000
    164.0336	      0.0000
    164.0356	    605.5332
    164.0376	   1206.8569
    164.0396	   1619.1493
    164.0415	   1500.5551
    164.0435	    918.5131
    164.0458	      0.0000
    164.0478	      0.0000
    164.0498	      0.0000
    164.0518	      0.0000
    168.0477	      0.0000
    168.0498	      0.0000
    168.0519	      0.0000
    168.0539	      0.0000
    168.0560	    641.8748
    168.0581	   1825.6129
    168.0601	   6544.3140
    168.0622	  17180.5430
    168.0643	  28766.3789
    168.0663	  34807.9258
    168.0684	  25247.0293
    168.0705	  13848.2793
    168.0725	   3726.6108
    168.0746	    335.6516
    168.0764	      0.0000
    168.0785	      0.0000
    168.0806	      0.0000
    168.0826	      0.0000
    169.0563	      0.0000
    169.0584	      0.0000
    169.0605	      0.0000
    169.0625	      0.0000
    169.0646	    802.7254
    169.0667	   1537.3131
    169.0688	   1958.5145
    169.0709	   1725.9916
    169.0730	   1004.6487
    169.0752	      0.0000
    169.0773	      0.0000
    169.0794	      0.0000
    169.0815	      0.0000
    186.0566	      0.0000
    186.0590	      0.0000
    186.0614	      0.0000
    186.0638	      0.0000
    186.0662	    270.6179
    186.0686	   2068.4563
    186.0710	   7500.4497
    186.0734	  13952.0352
    186.0758	  19908.7188
    186.0783	  17358.6875
    186.0807	  10466.6230
    186.0831	   4081.8906
    186.0855	    794.3347
    186.0878	      0.0000
    186.0902	      0.0000
    186.0926	      0.0000
    186.0950	      0.0000
    187.0644	      0.0000
    187.0668	      0.0000
    187.0692	      0.0000
    187.0717	      0.0000
    187.0741	    826.9339
    187.0765	   1600.2039
    187.0789	   2066.8691
    187.0814	   1856.1625
    187.0838	   1123.7961
    187.0862	      0.0000
    187.0886	      0.0000
    187.0911	      0.0000
    187.0935	      0.0000
    202.0635	      0.0000
    202.0662	      0.0000
    202.0689	      0.0000
    202.0716	      0.0000
    202.0744	    742.3501
    202.0771	   1348.3147
    202.0798	   1711.0895
    202.0825	   1577.3627
    202.0853	   1021.0596
    202.0885	      0.0000
    202.0912	      0.0000
    202.0939	      0.0000
    202.0967	      0.0000
    204.0593	      0.0000
    204.0621	      0.0000
    204.0649	      0.0000
    204.0676	      0.0000
    204.0704	    921.4446
    204.0732	   1798.1194
    204.0759	   4305.3428
    204.0787	  13843.0049
    204.0815	  42298.0000
    204.0842	  75249.8281
    204.0870	 103014.2188
    204.0897	  85383.6094
    204.0925	  50727.9688
    204.0953	  18344.0156
    204.0980	   3793.3738
    204.1008	    633.6154
    204.1032	      0.0000
    204.1059	      0.0000
    204.1087	      0.0000
    204.1115	      0.0000
    205.0691	      0.0000
    205.0719	      0.0000
    205.0747	      0.0000
    205.0775	      0.0000
    205.0802	    194.9851
    205.0830	   2010.5646
    205.0858	   4856.5488
    205.0886	   7909.1221
    205.0914	   8134.2256
    205.0942	   5248.6113
    205.0970	   2528.7168
    205.0997	    747.5181
    205.1025	      0.0000
    205.1053	      0.0000
    205.1081	      0.0000
    205.1108	      0.0000
    214.0739	      0.0000
    214.0768	      0.0000
    214.0798	      0.0000
    214.0828	      0.0000
    214.0857	    723.2067
    214.0887	   1232.7343
    214.0917	   1475.4633
    214.0947	   1324.0820
    214.0976	    891.8464
    214.1007	      0.0000
    214.1037	      0.0000
    214.1066	      0.0000
    214.1096	      0.0000
    241.0470	      0.0000
    241.0505	      0.0000
    241.0541	      0.0000
    241.0576	      0.0000
    241.0612	    725.6423
    241.0647	   1668.6925
    241.0683	   2419.1841
    241.0718	   2443.9438
    241.0754	   1733.5819
    241.0789	    811.1519
    241.0826	      0.0000
    241.0862	      0.0000
    241.0897	      0.0000
    241.0933	      0.0000
    260.0973	      0.0000
    260.1013	      0.0000
    260.1053	      0.0000
    260.1092	      0.0000
    260.1132	    609.9456
    260.1172	   1209.3141
    260.1212	   1648.8145
    260.1252	   1709.3925
    260.1291	   1391.6033
    260.1331	    888.7133
    260.1374	      0.0000
    260.1414	      0.0000
    260.1454	      0.0000
    260.1494	      0.0000
    361.0751	      0.0000
    361.0816	      0.0000
    361.0881	      0.0000
    361.0946	      0.0000
    361.1011	    887.5483
    361.1076	   1322.5178
    361.1141	   1423.4292
    361.1206	   1157.5763
    361.1271	    709.6751
    361.1347	      0.0000
    361.1412	      0.0000
    361.1477	      0.0000
    361.1543	      0.0000
    366.0868	      0.0000
    366.0935	      0.0000
    366.1001	      0.0000
    366.1068	      0.0000
    366.1134	    221.0192
    366.1201	   2220.0750
    366.1267	   7511.9775
    366.1333	  13387.7354
    366.1400	  17965.8867
    366.1466	  14341.5635
    366.1533	   8321.7861
    366.1599	   2596.9500
    366.1666	    211.3638
    366.1731	      0.0000
    366.1798	      0.0000
    366.1864	      0.0000
    366.1931	      0.0000
    528.1213	      0.0000
    528.1328	      0.0000
    528.1443	      0.0000
    528.1558	      0.0000
    528.1673	   1084.8091
    528.1788	   2022.6667
    528.1903	   2494.7063
    528.2019	   2101.9106
    528.2134	   1130.4896
    528.2249	      0.0000
    528.2364	      0.0000
    528.2479	      0.0000
    528.2594	      0.0000
    528.4553	      0.0000
    528.4668	      0.0000
    528.4783	      0.0000
    528.4898	      0.0000
    528.5014	    585.8117
    528.5129	   1328.2689
    528.5244	   2257.7385
    528.5359	   2682.9431
    528.5475	   2288.7092
    528.5590	   1383.7290
    528.5705	    536.2513
    528.5821	      0.0000
    528.5936	      0.0000
    528.6051	      0.0000
    528.6167	      0.0000
    564.3648	      0.0000
    564.3775	      0.0000
    564.3902	      0.0000
    564.4030	      0.0000
    564.4157	    667.7775
    564.4284	   1219.2090
    564.4411	   1454.6583
    564.4538	   1184.6294
    564.4665	    614.1667
    564.4794	      0.0000
    564.4921	      0.0000
    564.5049	      0.0000
    564.5176	      0.0000
    697.8370	      0.0000
    697.8545	      0.0000
    697.8720	      0.0000
    697.8895	      0.0000
    697.9070	    776.1113
    697.9244	   1453.6761
    697.9419	   1853.5774
    697.9594	   1665.3625
    697.9769	   1022.9213
    697.9945	      0.0000
    698.0120	      0.0000
    698.0295	      0.0000
    698.0470	      0.0000
    782.5512	      0.0000
    782.5719	      0.0000
    782.5927	      0.0000
    782.6135	      0.0000
    782.6342	    759.1228
    782.6550	   1298.8153
    782.6758	   1564.9733
    782.6966	   1364.0461
    782.7173	    823.4633
    782.7381	      0.0000
    782.7589	      0.0000
    782.7797	      0.0000
    782.8005	      0.0000
    832.2920	      0.0000
    832.3148	      0.0000
    832.3375	      0.0000
    832.3603	      0.0000
    832.3831	    723.2172
    832.4059	   1269.4072
    832.4287	   1539.0137
    832.4514	   1358.5220
    832.4742	    862.9619
    832.4973	      0.0000
    832.5201	      0.0000
    832.5428	      0.0000
    832.5656	      0.0000
   1053.2483	      0.0000
   1053.2807	      0.0000
   1053.3131	      0.0000
   1053.3456	      0.0000
   1053.3780	   1210.6235
   1053.4104	   1880.2128
   1053.4428	   2055.5303
   1053.4753	   1583.8097
   1053.5077	    804.6324
   1053.5402	      0.0000
   1053.5726	      0.0000
   1053.6050	      0.0000
   1053.6375	      0.0000
   1063.7994	      0.0000
   1063.8324	      0.0000
   1063.8653	      0.0000
   1063.8982	      0.0000
   1063.9311	    939.2582
   1063.9640	   1702.8701
   1063.9969	   2065.3542
   1064.0299	   1766.3843
   1064.0628	   1038.3383
   1064.0958	      0.0000
   1064.1287	      0.0000
   1064.1616	      0.0000
   1064.1945	      0.0000
   1070.0471	      0.0000
   1070.0803	      0.0000
   1070.1135	      0.0000
   1070.1467	      0.0000
   1070.1799	    854.3677
   1070.2131	   1708.6945
   1070.2463	   2308.5085
   1070.2795	   2232.8010
   1070.3127	   1544.8585
   1070.3460	    714.8928
   1070.3795	      0.0000
   1070.4127	      0.0000
   1070.4460	      0.0000
   1070.4792	      0.0000
   1381.2927	      0.0000
   1381.3414	      0.0000
   1381.3901	      0.0000
   1381.4388	      0.0000
   1381.4875	   1189.5027
   1381.5362	   1942.1112
   1381.5849	   2325.8088
   1381.6337	   2058.1260
   1381.6824	   1306.6185
   1381.7299	      0.0000
   1381.7786	      0.0000
   1381.8273	      0.0000
   1381.8761	      0.0000
   1521.6597	      0.0000
   1521.7160	      0.0000
   1521.7723	      0.0000
   1521.8286	      0.0000
   1521.8849	   1105.3861
   1521.9413	   2078.8093
   1521.9976	   2687.7937
   1522.0539	   2495.2922
   1522.1102	   1672.1998
   1522.1666	    758.2380
   1522.2229	      0.0000
   1522.2792	      0.0000
   1522.3356	      0.0000
   1522.3919	      0.0000
   1560.6220	      0.0000
   1560.6805	      0.0000
   1560.7390	      0.0000
   1560.7975	      0.0000
   1560.8560	   1071.5438
   1560.9144	   1980.5055
   1560.9729	   2627.1228
   1561.0314	   2573.0334
   1561.0900	   1814.2281
   1561.1485	    847.3683
   1561.2070	      0.0000
   1561.2655	      0.0000
   1561.3240	      0.0000
   1561.3825	      0.0000
   1624.9415	      0.0000
   1625.0037	      0.0000
   1625.0658	      0.0000
   1625.1280	      0.0000
   1625.1901	    691.0560
   1625.2523	   1588.8970
   1625.3144	   2238.4133
   1625.3766	   2150.6772
   1625.4387	   1392.6515
   1625.5009	      0.0000
   1625.5630	      0.0000
   1625.6252	      0.0000
   1625.6874	      0.0000
   1673.6654	      0.0000
   1673.7304	      0.0000
   1673.7953	      0.0000
   1673.8603	      0.0000
   1673.9252	    754.0151
   1673.9902	   1585.7535
   1674.0552	   1922.9874
   1674.1201	   1515.5441
   1674.1851	    737.1661
   1674.2501	      0.0000
   1674.3151	      0.0000
   1674.3800	      0.0000
   1674.4450	      0.0000
   1674.5100	      0.0000
   1674.5750	    739.5460
   1674.6400	   1575.3668
   1674.7050	   2065.3601
   1674.7700	   1796.9928
   1674.8351	   1015.0944
   1674.9001	      0.0000
   1674.9651	      0.0000
   1675.0301	      0.0000
   1675.0952	      0.0000
   2117.8059	      0.0000
   2117.8983	      0.0000
   2117.9908	      0.0000
   2118.0833	      0.0000
   2118.1757	    805.4932
   2118.2682	   1489.8494
   2118.3607	   1907.9763
   2118.4532	   1843.2610
   2118.5457	   1383.8486
   2118.6376	      0.0000
   2118.7301	      0.0000
   2118.8227	      0.0000
   2118.9152	      0.0000
   4807.6324	      0.0000
   4807.9487	      0.0000
   4808.2649	      0.0000
   4808.5812	      0.0000
   4808.8975	    975.1484
   4809.2138	   1854.3125
   4809.5302	   2256.1262
   4809.8466	   1857.7529
   4810.1630	    954.0157
   4810.4795	      0.0000
   4810.7960	      0.0000
   4811.1125	      0.0000
   4811.4290	      0.0000
   5656.7215	      0.0000
   5657.1251	      0.0000
   5657.5287	      0.0000
   5657.9324	      0.0000
