# ljz_20131022_MR_Chym1_ELUTE.mzML
#
# index: 2502
# id: controllerType=0 controllerNumber=1 scan=8095
# scanNumber: 8095
# massAnalyzerType: quadrupole
# scanEvent: 2
# msLevel: 2
# retentionTime: 2177.56
# filterString: FTMS + p NSI d Full ms2 577.83@hcd28.00 [100.00-1200.00]
# mzLow: 99.0036
# mzHigh: 1212.23
# basePeakMZ: 200.104
# basePeakIntensity: 340820
# totalIonCurrent: 3.25145e+006
# precursorCount: 1
# precursor 0: 577.833 2.08775e+006
# binary (3008): 
     99.0036	      0.0000
     99.0045	      0.0000
     99.0054	      0.0000
     99.0064	      0.0000
    101.0638	      0.0000
    101.0647	      0.0000
    101.0657	      0.0000
    101.0667	      0.0000
    101.0676	     45.7659
    101.0686	   1605.0216
    101.0696	   5801.2139
    101.0705	  10544.4238
    101.0715	  14723.8574
    101.0725	  12513.3213
    101.0734	   7483.1221
    101.0744	   2852.3047
    101.0753	    484.1776
    101.0763	      0.0000
    101.0773	      0.0000
    101.0782	      0.0000
    101.0792	      0.0000
    102.0481	      0.0000
    102.0491	      0.0000
    102.0501	      0.0000
    102.0511	      0.0000
    102.0520	    392.8530
    102.0530	   1019.7350
    102.0540	   1801.0962
    102.0550	   2290.8940
    102.0559	   2162.6306
    102.0569	   1495.2219
    102.0579	    704.8493
    102.0589	      0.0000
    102.0598	      0.0000
    102.0608	      0.0000
    102.0618	      0.0000
    104.0645	      0.0000
    104.0655	      0.0000
    104.0665	      0.0000
    104.0675	      0.0000
    104.0685	    538.4512
    104.0695	    982.0262
    104.0705	   1279.6714
    104.0715	   1210.0750
    104.0725	    780.3615
    104.0735	      0.0000
    104.0745	      0.0000
    104.0755	      0.0000
    104.0766	      0.0000
    104.1592	      0.0000
    104.1602	      0.0000
    104.1612	      0.0000
    104.1622	      0.0000
    104.1632	      0.0000
    104.1642	      0.0000
    104.1652	      0.0000
    104.1662	      0.0000
    104.1673	      0.0000
    104.1683	      0.0000
    104.1693	      0.0000
    104.1703	      0.0000
    104.1713	      0.0000
    104.1723	      0.0000
    104.1733	      0.0000
    104.1743	      0.0000
    104.1753	      0.0000
    104.1763	      0.0000
    104.1773	      0.0000
    104.1783	      0.0000
    104.1794	      0.0000
    104.1804	      0.0000
    104.2773	      0.0000
    104.2783	      0.0000
    104.2793	      0.0000
    104.2803	      0.0000
    104.2813	      0.0000
    104.2823	      0.0000
    104.2833	      0.0000
    104.2843	      0.0000
    104.2853	      0.0000
    104.2864	      0.0000
    104.2873	      0.0000
    104.2883	      0.0000
    104.2893	      0.0000
    104.2903	      0.0000
    110.0538	      0.0000
    110.0549	      0.0000
    110.0560	      0.0000
    110.0571	      0.0000
    110.0582	    728.6952
    110.0593	   1475.8499
    110.0604	   1777.3790
    110.0615	   1391.6003
    110.0626	    676.3705
    110.0637	      0.0000
    110.0648	      0.0000
    110.0659	      0.0000
    110.0670	      0.0000
    110.0681	    810.6017
    110.0692	   2543.3821
    110.0703	   5266.3472
    110.0714	   8125.8760
    110.0725	   7872.5679
    110.0736	   4912.1875
    110.0747	   2169.2869
    110.0758	    762.1940
    110.0768	      0.0000
    110.0779	      0.0000
    110.0790	      0.0000
    110.0801	      0.0000
    111.0483	      0.0000
    111.0494	      0.0000
    111.0506	      0.0000
    111.0517	      0.0000
    111.0528	    576.4565
    111.0539	   1412.6635
    111.0550	   2806.2949
    111.0561	   4474.1313
    111.0572	   3012.6643
    111.0583	   1894.9285
    111.0594	    779.7656
    111.0605	      0.0000
    111.0616	      0.0000
    111.0627	      0.0000
    111.0638	      0.0000
    115.0799	      0.0000
    115.0810	      0.0000
    115.0822	      0.0000
    115.0834	      0.0000
    115.0845	    766.5424
    115.0857	   1325.2776
    115.0869	   1564.0511
    115.0881	   1298.9100
    115.0892	    706.7071
    115.0904	      0.0000
    115.0916	      0.0000
    115.0927	      0.0000
    115.0939	      0.0000
    115.5379	      0.0000
    115.5391	      0.0000
    115.5403	      0.0000
    115.5414	      0.0000
    115.5426	    458.6684
    115.5438	   1026.1864
    115.5450	   1309.1759
    115.5462	   1097.3512
    115.5473	    580.7902
    115.5485	      0.0000
    115.5496	      0.0000
    115.5508	      0.0000
    115.5520	      0.0000
    120.0741	      0.0000
    120.0754	      0.0000
    120.0766	      0.0000
    120.0779	      0.0000
    120.0791	    889.2238
    120.0804	   1427.7964
    120.0816	   1624.5531
    120.0829	   1338.6333
    120.0841	    761.7347
    120.0853	      0.0000
    120.0865	      0.0000
    120.0878	      0.0000
    120.0890	      0.0000
    126.0452	      0.0000
    126.0465	      0.0000
    126.0479	      0.0000
    126.0492	      0.0000
    126.0506	    415.7820
    126.0519	   1110.1440
    126.0532	   2261.8286
    126.0546	   4604.3857
    126.0559	   5064.5547
    126.0573	   2587.8213
    126.0586	   1424.1530
    126.0600	    552.4208
    126.0613	      0.0000
    126.0626	      0.0000
    126.0640	      0.0000
    126.0653	      0.0000
    129.0565	      0.0000
    129.0579	      0.0000
    129.0593	      0.0000
    129.0607	      0.0000
    129.0621	    850.9460
    129.0634	   1985.5450
    129.0648	   4067.4048
    129.0662	   5631.1675
    129.0676	   4368.4814
    129.0690	   1779.2820
    129.0704	    610.4384
    129.0720	      0.0000
    129.0734	      0.0000
    129.0748	      0.0000
    129.0761	      0.0000
    129.0887	      0.0000
    129.0901	      0.0000
    129.0914	      0.0000
    129.0928	      0.0000
    129.0942	    858.1243
    129.0956	   1672.9746
    129.0970	   3721.1021
    129.0984	  12423.8203
    129.0998	  38737.2656
    129.1012	  70758.2500
    129.1026	 100119.1016
    129.1040	  87424.6719
    129.1054	  53191.3867
    129.1068	  21572.8359
    129.1081	   4858.3467
    129.1095	    549.4584
    129.1107	      0.0000
    129.1121	      0.0000
    129.1135	      0.0000
    129.1149	      0.0000
    130.0327	      0.0000
    130.0341	      0.0000
    130.0355	      0.0000
    130.0369	      0.0000
    130.0383	      0.0000
    130.0397	      0.0000
    130.0411	      0.0000
    130.0426	   3050.2998
    130.0440	   3803.5991
    130.0454	  10451.0400
    130.0468	  35279.5781
    130.0482	  73963.1250
    130.0496	 115525.6797
    130.0510	 118858.6016
    130.0524	  77761.2266
    130.0538	  38359.5352
    130.0553	  10360.7100
    130.0567	   2358.6516
    130.0581	   1463.4924
    130.0595	    486.4468
    130.0608	      0.0000
    130.0622	      0.0000
    130.0636	      0.0000
    130.0650	      0.0000
    130.0665	      0.0000
    130.0679	      0.0000
    130.0693	      0.0000
    130.0707	      0.0000
    130.0721	      0.0000
    130.0735	      0.0000
    130.0960	      0.0000
    130.0974	      0.0000
    130.0988	      0.0000
    130.1002	      0.0000
    130.1016	    722.0073
    130.1030	   1896.2388
    130.1044	   3868.4529
    130.1059	   5678.2300
    130.1073	   5039.9927
    130.1087	   2161.6594
    130.1101	    936.2325
    130.1115	      0.0000
    130.1129	      0.0000
    130.1143	      0.0000
    130.1157	      0.0000
    131.0428	      0.0000
    131.0442	      0.0000
    131.0456	      0.0000
    131.0470	      0.0000
    131.0485	    362.0744
    131.0499	   1271.5835
    131.0513	   4196.1792
    131.0527	   6724.7222
    131.0541	   7651.5059
    131.0556	   5331.9546
    131.0570	   2761.6904
    131.0584	    528.8301
    131.0598	      0.0000
    131.0612	      0.0000
    131.0627	      0.0000
    131.0641	      0.0000
    133.0330	      0.0000
    133.0345	      0.0000
    133.0359	      0.0000
    133.0374	      0.0000
    133.0388	    311.9090
    133.0403	   1080.1168
    133.0418	   1985.9087
    133.0432	   2436.8479
    133.0447	   2091.0591
    133.0461	   1214.9753
    133.0476	    421.1253
    133.0488	      0.0000
    133.0503	      0.0000
    133.0518	      0.0000
    133.0532	      0.0000
    138.0429	      0.0000
    138.0444	      0.0000
    138.0460	      0.0000
    138.0475	      0.0000
    138.0491	    131.2430
    138.0506	   1981.5032
    138.0521	   6473.1577
    138.0537	  11172.7197
    138.0552	  14474.8271
    138.0567	  11307.2617
    138.0583	   6574.3389
    138.0598	   2172.8945
    138.0614	    322.6158
    138.0630	      0.0000
    138.0646	      0.0000
    138.0661	      0.0000
    138.0677	      0.0000
    139.0392	      0.0000
    139.0407	      0.0000
    139.0423	      0.0000
    139.0438	      0.0000
    139.0454	    440.4712
    139.0469	   1148.0857
    139.0485	   2100.2261
    139.0500	   2722.5327
    139.0516	   2508.3442
    139.0532	   1548.7106
    139.0547	    511.6683
    139.0563	      0.0000
    139.0578	      0.0000
    139.0594	      0.0000
    139.0609	      0.0000
    147.0215	      0.0000
    147.0232	      0.0000
    147.0249	      0.0000
    147.0266	      0.0000
    147.0283	      0.0000
    147.0300	      0.0000
    147.0317	      0.0000
    147.0334	      0.0000
    147.0350	      0.0000
    147.0367	      0.0000
    147.0384	      0.0000
    147.0401	      0.0000
    147.0418	      0.0000
    147.0554	      0.0000
    147.0570	      0.0000
    147.0587	      0.0000
    147.0604	      0.0000
    147.0621	    295.8020
    147.0638	   2613.9109
    147.0655	   2881.9146
    147.0672	   4402.9834
    147.0689	   5175.6138
    147.0706	  13874.5596
    147.0723	  48200.4727
    147.0740	 108422.3750
    147.0757	 173801.6563
    147.0773	 189060.9531
    147.0790	 128177.7891
    147.0807	  66284.0547
    147.0824	  18943.6250
    147.0841	   5053.6855
    147.0858	   3187.5862
    147.0875	   2087.7336
    147.0892	     56.4450
    147.0909	      0.0000
    147.0926	      0.0000
    147.0942	      0.0000
    147.0959	      0.0000
    148.0670	      0.0000
    148.0687	      0.0000
    148.0704	      0.0000
    148.0721	      0.0000
    148.0738	    276.2844
    148.0755	   1090.6588
    148.0772	   3874.3550
    148.0790	   6126.7783
    148.0807	   7123.1016
    148.0824	   5163.2666
    148.0841	   2809.3965
    148.0858	   1034.4993
    148.0875	    423.7736
    148.0892	      0.0000
    148.0909	      0.0000
    148.0926	      0.0000
    148.0943	      0.0000
    155.0666	      0.0000
    155.0684	      0.0000
    155.0703	      0.0000
    155.0721	      0.0000
    155.0739	    117.0397
    155.0758	   1017.2599
    155.0776	   4367.5879
    155.0794	   8701.8887
    155.0812	  12984.8438
    155.0831	  11885.5664
    155.0849	   7285.3213
    155.0867	   3042.6426
    155.0886	    770.1910
    155.0905	      0.0000
    155.0924	      0.0000
    155.0942	      0.0000
    155.0960	      0.0000
    156.0624	      0.0000
    156.0643	      0.0000
    156.0661	      0.0000
    156.0680	      0.0000
    156.0698	    707.3986
    156.0717	   1335.4772
    156.0735	   4320.4751
    156.0753	   7552.8560
    156.0772	   9000.9248
    156.0790	   6348.2744
    156.0809	   3299.7847
    156.0827	   1064.9427
    156.0846	    571.9386
    156.0867	      0.0000
    156.0885	      0.0000
    156.0904	      0.0000
    156.0922	      0.0000
    157.1183	      0.0000
    157.1202	      0.0000
    157.1221	      0.0000
    157.1240	      0.0000
    157.1258	    532.7275
    157.1277	   1736.4137
    157.1296	   5697.7319
    157.1314	  11832.5049
    157.1333	  18387.4297
    157.1352	  18686.2988
    157.1370	  12038.8809
    157.1389	   5787.0278
    157.1408	   1289.3962
    157.1426	      0.0000
    157.1442	      0.0000
    157.1461	      0.0000
    157.1479	      0.0000
    157.1498	      0.0000
    166.0324	      0.0000
    166.0344	      0.0000
    166.0365	      0.0000
    166.0385	      0.0000
    166.0405	    631.1522
    166.0426	   2904.0288
    166.0446	  12097.4268
    166.0466	  30404.7324
    166.0486	  50255.3867
    166.0507	  58251.7656
    166.0527	  41342.7188
    166.0547	  22483.6953
    166.0568	   6793.3643
    166.0588	   1890.9685
    166.0608	   1101.1389
    166.0628	    903.7939
    166.0650	      0.0000
    166.0670	      0.0000
    166.0690	      0.0000
    166.0710	      0.0000
    167.0416	      0.0000
    167.0436	      0.0000
    167.0457	      0.0000
    167.0477	      0.0000
    167.0498	    802.7142
    167.0518	   1739.2430
    167.0539	   2215.2483
    167.0559	   1856.3667
    167.0579	    988.3823
    167.0600	      0.0000
    167.0621	      0.0000
    167.0641	      0.0000
    167.0662	      0.0000
    172.0906	      0.0000
    172.0927	      0.0000
    172.0948	      0.0000
    172.0970	      0.0000
    172.0991	    423.8719
    172.1013	   2068.3311
    172.1034	   7940.1509
    172.1055	  16202.0459
    172.1077	  24795.2793
    172.1098	  23948.1387
    172.1120	  15121.2988
    172.1141	   6863.5366
    172.1163	   1795.0234
    172.1184	    530.1252
    172.1205	      0.0000
    172.1226	      0.0000
    172.1248	      0.0000
    172.1269	      0.0000
    172.3327	      0.0000
    172.3349	      0.0000
    172.3370	      0.0000
    172.3392	      0.0000
    172.3413	    714.8604
    172.3435	   1304.3167
    172.3456	   1548.3401
    172.3478	   1256.9429
    172.3499	    656.5590
    172.3521	      0.0000
    172.3542	      0.0000
    172.3564	      0.0000
    172.3585	      0.0000
    178.0393	      0.0000
    178.0416	      0.0000
    178.0438	      0.0000
    178.0461	      0.0000
    178.0483	    473.0361
    178.0506	   1080.5316
    178.0528	   1522.6178
    178.0551	   1482.8812
    178.0573	   1011.1212
    178.0597	      0.0000
    178.0619	      0.0000
    178.0642	      0.0000
    178.0664	      0.0000
    182.0795	      0.0000
    182.0819	      0.0000
    182.0842	      0.0000
    182.0865	      0.0000
    182.0889	    810.3439
    182.0912	   1628.3387
    182.0935	   2052.3359
    182.0959	   1733.2880
    182.0982	    930.1985
    182.1007	      0.0000
    182.1030	      0.0000
    182.1053	      0.0000
    182.1076	      0.0000
    183.0507	      0.0000
    183.0531	      0.0000
    183.0554	      0.0000
    183.0577	      0.0000
    183.0601	    335.0976
    183.0624	   2130.2351
    183.0648	   3108.9751
    183.0671	   5435.4868
    183.0695	  18010.9902
    183.0718	  58816.7617
    183.0742	 110045.1563
    183.0765	 158275.0938
    183.0789	 140920.3438
    183.0812	  86579.1953
    183.0836	  36431.7305
    183.0859	   9568.6133
    183.0883	   2646.8738
    183.0906	   1979.0908
    183.0930	    515.4201
    183.0952	      0.0000
    183.0976	      0.0000
    183.0999	      0.0000
    183.1023	      0.0000
    183.1352	      0.0000
    183.1375	      0.0000
    183.1399	      0.0000
    183.1422	      0.0000
    183.1446	    834.5624
    183.1469	   1621.1244
    183.1493	   2052.7007
    183.1516	   1782.2303
    183.1540	   1007.6354
    183.1563	      0.0000
    183.1586	      0.0000
    183.1610	      0.0000
    183.1633	      0.0000
    184.0625	      0.0000
    184.0649	      0.0000
    184.0672	      0.0000
    184.0696	      0.0000
    184.0720	    895.2183
    184.0743	   3251.1455
    184.0767	   7117.1821
    184.0791	  11237.4268
    184.0815	  11985.9238
    184.0838	   7984.7837
    184.0862	   3994.7332
    184.0886	    877.7220
    184.0910	      0.0000
    184.0933	      0.0000
    184.0957	      0.0000
    184.0981	      0.0000
    185.1092	      0.0000
    185.1116	      0.0000
    185.1140	      0.0000
    185.1164	      0.0000
    185.1187	    827.8724
    185.1211	   2572.0195
    185.1235	   9595.4307
    185.1259	  19139.3887
    185.1283	  28628.1152
    185.1307	  26613.5566
    185.1331	  16487.6641
    185.1355	   7060.5107
    185.1379	   1767.0524
    185.1402	    499.2797
    185.1426	      0.0000
    185.1450	      0.0000
    185.1474	      0.0000
    185.1498	      0.0000
    185.1522	      0.0000
    185.1546	      0.0000
    185.1570	      0.0000
    185.1594	    679.0073
    185.1617	   1782.0530
    185.1641	   2834.2139
    185.1665	   3062.9541
    185.1689	   2343.6060
    185.1713	   1258.5812
    185.1737	    450.0957
    185.1761	      0.0000
    185.1785	      0.0000
    185.1809	      0.0000
    185.1833	      0.0000
    186.1190	      0.0000
    186.1214	      0.0000
    186.1238	      0.0000
    186.1262	      0.0000
    186.1287	   1000.9312
    186.1311	   1596.5183
    186.1335	   1669.8385
    186.1359	   1132.4393
    186.1383	    415.7553
    186.1407	      0.0000
    186.1431	      0.0000
    186.1455	      0.0000
    186.1479	      0.0000
    197.1473	      0.0000
    197.1500	      0.0000
    197.1526	      0.0000
    197.1552	      0.0000
    197.1578	    626.2338
    197.1605	   1495.6472
    197.1631	   2458.8816
    197.1657	   2737.3066
    197.1683	   2106.6055
    197.1710	   1062.5393
    197.1736	    293.4928
    197.1763	      0.0000
    197.1789	      0.0000
    197.1816	      0.0000
    197.1842	      0.0000
    200.0704	      0.0000
    200.0731	      0.0000
    200.0758	      0.0000
    200.0785	      0.0000
    200.0812	    306.4061
    200.0838	   3653.7822
    200.0865	   6716.9658
    200.0892	   8410.7949
    200.0919	  10961.1826
    200.0946	  33557.8711
    200.0973	 114312.3750
    200.0999	 223433.1250
    200.1026	 333298.2188
    200.1053	 312203.6563
    200.1080	 195604.2344
    200.1107	  87753.4219
    200.1134	  24093.7539
    200.1161	   7942.2769
    200.1187	   6674.3716
    200.1214	   3676.1685
    200.1241	    972.1880
    200.1270	      0.0000
    200.1297	      0.0000
    200.1324	      0.0000
    200.1351	      0.0000
    201.0838	      0.0000
    201.0865	      0.0000
    201.0892	      0.0000
    201.0919	      0.0000
    201.0946	    704.2942
    201.0973	   2323.8289
    201.1000	   7401.0269
    201.1027	  15332.9023
    201.1054	  23905.4902
    201.1081	  25073.9668
    201.1108	  16696.6445
    201.1135	   8451.6230
    201.1162	   2124.3479
    201.1189	     60.3876
    201.1214	      0.0000
    201.1241	      0.0000
    201.1268	      0.0000
    201.1295	      0.0000
    204.0699	      0.0000
    204.0727	      0.0000
    204.0755	      0.0000
    204.0782	      0.0000
    204.0810	    874.4655
    204.0838	   1765.5328
    204.0865	   2321.7495
    204.0893	   2136.3347
    204.0920	   1371.3715
    204.0948	    578.8669
    204.0976	      0.0000
    204.1003	      0.0000
    204.1031	      0.0000
    204.1058	      0.0000
    208.7015	      0.0000
    208.7044	      0.0000
    208.7073	      0.0000
    208.7101	      0.0000
    208.7130	    708.1519
    208.7158	   1218.4073
    208.7187	   1507.7692
    208.7216	   1355.8828
    208.7244	    862.6132
    208.7273	      0.0000
    208.7301	      0.0000
    208.7330	      0.0000
    208.7359	      0.0000
    210.0089	      0.0000
    210.0118	      0.0000
    210.0147	      0.0000
    210.0176	      0.0000
    210.0204	    882.8200
    210.0233	   1605.3781
    210.0262	   1971.8345
    210.0291	   1731.9187
    210.0320	   1080.2688
    210.0349	    441.7502
    210.0377	      0.0000
    210.0406	      0.0000
    210.0435	      0.0000
    210.0464	      0.0000
    213.1410	      0.0000
    213.1439	      0.0000
    213.1469	      0.0000
    213.1498	      0.0000
    213.1528	    549.3747
    213.1558	   1348.5740
    213.1587	   2047.9858
    213.1617	   2114.2034
    213.1646	   1509.7134
    213.1676	    688.7258
    213.1706	      0.0000
    213.1735	      0.0000
    213.1765	      0.0000
    213.1794	      0.0000
    223.0612	      0.0000
    223.0644	      0.0000
    223.0675	      0.0000
    223.0707	      0.0000
    223.0739	    517.3754
    223.0770	   1523.8352
    223.0802	   2625.0652
    223.0833	   3114.6704
    223.0865	   2680.2207
    223.0897	   1677.8274
    223.0928	    745.5804
    223.0960	      0.0000
    223.0991	      0.0000
    223.1023	      0.0000
    223.1054	      0.0000
    226.0970	      0.0000
    226.1003	      0.0000
    226.1035	      0.0000
    226.1067	      0.0000
    226.1099	    885.2166
    226.1132	   2010.8887
    226.1164	   3078.6216
    226.1196	   4840.9282
    226.1228	   2550.5864
    226.1261	   1354.9878
    226.1293	    461.7489
    226.1325	      0.0000
    226.1357	      0.0000
    226.1389	      0.0000
    226.1422	      0.0000
    228.1424	      0.0000
    228.1456	      0.0000
    228.1489	      0.0000
    228.1522	      0.0000
    228.1555	    818.6248
    228.1587	   2226.3616
    228.1620	   8546.4170
    228.1653	  22263.0898
    228.1685	  37033.2656
    228.1718	  44108.7813
    228.1751	  31803.2168
    228.1783	  17453.8633
    228.1816	   5263.0903
    228.1849	   1121.6453
    228.1881	      0.0000
    228.1916	      0.0000
    228.1948	      0.0000
    228.1981	      0.0000
    228.2014	      0.0000
    229.1329	      0.0000
    229.1361	      0.0000
    229.1394	      0.0000
    229.1427	      0.0000
    229.1460	    905.5576
    229.1493	   3830.7693
    229.1526	   6860.8257
    229.1559	   8641.7803
    229.1592	   6310.9473
    229.1625	   3360.3311
    229.1658	    977.8561
    229.1690	    729.7147
    229.1723	   1196.1631
    229.1756	   1508.4032
    229.1789	   1228.2041
    229.1822	    603.4217
    229.1855	      0.0000
    229.1888	      0.0000
    229.1921	      0.0000
    229.1953	      0.0000
    236.0807	      0.0000
    236.0841	      0.0000
    236.0875	      0.0000
    236.0910	      0.0000
    236.0944	    571.1815
    236.0979	   1451.5879
    236.1013	   2344.5127
    236.1047	   2648.8662
    236.1082	   2176.7029
    236.1116	   1300.0201
    236.1151	    541.7263
    236.1185	      0.0000
    236.1219	      0.0000
    236.1254	      0.0000
    236.1288	      0.0000
    237.0643	      0.0000
    237.0678	      0.0000
    237.0712	      0.0000
    237.0747	      0.0000
    237.0782	    456.3502
    237.0816	   1271.1879
    237.0851	   2037.3340
    237.0886	   2219.9375
    237.0920	   1706.0824
    237.0955	    881.3075
    237.0989	      0.0000
    237.1024	      0.0000
    237.1059	      0.0000
    237.1093	      0.0000
    239.0712	      0.0000
    239.0747	      0.0000
    239.0782	      0.0000
    239.0817	      0.0000
    239.0852	    648.2980
    239.0887	   1529.8763
    239.0922	   2191.0920
    239.0957	   2057.9453
    239.0993	   1206.4321
    239.1028	    402.6569
    239.1063	    401.5633
    239.1098	   1179.9351
    239.1133	   1942.3290
    239.1168	   1943.4867
    239.1203	   1217.4065
    239.1238	    420.2719
    239.1273	      0.0000
    239.1308	      0.0000
    239.1343	      0.0000
    239.1378	      0.0000
    239.1519	      0.0000
    239.1554	      0.0000
    239.1589	      0.0000
    239.1624	      0.0000
    239.1659	    760.7502
    239.1694	   1780.4089
    239.1729	   2682.7224
    239.1764	   2827.0359
    239.1799	   2119.4885
    239.1834	   1086.6167
    239.1871	      0.0000
    239.1906	      0.0000
    239.1941	      0.0000
    239.1976	      0.0000
    243.1120	      0.0000
    243.1156	      0.0000
    243.1192	      0.0000
    243.1228	      0.0000
    243.1263	   1074.4052
    243.1299	   2169.7034
    243.1335	   2833.6985
    243.1371	   2531.3958
    243.1407	   1508.1143
    243.1443	    497.7351
    243.1479	      0.0000
    243.1515	      0.0000
    243.1551	      0.0000
    243.1587	      0.0000
    250.0564	      0.0000
    250.0602	      0.0000
    250.0639	      0.0000
    250.0677	      0.0000
    250.0715	    539.4636
    250.0752	   1643.9902
    250.0790	   2924.7578
    250.0827	   5059.0806
    250.0865	   3544.1150
    250.0902	   1682.7068
    250.0940	    831.4066
    250.0977	      0.0000
    250.1015	      0.0000
    250.1052	      0.0000
    250.1090	      0.0000
    251.0496	      0.0000
    251.0534	      0.0000
    251.0571	      0.0000
    251.0609	      0.0000
    251.0647	    447.7219
    251.0684	   1317.8838
    251.0722	   3726.0098
    251.0760	   5859.2354
    251.0798	   6501.1572
    251.0835	   4711.7197
    251.0873	   1872.7012
    251.0911	    784.3786
    251.0949	      0.0000
    251.0986	      0.0000
    251.1024	      0.0000
    251.1062	      0.0000
    252.0524	      0.0000
    252.0562	      0.0000
    252.0600	      0.0000
    252.0638	      0.0000
    252.0676	    651.0110
    252.0714	   1822.6947
    252.0752	   3908.5735
    252.0790	   6176.4185
    252.0828	   6108.0093
    252.0866	   3848.3650
    252.0904	   1463.8779
    252.0942	    493.6317
    252.0980	      0.0000
    252.1018	      0.0000
    252.1056	      0.0000
    252.1094	      0.0000
    253.1033	      0.0000
    253.1071	      0.0000
    253.1110	      0.0000
    253.1148	      0.0000
    253.1186	    853.9766
    253.1224	   1917.1501
    253.1262	   4552.6211
    253.1301	   5688.0513
    253.1339	   4259.5244
    253.1377	   2286.7332
    253.1415	    838.2513
    253.1456	      0.0000
    253.1494	      0.0000
    253.1533	      0.0000
    253.1571	      0.0000
    254.0842	      0.0000
    254.0881	      0.0000
    254.0919	      0.0000
    254.0958	      0.0000
    254.0996	    796.6882
    254.1034	   3310.3125
    254.1073	   8588.6621
    254.1111	  14436.8994
    254.1150	  17314.1191
    254.1188	  12503.9160
    254.1227	   6861.6006
    254.1265	   1919.3081
    254.1303	    261.7126
    254.1340	      0.0000
    254.1378	      0.0000
    254.1417	      0.0000
    254.1455	      0.0000
    260.1251	      0.0000
    260.1290	      0.0000
    260.1330	      0.0000
    260.1370	      0.0000
    260.1410	    274.3008
    260.1450	   1238.1697
    260.1489	   5670.1367
    260.1529	  18139.4629
    260.1569	  31705.4961
    260.1609	  42163.6328
    260.1649	  33702.4453
    260.1688	  19950.1973
    260.1728	   7030.3267
    260.1768	   1862.6877
    260.1808	    595.7206
    260.1848	      0.0000
    260.1888	      0.0000
    260.1927	      0.0000
    260.1967	      0.0000
    261.1348	      0.0000
    261.1388	      0.0000
    261.1428	      0.0000
    261.1468	      0.0000
    261.1508	    536.8448
    261.1548	   1340.0505
    261.1588	   2132.8123
    261.1628	   2423.1599
    261.1668	   2015.4833
    261.1708	   1195.1851
    261.1748	    479.6548
    261.1786	      0.0000
    261.1826	      0.0000
    261.1866	      0.0000
    261.1906	      0.0000
    267.0739	      0.0000
    267.0781	      0.0000
    267.0822	      0.0000
    267.0863	      0.0000
    267.0905	    972.8430
    267.0946	   3616.6035
    267.0988	  14354.5352
    267.1029	  31902.0410
    267.1070	  50853.4063
    267.1112	  53613.1602
    267.1153	  35574.0469
    267.1195	  18004.7500
    267.1236	   5064.5010
    267.1277	   1427.9386
    267.1319	   1140.2681
    267.1363	      0.0000
    267.1404	      0.0000
    267.1446	      0.0000
    267.1487	      0.0000
    268.0830	      0.0000
    268.0872	      0.0000
    268.0914	      0.0000
    268.0955	      0.0000
    268.0997	    803.7072
    268.1039	   1841.4554
    268.1080	   2973.8564
    268.1122	   5679.1992
    268.1164	   4322.4209
    268.1205	   1809.4872
    268.1247	    718.9687
    268.1288	      0.0000
    268.1330	      0.0000
    268.1372	      0.0000
    268.1413	      0.0000
    268.1455	      0.0000
    268.1497	      0.0000
    268.1538	      0.0000
    268.1580	    646.2645
    268.1622	   1347.4382
    268.1663	   1791.1609
    268.1705	   1583.9843
    268.1747	    888.2198
    268.1789	      0.0000
    268.1831	      0.0000
    268.1872	      0.0000
    268.1914	      0.0000
    271.0893	      0.0000
    271.0935	      0.0000
    271.0977	      0.0000
    271.1020	      0.0000
    271.1062	      0.0000
    271.1104	   2675.5437
    271.1147	   4529.3945
    271.1189	   4911.9980
    271.1231	   7658.1870
    271.1274	  25979.7363
    271.1316	  85486.5078
    271.1358	 157641.9375
    271.1401	 223243.7969
    271.1443	 193925.0781
    271.1485	 117969.2031
    271.1528	  48127.0156
    271.1570	  12878.9736
    271.1612	   3858.0723
    271.1655	   2920.8745
    271.1697	    859.6403
    271.1741	      0.0000
    271.1783	      0.0000
    271.1826	      0.0000
    271.1868	      0.0000
    272.1084	      0.0000
    272.1126	      0.0000
    272.1169	      0.0000
    272.1211	      0.0000
    272.1254	    543.1779
    272.1297	   2404.1777
    272.1339	   8139.8008
    272.1382	  16082.8721
    272.1424	  24195.2695
    272.1467	  23302.1133
    272.1509	  14817.8682
    272.1552	   6921.3394
    272.1595	   1722.9454
    272.1637	     78.5180
    272.1678	      0.0000
    272.1721	      0.0000
    272.1763	      0.0000
    272.1806	      0.0000
    284.1421	      0.0000
    284.1466	      0.0000
    284.1511	      0.0000
    284.1557	      0.0000
    284.1602	    547.7243
    284.1648	   1292.2764
    284.1693	   1940.8420
    284.1739	   1953.6536
    284.1784	   1306.5721
    284.1831	   1878.4186
    284.1876	   6041.9810
    284.1922	  11900.7461
    284.1967	  17356.0000
    284.2012	  15232.9727
    284.2058	   9053.0000
    284.2103	   3359.9458
    284.2149	    873.5760
    284.2193	      0.0000
    284.2239	      0.0000
    284.2284	      0.0000
    284.2329	      0.0000
    284.9798	      0.0000
    284.9844	      0.0000
    284.9890	      0.0000
    284.9935	      0.0000
    284.9981	    488.7329
    285.0027	   1211.6531
    285.0072	   1884.8617
    285.0118	   2034.3745
    285.0164	   1531.1498
    285.0209	    725.9364
    285.0255	      0.0000
    285.0301	      0.0000
    285.0346	      0.0000
    285.0392	      0.0000
    285.1670	      0.0000
    285.1716	      0.0000
    285.1762	      0.0000
    285.1807	      0.0000
    285.1853	    832.5002
    285.1899	   1574.8574
    285.1944	   2055.2188
    285.1990	   1955.2351
    285.2036	   1352.0182
    285.2081	    646.6068
    285.2128	      0.0000
    285.2174	      0.0000
    285.2220	      0.0000
    285.2265	      0.0000
    295.1512	      0.0000
    295.1561	      0.0000
    295.1609	      0.0000
    295.1657	      0.0000
    295.1705	    888.9956
    295.1753	   1325.8258
    295.1801	   1491.0712
    295.1849	   1267.2650
    295.1897	    780.6996
    295.1945	      0.0000
    295.1993	      0.0000
    295.2042	      0.0000
    295.2090	      0.0000
    296.1301	      0.0000
    296.1349	      0.0000
    296.1397	      0.0000
    296.1446	      0.0000
    296.1494	    724.1944
    296.1542	   1677.1256
    296.1591	   2333.3269
    296.1639	   2159.1575
    296.1687	   1302.6877
    296.1736	    462.1023
    296.1784	      0.0000
    296.1832	      0.0000
    296.1881	      0.0000
    296.1929	      0.0000
    299.0321	      0.0000
    299.0370	      0.0000
    299.0419	      0.0000
    299.0468	      0.0000
    299.0517	    450.7449
    299.0566	   1235.3605
    299.0615	   1866.0193
    299.0664	   1870.5509
    299.0713	   1287.5869
    299.0762	    579.0490
    299.0811	      0.0000
    299.0860	      0.0000
    299.0909	      0.0000
    299.0959	      0.0000
    299.1351	      0.0000
    299.1400	      0.0000
    299.1449	      0.0000
    299.1498	      0.0000
    299.1547	    522.4705
    299.1596	   1182.2640
    299.1646	   2534.3325
    299.1695	   4405.9048
    299.1744	   4926.5483
    299.1793	   2505.3884
    299.1842	   1252.1229
    299.1891	    383.8148
    299.1940	      0.0000
    299.1989	      0.0000
    299.2038	      0.0000
    299.2087	      0.0000
    313.1486	      0.0000
    313.1539	      0.0000
    313.1592	      0.0000
    313.1644	      0.0000
    313.1697	    428.2506
    313.1749	   1237.0990
    313.1802	   2472.0154
    313.1854	   4721.2056
    313.1907	   4415.8740
    313.1960	   2224.1741
    313.2012	    988.1548
    313.2065	      0.0000
    313.2117	    722.2449
    313.2170	   1298.7877
    313.2222	   1561.6057
    313.2275	   1302.9526
    313.2328	    745.5450
    313.2382	      0.0000
    313.2434	      0.0000
    313.2487	      0.0000
    313.2539	      0.0000
    321.1574	      0.0000
    321.1628	      0.0000
    321.1683	      0.0000
    321.1737	      0.0000
    321.1792	    880.5516
    321.1847	   1858.9965
    321.1901	   2610.3940
    321.1956	   2600.8132
    321.2010	   1818.5298
    321.2065	    830.6039
    321.2120	      0.0000
    321.2174	      0.0000
    321.2229	      0.0000
    321.2283	      0.0000
    325.1522	      0.0000
    325.1578	      0.0000
    325.1633	      0.0000
    325.1689	      0.0000
    325.1744	    664.5110
    325.1800	   1593.4222
    325.1856	   2465.9275
    325.1911	   2649.4182
    325.1967	   1998.0656
    325.2022	    996.5826
    325.2078	      0.0000
    325.2134	      0.0000
    325.2189	      0.0000
    325.2245	      0.0000
    326.0829	      0.0000
    326.0885	      0.0000
    326.0941	      0.0000
    326.0997	      0.0000
    326.1053	   1050.6176
    326.1109	   1740.8800
    326.1165	   2034.7637
    326.1220	   1688.1913
    326.1276	    909.3200
    326.1332	      0.0000
    326.1388	      0.0000
    326.1444	      0.0000
    326.1500	      0.0000
    327.0850	      0.0000
    327.0906	      0.0000
    327.0962	      0.0000
    327.1018	      0.0000
    327.1075	   1074.7777
    327.1131	   2158.1924
    327.1187	   2784.9126
    327.1243	   2470.9028
    327.1299	   1489.3872
    327.1355	    573.4430
    327.1411	      0.0000
    327.1467	      0.0000
    327.1523	      0.0000
    327.1580	      0.0000
    333.1148	      0.0000
    333.1206	      0.0000
    333.1264	      0.0000
    333.1321	      0.0000
    333.1379	    366.5597
    333.1437	   1246.3384
    333.1494	   2542.2192
    333.1552	   5050.9854
    333.1610	   4728.4624
    333.1668	   2194.2241
    333.1725	    939.2733
    333.1782	      0.0000
    333.1840	      0.0000
    333.1897	      0.0000
    333.1955	      0.0000
    335.1249	      0.0000
    335.1308	      0.0000
    335.1366	      0.0000
    335.1424	      0.0000
    335.1482	    406.6967
    335.1540	   1971.2192
    335.1599	   6493.9414
    335.1657	  11465.1738
    335.1715	  15456.4297
    335.1773	  12695.0928
    335.1831	   7547.8838
    335.1890	   2707.3623
    335.1948	    535.7218
    335.2007	      0.0000
    335.2065	      0.0000
    335.2123	      0.0000
    335.2181	      0.0000
    338.1126	      0.0000
    338.1185	      0.0000
    338.1244	      0.0000
    338.1303	      0.0000
    338.1362	    608.7800
    338.1421	   1132.3387
    338.1480	   1369.9663
    338.1539	   1160.2883
    338.1598	    651.5923
    338.1659	      0.0000
    338.1718	      0.0000
    338.1777	      0.0000
    338.1836	      0.0000
    339.1590	      0.0000
    339.1650	      0.0000
    339.1709	      0.0000
    339.1768	      0.0000
    339.1827	    734.9236
    339.1887	   3554.9551
    339.1946	   8284.2715
    339.2005	  13361.0869
    339.2064	  13966.0518
    339.2124	   9051.5049
    339.2183	   4307.0811
    339.2242	    875.2482
    339.2301	      0.0000
    339.2361	      0.0000
    339.2420	      0.0000
    339.2479	      0.0000
    341.1465	      0.0000
    341.1525	      0.0000
    341.1585	      0.0000
    341.1645	      0.0000
    341.1705	    424.8029
    341.1764	   1171.3060
    341.1824	   1825.5854
    341.1884	   1904.6521
    341.1944	   1385.1650
    341.2003	    674.2110
    341.2063	      0.0000
    341.2123	      0.0000
    341.2183	      0.0000
    341.2243	      0.0000
    341.2302	      0.0000
    341.2362	      0.0000
    341.2422	    555.7381
    341.2482	   1354.2574
    341.2542	   2035.7648
    341.2601	   2202.5222
    341.2661	   1776.2247
    341.2721	   1047.5315
    341.2781	      0.0000
    341.2840	      0.0000
    341.2900	      0.0000
    341.2960	      0.0000
    349.1439	      0.0000
    349.1501	      0.0000
    349.1563	      0.0000
    349.1625	      0.0000
    349.1687	    398.0505
    349.1748	   1355.6064
    349.1810	   2678.6321
    349.1872	   5078.7964
    349.1934	   4141.2930
    349.1996	   2165.9021
    349.2058	   1029.6592
    349.2120	      0.0000
    349.2182	      0.0000
    349.2244	      0.0000
    349.2305	      0.0000
    350.1361	      0.0000
    350.1423	      0.0000
    350.1485	      0.0000
    350.1548	      0.0000
    350.1610	    318.8295
    350.1672	   1098.9838
    350.1734	   2225.8398
    350.1796	   3119.3684
    350.1858	   3178.7908
    350.1920	   2370.0789
    350.1983	   1257.8781
    350.2045	    476.5748
    350.2109	      0.0000
    350.2171	      0.0000
    350.2233	      0.0000
    350.2295	      0.0000
    352.1460	      0.0000
    352.1523	      0.0000
    352.1585	      0.0000
    352.1648	      0.0000
    352.1711	    602.6649
    352.1773	   1991.0260
    352.1836	   7631.8569
    352.1899	  15993.8984
    352.1961	  24885.6191
    352.2024	  24460.6816
    352.2087	  15451.6328
    352.2150	   7058.8516
    352.2212	   1820.1023
    352.2275	    683.1827
    352.2336	      0.0000
    352.2398	      0.0000
    352.2461	      0.0000
    352.2524	      0.0000
    353.1634	      0.0000
    353.1697	      0.0000
    353.1760	      0.0000
    353.1823	      0.0000
    353.1886	    770.4360
    353.1949	   1516.1075
    353.2012	   1966.2053
    353.2075	   1788.1567
    353.2138	   1122.8761
    353.2201	    429.7322
    353.2264	      0.0000
    353.2327	      0.0000
    353.2390	      0.0000
    353.2453	      0.0000
    355.0279	      0.0000
    355.0343	      0.0000
    355.0406	      0.0000
    355.0469	      0.0000
    355.0533	    730.2744
    355.0596	   1911.0497
    355.0660	   4412.5737
    355.0723	   5485.6309
    355.0787	   3993.2976
    355.0850	   1860.5229
    355.0914	    746.7751
    355.0977	      0.0000
    355.1041	      0.0000
    355.1104	      0.0000
    355.1168	      0.0000
    355.1993	      0.0000
    355.2056	      0.0000
    355.2120	      0.0000
    355.2183	      0.0000
    355.2247	    727.4217
    355.2310	   1311.5393
    355.2374	   1506.0734
    355.2437	   1174.3811
    355.2501	    578.8848
    355.2573	      0.0000
    355.2637	      0.0000
    355.2700	      0.0000
    355.2764	      0.0000
    356.1800	      0.0000
    356.1864	      0.0000
    356.1928	      0.0000
    356.1992	      0.0000
    356.2056	    914.2728
    356.2119	   3683.3926
    356.2183	  10494.7578
    356.2247	  17916.7852
    356.2311	  22898.9902
    356.2374	  17631.7910
    356.2438	  10191.7773
    356.2502	   3076.4329
    356.2566	    296.9268
    356.2621	      0.0000
    356.2685	      0.0000
    356.2748	      0.0000
    356.2812	      0.0000
    357.1952	      0.0000
    357.2016	      0.0000
    357.2080	      0.0000
    357.2144	      0.0000
    357.2208	   1053.9963
    357.2272	   1945.0867
    357.2336	   2396.7827
    357.2400	   2076.7505
    357.2464	   1221.7676
    357.2528	    428.2369
    357.2593	      0.0000
    357.2657	      0.0000
    357.2721	      0.0000
    357.2785	      0.0000
    363.1141	      0.0000
    363.1207	      0.0000
    363.1273	      0.0000
    363.1338	      0.0000
    363.1404	    490.6840
    363.1470	   1391.8701
    363.1535	   4803.2427
    363.1601	   8865.2939
    363.1666	  12306.2051
    363.1732	  10333.8438
    363.1798	   6079.4380
    363.1863	   2146.4861
    363.1929	    281.4811
    363.1996	      0.0000
    363.2061	      0.0000
    363.2127	      0.0000
    363.2192	      0.0000
    367.1511	      0.0000
    367.1578	      0.0000
    367.1645	      0.0000
    367.1712	      0.0000
    367.1778	    120.4164
    367.1845	   2262.7559
    367.1912	   4415.5186
    367.1979	   6395.6230
    367.2045	   5441.8496
    367.2112	   1893.6953
    367.2179	    527.0257
    367.2246	    336.5517
    367.2312	   1097.0750
    367.2379	   1704.3992
    367.2446	   1453.7236
    367.2513	    723.9301
    367.2573	      0.0000
    367.2639	      0.0000
    367.2706	      0.0000
    367.2773	      0.0000
    370.1583	      0.0000
    370.1651	      0.0000
    370.1719	      0.0000
    370.1786	      0.0000
    370.1854	    752.9011
    370.1921	   3568.6895
    370.1989	   7762.4634
    370.2056	  12307.5586
    370.2124	  12552.0547
    370.2191	   8150.9375
    370.2259	   4004.7527
    370.2327	   1121.2118
    370.2394	    570.8458
    370.2468	      0.0000
    370.2536	      0.0000
    370.2603	      0.0000
    370.2671	      0.0000
    378.0933	      0.0000
    378.1003	      0.0000
    378.1073	      0.0000
    378.1142	      0.0000
    378.1212	    591.4550
    378.1282	   1106.6190
    378.1351	   1352.6772
    378.1421	   1119.5026
    378.1491	    706.5435
    378.1561	    844.5699
    378.1630	   2902.6958
    378.1700	   5763.0801
    378.1770	   8554.8789
    378.1840	   7613.7993
    378.1910	   4394.4512
    378.1979	   1475.2130
    378.2049	    633.0347
    378.2119	      0.0000
    378.2189	      0.0000
    378.2259	      0.0000
    378.2329	      0.0000
    380.1308	      0.0000
    380.1379	      0.0000
    380.1449	      0.0000
    380.1519	      0.0000
    380.1590	   1034.1433
    380.1660	   3308.4333
    380.1730	  12537.2471
    380.1801	  37870.8320
    380.1871	  64802.8555
    380.1941	  83403.1406
    380.2011	  63975.3320
    380.2082	  37079.7422
    380.2152	  11950.4658
    380.2222	   3030.1458
    380.2293	    810.0297
    380.2376	      0.0000
    380.2446	      0.0000
    380.2517	      0.0000
    380.2587	      0.0000
    381.1394	      0.0000
    381.1465	      0.0000
    381.1535	      0.0000
    381.1606	      0.0000
    381.1676	    558.6997
    381.1747	   1982.4058
    381.1817	   5891.5049
    381.1888	  10585.7021
    381.1959	  14996.8789
    381.2029	  13405.2842
    381.2100	   8287.0537
    381.2170	   3521.3147
    381.2241	    711.6019
    381.2298	      0.0000
    381.2369	      0.0000
    381.2440	      0.0000
    381.2510	      0.0000
    383.0651	      0.0000
    383.0722	      0.0000
    383.0793	      0.0000
    383.0864	      0.0000
    383.0936	    812.0887
    383.1007	   1930.8943
    383.1078	   3848.3411
    383.1149	   4967.6982
    383.1220	   2624.6631
    383.1291	   1401.5015
    383.1362	    453.5065
    383.1434	      0.0000
    383.1505	      0.0000
    383.1576	      0.0000
    383.1647	      0.0000
    383.1932	      0.0000
    383.2003	      0.0000
    383.2074	      0.0000
    383.2145	      0.0000
    383.2216	    483.4670
    383.2287	   1175.1766
    383.2358	   1835.0184
    383.2430	   2020.7266
    383.2501	   1574.5027
    383.2572	    808.8915
    383.2646	      0.0000
    383.2717	      0.0000
    383.2788	      0.0000
    383.2859	      0.0000
    384.1629	      0.0000
    384.1700	      0.0000
    384.1772	      0.0000
    384.1843	      0.0000
    384.1915	      3.0287
    384.1986	   1443.8402
    384.2057	   5690.1738
    384.2129	  13726.0576
    384.2200	  22522.1641
    384.2272	  25894.3848
    384.2343	  18299.6230
    384.2415	   9912.4248
    384.2486	   2857.6387
    384.2557	    395.7623
    384.2626	      0.0000
    384.2698	      0.0000
    384.2769	      0.0000
    384.2841	      0.0000
    385.0713	      0.0000
    385.0785	      0.0000
    385.0856	      0.0000
    385.0928	      0.0000
    385.1000	    972.2821
    385.1071	   1651.0417
    385.1143	   2040.5765
    385.1215	   1882.5736
    385.1286	   1287.0333
    385.1358	    622.9647
    385.1430	      0.0000
    385.1502	      0.0000
    385.1573	      0.0000
    385.1645	      0.0000
    385.1788	      0.0000
    385.1860	      0.0000
    385.1932	      0.0000
    385.2003	      0.0000
    385.2075	    753.1948
    385.2147	   1820.8679
    385.2219	   3961.7219
    385.2290	   5495.4463
    385.2362	   4531.0229
    385.2434	   2026.9500
    385.2505	    871.3154
    385.2492	      0.0000
    385.2564	      0.0000
    385.2635	      0.0000
    385.2707	      0.0000
    395.1403	      0.0000
    395.1477	      0.0000
    395.1552	      0.0000
    395.1626	      0.0000
    395.1701	      0.0000
    395.1776	   2055.3206
    395.1850	   6196.1704
    395.1925	  10416.7734
    395.1999	  11974.2607
    395.2074	   9348.6436
    395.2148	   6129.2969
    395.2223	   1349.1165
    395.2297	    586.1953
    395.2459	      0.0000
    395.2533	      0.0000
    395.2608	      0.0000
    395.2682	      0.0000
    411.0591	      0.0000
    411.0670	      0.0000
    411.0749	      0.0000
    411.0828	      0.0000
    411.0907	    665.1172
    411.0986	   1445.3182
    411.1065	   1958.0753
    411.1145	   1808.4397
    411.1224	   1112.0062
    411.1303	    375.4913
    411.1382	      0.0000
    411.1461	      0.0000
    411.1540	      0.0000
    411.1619	      0.0000
    412.0570	      0.0000
    412.0649	      0.0000
    412.0728	      0.0000
    412.0808	      0.0000
    412.0887	    356.4102
    412.0966	   1297.4381
    412.1046	   2442.1260
    412.1125	   3037.1147
    412.1205	   2595.8862
    412.1284	   1473.5768
    412.1363	    482.4577
    412.1443	      0.0000
    412.1522	      0.0000
    412.1601	      0.0000
    412.1681	      0.0000
    412.2395	      0.0000
    412.2475	      0.0000
    412.2554	      0.0000
    412.2633	      0.0000
    412.2713	    693.2800
    412.2792	   3224.9832
    412.2872	   5413.9941
    412.2951	   6530.4399
    412.3030	   4417.3135
    412.3110	   1996.2367
    412.3189	      0.0000
    412.3269	      0.0000
    412.3348	      0.0000
    412.3427	      0.0000
    412.3507	      0.0000
    416.7378	      0.0000
    416.7459	      0.0000
    416.7540	      0.0000
    416.7621	      0.0000
    416.7701	    756.0384
    416.7782	   1287.3240
    416.7863	   1496.5565
    416.7943	   1233.9502
    416.8024	    680.5531
    416.8107	      0.0000
    416.8187	      0.0000
    416.8268	      0.0000
    416.8349	      0.0000
    438.2164	      0.0000
    438.2251	      0.0000
    438.2338	      0.0000
    438.2425	      0.0000
    438.2512	    878.1404
    438.2599	   1884.7529
    438.2686	   2575.1907
    438.2773	   2409.5210
    438.2860	   1512.6946
    438.2947	    560.7384
    438.3034	      0.0000
    438.3121	      0.0000
    438.3208	      0.0000
    438.3295	      0.0000
    451.1747	      0.0000
    451.1838	      0.0000
    451.1929	      0.0000
    451.2020	      0.0000
    451.2111	    688.3329
    451.2202	   1578.2216
    451.2293	   2096.3044
    451.2384	   1807.1705
    451.2474	    990.9310
    451.2565	      0.0000
    451.2656	      0.0000
    451.2747	      0.0000
    451.2838	      0.0000
    455.2380	      0.0000
    455.2472	      0.0000
    455.2564	      0.0000
    455.2656	      0.0000
    455.2748	    672.1592
    455.2841	   1796.2688
    455.2933	   2879.4724
    455.3025	   3100.0356
    455.3117	   2316.2664
    455.3209	   1146.9365
    455.3301	      0.0000
    455.3393	      0.0000
    455.3486	      0.0000
    455.3578	      0.0000
    463.2092	      0.0000
    463.2187	      0.0000
    463.2282	      0.0000
    463.2376	      0.0000
    463.2471	    588.4047
    463.2565	   1257.5547
    463.2660	   1568.3798
    463.2755	   1273.6106
    463.2849	    633.6887
    463.2946	      0.0000
    463.3040	      0.0000
    463.3135	      0.0000
    463.3230	      0.0000
    466.2122	      0.0000
    466.2217	      0.0000
    466.2313	      0.0000
    466.2408	      0.0000
    466.2504	    988.5459
    466.2599	   1879.1068
    466.2695	   2467.8318
    466.2790	   2386.3008
    466.2886	   1708.2118
    466.2981	    870.5640
    466.3077	      0.0000
    466.3172	      0.0000
    466.3268	      0.0000
    466.3363	      0.0000
    477.1920	      0.0000
    477.2019	      0.0000
    477.2118	      0.0000
    477.2217	      0.0000
    477.2316	    950.9286
    477.2415	   1680.0757
    477.2514	   1992.7981
    477.2613	   1666.0139
    477.2711	    941.6530
    477.2808	      0.0000
    477.2907	      0.0000
    477.3006	      0.0000
    477.3105	      0.0000
    480.2119	      0.0000
    480.2219	      0.0000
    480.2319	      0.0000
    480.2419	      0.0000
    480.2519	    193.5054
    480.2618	   1754.9930
    480.2718	   7296.0933
    480.2818	  14184.7500
    480.2918	  20602.6250
    480.3018	  18133.6504
    480.3118	  11071.8428
    480.3217	   4489.9609
    480.3317	   1377.9713
    480.3417	    929.0906
    480.3519	      0.0000
    480.3619	      0.0000
    480.3719	      0.0000
    480.3819	      0.0000
    481.2319	      0.0000
    481.2419	      0.0000
    481.2519	      0.0000
    481.2619	      0.0000
    481.2720	    852.6288
    481.2820	   1877.6670
    481.2920	   2586.9150
    481.3020	   2470.9150
    481.3120	   1659.0826
    481.3220	    737.8327
    481.3321	      0.0000
    481.3421	      0.0000
    481.3521	      0.0000
    481.3622	      0.0000
    483.2208	      0.0000
    483.2309	      0.0000
    483.2409	      0.0000
    483.2510	      0.0000
    483.2611	   1063.0891
    483.2712	   3879.2996
    483.2812	   7239.8633
    483.2913	  10329.6260
    483.3014	   9007.2275
    483.3115	   5399.4243
    483.3215	   2080.3152
    483.3316	    330.0815
    483.3416	      0.0000
    483.3517	      0.0000
    483.3618	      0.0000
    483.3719	      0.0000
    484.2299	      0.0000
    484.2400	      0.0000
    484.2501	      0.0000
    484.2602	      0.0000
    484.2703	    647.5563
    484.2804	   1500.1619
    484.2905	   2178.3357
    484.3006	   2118.4314
    484.3107	   1344.2332
    484.3208	    458.2811
    484.3309	      0.0000
    484.3411	      0.0000
    484.3512	      0.0000
    484.3613	      0.0000
    490.2177	      0.0000
    490.2280	      0.0000
    490.2383	      0.0000
    490.2486	      0.0000
    490.2589	    891.5115
    490.2692	   1488.7992
    490.2795	   1708.6390
    490.2898	   1434.5172
    490.3001	    870.0749
    490.3104	      0.0000
    490.3207	      0.0000
    490.3310	      0.0000
    490.3413	      0.0000
    491.1869	      0.0000
    491.1973	      0.0000
    491.2076	      0.0000
    491.2179	      0.0000
    491.2282	   1093.0732
    491.2386	   3903.7813
    491.2489	   6711.8735
    491.2592	   9182.0430
    491.2696	   8156.0439
    491.2799	   5007.7192
    491.2902	   2054.1272
    491.3005	    141.8965
    491.3108	      0.0000
    491.3211	      0.0000
    491.3314	      0.0000
    491.3418	      0.0000
    494.1951	      0.0000
    494.2055	      0.0000
    494.2159	      0.0000
    494.2263	      0.0000
    494.2367	    967.9638
    494.2472	   3552.7524
    494.2576	   8018.7798
    494.2680	  12766.1602
    494.2784	  13076.3281
    494.2889	   8282.5293
    494.2993	   3721.1238
    494.3097	    759.6327
    494.3202	      0.0000
    494.3307	      0.0000
    494.3411	      0.0000
    494.3515	      0.0000
    495.2075	      0.0000
    495.2180	      0.0000
    495.2284	      0.0000
    495.2389	      0.0000
    495.2494	    643.7518
    495.2598	   1422.6949
    495.2703	   2271.9417
    495.2807	   2747.6345
    495.2912	   2552.6758
    495.3016	   1822.1025
    495.3121	    999.6375
    495.3249	      0.0000
    495.3353	      0.0000
    495.3458	      0.0000
    495.3562	      0.0000
    508.1912	      0.0000
    508.2020	      0.0000
    508.2129	      0.0000
    508.2238	      0.0000
    508.2347	    576.6498
    508.2455	   1890.0389
    508.2564	   6073.4609
    508.2673	  18455.5352
    508.2781	  33352.2109
    508.2890	  46620.0195
    508.2999	  39873.2500
    508.3107	  23940.8984
    508.3216	   9154.3105
    508.3325	   1776.9329
    508.3433	     43.8827
    508.3522	      0.0000
    508.3630	      0.0000
    508.3739	      0.0000
    508.3848	      0.0000
    509.1576	      0.0000
    509.1685	      0.0000
    509.1794	      0.0000
    509.1903	      0.0000
    509.2012	      0.0000
    509.2121	   1980.0472
    509.2230	   4670.6265
    509.2339	   7176.1880
    509.2448	   5844.0527
    509.2557	   3552.4036
    509.2666	   3162.0408
    509.2775	   5620.6089
    509.2884	   8543.9434
    509.2993	   8229.5127
    509.3102	   4606.1797
    509.3211	   1475.3007
    509.3320	      0.0000
    509.3429	      0.0000
    509.3538	      0.0000
    509.3647	      0.0000
    509.3757	      0.0000
    524.2286	      0.0000
    524.2400	      0.0000
    524.2514	      0.0000
    524.2628	      0.0000
    524.2742	    791.4260
    524.2856	   1744.5858
    524.2970	   2491.9858
    524.3083	   2507.3132
    524.3197	   1781.2826
    524.3311	    838.1997
    524.3425	      0.0000
    524.3539	      0.0000
    524.3653	      0.0000
    524.3767	      0.0000
    524.7299	      0.0000
    524.7413	      0.0000
    524.7527	      0.0000
    524.7641	      0.0000
    524.7755	   1115.0121
    524.7870	   2144.0991
    524.7984	   2850.4646
    524.8098	   2754.2559
    524.8212	   1935.3853
    524.8326	    943.8135
    524.8440	      0.0000
    524.8554	      0.0000
    524.8668	      0.0000
    524.8782	      0.0000
    526.1809	      0.0000
    526.1924	      0.0000
    526.2038	      0.0000
    526.2153	      0.0000
    526.2267	    564.7811
    526.2382	   1253.8623
    526.2496	   1832.2711
    526.2611	   1901.6898
    526.2725	   1408.8180
    526.2840	    685.9440
    526.2954	      0.0000
    526.3069	      0.0000
    526.3183	      0.0000
    526.3298	      0.0000
    535.2024	      0.0000
    535.2141	      0.0000
    535.2259	      0.0000
    535.2376	      0.0000
    535.2494	   1077.2024
    535.2611	   1715.9517
    535.2729	   1931.3615
    535.2846	   1571.3331
    535.2963	    883.6195
    535.3081	      0.0000
    535.3198	      0.0000
    535.3316	      0.0000
    535.3433	      0.0000
    536.2021	      0.0000
    536.2138	      0.0000
    536.2256	      0.0000
    536.2374	      0.0000
    536.2492	    747.2490
    536.2609	   1538.7936
    536.2727	   3414.1467
    536.2845	   5192.1582
    536.2963	   4521.6792
    536.3081	   1896.1583
    536.3198	    703.9139
    536.3317	      0.0000
    536.3434	      0.0000
    536.3552	      0.0000
    536.3670	      0.0000
    562.2595	      0.0000
    562.2721	      0.0000
    562.2848	      0.0000
    562.2974	      0.0000
    562.3101	    852.3575
    562.3227	   1578.8571
    562.3354	   1918.9866
    562.3480	   1614.2289
    562.3606	    899.2988
    562.3733	      0.0000
    562.3860	      0.0000
    562.3986	      0.0000
    562.4113	      0.0000
    567.2882	      0.0000
    567.3010	      0.0000
    567.3138	      0.0000
    567.3266	      0.0000
    567.3395	    717.0361
    567.3523	   1313.7383
    567.3651	   1598.1089
    567.3779	   1382.9835
    567.3907	    826.3215
    567.4036	      0.0000
    567.4164	      0.0000
    567.4292	      0.0000
    567.4420	      0.0000
    577.1028	      0.0000
    577.1159	      0.0000
    577.1291	      0.0000
    577.1422	      0.0000
    577.1554	    461.0200
    577.1685	   1460.7357
    577.1817	   2546.3296
    577.1948	   2995.6956
    577.2080	   2490.6331
    577.2211	   1431.7120
    577.2343	    534.0450
    577.2475	      0.0000
    577.2606	      0.0000
    577.2738	      0.0000
    577.2869	      0.0000
    578.0508	      0.0000
    578.0639	      0.0000
    578.0771	      0.0000
    578.0903	      0.0000
    578.1035	    946.2704
    578.1167	   1808.2485
    578.1299	   2305.1570
    578.1430	   2079.1934
    578.1562	   1322.0764
    578.1694	    532.5346
    578.1858	      0.0000
    578.1990	      0.0000
    578.2122	      0.0000
    578.2253	      0.0000
    579.2554	      0.0000
    579.2686	      0.0000
    579.2819	      0.0000
    579.2951	      0.0000
    579.3083	    366.3546
    579.3215	   2249.3379
    579.3348	   7001.6060
    579.3480	  13072.4756
    579.3612	  18916.5195
    579.3744	  17306.6504
    579.3877	  10682.7686
    579.4009	   4519.8076
    579.4141	    811.2356
    579.4242	      0.0000
    579.4374	      0.0000
    579.4507	      0.0000
    579.4639	      0.0000
    580.2851	      0.0000
    580.2983	      0.0000
    580.3116	      0.0000
    580.3249	      0.0000
    580.3381	    884.5822
    580.3514	   1812.6960
    580.3646	   2395.4392
    580.3779	   2214.3752
    580.3912	   1410.6326
    580.4044	    567.0564
    580.4177	      0.0000
    580.4310	      0.0000
    580.4442	      0.0000
    580.4575	      0.0000
    590.2363	      0.0000
    590.2499	      0.0000
    590.2635	      0.0000
    590.2771	      0.0000
    590.2907	    656.8647
    590.3043	   1502.0208
    590.3179	   2387.2490
    590.3315	   2764.5605
    590.3451	   2353.1968
    590.3587	   1431.0029
    590.3723	    565.0860
    590.3859	      0.0000
    590.3995	      0.0000
    590.4132	      0.0000
    590.4268	      0.0000
    592.2408	      0.0000
    592.2545	      0.0000
    592.2682	      0.0000
    592.2818	      0.0000
    592.2955	    652.3888
    592.3092	   1189.3458
    592.3229	   1462.0474
    592.3365	   1243.3995
    592.3502	    666.4022
    592.3632	      0.0000
    592.3768	      0.0000
    592.3905	      0.0000
    592.4042	      0.0000
    607.2288	      0.0000
    607.2430	      0.0000
    607.2571	      0.0000
    607.2713	      0.0000
    607.2855	    732.0111
    607.2997	   1549.4323
    607.3139	   6201.5630
    607.3281	  19684.6348
    607.3423	  34138.5117
    607.3565	  45007.8320
    607.3707	  35611.7969
    607.3849	  20880.3281
    607.3991	   7303.5190
    607.4133	   1727.5516
    607.4275	      4.6957
    607.4469	      0.0000
    607.4611	      0.0000
    607.4753	      0.0000
    607.4895	      0.0000
    608.2429	      0.0000
    608.2571	      0.0000
    608.2714	      0.0000
    608.2856	      0.0000
    608.2998	    784.5206
    608.3140	   1380.3344
    608.3283	   4223.8545
    608.3425	   8815.5674
    608.3567	  13655.9375
    608.3710	  13600.9014
    608.3852	   8516.1787
    608.3994	   3733.5706
    608.4137	    457.7436
    608.4235	      0.0000
    608.4377	      0.0000
    608.4520	      0.0000
    608.4662	      0.0000
    611.2949	      0.0000
    611.3092	      0.0000
    611.3236	      0.0000
    611.3379	      0.0000
    611.3522	    590.6942
    611.3666	   1600.7383
    611.3809	   2549.7698
    611.3953	   2702.8345
    611.4096	   1924.1907
    611.4239	    840.1774
    611.4383	      0.0000
    611.4526	      0.0000
    611.4670	      0.0000
    611.4813	      0.0000
    613.0765	      0.0000
    613.0909	      0.0000
    613.1053	      0.0000
    613.1197	      0.0000
    613.1341	    686.8299
    613.1485	   1240.9969
    613.1629	   1681.8108
    613.1773	   1778.9332
    613.1917	   1482.0321
    613.2061	    944.2156
    613.2205	      0.0000
    613.2349	      0.0000
    613.2493	      0.0000
    613.2637	      0.0000
    619.2274	      0.0000
    619.2421	      0.0000
    619.2567	      0.0000
    619.2713	      0.0000
    619.2859	    540.0377
    619.3005	   1301.3979
    619.3151	   1927.2167
    619.3298	   1932.4102
    619.3444	   1293.0947
    619.3590	    472.6170
    619.3736	      0.0000
    619.3883	      0.0000
    619.4029	      0.0000
    619.4175	      0.0000
    636.2473	      0.0000
    636.2625	      0.0000
    636.2778	      0.0000
    636.2930	      0.0000
    636.3082	    391.9388
    636.3234	   1223.1135
    636.3387	   1904.7930
    636.3539	   1902.6885
    636.3691	   1234.9218
    636.3843	    466.5443
    636.3996	      0.0000
    636.4148	      0.0000
    636.4300	      0.0000
    636.4453	      0.0000
    637.2227	      0.0000
    637.2379	      0.0000
    637.2532	      0.0000
    637.2685	      0.0000
    637.2837	    850.8619
    637.2990	   3232.0647
    637.3142	   6212.2407
    637.3295	   9008.1523
    637.3448	   7922.0146
    637.3600	   4684.9399
    637.3753	   1739.8370
    637.3906	    683.9645
    637.4058	      0.0000
    637.4211	      0.0000
    637.4364	      0.0000
    637.4516	      0.0000
    638.2309	      0.0000
    638.2462	      0.0000
    638.2615	      0.0000
    638.2768	      0.0000
    638.2921	    569.3890
    638.3074	   1343.3358
    638.3227	   2157.4570
    638.3380	   2478.9360
    638.3533	   2084.3196
    638.3686	   1262.0990
    638.3839	    512.6210
    638.3992	      0.0000
    638.4145	      0.0000
    638.4298	      0.0000
    638.4451	      0.0000
    654.2167	      0.0000
    654.2326	      0.0000
    654.2485	      0.0000
    654.2644	      0.0000
    654.2802	   1141.9264
    654.2961	   4025.7407
    654.3120	  15490.8574
    654.3279	  42021.2813
    654.3437	  70720.1797
    654.3596	  86664.5938
    654.3755	  63999.0664
    654.3914	  36021.4844
    654.4072	  11152.0850
    654.4231	   2790.2881
    654.4390	    959.6357
    654.4565	      0.0000
    654.4723	      0.0000
    654.4882	      0.0000
    654.5041	      0.0000
    655.2353	      0.0000
    655.2512	      0.0000
    655.2671	      0.0000
    655.2830	      0.0000
    655.2990	    927.9351
    655.3149	   3673.0796
    655.3308	  10843.7080
    655.3467	  18552.0039
    655.3626	  23784.4395
    655.3785	  18265.9473
    655.3944	  10594.5078
    655.4103	   3232.9880
    655.4263	    501.1921
    655.4371	      0.0000
    655.4531	      0.0000
    655.4690	      0.0000
    655.4849	      0.0000
    678.2684	      0.0000
    678.2851	      0.0000
    678.3019	      0.0000
    678.3186	      0.0000
    678.3354	   1056.0635
    678.3521	   5304.4868
    678.3689	  10767.4775
    678.3857	  16173.9355
    678.4024	  14756.3613
    678.4192	   9098.9170
    678.4359	   3969.8279
    678.4527	   1235.8285
    678.4729	      0.0000
    678.4897	      0.0000
    678.5065	      0.0000
    678.5232	      0.0000
    679.2951	      0.0000
    679.3119	      0.0000
    679.3287	      0.0000
    679.3455	      0.0000
    679.3622	    690.7188
    679.3790	   1393.7285
    679.3958	   1763.7469
    679.4126	   1548.5123
    679.4294	    935.1918
    679.4462	      0.0000
    679.4630	      0.0000
    679.4798	      0.0000
    679.4966	      0.0000
    692.3267	      0.0000
    692.3439	      0.0000
    692.3612	      0.0000
    692.3785	      0.0000
    692.3958	   1236.8185
    692.4131	   2430.0986
    692.4303	   5174.6387
    692.4476	   5287.9614
    692.4649	   3498.0537
    692.4822	   1497.9030
    692.4995	    593.0842
    692.5168	      0.0000
    692.5341	      0.0000
    692.5514	      0.0000
    692.5686	      0.0000
    718.2789	      0.0000
    718.2972	      0.0000
    718.3154	      0.0000
    718.3337	      0.0000
    718.3520	   1237.4908
    718.3702	   1830.2910
    718.3885	   1999.8672
    718.4068	   1656.0889
    718.4250	   1021.3943
    718.4468	      0.0000
    718.4650	      0.0000
    718.4833	      0.0000
    718.5016	      0.0000
    720.2952	      0.0000
    720.3135	      0.0000
    720.3319	      0.0000
    720.3502	      0.0000
    720.3685	    994.1084
    720.3869	   3005.5146
    720.4052	   8783.6875
    720.4236	  15441.7676
    720.4419	  21079.2363
    720.4602	  17775.4316
    720.4786	  10551.6299
    720.4969	   3855.9631
    720.5153	    392.5770
    720.5301	      0.0000
    720.5485	      0.0000
    720.5668	      0.0000
    720.5852	      0.0000
    721.3013	      0.0000
    721.3197	      0.0000
    721.3380	      0.0000
    721.3564	      0.0000
    721.3748	    589.2821
    721.3932	   1564.5009
    721.4115	   4054.4844
    721.4299	   5988.1519
    721.4483	   5527.0186
    721.4667	   3335.8406
    721.4851	   1219.8308
    721.5034	      0.0000
    721.5218	      0.0000
    721.5402	      0.0000
    721.5586	      0.0000
    722.3314	      0.0000
    722.3498	      0.0000
    722.3682	      0.0000
    722.3866	      0.0000
    722.4050	    629.3149
    722.4235	   1332.6505
    722.4419	   1755.6254
    722.4603	   1595.1954
    722.4787	    978.1666
    722.4972	      0.0000
    722.5156	      0.0000
    722.5340	      0.0000
    722.5524	      0.0000
    735.3015	      0.0000
    735.3204	      0.0000
    735.3393	      0.0000
    735.3583	      0.0000
    735.3772	   1049.6910
    735.3961	   1793.9669
    735.4150	   2271.5398
    735.4339	   2095.1401
    735.4528	   1338.7361
    735.4718	    513.9043
    735.4902	      0.0000
    735.5091	      0.0000
    735.5280	      0.0000
    735.5470	      0.0000
    736.2476	      0.0000
    736.2665	      0.0000
    736.2855	      0.0000
    736.3044	      0.0000
    736.3234	      0.0000
    736.3423	   1481.6132
    736.3613	   5325.4199
    736.3802	   9610.2305
    736.3992	  13105.4033
    736.4182	  10908.5723
    736.4371	   6599.1177
    736.4561	   2554.4167
    736.4750	    670.6640
    736.4945	      0.0000
    736.5134	      0.0000
    736.5324	      0.0000
    736.5513	      0.0000
    737.2724	      0.0000
    737.2914	      0.0000
    737.3104	      0.0000
    737.3294	      0.0000
    737.3483	   1085.6619
    737.3673	   3274.5393
    737.3863	   5500.3574
    737.4053	   6756.0347
    737.4243	   5107.0273
    737.4433	   2899.0820
    737.4623	    796.9534
    737.4835	      0.0000
    737.5025	      0.0000
    737.5215	      0.0000
    737.5405	      0.0000
    753.1935	      0.0000
    753.2131	      0.0000
    753.2327	      0.0000
    753.2523	      0.0000
    753.2719	    999.6030
    753.2915	   1689.1696
    753.3111	   2528.6038
    753.3307	   3179.7427
    753.3503	   7298.6406
    753.3700	  22821.6777
    753.3896	  59837.1055
    753.4092	 100014.8047
    753.4288	 123059.5313
    753.4484	  91279.0078
    753.4680	  51455.2266
    753.4876	  15275.1152
    753.5073	   2856.8008
    753.5269	    467.8246
    753.5473	      0.0000
    753.5669	      0.0000
    753.5865	      0.0000
    753.6061	      0.0000
    754.2541	      0.0000
    754.2738	      0.0000
    754.2934	      0.0000
    754.3131	      0.0000
    754.3327	    891.1024
    754.3524	   2449.6267
    754.3720	   7441.5205
    754.3917	  20987.8320
    754.4113	  35712.1875
    754.4310	  45726.0938
    754.4506	  34911.5469
    754.4703	  20075.9219
    754.4899	   5989.2915
    754.5096	    924.7063
    754.5264	      0.0000
    754.5461	      0.0000
    754.5657	      0.0000
    754.5854	      0.0000
    755.2937	      0.0000
    755.3134	      0.0000
    755.3331	      0.0000
    755.3528	      0.0000
    755.3724	    966.1196
    755.3921	   3456.3333
    755.4118	   6139.1211
    755.4315	   8140.8452
    755.4512	   6385.1523
    755.4709	   3619.4587
    755.4906	   1096.3843
    755.5229	      0.0000
    755.5426	      0.0000
    755.5623	      0.0000
    755.5820	      0.0000
    763.3240	      0.0000
    763.3440	      0.0000
    763.3640	      0.0000
    763.3840	      0.0000
    763.4040	    322.2561
    763.4240	   1773.0760
    763.4440	   4391.0742
    763.4640	   8511.5439
    763.4840	  12864.0518
    763.5040	  12472.3223
    763.5240	   7661.1177
    763.5441	   3206.5164
    763.5641	    278.1798
    763.5715	      0.0000
    763.5915	      0.0000
    763.6115	      0.0000
    763.6315	      0.0000
    764.3326	      0.0000
    764.3526	      0.0000
    764.3727	      0.0000
    764.3927	      0.0000
    764.4128	    446.1134
    764.4328	   1353.8314
    764.4529	   3943.4568
    764.4729	   6413.7373
    764.4930	   7263.6523
    764.5130	   5084.8135
    764.5331	   2628.5977
    764.5531	    771.8163
    764.5732	      0.0000
    764.5932	      0.0000
    764.6133	      0.0000
    764.6333	      0.0000
    766.3208	      0.0000
    766.3409	      0.0000
    766.3610	      0.0000
    766.3812	      0.0000
    766.4013	    732.1992
    766.4214	   1921.7777
    766.4415	   4116.3667
    766.4617	   5064.7676
    766.4818	   3534.8735
    766.5019	   1503.7015
    766.5220	    507.6949
    766.5422	      0.0000
    766.5623	      0.0000
    766.5824	      0.0000
    766.6026	      0.0000
    767.3480	      0.0000
    767.3682	      0.0000
    767.3884	      0.0000
    767.4085	      0.0000
    767.4287	   1027.6423
    767.4489	   1622.0118
    767.4690	   1764.6582
    767.4892	   1320.5837
    767.5094	    602.8094
    767.5295	      0.0000
    767.5497	      0.0000
    767.5699	      0.0000
    767.5901	      0.0000
    789.2802	      0.0000
    789.3012	      0.0000
    789.3223	      0.0000
    789.3433	      0.0000
    789.3644	    855.6781
    789.3854	   1986.7694
    789.4064	   2999.0337
    789.4275	   3180.5635
    789.4485	   2393.2014
    789.4695	   1223.6664
    789.4939	      0.0000
    789.5150	      0.0000
    789.5360	      0.0000
    789.5571	      0.0000
    791.3066	      0.0000
    791.3277	      0.0000
    791.3488	      0.0000
    791.3699	      0.0000
    791.3911	    990.5386
    791.4122	   3759.6243
    791.4333	  11960.1816
    791.4544	  21684.3789
    791.4755	  30248.3711
    791.4967	  25606.5996
    791.5178	  15301.6973
    791.5389	   5668.0962
    791.5600	   1144.8815
    791.5817	      0.0000
    791.6028	      0.0000
    791.6239	      0.0000
    791.6451	      0.0000
    792.3216	      0.0000
    792.3427	      0.0000
    792.3639	      0.0000
    792.3850	      0.0000
    792.4062	    475.6217
    792.4274	   2182.4211
    792.4485	   5356.5049
    792.4697	   8817.4551
    792.4908	   9710.9941
    792.5120	   6395.9253
    792.5332	   3039.5850
    792.5543	    400.7801
    792.5716	      0.0000
    792.5928	      0.0000
    792.6139	      0.0000
    792.6351	      0.0000
    793.3341	      0.0000
    793.3553	      0.0000
    793.3765	      0.0000
    793.3977	      0.0000
    793.4189	    572.9506
    793.4401	   1412.7454
    793.4613	   2181.5083
    793.4825	   2285.5537
    793.5037	   1626.8997
    793.5249	    704.6079
    793.5462	      0.0000
    793.5674	      0.0000
    793.5886	      0.0000
    793.6098	      0.0000
    842.2882	      0.0000
    842.3114	      0.0000
    842.3346	      0.0000
    842.3578	      0.0000
    842.3810	    967.3932
    842.4042	   1599.8884
    842.4274	   1931.7336
    842.4506	   1726.7644
    842.4738	   1101.1484
    842.4970	      0.0000
    842.5202	      0.0000
    842.5434	      0.0000
    842.5666	      0.0000
    848.3728	      0.0000
    848.3963	      0.0000
    848.4197	      0.0000
    848.4431	      0.0000
    848.4666	   1012.0895
    848.4900	   1679.2556
    848.5135	   1844.9636
    848.5369	   1414.3542
    848.5604	    719.4283
    848.5882	      0.0000
    848.6117	      0.0000
    848.6351	      0.0000
    848.6586	      0.0000
    849.3156	      0.0000
    849.3391	      0.0000
    849.3625	      0.0000
    849.3860	      0.0000
    849.4095	    673.0395
    849.4330	   2677.5752
    849.4565	   5872.9790
    849.4799	   9308.3711
    849.5034	   9723.7207
    849.5269	   6346.5171
    849.5504	   3009.2454
    849.5739	    559.7217
    849.5930	      0.0000
    849.6164	      0.0000
    849.6399	      0.0000
    849.6634	      0.0000
    859.3300	      0.0000
    859.3539	      0.0000
    859.3778	      0.0000
    859.4016	      0.0000
    859.4255	   1071.3655
    859.4494	   1627.9412
    859.4733	   1844.3987
    859.4972	   1579.8311
    859.5211	    993.2919
    859.5451	      0.0000
    859.5690	      0.0000
    859.5929	      0.0000
    859.6168	      0.0000
    860.3344	      0.0000
    860.3583	      0.0000
    860.3823	      0.0000
    860.4062	      0.0000
    860.4302	   1187.8823
    860.4541	   1886.6194
    860.4780	   1985.8556
    860.5020	   1422.5255
    860.5259	    643.0761
    860.5535	      0.0000
    860.5775	      0.0000
    860.6014	      0.0000
    860.6254	      0.0000
    866.2567	      0.0000
    866.2809	      0.0000
    866.3051	      0.0000
    866.3293	      0.0000
    866.3535	    843.9948
    866.3777	   2085.0767
    866.4019	   2978.8726
    866.4260	   6819.1660
    866.4502	  20941.6777
    866.4744	  43184.4102
    866.4986	  66943.4922
    866.5228	  67954.7656
    866.5470	  43835.3945
    866.5712	  20922.4746
    866.5954	   4962.6787
    866.6196	    719.6677
    866.6440	      0.0000
    866.6682	      0.0000
    866.6924	      0.0000
    866.7166	      0.0000
    867.2977	      0.0000
    867.3220	      0.0000
    867.3462	      0.0000
    867.3704	      0.0000
    867.3946	    939.1032
    867.4189	   1559.1278
    867.4431	   4900.6255
    867.4673	  14357.3535
    867.4916	  24579.6250
    867.5158	  31263.3379
    867.5400	  23387.9590
    867.5643	  13021.0469
    867.5885	   3397.7002
    867.6128	    273.6732
    867.6332	      0.0000
    867.6574	      0.0000
    867.6817	      0.0000
    867.7059	      0.0000
    868.3366	      0.0000
    868.3609	      0.0000
    868.3851	      0.0000
    868.4094	      0.0000
    868.4337	    647.6439
    868.4580	   1574.5571
    868.4822	   2705.5715
    868.5065	   5194.1113
    868.5308	   4308.5601
    868.5551	   2071.2847
    868.5794	    921.2516
    868.6072	      0.0000
    868.6314	      0.0000
    868.6557	      0.0000
    868.6800	      0.0000
    877.2672	      0.0000
    877.2919	      0.0000
    877.3165	      0.0000
    877.3412	      0.0000
    877.3658	    851.9465
    877.3905	   1494.6637
    877.4151	   4388.7988
    877.4398	  13332.5186
    877.4644	  23507.3262
    877.4891	  31458.8359
    877.5138	  25178.0293
    877.5384	  14614.6260
    877.5631	   4690.0908
    877.5877	    598.8915
    877.6133	      0.0000
    877.6380	      0.0000
    877.6627	      0.0000
    877.6873	      0.0000
    878.3042	      0.0000
    878.3289	      0.0000
    878.3536	      0.0000
    878.3783	      0.0000
    878.4030	    679.5577
    878.4277	   2987.7151
    878.4524	   7296.8242
    878.4771	  11929.8301
    878.5018	  13000.3975
    878.5265	   8538.3164
    878.5512	   4036.0540
    878.5759	    626.2822
    878.5961	      0.0000
    878.6208	      0.0000
    878.6456	      0.0000
    878.6703	      0.0000
    879.3377	      0.0000
    879.3624	      0.0000
    879.3872	      0.0000
    879.4119	      0.0000
    879.4366	    702.7232
    879.4614	   1438.9843
    879.4861	   1791.7522
    879.5108	   1482.8138
    879.5356	    769.6472
    879.5667	      0.0000
    879.5915	      0.0000
    879.6162	      0.0000
    879.6410	      0.0000
    919.3422	      0.0000
    919.3686	      0.0000
    919.3951	      0.0000
    919.4215	      0.0000
    919.4480	    919.3964
    919.4744	   3705.7190
    919.5009	   7716.9463
    919.5273	  11897.2676
    919.5537	  11495.8262
    919.5802	   7154.2017
    919.6066	   3080.8792
    919.6331	    547.9400
    919.6528	      0.0000
    919.6793	      0.0000
    919.7057	      0.0000
    919.7322	      0.0000
    920.3145	      0.0000
    920.3410	      0.0000
    920.3675	      0.0000
    920.3940	      0.0000
    920.4204	    197.4351
    920.4469	   1447.8525
    920.4734	   5184.4004
    920.4999	   9149.6494
    920.5264	  12034.4131
    920.5529	   9304.1240
    920.5794	   5258.0557
    920.6059	   1433.6967
    920.6324	     61.2467
    920.6593	      0.0000
    920.6858	      0.0000
    920.7123	      0.0000
    920.7388	      0.0000
    921.3486	      0.0000
    921.3751	      0.0000
    921.4016	      0.0000
    921.4282	      0.0000
    921.4547	   1180.3497
    921.4812	   2422.9058
    921.5078	   5238.9883
    921.5343	   5534.0908
    921.5608	   3635.3132
    921.5874	   1625.3101
    921.6139	    622.8288
    921.6442	      0.0000
    921.6707	      0.0000
    921.6973	      0.0000
    921.7238	      0.0000
    937.2322	      0.0000
    937.2594	      0.0000
    937.2866	      0.0000
    937.3139	      0.0000
    937.3411	   1059.9480
    937.3683	   2535.4026
    937.3955	   4866.7104
    937.4227	   6339.9844
    937.4500	  13517.4893
    937.4772	  40860.5195
    937.5044	  86301.0781
    937.5316	 135183.6094
    937.5589	 140939.4531
    937.5861	  92516.4609
    937.6133	  45350.7930
    937.6406	  11237.2314
    937.6678	   2074.2405
    937.6950	   1714.3214
    937.7223	   1241.5668
    937.7524	      0.0000
    937.7796	      0.0000
    937.8069	      0.0000
    937.8341	      0.0000
    938.2429	      0.0000
    938.2701	      0.0000
    938.2974	      0.0000
    938.3246	      0.0000
    938.3519	   1277.6755
    938.3792	   1512.8990
    938.4064	   2197.6069
    938.4337	   3226.2778
    938.4610	   7878.1387
    938.4882	  23344.3145
    938.5155	  44040.4336
    938.5428	  64538.1328
    938.5701	  59705.6328
    938.5973	  36880.3047
    938.6246	  15646.4600
    938.6519	   3000.7888
    938.6792	      0.0000
    938.7042	      0.0000
    938.7314	      0.0000
    938.7587	      0.0000
    938.7860	      0.0000
    939.3319	      0.0000
    939.3592	      0.0000
    939.3865	      0.0000
    939.4138	      0.0000
    939.4412	    612.8395
    939.4685	   1874.5038
    939.4958	   6041.6172
    939.5231	  11046.8936
    939.5504	  15132.0205
    939.5777	  12378.0693
    939.6051	   7245.4507
    939.6324	   2384.4614
    939.6597	    495.0827
    939.6828	      0.0000
    939.7101	      0.0000
    939.7374	      0.0000
    939.7647	      0.0000
    962.3813	      0.0000
    962.4096	      0.0000
    962.4379	      0.0000
    962.4663	      0.0000
    962.4946	    595.5741
    962.5229	   1707.0311
    962.5512	   2946.8987
    962.5796	   4921.7437
    962.6079	   2722.7039
    962.6362	   1458.9672
    962.6646	    471.2445
    962.6929	      0.0000
    962.7212	      0.0000
    962.7496	      0.0000
    962.7779	      0.0000
    963.4016	      0.0000
    963.4300	      0.0000
    963.4583	      0.0000
    963.4867	      0.0000
    963.5151	    586.3978
    963.5434	   1398.9243
    963.5718	   1982.9854
    963.6002	   1896.0984
    963.6285	   1229.7534
    963.6569	      0.0000
    963.6853	      0.0000
    963.7137	      0.0000
    963.7421	      0.0000
    973.3774	      0.0000
    973.4062	      0.0000
    973.4350	      0.0000
    973.4638	      0.0000
    973.4926	    480.3870
    973.5214	   1359.8740
    973.5502	   2012.8534
    973.5791	   1979.7666
    973.6079	   1345.0902
    973.6367	    601.5026
    973.6655	      0.0000
    973.6943	      0.0000
    973.7232	      0.0000
    973.7520	      0.0000
    990.3613	      0.0000
    990.3908	      0.0000
    990.4204	      0.0000
    990.4500	      0.0000
    990.4795	    731.5313
    990.5091	   3513.7300
    990.5387	   6096.5078
    990.5682	   8227.6104
    990.5978	   6691.8047
    990.6274	   3783.5679
    990.6570	   1114.7977
    990.6866	      0.0000
    990.7162	      0.0000
    990.7458	      0.0000
    990.7753	      0.0000
   1048.3369	      0.0000
   1048.3691	      0.0000
   1048.4013	      0.0000
   1048.4335	      0.0000
   1048.4657	    514.7654
   1048.4979	   2857.3438
   1048.5301	   5200.1646
   1048.5623	   7490.9277
   1048.5945	   6669.0029
   1048.6268	   3863.2495
   1048.6590	   1297.3429
   1048.6912	      0.0000
   1048.7234	      0.0000
   1048.7556	      0.0000
   1048.7878	      0.0000
   1049.3357	      0.0000
   1049.3680	      0.0000
   1049.4002	      0.0000
   1049.4325	      0.0000
   1049.4647	    441.6872
   1049.4970	   1419.1580
   1049.5292	   3792.0042
   1049.5615	   5764.3447
   1049.5937	   5535.3994
   1049.6260	   3444.4600
   1049.6582	   1312.0232
   1049.6905	      0.0000
   1049.7227	      0.0000
   1049.7550	      0.0000
   1049.7873	      0.0000
   1212.1096	      0.0000
   1212.1496	      0.0000
   1212.1896	      0.0000
   1212.2297	      0.0000
