# ljz_20131022_MR_Chym1_ELUTE.mzML
#
# index: 4417
# id: controllerType=0 controllerNumber=1 scan=10602
# scanNumber: 10602
# massAnalyzerType: quadrupole
# scanEvent: 2
# msLevel: 2
# retentionTime: 2630.07
# filterString: FTMS + p NSI d Full ms2 365.64@hcd28.00 [100.00-765.00]
# mzLow: 99.0036
# mzHigh: 772.78
# basePeakMZ: 136.076
# basePeakIntensity: 54577.9
# totalIonCurrent: 783928
# precursorCount: 1
# precursor 0: 365.642 853582
# binary (2068): 
     99.0036	      0.0000
     99.0045	      0.0000
     99.0055	      0.0000
     99.0064	      0.0000
    100.0576	      0.0000
    100.0585	      0.0000
    100.0595	      0.0000
    100.0604	      0.0000
    100.0614	    541.7197
    100.0623	    830.1733
    100.0632	    900.4018
    100.0642	    687.4517
    100.0651	    326.9801
    100.0661	      0.0000
    100.0670	      0.0000
    100.0680	      0.0000
    100.0689	      0.0000
    101.0638	      0.0000
    101.0648	      0.0000
    101.0657	      0.0000
    101.0667	      0.0000
    101.0677	    261.7981
    101.0686	    702.7130
    101.0696	   2300.7651
    101.0706	   4193.8589
    101.0715	   5735.3965
    101.0725	   4759.5337
    101.0734	   2782.2505
    101.0744	    966.5062
    101.0754	    425.7093
    101.0763	      0.0000
    101.0773	      0.0000
    101.0782	      0.0000
    101.0792	      0.0000
    103.0479	      0.0000
    103.0489	      0.0000
    103.0499	      0.0000
    103.0509	      0.0000
    103.0519	    430.6786
    103.0529	    922.0764
    103.0539	   1253.6670
    103.0549	   1170.1261
    103.0559	    730.0984
    103.0569	    247.6028
    103.0582	      0.0000
    103.0592	      0.0000
    103.0602	      0.0000
    103.0612	      0.0000
    104.0548	      0.0000
    104.0558	      0.0000
    104.0568	      0.0000
    104.0578	      0.0000
    104.0588	    507.0348
    104.0598	   1488.9319
    104.0608	   4684.6309
    104.0618	   8695.6846
    104.0628	  12251.9014
    104.0638	  10322.2256
    104.0648	   6054.4556
    104.0658	   2089.7087
    104.0668	    244.6640
    104.0675	      0.0000
    104.0685	    643.0431
    104.0695	   1596.1891
    104.0705	   1366.1912
    104.0715	   1026.2072
    104.0725	    648.8718
    104.0735	      0.0000
    104.0746	      0.0000
    104.0756	      0.0000
    104.0766	      0.0000
    105.0635	      0.0000
    105.0645	      0.0000
    105.0655	      0.0000
    105.0665	      0.0000
    105.0676	    349.7562
    105.0686	   1400.6066
    105.0696	   4233.9995
    105.0706	   5202.7788
    105.0716	   3657.9607
    105.0727	   1789.1653
    105.0737	     37.0698
    105.0746	      0.0000
    105.0757	      0.0000
    105.0767	      0.0000
    105.0777	      0.0000
    112.0688	      0.0000
    112.0699	      0.0000
    112.0710	      0.0000
    112.0722	      0.0000
    112.0733	    318.4131
    112.0744	    789.2195
    112.0755	   1222.1953
    112.0767	   1283.0881
    112.0778	    925.0839
    112.0789	    434.2267
    112.0800	      0.0000
    112.0812	      0.0000
    112.0823	      0.0000
    112.0834	      0.0000
    112.0845	    388.2694
    112.0857	    909.9417
    112.0868	   1380.0120
    112.0879	   1437.9570
    112.0890	   1025.9249
    112.0902	    450.7257
    112.0914	      0.0000
    112.0925	      0.0000
    112.0936	      0.0000
    112.0948	      0.0000
    113.0623	      0.0000
    113.0635	      0.0000
    113.0646	      0.0000
    113.0658	      0.0000
    113.0669	    374.1721
    113.0681	   1472.4512
    113.0692	   4877.3145
    113.0703	   8736.4980
    113.0715	  11839.0928
    113.0726	   9571.0459
    113.0738	   5584.1411
    113.0749	   1847.9495
    113.0760	    240.4357
    113.0771	      0.0000
    113.0782	      0.0000
    113.0793	      0.0000
    113.0805	      0.0000
    115.0436	      0.0000
    115.0448	      0.0000
    115.0459	      0.0000
    115.0471	      0.0000
    115.0483	    602.3300
    115.0494	    885.4933
    115.0506	    951.6542
    115.0518	    754.6381
    115.0530	    411.4415
    115.0542	      0.0000
    115.0554	      0.0000
    115.0566	      0.0000
    115.0577	      0.0000
    115.0776	      0.0000
    115.0788	      0.0000
    115.0800	      0.0000
    115.0812	      0.0000
    115.0823	    413.4410
    115.0835	   1271.9977
    115.0847	   4165.7002
    115.0858	   7555.2573
    115.0870	  10435.7217
    115.0882	   8686.3115
    115.0893	   5093.1255
    115.0905	   1760.2042
    115.0917	    233.5902
    115.0927	      0.0000
    115.0939	      0.0000
    115.0951	      0.0000
    115.0962	      0.0000
    119.0400	      0.0000
    119.0412	      0.0000
    119.0425	      0.0000
    119.0437	      0.0000
    119.0449	    290.6666
    119.0462	    855.8523
    119.0474	   2349.3508
    119.0486	   3997.2224
    119.0499	   4646.0103
    119.0511	   3219.2498
    119.0523	   1659.7095
    119.0536	    601.1870
    119.0548	      0.0000
    119.0560	      0.0000
    119.0572	      0.0000
    119.0585	      0.0000
    120.0667	      0.0000
    120.0679	      0.0000
    120.0692	      0.0000
    120.0704	      0.0000
    120.0717	    272.0399
    120.0729	   1890.9415
    120.0741	    996.7400
    120.0755	   1198.6508
    120.0767	   2901.3879
    120.0780	   9711.2021
    120.0792	  22326.5938
    120.0804	  36012.2930
    120.0817	  39886.9141
    120.0829	  27205.4336
    120.0842	  14082.2061
    120.0854	   3789.0823
    120.0867	    711.7381
    120.0878	      0.0000
    120.0891	      0.0000
    120.0903	      0.0000
    120.0916	      0.0000
    123.0358	      0.0000
    123.0371	      0.0000
    123.0384	      0.0000
    123.0397	      0.0000
    123.0409	    378.1438
    123.0422	    960.7635
    123.0435	   1504.3853
    123.0448	   1630.5778
    123.0461	   1245.2252
    123.0474	    641.5557
    123.0487	      0.0000
    123.0500	      0.0000
    123.0513	      0.0000
    123.0526	      0.0000
    127.0906	      0.0000
    127.0920	      0.0000
    127.0933	      0.0000
    127.0947	      0.0000
    127.0960	    456.4281
    127.0974	   1025.1238
    127.0988	   1587.8871
    127.1001	   1780.9341
    127.1015	   1465.1088
    127.1028	    868.0281
    127.1042	    351.5126
    127.1056	      0.0000
    127.1069	      0.0000
    127.1083	      0.0000
    127.1096	      0.0000
    128.0982	      0.0000
    128.0995	      0.0000
    128.1009	      0.0000
    128.1023	      0.0000
    128.1037	    623.7755
    128.1050	   1437.1130
    128.1064	   2208.8865
    128.1078	   3602.4346
    128.1092	   1893.8726
    128.1105	   1048.8433
    128.1119	    394.9606
    128.1136	      0.0000
    128.1150	      0.0000
    128.1163	      0.0000
    128.1177	      0.0000
    129.0916	      0.0000
    129.0930	      0.0000
    129.0944	      0.0000
    129.0958	      0.0000
    129.0972	    481.6665
    129.0986	    846.3251
    129.1000	   3016.5120
    129.1013	   5626.4131
    129.1027	   7976.3101
    129.1041	   6842.9990
    129.1055	   4038.5532
    129.1069	   1437.3815
    129.1083	    102.7437
    129.1094	      0.0000
    129.1108	      0.0000
    129.1122	      0.0000
    129.1135	      0.0000
    131.0713	      0.0000
    131.0727	      0.0000
    131.0741	      0.0000
    131.0755	      0.0000
    131.0769	    335.0816
    131.0784	    882.1726
    131.0798	   2345.4131
    131.0812	   3885.9749
    131.0826	   4462.5054
    131.0841	   3137.0706
    131.0855	   1262.8728
    131.0869	    472.2384
    131.0883	      0.0000
    131.0897	      0.0000
    131.0911	      0.0000
    131.0926	      0.0000
    134.9827	      0.0000
    134.9842	      0.0000
    134.9857	      0.0000
    134.9871	      0.0000
    134.9886	    241.2423
    134.9901	    747.0832
    134.9916	   1374.4969
    134.9931	   1711.0718
    134.9946	   1520.3567
    134.9961	    956.4296
    134.9976	    390.2048
    134.9990	      0.0000
    135.0005	      0.0000
    135.0020	      0.0000
    135.0035	      0.0000
    135.0303	      0.0000
    135.0318	      0.0000
    135.0333	      0.0000
    135.0348	      0.0000
    135.0363	    422.7441
    135.0377	    797.0876
    135.0392	   1046.1323
    135.0407	   1001.7932
    135.0422	    695.1588
    135.0437	      0.0000
    135.0452	      0.0000
    135.0467	      0.0000
    135.0482	      0.0000
    136.0601	      0.0000
    136.0616	      0.0000
    136.0631	      0.0000
    136.0646	      0.0000
    136.0662	    421.9620
    136.0677	   1069.4193
    136.0692	   1388.2017
    136.0707	   4066.2283
    136.0722	  14360.1416
    136.0737	  31643.5469
    136.0752	  50274.3906
    136.0767	  53258.8359
    136.0782	  35467.5781
    136.0797	  17925.0801
    136.0812	   5035.9722
    136.0827	   1424.9288
    136.0842	   1106.6642
    136.0857	    852.2653
    136.0872	   1072.0916
    136.0887	      0.0000
    136.0902	      0.0000
    136.0917	      0.0000
    136.0932	      0.0000
    136.0948	      0.0000
    137.0683	      0.0000
    137.0698	      0.0000
    137.0713	      0.0000
    137.0729	      0.0000
    137.0744	    427.9380
    137.0759	   1161.8826
    137.0774	   2854.4224
    137.0790	   4307.3770
    137.0805	   4095.4385
    137.0820	   2567.8389
    137.0835	    999.8417
    137.0850	    355.3941
    137.0866	      0.0000
    137.0881	      0.0000
    137.0896	      0.0000
    137.0911	      0.0000
    143.1091	      0.0000
    143.1107	      0.0000
    143.1124	      0.0000
    143.1140	      0.0000
    143.1156	    549.8121
    143.1172	    974.8425
    143.1189	   1099.9385
    143.1205	    826.3758
    143.1221	    372.9708
    143.1237	      0.0000
    143.1253	      0.0000
    143.1269	      0.0000
    143.1286	      0.0000
    147.0334	      0.0000
    147.0351	      0.0000
    147.0368	      0.0000
    147.0385	      0.0000
    147.0402	    485.9521
    147.0418	    926.0663
    147.0435	   1151.9031
    147.0452	    983.4653
    147.0469	    542.6246
    147.0486	      0.0000
    147.0503	      0.0000
    147.0520	      0.0000
    147.0537	      0.0000
    155.0704	      0.0000
    155.0722	      0.0000
    155.0740	      0.0000
    155.0759	      0.0000
    155.0777	    331.4455
    155.0795	    762.0731
    155.0813	   1001.5926
    155.0832	    851.9179
    155.0850	    441.4840
    155.0869	      0.0000
    155.0887	      0.0000
    155.0906	      0.0000
    155.0924	      0.0000
    157.0976	      0.0000
    157.0995	      0.0000
    157.1013	      0.0000
    157.1032	      0.0000
    157.1051	    712.7078
    157.1069	   1328.6260
    157.1088	   1613.9882
    157.1107	   1389.7983
    157.1126	    868.2673
    157.1144	    383.0122
    157.1163	      0.0000
    157.1182	      0.0000
    157.1200	      0.0000
    157.1219	      0.0000
    157.5356	      0.0000
    157.5374	      0.0000
    157.5393	      0.0000
    157.5412	      0.0000
    157.5431	    529.0366
    157.5449	   1671.2112
    157.5468	   3476.4324
    157.5487	   5397.9663
    157.5506	   5324.3789
    157.5524	   3368.2383
    157.5543	   1564.4785
    157.5562	    505.8404
    157.5581	      0.0000
    157.5599	      0.0000
    157.5618	      0.0000
    157.5637	      0.0000
    159.0639	      0.0000
    159.0658	      0.0000
    159.0677	      0.0000
    159.0696	      0.0000
    159.0715	    518.0098
    159.0734	   1361.6213
    159.0753	   2985.0090
    159.0772	   3726.2051
    159.0791	   2636.6501
    159.0810	   1106.9781
    159.0829	    375.0281
    159.0848	      0.0000
    159.0867	      0.0000
    159.0886	      0.0000
    159.0905	      0.0000
    162.5354	      0.0000
    162.5374	      0.0000
    162.5393	      0.0000
    162.5413	      0.0000
    162.5432	    365.7408
    162.5452	    791.1462
    162.5472	   1056.2626
    162.5491	    948.2913
    162.5511	    564.3280
    162.5533	      0.0000
    162.5552	      0.0000
    162.5572	      0.0000
    162.5592	      0.0000
    165.0387	      0.0000
    165.0407	      0.0000
    165.0427	      0.0000
    165.0448	      0.0000
    165.0468	    461.5009
    165.0488	   1415.8719
    165.0508	   4700.4766
    165.0528	   8787.5449
    165.0548	  12467.9297
    165.0568	  10754.2773
    165.0588	   6443.1792
    165.0608	   2460.9182
    165.0629	    576.3749
    165.0647	      0.0000
    165.0667	      0.0000
    165.0688	      0.0000
    165.0708	      0.0000
    166.0711	      0.0000
    166.0731	      0.0000
    166.0751	      0.0000
    166.0772	      0.0000
    166.0792	    219.1225
    166.0812	    725.1381
    166.0833	   1573.3256
    166.0853	   3233.5156
    166.0873	   3379.6050
    166.0894	   1796.1669
    166.0914	    913.4619
    166.0934	    322.7197
    166.0954	      0.0000
    166.0974	      0.0000
    166.0995	      0.0000
    166.1015	      0.0000
    170.5422	      0.0000
    170.5443	      0.0000
    170.5464	      0.0000
    170.5485	      0.0000
    170.5506	    332.7930
    170.5527	   1798.3602
    170.5548	   3612.8555
    170.5569	   5230.5571
    170.5591	   4338.8462
    170.5612	   2426.6396
    170.5633	    712.6608
    170.5654	      0.0000
    170.5675	      0.0000
    170.5696	      0.0000
    170.5717	      0.0000
    172.0948	      0.0000
    172.0970	      0.0000
    172.0991	      0.0000
    172.1013	      0.0000
    172.1034	    437.1871
    172.1055	   1139.9146
    172.1077	   1781.4327
    172.1098	   1925.9750
    172.1120	   1490.2310
    172.1141	    805.9588
    172.1162	    277.8336
    172.1176	      0.0000
    172.1198	      0.0000
    172.1219	      0.0000
    172.1241	      0.0000
    182.0624	      0.0000
    182.0648	      0.0000
    182.0671	      0.0000
    182.0694	      0.0000
    182.0717	      0.0000
    182.0741	   1837.6688
    182.0764	   6266.6631
    182.0787	  10927.9473
    182.0811	  13392.8584
    182.0834	   9732.1777
    182.0857	   5357.5049
    182.0881	   1900.5194
    182.0904	   1017.8326
    182.0927	    858.6944
    182.0951	    614.7710
    182.0982	      0.0000
    182.1005	      0.0000
    182.1029	      0.0000
    182.1052	      0.0000
    185.0400	      0.0000
    185.0424	      0.0000
    185.0447	      0.0000
    185.0471	      0.0000
    185.0495	    305.7729
    185.0519	    919.8107
    185.0543	   1629.3141
    185.0567	   1965.0376
    185.0591	   1721.2720
    185.0615	   1118.1730
    185.0638	    542.3060
    185.0662	      0.0000
    185.0686	      0.0000
    185.0710	      0.0000
    185.0734	      0.0000
    185.5496	      0.0000
    185.5520	      0.0000
    185.5544	      0.0000
    185.5568	      0.0000
    185.5592	    567.2013
    185.5616	   1018.1719
    185.5640	   1182.7706
    185.5663	    938.3659
    185.5687	    481.3836
    185.5711	      0.0000
    185.5735	      0.0000
    185.5759	      0.0000
    185.5783	      0.0000
    187.0377	      0.0000
    187.0401	      0.0000
    187.0425	      0.0000
    187.0449	      0.0000
    187.0474	    361.1837
    187.0498	    906.2111
    187.0522	   2138.8870
    187.0547	   3661.0789
    187.0571	   4305.1274
    187.0595	   3141.6487
    187.0619	   1267.3816
    187.0644	    490.5914
    187.0668	      0.0000
    187.0692	      0.0000
    187.0716	      0.0000
    187.0740	      0.0000
    191.0988	      0.0000
    191.1013	      0.0000
    191.1038	      0.0000
    191.1063	      0.0000
    191.1088	    446.3186
    191.1113	    719.3557
    191.1138	   2312.3438
    191.1163	   4017.1553
    191.1188	   4796.7988
    191.1213	   3436.2141
    191.1238	   1827.3379
    191.1263	    518.2635
    191.1289	      0.0000
    191.1314	      0.0000
    191.1340	      0.0000
    191.1365	      0.0000
    194.0929	      0.0000
    194.0955	      0.0000
    194.0981	      0.0000
    194.1006	      0.0000
    194.1032	    470.8582
    194.1058	   1828.8700
    194.1083	   7098.3564
    194.1109	  19450.1836
    194.1135	  32754.4434
    194.1160	  40479.6914
    194.1186	  30157.5508
    194.1211	  17134.3477
    194.1237	   5333.9453
    194.1263	   1117.2045
    194.1288	     81.9843
    194.1314	      0.0000
    194.1340	      0.0000
    194.1365	      0.0000
    194.1391	      0.0000
    195.0997	      0.0000
    195.1023	      0.0000
    195.1049	      0.0000
    195.1074	      0.0000
    195.1100	    312.6234
    195.1126	    968.1743
    195.1152	   2673.1521
    195.1178	   4284.8213
    195.1204	   4544.6572
    195.1230	   2972.4375
    195.1255	   1424.7301
    195.1281	    487.5842
    195.1307	      0.0000
    195.1333	      0.0000
    195.1359	      0.0000
    195.1384	      0.0000
    198.5544	      0.0000
    198.5570	      0.0000
    198.5597	      0.0000
    198.5623	      0.0000
    198.5650	    441.0743
    198.5676	   1227.3187
    198.5703	   1937.4969
    198.5729	   2051.8916
    198.5756	   1519.0737
    198.5782	    763.2577
    198.5809	    230.0863
    198.5835	      0.0000
    198.5862	      0.0000
    198.5889	      0.0000
    198.5915	      0.0000
    199.0569	      0.0000
    199.0595	      0.0000
    199.0622	      0.0000
    199.0649	      0.0000
    199.0675	    657.9660
    199.0702	   1997.6825
    199.0729	   3357.1104
    199.0755	   3867.8530
    199.0782	   2607.2747
    199.0809	   1168.2130
    199.0835	    441.1600
    199.0862	      0.0000
    199.0888	      0.0000
    199.0915	      0.0000
    199.0942	      0.0000
    199.5586	      0.0000
    199.5613	      0.0000
    199.5640	      0.0000
    199.5667	      0.0000
    199.5693	    617.2507
    199.5720	   1301.4407
    199.5747	   1911.1831
    199.5774	   2075.0847
    199.5800	   1688.3059
    199.5827	   1007.1888
    199.5854	    430.5499
    199.5881	      0.0000
    199.5907	      0.0000
    199.5934	      0.0000
    199.5961	      0.0000
    200.1241	      0.0000
    200.1267	      0.0000
    200.1294	      0.0000
    200.1321	      0.0000
    200.1348	    373.8093
    200.1375	    774.5020
    200.1402	   1001.4465
    200.1429	    843.3185
    200.1455	    404.7193
    200.1482	      0.0000
    200.1509	      0.0000
    200.1536	      0.0000
    200.1563	      0.0000
    202.0662	      0.0000
    202.0689	      0.0000
    202.0716	      0.0000
    202.0743	      0.0000
    202.0771	    697.7762
    202.0798	    975.5688
    202.0825	   1039.3636
    202.0852	    836.4906
    202.0880	    485.3598
    202.0908	      0.0000
    202.0935	      0.0000
    202.0962	      0.0000
    202.0989	      0.0000
    206.0475	      0.0000
    206.0503	      0.0000
    206.0531	      0.0000
    206.0559	      0.0000
    206.0587	    504.3708
    206.0615	   1107.9723
    206.0643	   1470.1451
    206.0671	   1294.6361
    206.0699	    727.1049
    206.0727	      0.0000
    206.0755	      0.0000
    206.0783	      0.0000
    206.0811	      0.0000
    212.0619	      0.0000
    212.0649	      0.0000
    212.0678	      0.0000
    212.0707	      0.0000
    212.0736	    626.5319
    212.0766	   2411.3191
    212.0795	   4251.5474
    212.0824	   5422.7100
    212.0854	   3938.3843
    212.0883	   2091.5159
    212.0912	    442.9250
    212.0941	      0.0000
    212.0971	    656.1545
    212.1000	    891.1475
    212.1029	    938.8749
    212.1059	    818.6827
    212.1088	    613.1310
    212.1117	      0.0000
    212.1147	      0.0000
    212.1176	      0.0000
    212.1205	      0.0000
    213.0673	      0.0000
    213.0702	      0.0000
    213.0732	      0.0000
    213.0761	      0.0000
    213.0791	    616.0439
    213.0820	   1251.8757
    213.0850	   1490.7177
    213.0879	   1159.8015
    213.0909	    568.5065
    213.0935	      0.0000
    213.0964	      0.0000
    213.0994	      0.0000
    213.1023	      0.0000
    215.0453	      0.0000
    215.0483	      0.0000
    215.0513	      0.0000
    215.0543	      0.0000
    215.0573	    260.1667
    215.0603	   1532.9740
    215.0633	   4927.2095
    215.0663	   8495.9834
    215.0693	  10867.7510
    215.0722	   8224.3164
    215.0752	   4676.7368
    215.0782	   1438.9463
    215.0812	    243.8392
    215.0847	      0.0000
    215.0877	      0.0000
    215.0907	      0.0000
    215.0936	      0.0000
    215.5492	      0.0000
    215.5522	      0.0000
    215.5552	      0.0000
    215.5582	      0.0000
    215.5612	    324.5749
    215.5642	    908.1194
    215.5672	   1585.7267
    215.5702	   1866.0240
    215.5732	   1533.5221
    215.5762	    845.4854
    215.5792	    258.1556
    215.5826	      0.0000
    215.5856	      0.0000
    215.5886	      0.0000
    215.5916	      0.0000
    220.0649	      0.0000
    220.0680	      0.0000
    220.0711	      0.0000
    220.0742	      0.0000
    220.0773	    509.8770
    220.0804	    829.6556
    220.0835	   2479.9895
    220.0866	   6439.4219
    220.0897	  10723.9795
    220.0928	  12978.2295
    220.0959	   9429.0947
    220.0990	   5148.8433
    220.1021	   1337.3815
    220.1052	     91.3699
    220.1079	      0.0000
    220.1110	      0.0000
    220.1141	      0.0000
    220.1171	      0.0000
    220.5701	      0.0000
    220.5732	      0.0000
    220.5763	      0.0000
    220.5794	      0.0000
    220.5825	    262.2229
    220.5856	    906.3225
    220.5888	   2816.8628
    220.5919	   4396.1934
    220.5950	   4756.2974
    220.5981	   3225.6301
    220.6012	   1613.5968
    220.6043	    524.0955
    220.6074	      0.0000
    220.6105	      0.0000
    220.6136	      0.0000
    220.6167	      0.0000
    221.0619	      0.0000
    221.0650	      0.0000
    221.0681	      0.0000
    221.0712	      0.0000
    221.0743	    594.8848
    221.0775	   1002.4352
    221.0806	   1092.2148
    221.0837	    773.8981
    221.0868	    297.2784
    221.0899	      0.0000
    221.0930	      0.0000
    221.0962	      0.0000
    221.0993	      0.0000
    222.5817	      0.0000
    222.5849	      0.0000
    222.5880	      0.0000
    222.5912	      0.0000
    222.5943	    436.7386
    222.5975	   1207.4191
    222.6006	   2042.6576
    222.6038	   3471.0208
    222.6069	   1951.6475
    222.6101	   1110.0115
    222.6132	    430.4109
    222.6164	      0.0000
    222.6195	      0.0000
    222.6227	      0.0000
    222.6258	      0.0000
    233.5617	      0.0000
    233.5651	      0.0000
    233.5685	      0.0000
    233.5719	      0.0000
    233.5753	    367.2808
    233.5787	   1083.2729
    233.5821	   4111.7622
    233.5854	   9375.2939
    233.5888	  15047.1230
    233.5922	  16410.7051
    233.5956	  11114.8672
    233.5990	   5725.2236
    233.6024	   1490.3542
    233.6058	     41.7750
    233.6092	      0.0000
    233.6125	      0.0000
    233.6159	      0.0000
    233.6193	      0.0000
    234.0603	      0.0000
    234.0637	      0.0000
    234.0671	      0.0000
    234.0704	      0.0000
    234.0738	      0.0000
    234.0772	    758.2354
    234.0806	   3439.9834
    234.0840	   7571.5464
    234.0874	  12020.1680
    234.0908	  12622.6055
    234.0942	   8454.6943
    234.0976	   4316.6753
    234.1010	   1217.3524
    234.1044	    320.3637
    234.1079	      0.0000
    234.1113	      0.0000
    234.1147	      0.0000
    234.1181	      0.0000
    234.5639	      0.0000
    234.5673	      0.0000
    234.5707	      0.0000
    234.5741	      0.0000
    234.5775	    482.4572
    234.5809	   1056.7900
    234.5843	   3614.6187
    234.5877	   7209.1108
    234.5911	  10853.3066
    234.5945	  10370.0996
    234.5979	   6477.9414
    234.6013	   2818.2104
    234.6048	    655.8412
    234.6081	      0.0000
    234.6115	      0.0000
    234.6150	      0.0000
    234.6184	      0.0000
    235.0690	      0.0000
    235.0724	      0.0000
    235.0758	      0.0000
    235.0792	      0.0000
    235.0826	    214.2561
    235.0861	    796.2455
    235.0895	   2844.7207
    235.0929	   4550.4536
    235.0963	   5215.9165
    235.0997	   3646.0867
    235.1032	   1863.3835
    235.1066	    268.7411
    235.1100	      0.0000
    235.1134	      0.0000
    235.1168	      0.0000
    235.1203	      0.0000
    236.5666	      0.0000
    236.5700	      0.0000
    236.5735	      0.0000
    236.5770	      0.0000
    236.5804	    521.8117
    236.5839	   1681.9210
    236.5873	   3255.1533
    236.5908	   4580.0645
    236.5942	   3773.5820
    236.5977	   2175.3298
    236.6011	    675.6255
    236.6046	      0.0000
    236.6080	      0.0000
    236.6115	      0.0000
    236.6149	      0.0000
    237.0748	      0.0000
    237.0782	      0.0000
    237.0817	      0.0000
    237.0851	      0.0000
    237.0886	    359.5517
    237.0921	    771.8646
    237.0955	   1096.0891
    237.0990	   1162.5354
    237.1025	    944.5057
    237.1059	    562.9893
    237.1094	      0.0000
    237.1128	      0.0000
    237.1163	      0.0000
    237.1198	      0.0000
    240.0666	      0.0000
    240.0702	      0.0000
    240.0737	      0.0000
    240.0772	      0.0000
    240.0807	    726.4197
    240.0843	   1552.9968
    240.0878	   2216.9741
    240.0913	   2237.5391
    240.0949	   1602.5896
    240.0984	    782.2209
    240.1019	    259.1149
    240.1055	      0.0000
    240.1091	      0.0000
    240.1126	      0.0000
    240.1161	      0.0000
    243.0293	      0.0000
    243.0329	      0.0000
    243.0365	      0.0000
    243.0401	      0.0000
    243.0437	    391.1901
    243.0473	    781.9020
    243.0509	    976.7105
    243.0545	    803.6813
    243.0581	    385.7597
    243.0617	      0.0000
    243.0653	      0.0000
    243.0689	      0.0000
    243.0725	      0.0000
    243.5837	      0.0000
    243.5873	      0.0000
    243.5909	      0.0000
    243.5945	      0.0000
    243.5981	    670.1793
    243.6018	   1335.9890
    243.6054	   1951.3704
    243.6090	   2132.9863
    243.6126	   1723.6815
    243.6162	    982.0255
    243.6198	    364.7375
    243.6234	      0.0000
    243.6270	      0.0000
    243.6306	      0.0000
    243.6342	      0.0000
    244.0821	      0.0000
    244.0857	      0.0000
    244.0893	      0.0000
    244.0930	      0.0000
    244.0966	    445.5325
    244.1002	    928.0380
    244.1038	   1400.6030
    244.1074	   1576.5519
    244.1111	   1312.5884
    244.1147	    775.6595
    244.1183	    311.6910
    244.1219	      0.0000
    244.1255	      0.0000
    244.1291	      0.0000
    244.1327	      0.0000
    244.5711	      0.0000
    244.5747	      0.0000
    244.5784	      0.0000
    244.5820	      0.0000
    244.5856	    257.4094
    244.5893	   1552.5790
    244.5929	   5931.2271
    244.5965	  12682.7139
    244.6001	  19986.9902
    244.6038	  20505.3066
    244.6074	  13359.6699
    244.6110	   6581.8979
    244.6147	   1700.4139
    244.6183	    254.0678
    244.6219	      0.0000
    244.6256	      0.0000
    244.6292	      0.0000
    244.6328	      0.0000
    245.0762	      0.0000
    245.0799	      0.0000
    245.0835	      0.0000
    245.0871	      0.0000
    245.0908	    318.1302
    245.0944	    915.4624
    245.0981	   2245.1895
    245.1017	   3626.8518
    245.1053	   3553.4893
    245.1090	   2162.0820
    245.1126	    816.2729
    245.1163	    261.3448
    245.1201	      0.0000
    245.1238	      0.0000
    245.1274	      0.0000
    245.1311	      0.0000
    250.5601	      0.0000
    250.5639	      0.0000
    250.5677	      0.0000
    250.5714	      0.0000
    250.5752	    560.8536
    250.5789	   2213.6438
    250.5827	   4677.7031
    250.5865	   7302.8843
    250.5902	   7107.9771
    250.5940	   4383.5356
    250.5978	   1879.5028
    250.6015	    356.0970
    250.6050	      0.0000
    250.6088	      0.0000
    250.6125	      0.0000
    250.6163	      0.0000
    251.0610	      0.0000
    251.0647	      0.0000
    251.0685	      0.0000
    251.0723	      0.0000
    251.0760	    432.8038
    251.0798	    891.3907
    251.0836	   2437.4355
    251.0874	   4074.9841
    251.0911	   4540.4380
    251.0949	   3168.5144
    251.0987	   1273.1085
    251.1025	    512.2512
    251.1062	      0.0000
    251.1100	      0.0000
    251.1138	      0.0000
    251.1176	      0.0000
    254.0994	      0.0000
    254.1032	      0.0000
    254.1070	      0.0000
    254.1109	      0.0000
    254.1147	    502.4388
    254.1186	   1269.7372
    254.1224	   2028.0350
    254.1263	   2287.3455
    254.1301	   1865.7026
    254.1339	   1079.1431
    254.1378	    459.5857
    254.1416	      0.0000
    254.1455	      0.0000
    254.1493	      0.0000
    254.1532	      0.0000
    256.5684	      0.0000
    256.5723	      0.0000
    256.5762	      0.0000
    256.5801	      0.0000
    256.5840	    284.2948
    256.5879	    813.2386
    256.5918	   2344.0640
    256.5957	   3821.7773
    256.5996	   4401.4385
    256.6035	   3103.3501
    256.6074	   1616.2803
    256.6113	    470.6082
    256.6153	      0.0000
    256.6192	      0.0000
    256.6231	      0.0000
    256.6270	      0.0000
    260.0734	      0.0000
    260.0774	      0.0000
    260.0814	      0.0000
    260.0853	      0.0000
    260.0893	    451.5585
    260.0933	    921.8267
    260.0973	   2771.1492
    260.1013	   4720.5283
    260.1052	   5584.8306
    260.1092	   3892.5371
    260.1132	   1999.8202
    260.1172	    439.2141
    260.1212	      0.0000
    260.1251	      0.0000
    260.1291	      0.0000
    260.1331	      0.0000
    260.5714	      0.0000
    260.5754	      0.0000
    260.5794	      0.0000
    260.5834	      0.0000
    260.5874	    633.5529
    260.5914	   1273.2361
    260.5954	   1772.3341
    260.5993	   1811.6809
    260.6033	   1382.8507
    260.6073	    761.1356
    260.6116	      0.0000
    260.6156	      0.0000
    260.6196	      0.0000
    260.6236	      0.0000
    269.0729	      0.0000
    269.0771	      0.0000
    269.0813	      0.0000
    269.0855	      0.0000
    269.0897	    216.5767
    269.0939	   1085.9662
    269.0980	   3596.5640
    269.1022	   8545.5693
    269.1064	  13941.0078
    269.1106	  16155.2217
    269.1148	  11498.5049
    269.1190	   6249.7617
    269.1232	   1756.8656
    269.1274	    106.6553
    269.1306	      0.0000
    269.1348	      0.0000
    269.1389	      0.0000
    269.1431	      0.0000
    269.5750	      0.0000
    269.5792	      0.0000
    269.5834	      0.0000
    269.5876	      0.0000
    269.5918	    236.8800
    269.5960	   1849.0649
    269.6002	   5081.5991
    269.6044	   8529.1426
    269.6086	  10375.9043
    269.6128	   7832.8188
    269.6170	   4574.8545
    269.6212	   1613.8118
    269.6254	    364.5070
    269.6303	      0.0000
    269.6345	      0.0000
    269.6387	      0.0000
    269.6429	      0.0000
    270.0844	      0.0000
    270.0886	      0.0000
    270.0928	      0.0000
    270.0970	      0.0000
    270.1012	    459.3729
    270.1054	    912.6642
    270.1097	   1212.6379
    270.1139	   1172.6561
    270.1181	    820.6653
    270.1223	    384.2772
    270.1265	      0.0000
    270.1307	      0.0000
    270.1349	      0.0000
    270.1391	      0.0000
    271.0215	      0.0000
    271.0257	      0.0000
    271.0300	      0.0000
    271.0342	      0.0000
    271.0384	    640.1774
    271.0426	   2627.2358
    271.0469	   4358.1631
    271.0511	   5062.6929
    271.0553	   3547.0999
    271.0596	   1877.7875
    271.0638	    623.5940
    271.0680	      0.0000
    271.0723	      0.0000
    271.0765	      0.0000
    271.0807	      0.0000
    271.1231	      0.0000
    271.1273	      0.0000
    271.1316	      0.0000
    271.1358	      0.0000
    271.1400	    458.2212
    271.1443	   1230.5758
    271.1485	   2084.1667
    271.1527	   3495.3784
    271.1570	   1966.4664
    271.1612	   1066.1221
    271.1654	    358.5697
    271.1697	      0.0000
    271.1739	      0.0000
    271.1781	      0.0000
    271.1824	      0.0000
    273.0558	      0.0000
    273.0601	      0.0000
    273.0644	      0.0000
    273.0687	      0.0000
    273.0729	    414.0091
    273.0772	    832.2548
    273.0815	   1063.9614
    273.0858	    961.3491
    273.0901	    604.6511
    273.0945	      0.0000
    273.0987	      0.0000
    273.1030	      0.0000
    273.1073	      0.0000
    280.0970	      0.0000
    280.1014	      0.0000
    280.1059	      0.0000
    280.1103	      0.0000
    280.1148	    673.7929
    280.1192	   1125.2039
    280.1237	   1244.1373
    280.1281	    955.3189
    280.1326	    485.5856
    280.1370	      0.0000
    280.1414	      0.0000
    280.1459	      0.0000
    280.1503	      0.0000
    288.0760	      0.0000
    288.0806	      0.0000
    288.0853	      0.0000
    288.0899	      0.0000
    288.0945	    722.4116
    288.0992	   1374.2544
    288.1038	   1758.4261
    288.1085	   1579.4751
    288.1131	    967.5709
    288.1177	    353.3948
    288.1224	      0.0000
    288.1270	      0.0000
    288.1316	      0.0000
    288.1363	      0.0000
    289.0105	      0.0000
    289.0151	      0.0000
    289.0198	      0.0000
    289.0244	      0.0000
    289.0291	    399.9601
    289.0338	   1005.5372
    289.0384	   1582.1084
    289.0431	   1735.4812
    289.0477	   1337.8885
    289.0524	    672.1213
    289.0571	      0.0000
    289.0617	      0.0000
    289.0664	      0.0000
    289.0711	      0.0000
    289.0850	      0.0000
    289.0897	      0.0000
    289.0944	      0.0000
    289.0990	      0.0000
    289.1037	    590.0313
    289.1084	   1199.3240
    289.1130	   1580.2417
    289.1177	   1438.7227
    289.1223	    888.4340
    289.1270	    325.4738
    289.1317	      0.0000
    289.1363	      0.0000
    289.1410	      0.0000
    289.1457	      0.0000
    292.0826	      0.0000
    292.0874	      0.0000
    292.0921	      0.0000
    292.0969	      0.0000
    292.1016	    664.6744
    292.1063	   1225.2914
    292.1111	   1534.8129
    292.1158	   1375.9424
    292.1205	    866.0878
    292.1253	    351.2775
    292.1292	      0.0000
    292.1339	      0.0000
    292.1386	      0.0000
    292.1434	      0.0000
    301.0821	      0.0000
    301.0871	      0.0000
    301.0920	      0.0000
    301.0970	      0.0000
    301.1019	    738.0716
    301.1069	   3459.2488
    301.1119	   6731.9766
    301.1168	   9805.8271
    301.1218	   8677.4521
    301.1267	   5338.9556
    301.1317	   2279.8452
    301.1366	    694.7057
    301.1425	      0.0000
    301.1475	      0.0000
    301.1525	      0.0000
    301.1574	      0.0000
    305.5930	      0.0000
    305.5981	      0.0000
    305.6032	      0.0000
    305.6082	      0.0000
    305.6133	    564.2739
    305.6184	   1099.4814
    305.6234	   1566.2184
    305.6285	   1666.0548
    305.6336	   1308.9431
    305.6386	    719.4035
    305.6437	      0.0000
    305.6488	      0.0000
    305.6538	      0.0000
    305.6589	      0.0000
    306.0801	      0.0000
    306.0851	      0.0000
    306.0902	      0.0000
    306.0953	      0.0000
    306.1004	    287.6364
    306.1055	    792.9324
    306.1105	   1443.1770
    306.1156	   1901.2512
    306.1207	   1841.7202
    306.1258	   1279.8341
    306.1309	    588.1429
    306.1366	      0.0000
    306.1416	      0.0000
    306.1467	      0.0000
    306.1518	      0.0000
    307.0123	      0.0000
    307.0174	      0.0000
    307.0225	      0.0000
    307.0276	      0.0000
    307.0327	    428.1801
    307.0378	   1548.4222
    307.0429	   5084.4180
    307.0480	   8984.8828
    307.0531	  11973.6729
    307.0582	   9392.4375
    307.0633	   5359.7407
    307.0685	   1576.9396
    307.0736	    225.0093
    307.0780	      0.0000
    307.0831	      0.0000
    307.0883	      0.0000
    307.0934	      0.0000
    307.5942	      0.0000
    307.5993	      0.0000
    307.6045	      0.0000
    307.6096	      0.0000
    307.6147	    339.1538
    307.6198	    792.7590
    307.6249	   1046.8297
    307.6300	    860.0980
    307.6352	    392.1658
    307.6403	      0.0000
    307.6454	      0.0000
    307.6505	      0.0000
    307.6556	      0.0000
    308.0912	      0.0000
    308.0963	      0.0000
    308.1014	      0.0000
    308.1066	      0.0000
    308.1117	    377.9653
    308.1168	   1092.9584
    308.1220	   2006.8923
    308.1271	   4040.6550
    308.1322	   3414.3647
    308.1373	   2035.4526
    308.1425	    760.3719
    308.1476	      0.0000
    308.1527	      0.0000
    308.1579	      0.0000
    308.1630	      0.0000
    309.0887	      0.0000
    309.0939	      0.0000
    309.0990	      0.0000
    309.1042	      0.0000
    309.1093	    556.3817
    309.1145	   1159.4718
    309.1196	   1887.9795
    309.1248	   3956.3284
    309.1300	   3880.5054
    309.1351	   1840.3130
    309.1403	   1040.4484
    309.1454	    411.0482
    309.1511	      0.0000
    309.1563	      0.0000
    309.1614	      0.0000
    309.1666	      0.0000
    314.5786	      0.0000
    314.5839	      0.0000
    314.5892	      0.0000
    314.5945	      0.0000
    314.5998	    474.4751
    314.6051	    808.6154
    314.6104	   1753.1008
    314.6157	   5457.5112
    314.6210	  16304.9443
    314.6263	  28297.3633
    314.6315	  37387.9766
    314.6368	  29639.8789
    314.6421	  17331.6270
    314.6474	   5713.5039
    314.6527	   1157.1824
    314.6580	    141.5794
    314.6621	      0.0000
    314.6674	      0.0000
    314.6727	      0.0000
    314.6780	      0.0000
    315.0914	      0.0000
    315.0967	      0.0000
    315.1020	      0.0000
    315.1073	      0.0000
    315.1126	    417.7516
    315.1179	   1717.0876
    315.1232	   3881.9727
    315.1285	   6248.1382
    315.1338	   6861.4487
    315.1391	   4702.3809
    315.1444	   2452.1714
    315.1498	    681.4055
    315.1558	      0.0000
    315.1611	      0.0000
    315.1664	      0.0000
    315.1718	      0.0000
    324.0816	      0.0000
    324.0871	      0.0000
    324.0926	      0.0000
    324.0982	      0.0000
    324.1037	    504.8409
    324.1092	   1585.0168
    324.1148	   3353.6731
    324.1203	   5229.8716
    324.1258	   5174.6777
    324.1314	   3257.3384
    324.1369	   1470.9198
    324.1424	    474.8634
    324.1480	      0.0000
    324.1535	      0.0000
    324.1591	      0.0000
    324.1646	      0.0000
    325.0299	      0.0000
    325.0355	      0.0000
    325.0411	      0.0000
    325.0466	      0.0000
    325.0522	    591.5852
    325.0577	   1079.3656
    325.0633	   1256.6890
    325.0689	    972.4380
    325.0744	    533.0237
    325.0799	    949.8971
    325.0855	   3122.7903
    325.0910	   5599.2144
    325.0966	   7477.0171
    325.1022	   5914.6611
    325.1077	   3365.6807
    325.1133	    924.4896
    325.1188	     87.4437
    325.1253	      0.0000
    325.1309	      0.0000
    325.1365	      0.0000
    325.1420	      0.0000
    328.1772	      0.0000
    328.1829	      0.0000
    328.1885	      0.0000
    328.1942	      0.0000
    328.1998	    222.3062
    328.2054	   1029.9220
    328.2111	   3906.5005
    328.2167	   7990.7344
    328.2224	  12223.5293
    328.2280	  11761.5674
    328.2336	   7370.4814
    328.2393	   3252.7444
    328.2449	    683.8559
    328.2497	      0.0000
    328.2553	      0.0000
    328.2610	      0.0000
    328.2666	      0.0000
    329.0748	      0.0000
    329.0805	      0.0000
    329.0861	      0.0000
    329.0918	      0.0000
    329.0975	    584.3031
    329.1031	   1587.7256
    329.1088	   3000.4155
    329.1145	   4128.1450
    329.1201	   3413.9985
    329.1258	   1482.5471
    329.1315	    632.6007
    329.1371	      0.0000
    329.1428	      0.0000
    329.1484	      0.0000
    329.1541	      0.0000
    334.0859	      0.0000
    334.0917	      0.0000
    334.0975	      0.0000
    334.1033	      0.0000
    334.1091	    726.5635
    334.1148	   1035.2849
    334.1206	   1142.5961
    334.1264	    967.2885
    334.1322	    595.3979
    334.1380	      0.0000
    334.1438	      0.0000
    334.1496	      0.0000
    334.1554	      0.0000
    337.8593	      0.0000
    337.8652	      0.0000
    337.8711	      0.0000
    337.8770	      0.0000
    337.8829	    619.9075
    337.8887	   1205.8447
    337.8946	   1539.7719
    337.9005	   1380.5913
    337.9064	    854.5703
    337.9123	    319.6724
    337.9184	      0.0000
    337.9242	      0.0000
    337.9301	      0.0000
    337.9360	      0.0000
    343.0311	      0.0000
    343.0371	      0.0000
    343.0432	      0.0000
    343.0492	      0.0000
    343.0552	    584.2632
    343.0612	   1455.3167
    343.0673	   2218.7092
    343.0733	   3295.6936
    343.0793	   1655.8060
    343.0853	    772.7032
    343.0914	      0.0000
    343.0974	      0.0000
    343.1034	      0.0000
    343.1094	      0.0000
    346.9575	      0.0000
    346.9636	      0.0000
    346.9698	      0.0000
    346.9759	      0.0000
    346.9820	    437.4339
    346.9882	   1137.7479
    346.9943	   1985.1683
    347.0004	   3696.9663
    347.0066	   2117.1848
    347.0127	   1374.6897
    347.0188	    658.5370
    347.0249	      0.0000
    347.0311	      0.0000
    347.0372	      0.0000
    347.0433	      0.0000
    347.0495	      0.0000
    347.0556	      0.0000
    347.0617	    503.7111
    347.0679	   3400.5356
    347.0740	   8390.5195
    347.0801	  13713.3564
    347.0863	  14124.8184
    347.0924	   9142.4307
    347.0985	   4459.8789
    347.1047	   2109.9124
    347.1108	   4875.0215
    347.1169	   9369.9766
    347.1231	  13800.5303
    347.1292	  12341.5010
    347.1353	   7312.5088
    347.1415	   2607.8596
    347.1476	    411.2802
    347.1538	      0.0000
    347.1599	      0.0000
    347.1660	      0.0000
    347.1722	      0.0000
    348.0882	      0.0000
    348.0944	      0.0000
    348.1005	      0.0000
    348.1067	      0.0000
    348.1128	    734.3703
    348.1190	   1346.4042
    348.1252	   1661.6755
    348.1313	   1480.1056
    348.1375	    949.7762
    348.1437	    395.9398
    348.1498	      0.0000
    348.1560	      0.0000
    348.1621	      0.0000
    348.1683	      0.0000
    348.8966	      0.0000
    348.9028	      0.0000
    348.9089	      0.0000
    348.9151	      0.0000
    348.9213	    516.6469
    348.9275	   1113.7140
    348.9337	   1499.1924
    348.9399	   1384.2676
    348.9460	    859.5883
    348.9522	    315.2108
    348.9584	      0.0000
    348.9646	      0.0000
    348.9708	      0.0000
    348.9770	      0.0000
    351.1014	      0.0000
    351.1077	      0.0000
    351.1139	      0.0000
    351.1202	      0.0000
    351.1264	    564.4160
    351.1326	   1286.9432
    351.1389	   1826.4692
    351.1451	   1776.1737
    351.1514	   1186.2054
    351.1576	    500.0162
    351.1638	      0.0000
    351.1701	      0.0000
    351.1763	      0.0000
    351.1826	      0.0000
    353.0565	      0.0000
    353.0628	      0.0000
    353.0691	      0.0000
    353.0754	      0.0000
    353.0817	    635.6116
    353.0880	   1057.0131
    353.0943	   1140.3818
    353.1006	    813.3598
    353.1069	    324.9458
    353.1133	      0.0000
    353.1196	      0.0000
    353.1259	      0.0000
    353.1322	      0.0000
    365.0516	      0.0000
    365.0582	      0.0000
    365.0648	      0.0000
    365.0715	      0.0000
    365.0781	    264.7359
    365.0847	   1031.4506
    365.0913	   2633.8777
    365.0979	   4735.6738
    365.1045	   6789.0322
    365.1112	   6839.6875
    365.1178	   4660.6572
    365.1244	   2735.8755
    365.1310	    911.0192
    365.1376	    192.4279
    365.1443	   1092.8776
    365.1509	   3017.8911
    365.1575	   5071.5703
    365.1641	   4941.5771
    365.1707	   2909.9954
    365.1773	   1155.6985
    365.1840	    488.7180
    365.1896	      0.0000
    365.1962	      0.0000
    365.2029	      0.0000
    365.2095	      0.0000
    369.0998	      0.0000
    369.1066	      0.0000
    369.1133	      0.0000
    369.1200	      0.0000
    369.1268	    487.0906
    369.1335	   1757.1995
    369.1402	   4767.5977
    369.1469	   7944.4102
    369.1537	   9318.6191
    369.1604	   6708.8306
    369.1671	   3709.8347
    369.1738	   1189.2240
    369.1806	    438.8558
    369.1883	      0.0000
    369.1950	      0.0000
    369.2017	      0.0000
    369.2084	      0.0000
    370.0713	      0.0000
    370.0780	      0.0000
    370.0848	      0.0000
    370.0916	      0.0000
    370.0983	    835.7084
    370.1051	   2151.7888
    370.1118	   3635.2744
    370.1186	   4137.7256
    370.1253	   2824.5232
    370.1321	   1163.5000
    370.1388	    415.1875
    370.1468	      0.0000
    370.1535	      0.0000
    370.1603	      0.0000
    370.1670	      0.0000
    386.1212	      0.0000
    386.1284	      0.0000
    386.1356	      0.0000
    386.1428	      0.0000
    386.1500	    284.1018
    386.1572	   1447.3811
    386.1644	   4667.8032
    386.1716	   8521.1641
    386.1788	  11877.5557
    386.1860	  10064.8125
    386.1932	   6004.8477
    386.2004	   2227.8838
    386.2076	    420.2382
    386.2135	      0.0000
    386.2207	      0.0000
    386.2279	      0.0000
    386.2351	      0.0000
    387.1367	      0.0000
    387.1439	      0.0000
    387.1512	      0.0000
    387.1584	      0.0000
    387.1656	    537.9334
    387.1728	   1017.6398
    387.1801	   1314.5140
    387.1873	   1216.1234
    387.1945	    781.8564
    387.2017	      0.0000
    387.2090	      0.0000
    387.2162	      0.0000
    387.2234	      0.0000
    393.1966	      0.0000
    393.2040	      0.0000
    393.2114	      0.0000
    393.2188	      0.0000
    393.2262	    499.1601
    393.2336	   1684.1726
    393.2410	   3409.4500
    393.2484	   4985.3452
    393.2558	   4365.4063
    393.2632	   2570.0293
    393.2706	    841.6209
    393.2782	      0.0000
    393.2856	      0.0000
    393.2930	      0.0000
    393.3004	      0.0000
    397.0934	      0.0000
    397.1009	      0.0000
    397.1084	      0.0000
    397.1159	      0.0000
    397.1234	    632.2610
    397.1309	   1209.6626
    397.1385	   1570.1801
    397.1460	   1452.6473
    397.1535	    942.5795
    397.1610	    390.2502
    397.1685	      0.0000
    397.1760	      0.0000
    397.1835	      0.0000
    397.1910	      0.0000
    426.0834	      0.0000
    426.0918	      0.0000
    426.1001	      0.0000
    426.1085	      0.0000
    426.1168	    749.4170
    426.1251	   1263.2396
    426.1335	   1474.3838
    426.1418	   1228.2192
    426.1502	    703.1794
    426.1587	      0.0000
    426.1671	      0.0000
    426.1754	      0.0000
    426.1838	      0.0000
    438.2165	      0.0000
    438.2252	      0.0000
    438.2339	      0.0000
    438.2426	      0.0000
    438.2513	    795.0816
    438.2600	   1558.3535
    438.2687	   2080.5679
    438.2774	   1979.2059
    438.2861	   1330.4314
    438.2948	    586.0278
    438.3031	      0.0000
    438.3118	      0.0000
    438.3205	      0.0000
    438.3292	      0.0000
    439.1922	      0.0000
    439.2010	      0.0000
    439.2097	      0.0000
    439.2184	      0.0000
    439.2272	    594.4188
    439.2359	   2437.6865
    439.2446	   4713.2534
    439.2533	   6893.2275
    439.2621	   6339.1313
    439.2708	   3968.5625
    439.2795	   1775.7911
    439.2883	    318.1300
    439.2974	      0.0000
    439.3062	      0.0000
    439.3149	      0.0000
    439.3236	      0.0000
    440.0933	      0.0000
    440.1020	      0.0000
    440.1108	      0.0000
    440.1195	      0.0000
    440.1283	    502.2290
    440.1371	   1481.5380
    440.1458	   3381.4250
    440.1546	   5456.6982
    440.1633	   5604.3345
    440.1721	   3479.2471
    440.1808	   1507.9735
    440.1896	    110.2686
    440.1984	      0.0000
    440.2071	      0.0000
    440.2159	      0.0000
    440.2246	      0.0000
    441.0933	      0.0000
    441.1021	      0.0000
    441.1109	      0.0000
    441.1197	      0.0000
    441.1284	    418.1960
    441.1372	   1985.5703
    441.1460	   3857.2175
    441.1548	   5549.5273
    441.1636	   4896.1436
    441.1724	   2959.6206
    441.1812	   1166.3745
    441.1900	    413.6925
    441.1988	      0.0000
    441.2075	      0.0000
    441.2163	      0.0000
    441.2251	      0.0000
    453.0715	      0.0000
    453.0807	      0.0000
    453.0898	      0.0000
    453.0990	      0.0000
    453.1081	    551.0134
    453.1173	    852.0690
    453.1264	    975.2631
    453.1356	    830.4525
    453.1447	    492.4321
    453.1539	      0.0000
    453.1630	      0.0000
    453.1722	      0.0000
    453.1813	      0.0000
    456.2163	      0.0000
    456.2255	      0.0000
    456.2347	      0.0000
    456.2440	      0.0000
    456.2532	    578.5259
    456.2625	   1675.5759
    456.2717	   3250.9905
    456.2810	   4534.9937
    456.2902	   3788.9761
    456.2995	   2266.2324
    456.3087	    654.2614
    456.3182	      0.0000
    456.3274	      0.0000
    456.3367	      0.0000
    456.3459	      0.0000
    472.1307	      0.0000
    472.1405	      0.0000
    472.1502	      0.0000
    472.1599	      0.0000
    472.1697	    616.7277
    472.1794	   1286.9395
    472.1891	   1733.5675
    472.1989	   1648.3494
    472.2086	   1108.7936
    472.2183	    492.9726
    472.2281	      0.0000
    472.2378	      0.0000
    472.2475	      0.0000
    472.2573	      0.0000
    488.1141	      0.0000
    488.1244	      0.0000
    488.1346	      0.0000
    488.1448	      0.0000
    488.1550	    275.6838
    488.1653	   1036.6488
    488.1755	   2783.6353
    488.1857	   4716.9927
    488.1960	   5964.9160
    488.2062	   4552.2207
    488.2164	   2581.1050
    488.2267	    703.9121
    488.2369	      0.0000
    488.2471	      0.0000
    488.2574	      0.0000
    488.2676	      0.0000
    497.1156	      0.0000
    497.1261	      0.0000
    497.1366	      0.0000
    497.1471	      0.0000
    497.1576	    836.2875
    497.1681	   1169.4709
    497.1786	   1220.7235
    497.1892	    963.3583
    497.1997	    550.7471
    497.2102	      0.0000
    497.2207	      0.0000
    497.2312	      0.0000
    497.2417	      0.0000
    499.2143	      0.0000
    499.2249	      0.0000
    499.2355	      0.0000
    499.2461	      0.0000
    499.2567	    452.2578
    499.2672	   1027.4886
    499.2778	   1530.7275
    499.2884	   1594.5621
    499.2990	   1147.5773
    499.3096	    510.4574
    499.3244	      0.0000
    499.3350	      0.0000
    499.3456	      0.0000
    499.3562	      0.0000
    501.1604	      0.0000
    501.1710	      0.0000
    501.1817	      0.0000
    501.1923	      0.0000
    501.2029	    414.9948
    501.2136	   1016.1555
    501.2242	   3221.2522
    501.2349	   6093.6934
    501.2455	   8863.6416
    501.2562	   7919.4927
    501.2668	   4727.9263
    501.2774	   1738.3610
    501.2881	     57.2285
    501.2945	      0.0000
    501.3051	      0.0000
    501.3158	      0.0000
    501.3264	      0.0000
    502.1900	      0.0000
    502.2006	      0.0000
    502.2113	      0.0000
    502.2220	      0.0000
    502.2327	    722.4137
    502.2433	   1188.1439
    502.2540	   1315.7273
    502.2647	   1020.0925
    502.2754	    528.8942
    502.2860	      0.0000
    502.2967	      0.0000
    502.3074	      0.0000
    502.3181	      0.0000
    504.1599	      0.0000
    504.1706	      0.0000
    504.1814	      0.0000
    504.1921	      0.0000
    504.2028	    790.7661
    504.2136	   1337.0642
    504.2243	   1477.4763
    504.2351	   1110.8357
    504.2458	    530.1769
    504.2568	      0.0000
    504.2675	      0.0000
    504.2783	      0.0000
    504.2890	      0.0000
    521.1795	      0.0000
    521.1908	      0.0000
    521.2021	      0.0000
    521.2134	      0.0000
    521.2247	    724.2601
    521.2360	   1476.7228
    521.2473	   1974.4368
    521.2586	   1875.2345
    521.2698	   1292.4854
    521.2811	    645.0562
    521.2924	      0.0000
    521.3037	      0.0000
    521.3150	      0.0000
    521.3263	      0.0000
    532.1387	      0.0000
    532.1503	      0.0000
    532.1620	      0.0000
    532.1736	      0.0000
    532.1853	    504.0745
    532.1969	   1080.0193
    532.2086	   1595.0646
    532.2202	   1701.2953
    532.2318	   1294.5592
    532.2435	    649.2119
    532.2552	      0.0000
    532.2668	      0.0000
    532.2785	      0.0000
    532.2901	      0.0000
    565.1158	      0.0000
    565.1286	      0.0000
    565.1413	      0.0000
    565.1540	      0.0000
    565.1668	    342.7442
    565.1795	   1992.6798
    565.1923	   3957.3455
    565.2050	   5679.0933
    565.2178	   4743.7319
    565.2305	   2788.6558
    565.2433	    889.2534
    565.2560	    270.1093
    565.2688	      0.0000
    565.2815	      0.0000
    565.2943	      0.0000
    565.3070	      0.0000
    566.1111	      0.0000
    566.1238	      0.0000
    566.1366	      0.0000
    566.1494	      0.0000
    566.1622	    563.9730
    566.1749	   1186.8368
    566.1877	   1799.8132
    566.2005	   2056.2463
    566.2133	   1784.9956
    566.2261	   1151.6838
    566.2388	    521.6872
    566.2516	      0.0000
    566.2644	      0.0000
    566.2772	      0.0000
    566.2900	      0.0000
    583.1198	      0.0000
    583.1331	      0.0000
    583.1465	      0.0000
    583.1598	      0.0000
    583.1732	    535.3826
    583.1865	   1433.6869
    583.1999	   3033.1675
    583.2133	   4609.7842
    583.2266	   4288.7607
    583.2400	   2638.8042
    583.2533	    925.7121
    583.2667	    277.8229
    583.2773	      0.0000
    583.2907	      0.0000
    583.3041	      0.0000
    583.3174	      0.0000
    612.2539	      0.0000
    612.2683	      0.0000
    612.2827	      0.0000
    612.2970	      0.0000
    612.3114	      0.0000
    612.3258	   1168.1683
    612.3402	   3788.5701
    612.3545	   6577.8618
    612.3689	   8194.6523
    612.3833	   6155.7378
    612.3976	   3536.1577
    612.4120	   1131.8099
    612.4264	    197.6795
    612.4435	      0.0000
    612.4579	      0.0000
    612.4723	      0.0000
    612.4867	      0.0000
    613.2926	      0.0000
    613.3070	      0.0000
    613.3214	      0.0000
    613.3359	      0.0000
    613.3503	    698.3736
    613.3647	   1156.7755
    613.3791	   1299.2579
    613.3935	   1025.0663
    613.4079	    537.5823
    613.4223	      0.0000
    613.4367	      0.0000
    613.4511	      0.0000
    613.4656	      0.0000
    615.1842	      0.0000
    615.1987	      0.0000
    615.2132	      0.0000
    615.2277	      0.0000
    615.2421	    350.5738
    615.2566	   1067.7092
    615.2711	   2507.7625
    615.2856	   3654.5415
    615.3000	   2955.6548
    615.3145	   1647.5222
    615.3290	    637.0217
    615.3435	      0.0000
    615.3580	      0.0000
    615.3724	      0.0000
    615.3869	      0.0000
    626.1696	      0.0000
    626.1844	      0.0000
    626.1993	      0.0000
    626.2141	      0.0000
    626.2290	    820.7604
    626.2439	   1329.4865
    626.2587	   1531.8077
    626.2736	   1258.6235
    626.2885	    685.3542
    626.3033	      0.0000
    626.3182	      0.0000
    626.3331	      0.0000
    626.3479	      0.0000
    772.7191	      0.0000
    772.7395	      0.0000
    772.7599	      0.0000
    772.7802	      0.0000
