# ljz_20131022_MR_Chym1_ELUTE.mzML
#
# index: 5018
# id: controllerType=0 controllerNumber=1 scan=11339
# scanNumber: 11339
# massAnalyzerType: quadrupole
# scanEvent: 2
# msLevel: 2
# retentionTime: 2761.27
# filterString: FTMS + p NSI d Full ms2 413.68@hcd28.00 [100.00-865.00]
# mzLow: 99.0036
# mzHigh: 873.799
# basePeakMZ: 120.081
# basePeakIntensity: 33784.2
# totalIonCurrent: 267198
# precursorCount: 1
# precursor 0: 413.676 1.29278e+006
# binary (808): 
     99.0036	      0.0000
     99.0045	      0.0000
     99.0055	      0.0000
     99.0064	      0.0000
    101.0002	      0.0000
    101.0012	      0.0000
    101.0022	      0.0000
    101.0031	      0.0000
    101.0041	    534.4536
    101.0051	    991.8300
    101.0060	   1252.5785
    101.0070	   1146.5371
    101.0079	    755.9873
    101.0089	    324.6100
    101.0099	      0.0000
    101.0108	      0.0000
    101.0118	      0.0000
    101.0127	      0.0000
    102.4394	      0.0000
    102.4404	      0.0000
    102.4414	      0.0000
    102.4424	      0.0000
    102.4434	    416.8588
    102.4443	    720.4451
    102.4453	    898.2887
    102.4463	    858.9005
    102.4473	    623.8229
    102.4483	      0.0000
    102.4493	      0.0000
    102.4502	      0.0000
    102.4512	      0.0000
    103.0489	      0.0000
    103.0499	      0.0000
    103.0509	      0.0000
    103.0519	      0.0000
    103.0529	    591.9819
    103.0539	   1042.9464
    103.0549	   1268.4233
    103.0559	   1103.0071
    103.0569	    659.0919
    103.0578	      0.0000
    103.0588	      0.0000
    103.0598	      0.0000
    103.0608	      0.0000
    104.1008	      0.0000
    104.1018	      0.0000
    104.1028	      0.0000
    104.1038	      0.0000
    104.1048	    418.9092
    104.1058	   1062.5897
    104.1068	   1749.2572
    104.1078	   1987.9001
    104.1088	   1600.9154
    104.1098	    886.0952
    104.1108	    303.5572
    104.1118	      0.0000
    104.1128	      0.0000
    104.1138	      0.0000
    104.1148	      0.0000
    110.0637	      0.0000
    110.0648	      0.0000
    110.0659	      0.0000
    110.0670	      0.0000
    110.0681	    657.1467
    110.0692	   2268.7056
    110.0703	   4020.9409
    110.0714	   5476.2729
    110.0725	   4527.2329
    110.0736	   2601.8357
    110.0747	    784.4105
    110.0758	    420.3640
    110.0768	      0.0000
    110.0779	      0.0000
    110.0790	      0.0000
    110.0801	      0.0000
    120.0667	      0.0000
    120.0679	      0.0000
    120.0692	      0.0000
    120.0704	      0.0000
    120.0717	      0.0000
    120.0729	   1178.8599
    120.0742	    724.4434
    120.0756	   1271.6920
    120.0769	   3088.8652
    120.0781	   9469.1787
    120.0794	  20060.3145
    120.0806	  31445.5527
    120.0819	  32802.6914
    120.0831	  21459.2461
    120.0844	  10391.1729
    120.0856	   2276.0493
    120.0869	     84.2434
    120.0879	      0.0000
    120.0891	      0.0000
    120.0904	      0.0000
    120.0916	      0.0000
    121.0763	      0.0000
    121.0776	      0.0000
    121.0789	      0.0000
    121.0801	      0.0000
    121.0814	    344.9139
    121.0826	    885.1976
    121.0839	   1298.0188
    121.0852	   1290.2416
    121.0864	    888.6068
    121.0877	    398.6819
    121.0893	      0.0000
    121.0905	      0.0000
    121.0918	      0.0000
    121.0931	      0.0000
    122.0505	      0.0000
    122.0518	      0.0000
    122.0530	      0.0000
    122.0543	      0.0000
    122.0556	    359.3312
    122.0569	   1386.0913
    122.0581	   4187.6182
    122.0594	   7337.6538
    122.0607	   9768.7441
    122.0620	   7795.3999
    122.0633	   4499.9634
    122.0645	   1365.8784
    122.0658	     17.6257
    122.0668	      0.0000
    122.0681	      0.0000
    122.0693	      0.0000
    122.0706	      0.0000
    123.0539	      0.0000
    123.0552	      0.0000
    123.0565	      0.0000
    123.0578	      0.0000
    123.0591	    266.6932
    123.0604	    854.2031
    123.0617	   2623.6584
    123.0630	   4243.5347
    123.0643	   4487.8618
    123.0656	   2777.7178
    123.0669	   1110.7462
    123.0681	      0.0000
    123.0694	      0.0000
    123.0707	      0.0000
    123.0720	      0.0000
    123.0733	      0.0000
    129.0927	      0.0000
    129.0941	      0.0000
    129.0955	      0.0000
    129.0969	      0.0000
    129.0983	    583.6386
    129.0997	   1766.5018
    129.1010	   3102.2542
    129.1024	   4051.3970
    129.1038	   3070.1262
    129.1052	   1700.0350
    129.1066	    542.3877
    129.1080	      0.0000
    129.1094	      0.0000
    129.1108	      0.0000
    129.1122	      0.0000
    131.0186	      0.0000
    131.0200	      0.0000
    131.0215	      0.0000
    131.0229	      0.0000
    131.0243	    397.8907
    131.0257	    837.3947
    131.0272	   1171.4402
    131.0286	   1169.3832
    131.0300	    825.5453
    131.0314	    369.9350
    131.0328	      0.0000
    131.0343	      0.0000
    131.0357	      0.0000
    131.0371	      0.0000
    132.0503	      0.0000
    132.0517	      0.0000
    132.0532	      0.0000
    132.0546	      0.0000
    132.0561	    395.1773
    132.0575	    811.6741
    132.0589	   1188.4832
    132.0604	   1272.3064
    132.0618	    983.0417
    132.0633	    499.6626
    132.0652	      0.0000
    132.0666	      0.0000
    132.0680	      0.0000
    132.0695	      0.0000
    132.0911	      0.0000
    132.0925	      0.0000
    132.0939	      0.0000
    132.0954	      0.0000
    132.0968	    571.0913
    132.0983	   1661.9344
    132.0997	   4934.4883
    132.1011	   8920.3623
    132.1026	  12350.8965
    132.1040	  10326.6494
    132.1055	   6070.7871
    132.1069	   2087.6545
    132.1083	     98.9320
    132.1095	      0.0000
    132.1109	      0.0000
    132.1124	      0.0000
    132.1138	      0.0000
    150.0402	      0.0000
    150.0419	      0.0000
    150.0436	      0.0000
    150.0454	      0.0000
    150.0471	    532.9806
    150.0489	   1607.2394
    150.0506	   5699.2476
    150.0524	  13548.0586
    150.0541	  22142.3809
    150.0559	  25093.8613
    150.0576	  17373.6465
    150.0593	   9094.9502
    150.0611	   2320.6785
    150.0628	    270.0832
    150.0649	      0.0000
    150.0667	      0.0000
    150.0684	      0.0000
    150.0701	      0.0000
    151.0444	      0.0000
    151.0462	      0.0000
    151.0479	      0.0000
    151.0497	      0.0000
    151.0515	    273.2912
    151.0532	   1191.4941
    151.0550	   3741.3586
    151.0567	   7023.4980
    151.0585	  10207.8877
    151.0603	   9256.2227
    151.0620	   5626.7573
    151.0638	   2291.0833
    151.0656	    320.6354
    151.0668	      0.0000
    151.0686	      0.0000
    151.0703	      0.0000
    151.0721	      0.0000
    157.0733	      0.0000
    157.0752	      0.0000
    157.0771	      0.0000
    157.0789	      0.0000
    157.0808	    700.5159
    157.0827	   1089.6831
    157.0845	   1179.6591
    157.0864	    870.0009
    157.0883	    394.6519
    157.0905	      0.0000
    157.0924	      0.0000
    157.0942	      0.0000
    157.0961	      0.0000
    166.0694	      0.0000
    166.0714	      0.0000
    166.0735	      0.0000
    166.0755	      0.0000
    166.0775	    153.0361
    166.0796	    895.1185
    166.0816	   3201.0420
    166.0836	   6738.8945
    166.0857	  10581.1660
    166.0877	  10851.5820
    166.0897	   7010.7295
    166.0917	   3342.3237
    166.0938	    671.0147
    166.0954	      0.0000
    166.0975	      0.0000
    166.0995	      0.0000
    166.1015	      0.0000
    168.0517	      0.0000
    168.0537	      0.0000
    168.0558	      0.0000
    168.0579	      0.0000
    168.0599	    601.9460
    168.0620	   1468.6143
    168.0641	   3082.1294
    168.0661	   3815.7734
    168.0682	   2702.0830
    168.0703	   1133.6106
    168.0723	    392.1451
    168.0744	      0.0000
    168.0764	      0.0000
    168.0785	      0.0000
    168.0806	      0.0000
    169.0542	      0.0000
    169.0563	      0.0000
    169.0584	      0.0000
    169.0605	      0.0000
    169.0625	    234.8380
    169.0646	    824.2621
    169.0667	   1631.8163
    169.0688	   2111.4282
    169.0709	   1895.8781
    169.0730	   1173.4452
    169.0750	    471.6339
    169.0771	      0.0000
    169.0792	      0.0000
    169.0813	      0.0000
    169.0834	      0.0000
    181.0700	      0.0000
    181.0723	      0.0000
    181.0746	      0.0000
    181.0769	      0.0000
    181.0792	    500.7180
    181.0815	   1073.0985
    181.0838	   1513.6284
    181.0861	   1498.3450
    181.0885	   1028.2106
    181.0908	    449.4032
    181.0932	      0.0000
    181.0955	      0.0000
    181.0978	      0.0000
    181.1001	      0.0000
    183.0624	      0.0000
    183.0647	      0.0000
    183.0671	      0.0000
    183.0694	      0.0000
    183.0718	    443.2123
    183.0741	    916.5466
    183.0765	   1206.8590
    183.0788	   1111.7889
    183.0812	    728.9099
    183.0835	    321.8566
    183.0859	      0.0000
    183.0882	      0.0000
    183.0906	      0.0000
    183.0929	      0.0000
    183.1000	      0.0000
    183.1023	      0.0000
    183.1047	      0.0000
    183.1070	      0.0000
    183.1094	    443.8045
    183.1117	    887.0180
    183.1141	   1085.7766
    183.1164	    898.6118
    183.1188	    488.8977
    183.1211	      0.0000
    183.1235	      0.0000
    183.1258	      0.0000
    183.1282	      0.0000
    184.0578	      0.0000
    184.0602	      0.0000
    184.0626	      0.0000
    184.0650	      0.0000
    184.0673	    269.9162
    184.0697	    791.0048
    184.0721	   1233.4233
    184.0744	   1272.7676
    184.0768	    900.4986
    184.0792	    412.4105
    184.0815	      0.0000
    184.0839	      0.0000
    184.0863	      0.0000
    184.0886	      0.0000
    185.0997	      0.0000
    185.1021	      0.0000
    185.1045	      0.0000
    185.1068	      0.0000
    185.1092	    537.2874
    185.1116	   1172.0396
    185.1140	   1617.8281
    185.1164	   1476.0746
    185.1188	    839.9311
    185.1212	    281.1951
    185.1236	    287.7363
    185.1260	    761.1848
    185.1284	   1152.4158
    185.1307	   1061.2970
    185.1331	    595.9161
    185.1353	      0.0000
    185.1376	      0.0000
    185.1400	      0.0000
    185.1424	      0.0000
    197.0579	      0.0000
    197.0605	      0.0000
    197.0631	      0.0000
    197.0657	      0.0000
    197.0684	    191.8949
    197.0710	   1758.2253
    197.0736	   5231.6333
    197.0762	   8977.2451
    197.0789	  11083.8965
    197.0815	   8196.6230
    197.0841	   4594.7690
    197.0867	   1425.3597
    197.0894	    301.7414
    197.0922	      0.0000
    197.0949	      0.0000
    197.0975	      0.0000
    197.1001	      0.0000
    200.9970	      0.0000
    200.9997	      0.0000
    201.0024	      0.0000
    201.0051	      0.0000
    201.0078	    206.7982
    201.0105	    772.1041
    201.0132	   1516.3779
    201.0159	   1946.6539
    201.0186	   1740.0946
    201.0213	   1073.6621
    201.0240	    436.4519
    201.0268	      0.0000
    201.0295	      0.0000
    201.0322	      0.0000
    201.0349	      0.0000
    207.0725	      0.0000
    207.0753	      0.0000
    207.0782	      0.0000
    207.0810	      0.0000
    207.0838	    395.0902
    207.0867	    766.6858
    207.0895	    947.0733
    207.0923	    791.4451
    207.0951	    414.6870
    207.0985	      0.0000
    207.1013	      0.0000
    207.1042	      0.0000
    207.1070	      0.0000
    239.0613	      0.0000
    239.0648	      0.0000
    239.0683	      0.0000
    239.0718	      0.0000
    239.0753	    234.4415
    239.0788	   1197.2830
    239.0823	   4109.6885
    239.0858	   7500.3667
    239.0893	  10426.1279
    239.0928	   8708.6387
    239.0963	   5094.7949
    239.0998	   1731.2838
    239.1033	    134.5126
    239.1068	      0.0000
    239.1103	      0.0000
    239.1138	      0.0000
    239.1173	      0.0000
    239.1348	      0.0000
    239.1383	      0.0000
    239.1418	      0.0000
    239.1454	      0.0000
    239.1489	    458.6835
    239.1524	   1366.0762
    239.1559	   3465.8757
    239.1594	   5730.6201
    239.1629	   6905.7456
    239.1664	   4983.2451
    239.1699	   2670.7537
    239.1734	    613.8542
    239.1765	      0.0000
    239.1800	      0.0000
    239.1835	      0.0000
    239.1870	      0.0000
    240.0737	      0.0000
    240.0772	      0.0000
    240.0808	      0.0000
    240.0843	      0.0000
    240.0878	    587.8158
    240.0913	   1036.4814
    240.0949	   1212.3386
    240.0984	    988.5535
    240.1019	    540.8269
    240.1057	      0.0000
    240.1092	      0.0000
    240.1127	      0.0000
    240.1163	      0.0000
    279.0948	      0.0000
    279.0992	      0.0000
    279.1037	      0.0000
    279.1081	      0.0000
    279.1125	    725.2417
    279.1169	    956.3807
    279.1213	   1015.0764
    279.1258	    837.2988
    279.1302	    499.5248
    279.1347	      0.0000
    279.1391	      0.0000
    279.1436	      0.0000
    279.1480	      0.0000
    296.2413	      0.0000
    296.2462	      0.0000
    296.2510	      0.0000
    296.2559	      0.0000
    296.2607	    540.8705
    296.2655	    833.8211
    296.2704	    928.0833
    296.2752	    741.4651
    296.2800	    376.1815
    296.2854	      0.0000
    296.2902	      0.0000
    296.2951	      0.0000
    296.2999	      0.0000
    301.1034	      0.0000
    301.1084	      0.0000
    301.1134	      0.0000
    301.1183	      0.0000
    301.1233	    410.0510
    301.1282	   1773.6730
    301.1332	   5134.9282
    301.1381	   8778.1094
    301.1431	  10820.5117
    301.1481	   7878.2021
    301.1530	   4284.0156
    301.1580	   1038.3578
    301.1629	      0.0000
    301.1674	      0.0000
    301.1723	      0.0000
    301.1773	      0.0000
    301.1822	      0.0000
    302.1115	      0.0000
    302.1165	      0.0000
    302.1215	      0.0000
    302.1264	      0.0000
    302.1314	    262.3416
    302.1364	    759.5165
    302.1414	   1259.7632
    302.1464	   1403.9321
    302.1514	   1078.7223
    302.1563	    534.3527
    302.1614	      0.0000
    302.1664	      0.0000
    302.1714	      0.0000
    302.1764	      0.0000
    320.9610	      0.0000
    320.9665	      0.0000
    320.9719	      0.0000
    320.9774	      0.0000
    320.9828	    715.0952
    320.9883	   1515.1730
    320.9938	   2150.9758
    320.9992	   2168.5361
    321.0047	   1570.5394
    321.0101	    790.8969
    321.0156	    285.8080
    321.0212	      0.0000
    321.0266	      0.0000
    321.0321	      0.0000
    321.0375	      0.0000
    339.6099	      0.0000
    339.6158	      0.0000
    339.6217	      0.0000
    339.6277	      0.0000
    339.6336	    485.7331
    339.6395	   1024.5183
    339.6455	   1450.1169
    339.6514	   1466.8427
    339.6574	   1094.2213
    339.6633	    614.2740
    339.6692	      0.0000
    339.6752	      0.0000
    339.6811	      0.0000
    339.6870	      0.0000
    340.0972	      0.0000
    340.1031	      0.0000
    340.1091	      0.0000
    340.1150	      0.0000
    340.1210	    270.1945
    340.1269	    882.0089
    340.1329	   1706.1791
    340.1388	   3692.1033
    340.1448	   3347.3376
    340.1507	   2012.2498
    340.1567	    978.5188
    340.1626	    428.7825
    340.1689	      0.0000
    340.1748	      0.0000
    340.1808	      0.0000
    340.1867	      0.0000
    395.0374	      0.0000
    395.0448	      0.0000
    395.0523	      0.0000
    395.0597	      0.0000
    395.0672	    449.5964
    395.0746	   2176.6934
    395.0821	   3941.5293
    395.0895	   4966.0820
    395.0970	   3639.2192
    395.1044	   2001.7014
    395.1119	    570.5389
    395.1193	      0.0000
    395.1268	      0.0000
    395.1342	      0.0000
    395.1417	      0.0000
    396.0372	      0.0000
    396.0447	      0.0000
    396.0522	      0.0000
    396.0597	      0.0000
    396.0672	    301.6905
    396.0746	    739.0680
    396.0821	   1168.5732
    396.0896	   1363.5918
    396.0971	   1218.4482
    396.1045	    823.3280
    396.1120	    402.5453
    396.1195	      0.0000
    396.1270	      0.0000
    396.1344	      0.0000
    396.1419	      0.0000
    398.1388	      0.0000
    398.1463	      0.0000
    398.1539	      0.0000
    398.1614	      0.0000
    398.1689	    412.7630
    398.1765	    969.9135
    398.1840	   1399.9391
    398.1915	   1348.7546
    398.1991	    841.7429
    398.2066	    260.1060
    398.2142	      0.0000
    398.2217	      0.0000
    398.2292	      0.0000
    398.2368	      0.0000
    412.9551	      0.0000
    412.9631	      0.0000
    412.9710	      0.0000
    412.9790	      0.0000
    412.9869	    436.5795
    412.9949	   1286.4067
    413.0029	   2989.1682
    413.0108	   4812.8774
    413.0188	   5397.6338
    413.0267	   3896.2927
    413.0347	   2161.4072
    413.0427	    542.5244
    413.0506	      0.0000
    413.0586	      0.0000
    413.0666	      0.0000
    413.0745	      0.0000
    413.1542	      0.0000
    413.1621	      0.0000
    413.1701	      0.0000
    413.1781	      0.0000
    413.1860	    144.1518
    413.1940	   3694.2463
    413.2020	   6931.0059
    413.2099	  10669.2588
    413.2179	  11040.1494
    413.2259	   7400.1152
    413.2338	   3294.8926
    413.2418	   2409.5676
    413.2498	   8051.7305
    413.2577	  15565.0430
    413.2657	  22016.5605
    413.2737	  18177.6895
    413.2816	  10363.6699
    413.2896	   2964.0378
    413.2976	     86.5453
    413.3056	      0.0000
    413.3135	      0.0000
    413.3215	      0.0000
    413.3295	      0.0000
    413.6245	      0.0000
    413.6325	      0.0000
    413.6405	      0.0000
    413.6485	      0.0000
    413.6565	    411.8647
    413.6644	    925.5711
    413.6724	   1415.8829
    413.6804	   1568.0242
    413.6884	   1278.6339
    413.6964	    747.7579
    413.7043	      0.0000
    413.7123	      0.0000
    413.7203	      0.0000
    413.7283	      0.0000
    413.9040	      0.0000
    413.9119	      0.0000
    413.9199	      0.0000
    413.9279	      0.0000
    413.9359	    485.7852
    413.9439	    987.1007
    413.9519	   1280.8959
    413.9599	   1140.1252
    413.9679	    677.8616
    413.9759	      0.0000
    413.9838	      0.0000
    413.9918	      0.0000
    413.9998	      0.0000
    414.0078	      0.0000
    414.0158	      0.0000
    414.0238	      0.0000
    414.0318	      0.0000
    414.0398	    421.2744
    414.0478	   1068.3241
    414.0558	   1909.6001
    414.0638	   2274.0486
    414.0717	   1852.6000
    414.0797	   1005.9837
    414.0877	    333.2884
    414.0957	      0.0000
    414.1037	      0.0000
    414.1117	      0.0000
    414.1197	      0.0000
    414.1677	      0.0000
    414.1757	      0.0000
    414.1837	      0.0000
    414.1917	      0.0000
    414.1996	    457.6017
    414.2076	   1361.9985
    414.2156	   2186.2449
    414.2236	   3135.7480
    414.2316	   1990.9862
    414.2396	    965.2538
    414.2476	   1259.8313
    414.2556	   3046.0994
    414.2636	   4996.8364
    414.2716	   5489.7573
    414.2796	   3459.0830
    414.2876	   1388.2306
    414.2956	      0.0000
    414.3036	      0.0000
    414.3116	      0.0000
    414.3196	      0.0000
    414.3276	      0.0000
    422.1400	      0.0000
    422.1482	      0.0000
    422.1565	      0.0000
    422.1647	      0.0000
    422.1729	    745.6071
    422.1812	   1263.9911
    422.1894	   1493.5620
    422.1976	   1271.0067
    422.2058	    750.7073
    422.2143	      0.0000
    422.2225	      0.0000
    422.2307	      0.0000
    422.2390	      0.0000
    427.6228	      0.0000
    427.6312	      0.0000
    427.6396	      0.0000
    427.6480	      0.0000
    427.6564	    766.1559
    427.6648	   1303.0649
    427.6732	   1505.3318
    427.6816	   1241.5039
    427.6900	    718.1963
    427.6986	      0.0000
    427.7069	      0.0000
    427.7153	      0.0000
    427.7237	      0.0000
    471.9751	      0.0000
    471.9848	      0.0000
    471.9946	      0.0000
    472.0043	      0.0000
    472.0140	    519.4119
    472.0237	    853.6631
    472.0335	    966.7390
    472.0432	    802.9935
    472.0529	    471.8517
    472.0630	      0.0000
    472.0727	      0.0000
    472.0824	      0.0000
    472.0922	      0.0000
    565.2306	      0.0000
    565.2433	      0.0000
    565.2561	      0.0000
    565.2688	      0.0000
    565.2815	    366.5561
    565.2943	    915.3028
    565.3070	   1333.2441
    565.3198	   1306.1260
    565.3325	    867.8307
    565.3453	    350.6192
    565.3581	      0.0000
    565.3708	      0.0000
    565.3836	      0.0000
    565.3963	      0.0000
    607.0594	      0.0000
    607.0736	      0.0000
    607.0878	      0.0000
    607.1020	      0.0000
    607.1161	    659.7692
    607.1303	    989.0310
    607.1445	   1118.8693
    607.1587	    971.8468
    607.1729	    619.6109
    607.1872	      0.0000
    607.2014	      0.0000
    607.2156	      0.0000
    607.2297	      0.0000
    671.1901	      0.0000
    671.2066	      0.0000
    671.2231	      0.0000
    671.2395	      0.0000
    671.2560	    676.1854
    671.2725	   1285.4779
    671.2890	   1669.4916
    671.3055	   1546.0848
    671.3220	   1011.6608
    671.3385	    424.8261
    671.3551	      0.0000
    671.3716	      0.0000
    671.3881	      0.0000
    671.4046	      0.0000
    679.1777	      0.0000
    679.1945	      0.0000
    679.2113	      0.0000
    679.2281	      0.0000
    679.2449	    720.7748
    679.2617	   1175.8440
    679.2785	   1357.8236
    679.2953	   1151.8367
    679.3121	    701.2791
    679.3289	      0.0000
    679.3457	      0.0000
    679.3624	      0.0000
    679.3792	      0.0000
    873.7255	      0.0000
    873.7500	      0.0000
    873.7745	      0.0000
    873.7990	      0.0000
