# ljz_20131022_MR_Chym1_ELUTE.mzML
#
# index: 6210
# id: controllerType=0 controllerNumber=1 scan=12965
# scanNumber: 12965
# massAnalyzerType: quadrupole
# scanEvent: 2
# msLevel: 2
# retentionTime: 3075.02
# filterString: FTMS + p NSI d Full ms2 366.22@hcd28.00 [100.00-765.00]
# mzLow: 99.0036
# mzHigh: 772.78
# basePeakMZ: 207.114
# basePeakIntensity: 138331
# totalIonCurrent: 817307
# precursorCount: 1
# precursor 0: 366.221 490343
# binary (1990): 
     99.0036	      0.0000
     99.0045	      0.0000
     99.0055	      0.0000
     99.0064	      0.0000
    100.9993	      0.0000
    101.0002	      0.0000
    101.0012	      0.0000
    101.0022	      0.0000
    101.0031	    279.3616
    101.0041	    708.8436
    101.0050	   1203.2314
    101.0060	   1460.3022
    101.0070	   1267.9442
    101.0079	    746.0043
    101.0089	    249.0709
    101.0101	      0.0000
    101.0111	      0.0000
    101.0120	      0.0000
    101.0130	      0.0000
    101.0641	      0.0000
    101.0650	      0.0000
    101.0660	      0.0000
    101.0670	      0.0000
    101.0679	    225.1921
    101.0689	   1306.3538
    101.0698	   4217.8115
    101.0708	   7540.2227
    101.0718	  10180.7559
    101.0727	   8145.9507
    101.0737	   4759.0723
    101.0747	   1487.5229
    101.0756	    174.6371
    101.0763	      0.0000
    101.0772	      0.0000
    101.0782	      0.0000
    101.0792	      0.0000
    107.0431	      0.0000
    107.0441	      0.0000
    107.0452	      0.0000
    107.0462	      0.0000
    107.0473	    355.0775
    107.0483	    831.3013
    107.0494	   1150.1415
    107.0504	   1071.8845
    107.0515	    672.1403
    107.0525	      0.0000
    107.0536	      0.0000
    107.0546	      0.0000
    107.0557	      0.0000
    107.0799	      0.0000
    107.0809	      0.0000
    107.0820	      0.0000
    107.0830	      0.0000
    107.0841	    647.8355
    107.0851	   1076.0323
    107.0862	   1278.7325
    107.0872	   1105.0138
    107.0883	    667.0032
    107.0893	      0.0000
    107.0903	      0.0000
    107.0914	      0.0000
    107.0924	      0.0000
    112.0789	      0.0000
    112.0800	      0.0000
    112.0812	      0.0000
    112.0823	      0.0000
    112.0834	    391.6610
    112.0845	    991.5786
    112.0857	   1811.8977
    112.0868	   3756.1804
    112.0879	   3529.1824
    112.0890	   2127.9658
    112.0902	   1021.2114
    112.0913	    419.8364
    112.0924	      0.0000
    112.0935	      0.0000
    112.0946	      0.0000
    112.0958	      0.0000
    113.0634	      0.0000
    113.0645	      0.0000
    113.0657	      0.0000
    113.0668	      0.0000
    113.0680	    286.2674
    113.0691	    734.4246
    113.0702	   1281.5475
    113.0714	   1590.2565
    113.0725	   1440.3145
    113.0737	    935.6594
    113.0748	    401.4854
    113.0759	      0.0000
    113.0771	      0.0000
    113.0782	      0.0000
    113.0793	      0.0000
    115.0295	      0.0000
    115.0307	      0.0000
    115.0319	      0.0000
    115.0331	      0.0000
    115.0342	    384.7665
    115.0354	    883.4041
    115.0366	   1310.3564
    115.0377	   1356.6289
    115.0389	    982.9078
    115.0401	    455.9364
    115.0412	      0.0000
    115.0424	      0.0000
    115.0436	      0.0000
    115.0448	      0.0000
    115.0459	      0.0000
    115.0471	      0.0000
    115.0483	    620.5018
    115.0494	   1013.5801
    115.0506	   1125.8588
    115.0518	    861.9189
    115.0530	    413.2070
    115.0541	      0.0000
    115.0553	      0.0000
    115.0564	      0.0000
    115.0576	      0.0000
    117.0955	      0.0000
    117.0967	      0.0000
    117.0979	      0.0000
    117.0991	      0.0000
    117.1003	    350.0549
    117.1015	    726.0187
    117.1027	    929.9586
    117.1039	    776.5367
    117.1051	    383.9505
    117.1063	      0.0000
    117.1075	      0.0000
    117.1087	      0.0000
    117.1099	      0.0000
    117.9195	      0.0000
    117.9207	      0.0000
    117.9219	      0.0000
    117.9232	      0.0000
    117.9244	    599.4165
    117.9256	    944.4977
    117.9268	   1035.4950
    117.9280	    804.7587
    117.9292	    404.2069
    117.9305	      0.0000
    117.9317	      0.0000
    117.9329	      0.0000
    117.9342	      0.0000
    119.0401	      0.0000
    119.0413	      0.0000
    119.0426	      0.0000
    119.0438	      0.0000
    119.0450	    448.5465
    119.0463	   1504.2866
    119.0475	   3643.6831
    119.0487	   5974.5635
    119.0500	   6865.8623
    119.0512	   4798.3032
    119.0524	   2504.3420
    119.0536	    628.7021
    119.0549	      0.0000
    119.0561	      0.0000
    119.0573	      0.0000
    119.0586	      0.0000
    120.0705	      0.0000
    120.0717	      0.0000
    120.0730	      0.0000
    120.0742	      0.0000
    120.0755	    514.7042
    120.0767	   1524.3198
    120.0780	   5555.7134
    120.0792	  12897.9385
    120.0805	  20902.2773
    120.0817	  22951.6055
    120.0830	  15515.5107
    120.0842	   7907.2339
    120.0855	   2002.1981
    120.0867	    365.8495
    120.0879	      0.0000
    120.0891	      0.0000
    120.0904	      0.0000
    120.0916	      0.0000
    121.0763	      0.0000
    121.0776	      0.0000
    121.0788	      0.0000
    121.0801	      0.0000
    121.0814	    345.9052
    121.0826	    978.0610
    121.0839	   1590.1307
    121.0852	   1716.4474
    121.0864	   1272.0887
    121.0877	    612.0759
    121.0889	      0.0000
    121.0902	      0.0000
    121.0915	      0.0000
    121.0927	      0.0000
    123.0345	      0.0000
    123.0358	      0.0000
    123.0371	      0.0000
    123.0384	      0.0000
    123.0397	    335.0906
    123.0409	    892.1151
    123.0422	   1609.4698
    123.0435	   2111.2104
    123.0448	   2059.8987
    123.0461	   1477.5779
    123.0474	    739.5989
    123.0487	    231.7449
    123.0500	      0.0000
    123.0513	      0.0000
    123.0526	      0.0000
    123.0539	      0.0000
    124.0688	      0.0000
    124.0701	      0.0000
    124.0714	      0.0000
    124.0727	      0.0000
    124.0740	    648.8438
    124.0753	   1050.9194
    124.0766	   1109.2096
    124.0779	    760.7940
    124.0793	    283.0222
    124.0806	      0.0000
    124.0819	      0.0000
    124.0832	      0.0000
    124.0846	      0.0000
    129.0914	      0.0000
    129.0928	      0.0000
    129.0942	      0.0000
    129.0956	      0.0000
    129.0970	    310.1008
    129.0984	   1188.7310
    129.0998	   3770.6614
    129.1011	   6726.2793
    129.1025	   9196.2871
    129.1039	   7582.7500
    129.1053	   4433.1274
    129.1067	   1560.3698
    129.1081	    201.9911
    129.1094	      0.0000
    129.1108	      0.0000
    129.1121	      0.0000
    129.1135	      0.0000
    131.0713	      0.0000
    131.0727	      0.0000
    131.0741	      0.0000
    131.0755	      0.0000
    131.0769	    270.7748
    131.0784	    775.5599
    131.0798	   1660.7467
    131.0812	   3371.2407
    131.0826	   3576.7168
    131.0841	   1816.4574
    131.0855	    930.3921
    131.0869	    319.1961
    131.0886	      0.0000
    131.0901	      0.0000
    131.0915	      0.0000
    131.0929	      0.0000
    132.0895	      0.0000
    132.0909	      0.0000
    132.0923	      0.0000
    132.0938	      0.0000
    132.0952	    292.3571
    132.0967	   1559.1350
    132.0981	   5254.7021
    132.0995	  15212.8115
    132.1010	  26764.3438
    132.1024	  36476.1602
    132.1039	  30475.7402
    132.1053	  18213.0703
    132.1067	   6740.7485
    132.1082	   1102.4490
    132.1096	      0.0000
    132.1107	      0.0000
    132.1122	      0.0000
    132.1136	      0.0000
    132.1151	      0.0000
    133.9768	      0.0000
    133.9783	      0.0000
    133.9797	      0.0000
    133.9812	      0.0000
    133.9827	    303.6986
    133.9842	    820.9276
    133.9856	   1151.8409
    133.9871	   1016.8071
    133.9886	    550.0212
    133.9900	      0.0000
    133.9915	      0.0000
    133.9930	      0.0000
    133.9944	      0.0000
    134.9857	      0.0000
    134.9871	      0.0000
    134.9886	      0.0000
    134.9901	      0.0000
    134.9916	    602.5628
    134.9931	   1100.8337
    134.9946	   1325.0216
    134.9961	   1130.9246
    134.9976	    683.0237
    134.9992	      0.0000
    135.0007	      0.0000
    135.0022	      0.0000
    135.0037	      0.0000
    136.0603	      0.0000
    136.0618	      0.0000
    136.0634	      0.0000
    136.0649	      0.0000
    136.0664	    639.2648
    136.0679	   1586.7493
    136.0694	   2483.3611
    136.0709	   6407.6172
    136.0724	  20238.0430
    136.0739	  42013.3359
    136.0754	  65322.3203
    136.0769	  66980.2500
    136.0784	  43647.1289
    136.0799	  21215.5195
    136.0814	   5168.9883
    136.0829	    845.8202
    136.0844	    835.2704
    136.0857	      0.0000
    136.0872	      0.0000
    136.0887	      0.0000
    136.0908	      0.0000
    136.0923	      0.0000
    136.0938	      0.0000
    136.0953	      0.0000
    137.0673	      0.0000
    137.0689	      0.0000
    137.0704	      0.0000
    137.0719	      0.0000
    137.0734	    434.3969
    137.0750	    926.9409
    137.0765	   2690.8201
    137.0780	   5102.3003
    137.0795	   7330.5840
    137.0810	   6390.2920
    137.0826	   3698.5244
    137.0841	   1184.2051
    137.0856	      0.0000
    137.0866	      0.0000
    137.0881	      0.0000
    137.0896	      0.0000
    137.0911	      0.0000
    144.0704	      0.0000
    144.0720	      0.0000
    144.0737	      0.0000
    144.0753	      0.0000
    144.0770	    607.9354
    144.0786	   1375.3102
    144.0802	   2024.2795
    144.0819	   2067.5051
    144.0835	   1474.8890
    144.0852	    692.3311
    144.0868	      0.0000
    144.0884	      0.0000
    144.0901	      0.0000
    144.0917	      0.0000
    146.0825	      0.0000
    146.0842	      0.0000
    146.0859	      0.0000
    146.0876	      0.0000
    146.0892	    544.2597
    146.0909	    832.6369
    146.0926	    924.6814
    146.0943	    797.7039
    146.0959	    541.0153
    146.0976	      0.0000
    146.0993	      0.0000
    146.1010	      0.0000
    146.1027	      0.0000
    151.9832	      0.0000
    151.9850	      0.0000
    151.9868	      0.0000
    151.9886	      0.0000
    151.9903	    367.4878
    151.9921	    988.9652
    151.9939	   2148.5881
    151.9957	   3477.0129
    151.9974	   3320.9170
    151.9992	   1507.4866
    152.0010	    627.9154
    152.0028	      0.0000
    152.0046	      0.0000
    152.0063	      0.0000
    152.0081	      0.0000
    152.0970	      0.0000
    152.0988	      0.0000
    152.1006	      0.0000
    152.1024	      0.0000
    152.1042	    442.8521
    152.1059	    814.4988
    152.1077	   1039.3757
    152.1095	    958.1536
    152.1113	    614.5422
    152.1130	      0.0000
    152.1148	      0.0000
    152.1166	      0.0000
    152.1184	      0.0000
    153.0804	      0.0000
    153.0822	      0.0000
    153.0840	      0.0000
    153.0858	      0.0000
    153.0876	    295.6735
    153.0893	    767.7546
    153.0911	   1113.2213
    153.0929	   1094.1351
    153.0947	    743.5377
    153.0965	    319.8485
    153.0983	      0.0000
    153.1001	      0.0000
    153.1019	      0.0000
    153.1037	      0.0000
    155.1088	      0.0000
    155.1107	      0.0000
    155.1125	      0.0000
    155.1143	      0.0000
    155.1162	    607.8043
    155.1180	    971.8192
    155.1198	   1052.2533
    155.1217	    800.9592
    155.1235	    400.9157
    155.1254	      0.0000
    155.1272	      0.0000
    155.1290	      0.0000
    155.1309	      0.0000
    157.0715	      0.0000
    157.0733	      0.0000
    157.0752	      0.0000
    157.0771	      0.0000
    157.0789	    364.7489
    157.0808	    794.6479
    157.0827	   1170.1282
    157.0845	   1278.5272
    157.0864	   1046.9385
    157.0883	    660.5588
    157.0901	    110.4329
    157.0920	    741.6847
    157.0939	   2436.0034
    157.0957	   4205.1411
    157.0976	   5190.5200
    157.0995	   3796.9924
    157.1013	   2067.5967
    157.1032	    593.7722
    157.1053	      0.0000
    157.1072	      0.0000
    157.1091	      0.0000
    157.1109	      0.0000
    159.0622	      0.0000
    159.0641	      0.0000
    159.0661	      0.0000
    159.0680	      0.0000
    159.0699	    339.5077
    159.0718	   1627.4606
    159.0737	   3794.1829
    159.0756	   6179.1201
    159.0775	   6728.3921
    159.0794	   4527.3047
    159.0813	   2266.8728
    159.0832	    511.6152
    159.0848	      0.0000
    159.0867	      0.0000
    159.0886	      0.0000
    159.0905	      0.0000
    162.0764	      0.0000
    162.0784	      0.0000
    162.0803	      0.0000
    162.0823	      0.0000
    162.0843	    250.5102
    162.0862	    889.2448
    162.0882	   2889.9883
    162.0901	   4736.8018
    162.0921	   5234.3765
    162.0940	   3456.6653
    162.0960	   1601.2205
    162.0980	    172.1408
    162.1000	      0.0000
    162.1020	      0.0000
    162.1040	      0.0000
    162.1059	      0.0000
    165.0387	      0.0000
    165.0407	      0.0000
    165.0427	      0.0000
    165.0447	      0.0000
    165.0467	    544.1373
    165.0487	   2007.0725
    165.0507	   6758.2051
    165.0528	  12207.5010
    165.0548	  16722.3164
    165.0568	  13720.3525
    165.0588	   8066.5952
    165.0608	   2809.0181
    165.0628	    510.3204
    165.0647	      0.0000
    165.0667	      0.0000
    165.0688	      0.0000
    165.0708	      0.0000
    166.9515	      0.0000
    166.9536	      0.0000
    166.9556	      0.0000
    166.9577	      0.0000
    166.9597	    590.5070
    166.9618	   1349.3706
    166.9638	   2094.0310
    166.9659	   2330.8770
    166.9679	   1890.7638
    166.9699	   1090.1260
    166.9720	    421.3571
    166.9740	      0.0000
    166.9761	      0.0000
    166.9781	      0.0000
    166.9802	      0.0000
    179.5930	      0.0000
    179.5953	      0.0000
    179.5976	      0.0000
    179.5998	      0.0000
    179.6021	    612.8877
    179.6044	   1212.8848
    179.6067	   1778.7544
    179.6090	   1993.9237
    179.6113	   1718.3916
    179.6135	   1122.8229
    179.6158	    541.4028
    179.6183	      0.0000
    179.6206	      0.0000
    179.6228	      0.0000
    179.6251	      0.0000
    182.0634	      0.0000
    182.0657	      0.0000
    182.0680	      0.0000
    182.0704	      0.0000
    182.0727	    497.0309
    182.0750	   2639.8201
    182.0774	   7729.5518
    182.0797	  13243.1738
    182.0820	  16510.4297
    182.0843	  12264.8389
    182.0867	   6883.3311
    182.0890	   1977.6072
    182.0913	    321.0298
    182.0936	      0.0000
    182.0959	      0.0000
    182.0982	      0.0000
    182.1006	      0.0000
    183.0694	      0.0000
    183.0717	      0.0000
    183.0741	      0.0000
    183.0764	      0.0000
    183.0788	    297.9328
    183.0811	    772.6450
    183.0835	   1278.0676
    183.0858	   1505.3013
    183.0882	   1274.4905
    183.0905	    732.7013
    183.0929	    235.4977
    183.0952	      0.0000
    183.0976	      0.0000
    183.0999	      0.0000
    183.1023	      0.0000
    185.0376	      0.0000
    185.0400	      0.0000
    185.0423	      0.0000
    185.0447	      0.0000
    185.0471	    325.3946
    185.0495	    913.8308
    185.0519	   2501.0977
    185.0543	   4210.1699
    185.0567	   4881.2778
    185.0591	   3311.9546
    185.0615	   1588.2609
    185.0638	    660.7884
    185.0662	      0.0000
    185.0686	      0.0000
    185.0710	      0.0000
    185.0734	      0.0000
    185.0758	    375.8680
    185.0782	    769.4749
    185.0806	    985.6619
    185.0829	    798.5470
    185.0853	    347.9593
    185.0877	      0.0000
    185.0901	      0.0000
    185.0925	      0.0000
    185.0949	      0.0000
    187.1250	      0.0000
    187.1275	      0.0000
    187.1299	      0.0000
    187.1323	      0.0000
    187.1348	    363.1414
    187.1372	   1015.6190
    187.1396	   2863.6152
    187.1420	   4894.0039
    187.1445	   6016.1245
    187.1469	   4288.6978
    187.1493	   2198.6191
    187.1518	    314.7909
    187.1542	      0.0000
    187.1567	      0.0000
    187.1591	      0.0000
    187.1615	      0.0000
    195.0247	      0.0000
    195.0273	      0.0000
    195.0299	      0.0000
    195.0325	      0.0000
    195.0351	    589.7264
    195.0377	   1237.8477
    195.0402	   1754.1681
    195.0428	   1812.9113
    195.0454	   1400.0632
    195.0480	    805.6497
    195.0506	    346.0031
    195.0523	      0.0000
    195.0549	      0.0000
    195.0575	      0.0000
    195.0600	      0.0000
    195.0807	      0.0000
    195.0833	      0.0000
    195.0859	      0.0000
    195.0885	      0.0000
    195.0911	    679.6603
    195.0936	   3339.1492
    195.0962	   6067.2153
    195.0988	   7667.2476
    195.1014	   5213.9346
    195.1040	   2770.1858
    195.1066	   2062.1741
    195.1105	   4305.3247
    195.1131	   6777.1069
    195.1157	   6997.6606
    195.1183	   4154.9185
    195.1208	   1561.7845
    195.1234	      0.0000
    195.1255	      0.0000
    195.1281	      0.0000
    195.1307	      0.0000
    195.1333	      0.0000
    196.1013	      0.0000
    196.1039	      0.0000
    196.1065	      0.0000
    196.1091	      0.0000
    196.1117	    711.7878
    196.1143	   1255.6038
    196.1169	   1409.7091
    196.1195	   1047.2434
    196.1221	    487.4391
    196.1247	      0.0000
    196.1273	      0.0000
    196.1299	      0.0000
    196.1325	      0.0000
    197.1106	      0.0000
    197.1132	      0.0000
    197.1159	      0.0000
    197.1185	      0.0000
    197.1211	    596.1617
    197.1237	   1418.5129
    197.1264	   2917.1108
    197.1290	   4047.2212
    197.1316	   3045.7773
    197.1342	   1610.2478
    197.1369	    580.6923
    197.1395	      0.0000
    197.1421	      0.0000
    197.1447	      0.0000
    197.1474	      0.0000
    198.1172	      0.0000
    198.1198	      0.0000
    198.1225	      0.0000
    198.1251	      0.0000
    198.1278	    657.5901
    198.1304	   1025.0859
    198.1331	   1114.1191
    198.1357	    862.8934
    198.1384	    439.6842
    198.1410	      0.0000
    198.1436	      0.0000
    198.1463	      0.0000
    198.1489	      0.0000
    203.0369	      0.0000
    203.0396	      0.0000
    203.0424	      0.0000
    203.0451	      0.0000
    203.0478	    638.5577
    203.0506	   1000.9226
    203.0533	   1092.0321
    203.0561	    834.6373
    203.0588	    419.6978
    203.0616	      0.0000
    203.0644	      0.0000
    203.0671	      0.0000
    203.0699	      0.0000
    207.0782	      0.0000
    207.0810	      0.0000
    207.0838	      0.0000
    207.0866	      0.0000
    207.0895	      0.0000
    207.0923	      0.0000
    207.0951	      0.0000
    207.0984	   3299.3201
    207.1012	   5423.5449
    207.1041	  14856.5439
    207.1069	  46688.0547
    207.1097	  90524.0156
    207.1125	 135113.3281
    207.1154	 127263.3984
    207.1182	  79547.0938
    207.1210	  35336.0391
    207.1239	   8389.2559
    207.1267	   2006.8961
    207.1290	      0.0000
    207.1319	      0.0000
    207.1347	      0.0000
    207.1375	      0.0000
    207.1406	      0.0000
    207.1434	      0.0000
    207.1462	      0.0000
    207.1491	      0.0000
    208.0940	      0.0000
    208.0969	      0.0000
    208.0997	      0.0000
    208.1025	      0.0000
    208.1054	    622.8725
    208.1082	   2589.3435
    208.1111	   6561.1558
    208.1139	  10877.2412
    208.1168	  13406.4736
    208.1196	  10245.5117
    208.1225	   5989.2891
    208.1253	   2028.6547
    208.1282	    435.6829
    208.1308	      0.0000
    208.1336	      0.0000
    208.1365	      0.0000
    208.1393	      0.0000
    213.1027	      0.0000
    213.1056	      0.0000
    213.1086	      0.0000
    213.1115	      0.0000
    213.1145	    256.6802
    213.1174	    939.2687
    213.1204	   1866.6367
    213.1233	   3704.5427
    213.1263	   3035.4102
    213.1292	   1721.7948
    213.1322	    722.1352
    213.1351	      0.0000
    213.1381	      0.0000
    213.1410	      0.0000
    213.1440	      0.0000
    214.1362	      0.0000
    214.1392	      0.0000
    214.1422	      0.0000
    214.1452	      0.0000
    214.1481	    662.7574
    214.1511	   1343.2452
    214.1541	   1901.8749
    214.1570	   1945.7020
    214.1600	   1438.5389
    214.1630	    736.5368
    214.1669	      0.0000
    214.1698	      0.0000
    214.1728	      0.0000
    214.1758	      0.0000
    215.1154	      0.0000
    215.1184	      0.0000
    215.1214	      0.0000
    215.1244	      0.0000
    215.1274	    343.5813
    215.1304	   1116.5696
    215.1334	   3624.8362
    215.1364	   6819.0762
    215.1393	   9875.9600
    215.1423	   8883.9941
    215.1453	   5400.5996
    215.1483	   2142.8953
    215.1513	    271.0656
    215.1535	      0.0000
    215.1565	      0.0000
    215.1595	      0.0000
    215.1625	      0.0000
    216.1237	      0.0000
    216.1267	      0.0000
    216.1297	      0.0000
    216.1327	      0.0000
    216.1357	    495.0349
    216.1387	    913.3681
    216.1417	   1142.1967
    216.1448	   1025.9235
    216.1478	    644.1216
    216.1508	      0.0000
    216.1538	      0.0000
    216.1568	      0.0000
    216.1598	      0.0000
    217.0852	      0.0000
    217.0883	      0.0000
    217.0913	      0.0000
    217.0943	      0.0000
    217.0974	    735.6367
    217.1004	   2309.3997
    217.1034	   3969.0359
    217.1065	   4505.2363
    217.1095	   3060.1062
    217.1125	   1521.2589
    217.1156	    401.3645
    217.1186	      0.0000
    217.1216	      0.0000
    217.1247	      0.0000
    217.1277	      0.0000
    218.0899	      0.0000
    218.0929	      0.0000
    218.0960	      0.0000
    218.0991	      0.0000
    218.1021	    598.9860
    218.1052	   1001.4647
    218.1082	   1140.8169
    218.1113	    929.1318
    218.1143	    539.4579
    218.1174	      0.0000
    218.1204	      0.0000
    218.1235	      0.0000
    218.1265	      0.0000
    222.5817	      0.0000
    222.5849	      0.0000
    222.5880	      0.0000
    222.5912	      0.0000
    222.5943	    484.2932
    222.5975	   1243.7030
    222.6006	   2088.3599
    222.6038	   3761.7195
    222.6069	   2103.1050
    222.6101	   1273.4639
    222.6132	    507.4371
    222.6164	      0.0000
    222.6195	      0.0000
    222.6227	      0.0000
    222.6258	      0.0000
    225.1039	      0.0000
    225.1071	      0.0000
    225.1103	      0.0000
    225.1135	      0.0000
    225.1167	    582.0689
    225.1199	   1073.5369
    225.1231	   1374.5577
    225.1263	   1292.7499
    225.1296	    886.8788
    225.1328	    406.6590
    225.1360	      0.0000
    225.1392	      0.0000
    225.1424	      0.0000
    225.1456	      0.0000
    227.1196	      0.0000
    227.1228	      0.0000
    227.1261	      0.0000
    227.1293	      0.0000
    227.1326	    680.2252
    227.1358	   1286.5532
    227.1390	   1651.4371
    227.1423	   1492.3403
    227.1455	    928.8895
    227.1488	    348.2729
    227.1517	      0.0000
    227.1549	      0.0000
    227.1582	      0.0000
    227.1614	      0.0000
    228.1094	      0.0000
    228.1127	      0.0000
    228.1160	      0.0000
    228.1192	      0.0000
    228.1225	    390.1854
    228.1258	   1738.0105
    228.1291	   4507.5522
    228.1323	   7432.7598
    228.1356	   8609.5771
    228.1389	   6142.0508
    228.1421	   3358.2261
    228.1454	   1007.9611
    228.1487	    133.6039
    228.1524	      0.0000
    228.1556	      0.0000
    228.1589	      0.0000
    228.1622	      0.0000
    230.0602	      0.0000
    230.0635	      0.0000
    230.0668	      0.0000
    230.0701	      0.0000
    230.0734	    538.2361
    230.0767	    925.8587
    230.0800	   1041.7828
    230.0833	    798.1204
    230.0867	    381.4125
    230.0898	      0.0000
    230.0931	      0.0000
    230.0964	      0.0000
    230.0997	      0.0000
    233.1221	      0.0000
    233.1255	      0.0000
    233.1288	      0.0000
    233.1322	      0.0000
    233.1356	    374.4040
    233.1390	   1329.8536
    233.1424	   4736.5439
    233.1457	   8822.1836
    233.1491	  12469.7900
    233.1525	  10722.4053
    233.1559	   6437.8018
    233.1592	   2503.1797
    233.1626	    592.6522
    233.1676	      0.0000
    233.1710	      0.0000
    233.1743	      0.0000
    233.1777	      0.0000
    235.0772	      0.0000
    235.0806	      0.0000
    235.0841	      0.0000
    235.0875	      0.0000
    235.0909	    719.1385
    235.0943	    991.2397
    235.0977	   1707.3387
    235.1012	   4469.8921
    235.1046	   8923.3467
    235.1080	  13665.7764
    235.1114	  13562.3877
    235.1148	   8438.9053
    235.1183	   3661.7688
    235.1217	    380.1935
    235.1237	      0.0000
    235.1271	      0.0000
    235.1305	      0.0000
    235.1339	      0.0000
    236.0910	      0.0000
    236.0945	      0.0000
    236.0979	      0.0000
    236.1014	      0.0000
    236.1048	    376.1542
    236.1082	    918.0198
    236.1117	   1296.5925
    236.1151	   1267.1199
    236.1186	    875.5167
    236.1220	    404.9873
    236.1254	      0.0000
    236.1289	      0.0000
    236.1323	      0.0000
    236.1357	      0.0000
    240.1125	      0.0000
    240.1160	      0.0000
    240.1196	      0.0000
    240.1231	      0.0000
    240.1266	    376.3181
    240.1301	    827.2927
    240.1337	   1033.4019
    240.1372	    802.9908
    240.1407	    323.7204
    240.1443	      0.0000
    240.1478	      0.0000
    240.1513	      0.0000
    240.1548	      0.0000
    242.0904	      0.0000
    242.0940	      0.0000
    242.0975	      0.0000
    242.1011	      0.0000
    242.1047	    453.1060
    242.1083	    997.7210
    242.1118	   1396.6501
    242.1154	   1367.9279
    242.1190	    945.4720
    242.1226	    449.4841
    242.1261	      0.0000
    242.1297	      0.0000
    242.1333	      0.0000
    242.1369	    315.4324
    242.1404	    889.5101
    242.1440	   2481.0837
    242.1476	   4026.7266
    242.1512	   4561.6997
    242.1547	   3200.0051
    242.1583	   1704.0020
    242.1619	    512.8702
    242.1656	      0.0000
    242.1691	      0.0000
    242.1727	      0.0000
    242.1763	      0.0000
    243.5837	      0.0000
    243.5873	      0.0000
    243.5909	      0.0000
    243.5945	      0.0000
    243.5981	    279.9645
    243.6017	    827.1152
    243.6054	   1483.3536
    243.6090	   1739.5110
    243.6126	   1412.4453
    243.6162	    784.4663
    243.6197	      0.0000
    243.6234	      0.0000
    243.6270	      0.0000
    243.6306	      0.0000
    251.1025	      0.0000
    251.1062	      0.0000
    251.1100	      0.0000
    251.1138	      0.0000
    251.1176	    595.2839
    251.1213	   1204.0275
    251.1251	   1540.1381
    251.1289	   1321.1532
    251.1327	    727.3977
    251.1364	      0.0000
    251.1402	      0.0000
    251.1440	      0.0000
    251.1478	      0.0000
    252.5885	      0.0000
    252.5923	      0.0000
    252.5961	      0.0000
    252.6000	      0.0000
    252.6038	    461.3076
    252.6076	   1155.0146
    252.6114	   1825.7003
    252.6152	   1992.0275
    252.6190	   1522.2244
    252.6228	    770.4922
    252.6266	      0.0000
    252.6304	      0.0000
    252.6342	      0.0000
    252.6380	      0.0000
    254.0994	      0.0000
    254.1032	      0.0000
    254.1070	      0.0000
    254.1109	      0.0000
    254.1147	    220.1887
    254.1186	    842.3644
    254.1224	   1575.6533
    254.1263	   1944.9139
    254.1301	   1670.5012
    254.1339	    972.9522
    254.1378	    365.3651
    254.1416	      0.0000
    254.1455	      0.0000
    254.1493	      0.0000
    254.1531	      0.0000
    258.1151	      0.0000
    258.1191	      0.0000
    258.1230	      0.0000
    258.1269	      0.0000
    258.1309	    479.0065
    258.1348	   2240.7454
    258.1387	   5394.9194
    258.1427	   8814.6992
    258.1466	   9593.9639
    258.1505	   6398.0342
    258.1545	   3157.8389
    258.1584	    785.1387
    258.1625	      0.0000
    258.1664	      0.0000
    258.1703	      0.0000
    258.1743	      0.0000
    264.0856	      0.0000
    264.0897	      0.0000
    264.0937	      0.0000
    264.0978	      0.0000
    264.1019	    632.5618
    264.1060	   1046.5177
    264.1100	   1189.9644
    264.1141	    968.2704
    264.1182	    547.5656
    264.1222	      0.0000
    264.1263	      0.0000
    264.1304	      0.0000
    264.1344	      0.0000
    271.1231	      0.0000
    271.1273	      0.0000
    271.1315	      0.0000
    271.1358	      0.0000
    271.1400	    648.5257
    271.1443	   2357.3403
    271.1485	   3837.4590
    271.1527	   4338.4897
    271.1570	   2935.8613
    271.1612	   1428.6697
    271.1654	    548.3051
    271.1697	      0.0000
    271.1739	      0.0000
    271.1781	      0.0000
    271.1824	      0.0000
    273.1158	      0.0000
    273.1200	      0.0000
    273.1243	      0.0000
    273.1286	      0.0000
    273.1329	    628.6776
    273.1372	    957.6062
    273.1414	   1025.8572
    273.1457	    817.3705
    273.1500	    490.7719
    273.1543	      0.0000
    273.1586	      0.0000
    273.1628	      0.0000
    273.1671	      0.0000
    275.1391	      0.0000
    275.1435	      0.0000
    275.1478	      0.0000
    275.1521	      0.0000
    275.1564	    552.0391
    275.1608	   1608.2009
    275.1651	   3665.8572
    275.1694	   5874.8130
    275.1738	   6037.0068
    275.1781	   3917.0681
    275.1824	   1861.9138
    275.1868	    520.2697
    275.1912	      0.0000
    275.1955	      0.0000
    275.1999	      0.0000
    275.2042	      0.0000
    279.1390	      0.0000
    279.1434	      0.0000
    279.1479	      0.0000
    279.1523	      0.0000
    279.1567	    710.4219
    279.1611	   2257.8521
    279.1656	   4058.5273
    279.1700	   5468.9902
    279.1744	   4344.5728
    279.1788	   2492.0112
    279.1833	    712.6703
    279.1877	      0.0000
    279.1921	      0.0000
    279.1965	      0.0000
    279.2010	      0.0000
    280.1459	      0.0000
    280.1504	      0.0000
    280.1548	      0.0000
    280.1593	      0.0000
    280.1637	    659.2527
    280.1681	   1051.1699
    280.1726	   1141.1376
    280.1770	    877.6262
    280.1815	    457.0095
    280.1859	      0.0000
    280.1904	      0.0000
    280.1948	      0.0000
    280.1993	      0.0000
    285.1214	      0.0000
    285.1260	      0.0000
    285.1306	      0.0000
    285.1351	      0.0000
    285.1397	      0.0000
    285.1443	    985.1694
    285.1488	   3047.0554
    285.1534	   5234.7373
    285.1580	   6050.6611
    285.1625	   4303.3716
    285.1671	   2369.8464
    285.1717	    636.1448
    285.1762	      0.0000
    285.1808	      0.0000
    285.1853	      0.0000
    285.1899	      0.0000
    291.0908	      0.0000
    291.0956	      0.0000
    291.1003	      0.0000
    291.1050	      0.0000
    291.1097	    377.4833
    291.1144	    800.1257
    291.1191	   1071.6367
    291.1238	    979.1226
    291.1285	    584.5494
    291.1334	      0.0000
    291.1381	      0.0000
    291.1428	      0.0000
    291.1475	      0.0000
    296.1301	      0.0000
    296.1349	      0.0000
    296.1398	      0.0000
    296.1446	      0.0000
    296.1494	    573.2446
    296.1543	   1228.0527
    296.1591	   1780.3645
    296.1639	   1834.7292
    296.1688	   1344.0582
    296.1736	    665.8403
    296.1784	      0.0000
    296.1833	      0.0000
    296.1881	      0.0000
    296.1929	      0.0000
    304.1087	      0.0000
    304.1137	      0.0000
    304.1188	      0.0000
    304.1238	      0.0000
    304.1288	    524.7207
    304.1338	    934.7415
    304.1389	   1070.6052
    304.1439	    861.7389
    304.1489	    492.7010
    304.1540	      0.0000
    304.1590	      0.0000
    304.1640	      0.0000
    304.1691	      0.0000
    307.0729	      0.0000
    307.0780	      0.0000
    307.0831	      0.0000
    307.0882	      0.0000
    307.0934	    555.4526
    307.0985	   1706.5856
    307.1036	   5692.1743
    307.1087	  10919.3467
    307.1138	  15975.8691
    307.1189	  14288.8438
    307.1240	   8756.1318
    307.1291	   3536.2549
    307.1342	    846.0082
    307.1393	   1086.2281
    307.1444	   2770.0488
    307.1495	   4194.1001
    307.1546	   4134.0957
    307.1597	   2399.1875
    307.1648	    750.4658
    307.1699	      0.0000
    307.1750	      0.0000
    307.1801	      0.0000
    307.1853	      0.0000
    308.0860	      0.0000
    308.0912	      0.0000
    308.0963	      0.0000
    308.1014	      0.0000
    308.1066	    720.1419
    308.1117	   1270.6968
    308.1168	   1544.7700
    308.1219	   1385.7482
    308.1271	    950.3516
    308.1322	    516.0205
    308.1373	      0.0000
    308.1425	      0.0000
    308.1476	    722.6346
    308.1527	   1410.6689
    308.1579	   2027.7357
    308.1630	   2134.0449
    308.1681	   1613.9641
    308.1733	    822.1020
    308.1784	    236.7128
    308.1835	      0.0000
    308.1887	      0.0000
    308.1938	      0.0000
    308.1989	      0.0000
    309.0835	      0.0000
    309.0887	      0.0000
    309.0939	      0.0000
    309.0990	      0.0000
    309.1042	    402.2139
    309.1093	    898.2134
    309.1145	   2408.1655
    309.1196	   3986.9023
    309.1248	   5269.2939
    309.1299	   4901.9185
    309.1351	   3236.7393
    309.1403	   1613.6522
    309.1454	    609.3974
    309.1507	      0.0000
    309.1558	      0.0000
    309.1610	      0.0000
    309.1662	      0.0000
    323.1373	      0.0000
    323.1428	      0.0000
    323.1483	      0.0000
    323.1539	      0.0000
    323.1594	    399.4344
    323.1649	    890.9739
    323.1704	   1179.7865
    323.1759	   1034.8861
    323.1814	    577.0895
    323.1869	      0.0000
    323.1924	      0.0000
    323.1979	      0.0000
    323.2034	      0.0000
    324.1203	      0.0000
    324.1258	      0.0000
    324.1314	      0.0000
    324.1369	      0.0000
    324.1424	    480.3204
    324.1480	   1047.2212
    324.1535	   1409.8728
    324.1590	   1273.5769
    324.1646	    748.7458
    324.1701	      0.0000
    324.1757	      0.0000
    324.1812	      0.0000
    324.1867	      0.0000
    325.1523	      0.0000
    325.1578	      0.0000
    325.1634	      0.0000
    325.1689	      0.0000
    325.1745	    513.4171
    325.1801	   1259.2152
    325.1856	   1814.3561
    325.1912	   1760.6080
    325.1968	   1157.6241
    325.2023	    480.3037
    325.2079	      0.0000
    325.2134	      0.0000
    325.2190	      0.0000
    325.2246	      0.0000
    326.1333	      0.0000
    326.1389	      0.0000
    326.1445	      0.0000
    326.1500	      0.0000
    326.1556	    557.7957
    326.1612	   1112.8289
    326.1668	   1672.8129
    326.1724	   1863.9624
    326.1780	   1501.5598
    326.1836	    844.3728
    326.1892	    421.0027
    326.1947	    553.3906
    326.2003	   1064.1907
    326.2059	   1466.4218
    326.2115	   1418.3751
    326.2171	    977.3001
    326.2227	    452.9291
    326.2283	      0.0000
    326.2339	      0.0000
    326.2394	      0.0000
    326.2450	      0.0000
    328.1820	      0.0000
    328.1876	      0.0000
    328.1933	      0.0000
    328.1989	      0.0000
    328.2045	    331.7049
    328.2102	    946.5723
    328.2158	   1717.7552
    328.2215	   2204.8958
    328.2271	   2093.3525
    328.2327	   1469.1243
    328.2384	    733.3571
    328.2440	      0.0000
    328.2497	      0.0000
    328.2553	      0.0000
    328.2609	      0.0000
    331.1056	      0.0000
    331.1113	      0.0000
    331.1171	      0.0000
    331.1228	      0.0000
    331.1285	    471.7951
    331.1342	   1176.1072
    331.1399	   1741.1315
    331.1456	   1815.2295
    331.1513	   1396.7211
    331.1571	    795.2426
    331.1628	    333.8952
    331.1685	      0.0000
    331.1742	      0.0000
    331.1799	      0.0000
    331.1856	      0.0000
    336.8601	      0.0000
    336.8660	      0.0000
    336.8718	      0.0000
    336.8777	      0.0000
    336.8836	    444.8208
    336.8894	    925.4400
    336.8953	   1224.2494
    336.9012	   1120.0277
    336.9070	    696.1937
    336.9129	      0.0000
    336.9188	      0.0000
    336.9246	      0.0000
    336.9305	      0.0000
    337.4297	      0.0000
    337.4356	      0.0000
    337.4414	      0.0000
    337.4473	      0.0000
    337.4532	    450.0752
    337.4591	    880.0729
    337.4650	   1175.3499
    337.4708	   1125.5991
    337.4767	    759.6196
    337.4828	      0.0000
    337.4886	      0.0000
    337.4945	      0.0000
    337.5004	      0.0000
    341.1466	      0.0000
    341.1526	      0.0000
    341.1586	      0.0000
    341.1645	      0.0000
    341.1705	    690.4114
    341.1765	   1374.0759
    341.1825	   1786.0923
    341.1885	   1595.6647
    341.1944	    952.3779
    341.2004	    361.3624
    341.2064	      0.0000
    341.2124	      0.0000
    341.2183	      0.0000
    341.2243	      0.0000
    343.1577	      0.0000
    343.1637	      0.0000
    343.1697	      0.0000
    343.1758	      0.0000
    343.1818	    567.6422
    343.1878	   1235.0514
    343.1939	   1783.8533
    343.1999	   1824.4161
    343.2059	   1305.4351
    343.2120	    624.1177
    343.2180	      0.0000
    343.2240	    527.2347
    343.2300	    983.8786
    343.2361	   1200.0016
    343.2421	    978.7667
    343.2481	    515.6891
    343.2542	      0.0000
    343.2602	      0.0000
    343.2662	      0.0000
    343.2723	      0.0000
    345.1075	      0.0000
    345.1136	      0.0000
    345.1197	      0.0000
    345.1258	      0.0000
    345.1318	    740.7351
    345.1379	   1313.0088
    345.1440	   1519.1071
    345.1501	   1189.7404
    345.1562	    579.1276
    345.1622	      0.0000
    345.1683	      0.0000
    345.1744	      0.0000
    345.1805	      0.0000
    349.1254	      0.0000
    349.1316	      0.0000
    349.1378	      0.0000
    349.1440	      0.0000
    349.1502	    422.7809
    349.1563	    988.4048
    349.1625	   1469.3264
    349.1687	   1546.0894
    349.1749	   1184.8301
    349.1811	    632.0034
    349.1873	      0.0000
    349.1935	      0.0000
    349.1997	      0.0000
    349.2059	      0.0000
    351.0952	      0.0000
    351.1014	      0.0000
    351.1077	      0.0000
    351.1139	      0.0000
    351.1201	    289.5697
    351.1264	    987.3535
    351.1326	   2702.2373
    351.1389	   4121.2803
    351.1451	   3705.4504
    351.1514	   2123.8755
    351.1576	    641.1601
    351.1640	      0.0000
    351.1702	      0.0000
    351.1765	      0.0000
    351.1827	      0.0000
    364.9458	      0.0000
    364.9524	      0.0000
    364.9590	      0.0000
    364.9656	      0.0000
    364.9722	    507.4813
    364.9788	    956.8793
    364.9855	   1157.5817
    364.9921	    976.9161
    364.9987	    563.2816
    365.0053	      0.0000
    365.0119	      0.0000
    365.0185	      0.0000
    365.0251	      0.0000
    365.0648	      0.0000
    365.0715	      0.0000
    365.0781	      0.0000
    365.0847	      0.0000
    365.0913	    685.9857
    365.0979	   1840.9711
    365.1045	   4163.2061
    365.1112	   5990.5684
    365.1178	   5862.2056
    365.1244	   3869.8281
    365.1310	   1301.3052
    365.1376	    661.2006
    365.1442	   3776.9373
    365.1509	   8308.8340
    365.1575	  10578.2031
    365.1641	   8345.1533
    365.1707	   4876.5005
    365.1773	   3345.2275
    365.1840	   5768.6021
    365.1906	  11658.5508
    365.1972	  17516.8047
    365.2038	  21166.5078
    365.2104	  16478.4160
    365.2171	   9503.5244
    365.2237	   2671.1973
    365.2303	      0.0000
    365.2367	      0.0000
    365.2433	      0.0000
    365.2500	      0.0000
    365.2566	      0.0000
    365.9462	      0.0000
    365.9528	      0.0000
    365.9595	      0.0000
    365.9661	      0.0000
    365.9728	    624.1768
    365.9794	   2969.4270
    365.9860	   5490.8027
    365.9927	   7435.4331
    365.9993	   5928.9136
    366.0060	   3462.7771
    366.0126	   1112.9011
    366.0192	    427.3883
    366.0261	      0.0000
    366.0327	      0.0000
    366.0394	      0.0000
    366.0460	      0.0000
    366.0792	      0.0000
    366.0859	      0.0000
    366.0925	      0.0000
    366.0992	      0.0000
    366.1058	    481.2100
    366.1124	    947.8200
    366.1191	   1180.2225
    366.1257	    947.0078
    366.1324	    486.9198
    366.1390	    385.9662
    366.1457	   1171.2739
    366.1523	   2743.1616
    366.1590	   3780.8018
    366.1656	   3209.1997
    366.1723	   2077.5898
    366.1789	   1658.0671
    366.1868	   2979.6880
    366.1934	   5383.3867
    366.2001	   7726.5542
    366.2067	   7817.0195
    366.2134	   5336.3701
    366.2200	   2769.3052
    366.2267	    579.2881
    366.2321	      0.0000
    366.2387	      0.0000
    366.2454	      0.0000
    366.2520	      0.0000
    366.9578	      0.0000
    366.9645	      0.0000
    366.9711	      0.0000
    366.9778	      0.0000
    366.9845	    827.5225
    366.9911	   1303.9661
    366.9978	   1422.6187
    367.0045	   1124.5962
    367.0111	    633.1099
    367.0178	      0.0000
    367.0245	      0.0000
    367.0311	      0.0000
    367.0378	      0.0000
    367.0845	      0.0000
    367.0912	      0.0000
    367.0978	      0.0000
    367.1045	      0.0000
    367.1112	      0.0000
    367.1179	   1057.8041
    367.1245	   3219.6409
    367.1312	   5099.6904
    367.1379	   5368.1406
    367.1446	   3276.5549
    367.1512	   2330.7043
    367.1579	   8451.6865
    367.1646	  17955.5000
    367.1712	  27342.4434
    367.1779	  24768.8242
    367.1846	  15150.5674
    367.1913	   6277.6826
    367.1979	   4217.9268
    367.2046	   7119.6558
    367.2113	   9580.2813
    367.2180	   7345.8281
    367.2246	   3465.4487
    367.2313	     49.7866
    367.2350	      0.0000
    367.2417	      0.0000
    367.2484	      0.0000
    367.2550	      0.0000
    369.0978	      0.0000
    369.1045	      0.0000
    369.1113	      0.0000
    369.1180	      0.0000
    369.1247	      3.9406
    369.1315	   1338.9711
    369.1382	   3880.2390
    369.1449	   6589.1313
    369.1516	   7678.1978
    369.1584	   5546.0806
    369.1651	   3126.0090
    369.1718	   1133.9806
    369.1786	    300.9579
    369.1882	      0.0000
    369.1950	      0.0000
    369.2017	      0.0000
    369.2084	      0.0000
    383.1434	      0.0000
    383.1505	      0.0000
    383.1577	      0.0000
    383.1648	      0.0000
    383.1719	    370.1555
    383.1790	    951.9789
    383.1861	   1578.4683
    383.1932	   1791.7423
    383.2003	   1418.1959
    383.2075	    738.3323
    383.2146	      0.0000
    383.2217	      0.0000
    383.2288	      0.0000
    383.2359	      0.0000
    386.1272	      0.0000
    386.1344	      0.0000
    386.1416	      0.0000
    386.1488	      0.0000
    386.1559	    160.5539
    386.1631	   4436.0488
    386.1703	   9239.1748
    386.1775	  13846.1143
    386.1847	  12043.0244
    386.1919	   8905.3760
    386.1991	   6254.6772
    386.2063	   5674.6782
    386.2135	   4039.5254
    386.2207	   1113.2959
    386.2279	      0.0000
    386.2351	      0.0000
    386.2423	      0.0000
    386.2495	      0.0000
    386.2567	      0.0000
    387.1295	      0.0000
    387.1367	      0.0000
    387.1439	      0.0000
    387.1512	      0.0000
    387.1584	    649.3911
    387.1656	   1256.1367
    387.1728	   1617.8989
    387.1801	   1431.2095
    387.1873	    818.3226
    387.1945	      0.0000
    387.2017	      0.0000
    387.2090	      0.0000
    387.2162	      0.0000
    389.1459	      0.0000
    389.1532	      0.0000
    389.1604	      0.0000
    389.1677	      0.0000
    389.1750	    737.8204
    389.1823	   1417.8783
    389.1896	   1905.6719
    389.1969	   1880.0459
    389.2041	   1371.2377
    389.2114	    717.0016
    389.2189	      0.0000
    389.2262	      0.0000
    389.2335	      0.0000
    389.2407	      0.0000
    400.1128	      0.0000
    400.1204	      0.0000
    400.1280	      0.0000
    400.1356	      0.0000
    400.1432	    398.5210
    400.1508	    836.6649
    400.1584	   1097.5587
    400.1660	   1010.4532
    400.1735	    660.4613
    400.1811	      0.0000
    400.1887	      0.0000
    400.1963	      0.0000
    400.2039	      0.0000
    406.1704	      0.0000
    406.1782	      0.0000
    406.1860	      0.0000
    406.1937	      0.0000
    406.2015	    489.4296
    406.2092	   1297.0577
    406.2170	   2062.8213
    406.2248	   2252.6179
    406.2325	   1736.4204
    406.2403	    918.8240
    406.2481	    326.6181
    406.2558	      0.0000
    406.2636	      0.0000
    406.2714	      0.0000
    406.2791	      0.0000
    413.1940	      0.0000
    413.2019	      0.0000
    413.2099	      0.0000
    413.2179	      0.0000
    413.2258	    462.6156
    413.2338	    891.2890
    413.2418	   1085.1456
    413.2497	    908.6406
    413.2577	    507.7119
    413.2659	      0.0000
    413.2738	      0.0000
    413.2818	      0.0000
    413.2898	      0.0000
    439.1926	      0.0000
    439.2014	      0.0000
    439.2101	      0.0000
    439.2188	      0.0000
    439.2276	    485.4482
    439.2363	    857.8865
    439.2450	   1143.2504
    439.2538	   1171.0126
    439.2625	    909.8110
    439.2712	    508.0116
    439.2799	      0.0000
    439.2887	      0.0000
    439.2974	      0.0000
    439.3061	      0.0000
    452.1673	      0.0000
    452.1764	      0.0000
    452.1855	      0.0000
    452.1946	      0.0000
    452.2038	    822.7039
    452.2129	   1242.0447
    452.2220	   1357.0524
    452.2311	   1097.5115
    452.2402	    634.8234
    452.2494	      0.0000
    452.2585	      0.0000
    452.2676	      0.0000
    452.2767	      0.0000
    454.2079	      0.0000
    454.2171	      0.0000
    454.2263	      0.0000
    454.2355	      0.0000
    454.2447	    731.1999
    454.2539	   1556.9259
    454.2630	   3372.0662
    454.2722	   3673.8455
    454.2814	   1864.2552
    454.2906	   1021.0002
    454.2998	    375.8511
    454.3090	      0.0000
    454.3181	      0.0000
    454.3273	      0.0000
    454.3365	      0.0000
    456.2255	      0.0000
    456.2347	      0.0000
    456.2440	      0.0000
    456.2532	      0.0000
    456.2625	    608.5831
    456.2717	   1009.1816
    456.2810	   1122.0128
    456.2902	    840.7059
    456.2994	    376.5555
    456.3089	      0.0000
    456.3182	      0.0000
    456.3274	      0.0000
    456.3367	      0.0000
    471.2368	      0.0000
    471.2465	      0.0000
    471.2562	      0.0000
    471.2659	      0.0000
    471.2756	    524.5078
    471.2853	   1008.6471
    471.2950	   1209.8698
    471.3047	    981.6254
    471.3144	    523.4056
    471.3241	      0.0000
    471.3338	      0.0000
    471.3435	      0.0000
    471.3532	      0.0000
    472.1307	      0.0000
    472.1405	      0.0000
    472.1502	      0.0000
    472.1599	      0.0000
    472.1697	    635.7437
    472.1794	   1343.4307
    472.1891	   1905.3333
    472.1988	   1911.5033
    472.2086	   1367.7828
    472.2183	    666.1868
    472.2281	      0.0000
    472.2378	      0.0000
    472.2475	      0.0000
    472.2573	      0.0000
    481.2120	      0.0000
    481.2220	      0.0000
    481.2320	      0.0000
    481.2420	      0.0000
    481.2520	    515.9284
    481.2620	   1043.2534
    481.2721	   1318.6481
    481.2821	   1135.2567
    481.2921	    641.7844
    481.3021	      0.0000
    481.3121	      0.0000
    481.3221	      0.0000
    481.3321	      0.0000
    499.2143	      0.0000
    499.2249	      0.0000
    499.2355	      0.0000
    499.2461	      0.0000
    499.2566	    466.4909
    499.2672	   2216.1672
    499.2778	   4048.1492
    499.2884	   5270.0283
    499.2990	   3933.0425
    499.3096	   2154.1467
    499.3201	    682.2272
    499.3307	      0.0000
    499.3413	      0.0000
    499.3519	      0.0000
    499.3625	      0.0000
    500.2316	      0.0000
    500.2422	      0.0000
    500.2528	      0.0000
    500.2634	      0.0000
    500.2740	    661.7433
    500.2846	   1014.6970
    500.2952	   1115.6244
    500.3058	    911.0630
    500.3165	    552.0983
    500.3287	      0.0000
    500.3394	      0.0000
    500.3500	      0.0000
    500.3606	      0.0000
    501.1578	      0.0000
    501.1684	      0.0000
    501.1790	      0.0000
    501.1897	      0.0000
    501.2003	    181.8135
    501.2110	   1022.5553
    501.2216	   3437.1455
    501.2323	   6600.9243
    501.2429	   9793.9814
    501.2536	   9132.2383
    501.2642	   5647.8823
    501.2748	   2461.2004
    501.2855	    477.6571
    501.2945	      0.0000
    501.3051	      0.0000
    501.3158	      0.0000
    501.3264	      0.0000
    502.1793	      0.0000
    502.1899	      0.0000
    502.2006	      0.0000
    502.2113	      0.0000
    502.2220	    665.4924
    502.2327	   1575.0217
    502.2433	   3430.0901
    502.2540	   3899.9382
    502.2647	   2671.7988
    502.2754	   1073.6088
    502.2860	    368.9223
    502.2967	      0.0000
    502.3074	      0.0000
    502.3181	      0.0000
    502.3287	      0.0000
    504.1491	      0.0000
    504.1599	      0.0000
    504.1706	      0.0000
    504.1813	      0.0000
    504.1921	    564.2264
    504.2028	   1469.0020
    504.2136	   3334.1526
    504.2243	   4042.7236
    504.2350	   2864.2275
    504.2458	   1452.1056
    504.2565	    596.3995
    504.2675	      0.0000
    504.2783	      0.0000
    504.2890	      0.0000
    504.2997	      0.0000
    514.1415	      0.0000
    514.1526	      0.0000
    514.1637	      0.0000
    514.1747	      0.0000
    514.1858	    801.5210
    514.1968	   1353.5258
    514.2079	   1602.3525
    514.2190	   1382.9058
    514.2300	    859.7589
    514.2411	    370.7113
    514.2521	      0.0000
    514.2632	      0.0000
    514.2743	      0.0000
    514.2853	      0.0000
    521.1795	      0.0000
    521.1908	      0.0000
    521.2021	      0.0000
    521.2134	      0.0000
    521.2247	    646.7068
    521.2360	   1222.6035
    521.2473	   1508.3678
    521.2585	   1283.2596
    521.2698	    720.4456
    521.2811	      0.0000
    521.2924	      0.0000
    521.3037	      0.0000
    521.3150	      0.0000
    532.1387	      0.0000
    532.1503	      0.0000
    532.1620	      0.0000
    532.1736	      0.0000
    532.1853	    576.5272
    532.1969	   1397.9839
    532.2085	   2154.0232
    532.2202	   2288.0378
    532.2318	   1700.4227
    532.2435	    846.5057
    532.2551	    273.9943
    532.2668	      0.0000
    532.2784	      0.0000
    532.2901	      0.0000
    532.3017	      0.0000
    549.1638	      0.0000
    549.1760	      0.0000
    549.1882	      0.0000
    549.2004	      0.0000
    549.2126	    625.8310
    549.2248	   1095.8870
    549.2370	   1338.0846
    549.2493	   1185.9663
    549.2615	    741.1923
    549.2737	      0.0000
    549.2859	      0.0000
    549.2981	      0.0000
    549.3104	      0.0000
    581.1480	      0.0000
    581.1613	      0.0000
    581.1746	      0.0000
    581.1879	      0.0000
    581.2012	    344.5534
    581.2144	    937.0361
    581.2277	   1534.8284
    581.2410	   1739.2572
    581.2543	   1407.4247
    581.2676	    783.7213
    581.2809	      0.0000
    581.2942	      0.0000
    581.3075	      0.0000
    581.3208	      0.0000
    598.1635	      0.0000
    598.1774	      0.0000
    598.1913	      0.0000
    598.2052	      0.0000
    598.2191	    291.2304
    598.2329	    876.0767
    598.2468	   1597.2122
    598.2607	   2017.2784
    598.2746	   1845.4552
    598.2885	   1218.7657
    598.3023	    557.1765
    598.3163	      0.0000
    598.3301	      0.0000
    598.3440	      0.0000
    598.3579	      0.0000
    612.2854	      0.0000
    612.2998	      0.0000
    612.3142	      0.0000
    612.3285	      0.0000
    612.3429	    513.2781
    612.3573	   1122.6173
    612.3717	   1499.8848
    612.3860	   1361.8318
    612.4004	    833.3072
    612.4148	    324.7355
    612.4292	      0.0000
    612.4435	      0.0000
    612.4579	      0.0000
    612.4723	      0.0000
    615.1842	      0.0000
    615.1987	      0.0000
    615.2132	      0.0000
    615.2276	      0.0000
    615.2421	    391.8542
    615.2566	   1218.6191
    615.2711	   3028.5029
    615.2855	   4050.1775
    615.3000	   3074.8772
    615.3145	   1614.7662
    615.3290	    541.3088
    615.3435	      0.0000
    615.3579	      0.0000
    615.3724	      0.0000
    615.3869	      0.0000
    626.1547	      0.0000
    626.1695	      0.0000
    626.1844	      0.0000
    626.1993	      0.0000
    626.2141	    296.4641
    626.2290	    899.6801
    626.2439	   1643.6713
    626.2587	   1966.5612
    626.2736	   1576.5269
    626.2885	    781.0551
    626.3033	      0.0000
    626.3182	      0.0000
    626.3331	      0.0000
    626.3479	      0.0000
    772.7191	      0.0000
    772.7395	      0.0000
    772.7598	      0.0000
    772.7802	      0.0000
