# ljz_20131022_MR_Chym1_ELUTE.mzML
#
# index: 6743
# id: controllerType=0 controllerNumber=1 scan=14193
# scanNumber: 14193
# massAnalyzerType: quadrupole
# scanEvent: 2
# msLevel: 2
# retentionTime: 3381.98
# filterString: FTMS + p NSI d Full ms2 538.33@hcd28.00 [100.00-1120.00]
# mzLow: 99.0036
# mzHigh: 1131.43
# basePeakMZ: 299.063
# basePeakIntensity: 72416.3
# totalIonCurrent: 480607
# precursorCount: 1
# precursor 0: 538.33 284940
# binary (1029): 
     99.0036	      0.0000
     99.0045	      0.0000
     99.0055	      0.0000
     99.0064	      0.0000
    102.0618	      0.0000
    102.0628	      0.0000
    102.0638	      0.0000
    102.0648	      0.0000
    102.0658	    405.2711
    102.0667	    962.8411
    102.0677	   1419.2158
    102.0687	   1454.6063
    102.0697	   1043.4065
    102.0706	    486.5507
    102.0716	      0.0000
    102.0725	      0.0000
    102.0735	      0.0000
    102.0745	      0.0000
    107.9608	      0.0000
    107.9618	      0.0000
    107.9629	      0.0000
    107.9640	      0.0000
    107.9650	    693.3213
    107.9661	   1103.0187
    107.9672	   1275.7809
    107.9682	   1106.5627
    107.9693	    708.6949
    107.9703	      0.0000
    107.9713	      0.0000
    107.9724	      0.0000
    107.9735	      0.0000
    115.0284	      0.0000
    115.0295	      0.0000
    115.0307	      0.0000
    115.0319	      0.0000
    115.0331	    218.9501
    115.0342	    807.8218
    115.0354	   1741.0908
    115.0366	   2523.2747
    115.0377	   3713.7500
    115.0389	   1902.7421
    115.0401	    959.1502
    115.0413	    325.3757
    115.0424	      0.0000
    115.0436	      0.0000
    115.0447	      0.0000
    115.0459	      0.0000
    118.4778	      0.0000
    118.4790	      0.0000
    118.4802	      0.0000
    118.4814	      0.0000
    118.4827	    467.1304
    118.4839	    815.8019
    118.4851	    963.8295
    118.4863	    796.1915
    118.4876	    431.6010
    118.4888	      0.0000
    118.4900	      0.0000
    118.4912	      0.0000
    118.4924	      0.0000
    120.0729	      0.0000
    120.0742	      0.0000
    120.0754	      0.0000
    120.0766	      0.0000
    120.0779	    636.3191
    120.0791	   1250.8527
    120.0804	   1719.3855
    120.0816	   1686.3883
    120.0829	   1134.2427
    120.0841	    452.4932
    120.0853	      0.0000
    120.0866	      0.0000
    120.0878	      0.0000
    120.0891	      0.0000
    124.0714	      0.0000
    124.0727	      0.0000
    124.0740	      0.0000
    124.0753	      0.0000
    124.0766	    281.3047
    124.0779	    807.8061
    124.0793	   1761.0425
    124.0806	   3559.1484
    124.0819	   3747.3411
    124.0832	   2000.4019
    124.0845	   1016.9380
    124.0858	    375.8064
    124.0871	      0.0000
    124.0884	      0.0000
    124.0897	      0.0000
    124.0910	      0.0000
    129.0927	      0.0000
    129.0941	      0.0000
    129.0955	      0.0000
    129.0969	      0.0000
    129.0983	    347.0691
    129.0997	    936.3109
    129.1010	   1756.8914
    129.1024	   2255.5059
    129.1038	   2008.8776
    129.1052	   1180.1907
    129.1066	    354.4678
    129.1080	      0.0000
    129.1094	      0.0000
    129.1108	      0.0000
    129.1122	      0.0000
    129.5097	      0.0000
    129.5111	      0.0000
    129.5125	      0.0000
    129.5139	      0.0000
    129.5153	    474.9555
    129.5167	   1070.6007
    129.5181	   1440.8729
    129.5195	   1280.2996
    129.5209	    722.0268
    129.5223	      0.0000
    129.5237	      0.0000
    129.5251	      0.0000
    129.5265	      0.0000
    131.0613	      0.0000
    131.0627	      0.0000
    131.0641	      0.0000
    131.0656	      0.0000
    131.0670	    491.8652
    131.0684	   1250.7148
    131.0698	   2043.7184
    131.0713	   2277.0427
    131.0727	   1749.5328
    131.0741	    861.5837
    131.0755	    213.8089
    131.0769	      0.0000
    131.0784	      0.0000
    131.0798	      0.0000
    131.0812	      0.0000
    133.0695	      0.0000
    133.0709	      0.0000
    133.0724	      0.0000
    133.0738	      0.0000
    133.0753	    755.4177
    133.0767	   1957.3749
    133.0782	    981.6191
    133.0796	    818.5015
    133.0811	   2015.1666
    133.0826	   7347.4131
    133.0841	  16594.0293
    133.0855	  26591.7285
    133.0870	  28688.0078
    133.0884	  19153.8574
    133.0899	   9625.9854
    133.0913	   2405.2322
    133.0928	    377.6714
    133.0942	      0.0000
    133.0956	      0.0000
    133.0971	      0.0000
    133.0986	      0.0000
    134.9842	      0.0000
    134.9857	      0.0000
    134.9872	      0.0000
    134.9886	      0.0000
    134.9901	    484.5291
    134.9916	   1168.4368
    134.9931	   1714.7166
    134.9946	   1723.1444
    134.9961	   1201.4473
    134.9976	    550.5248
    134.9990	      0.0000
    135.0005	      0.0000
    135.0020	      0.0000
    135.0035	      0.0000
    140.3232	      0.0000
    140.3248	      0.0000
    140.3264	      0.0000
    140.3279	      0.0000
    140.3295	    453.0282
    140.3311	    835.2339
    140.3327	   1009.3201
    140.3342	    846.5772
    140.3358	    463.8777
    140.3374	      0.0000
    140.3390	      0.0000
    140.3406	      0.0000
    140.3422	      0.0000
    143.1091	      0.0000
    143.1107	      0.0000
    143.1124	      0.0000
    143.1140	      0.0000
    143.1156	    612.2091
    143.1172	   1229.6722
    143.1189	   1495.2279
    143.1205	   1191.3530
    143.1221	    585.0414
    143.1237	      0.0000
    143.1253	      0.0000
    143.1270	      0.0000
    143.1286	      0.0000
    146.0842	      0.0000
    146.0859	      0.0000
    146.0876	      0.0000
    146.0892	      0.0000
    146.0909	    536.5801
    146.0926	    912.5784
    146.0943	   1105.8317
    146.0959	    995.5583
    146.0976	    640.3535
    146.0994	      0.0000
    146.1010	      0.0000
    146.1027	      0.0000
    146.1044	      0.0000
    149.0305	      0.0000
    149.0323	      0.0000
    149.0340	      0.0000
    149.0357	      0.0000
    149.0374	    164.5599
    149.0392	   1037.9744
    149.0409	   4407.8701
    149.0426	   9851.2266
    149.0443	  15748.4619
    149.0461	  16354.7539
    149.0478	  10626.6279
    149.0495	   5129.1987
    149.0513	   1238.5574
    149.0530	    294.5573
    149.0547	      0.0000
    149.0564	      0.0000
    149.0581	      0.0000
    149.0599	      0.0000
    150.0330	      0.0000
    150.0348	      0.0000
    150.0365	      0.0000
    150.0382	      0.0000
    150.0400	    371.9747
    150.0417	    920.1261
    150.0435	   1445.1793
    150.0452	   1603.5398
    150.0470	   1262.8817
    150.0487	    651.1827
    150.0504	      0.0000
    150.0522	      0.0000
    150.0539	      0.0000
    150.0557	      0.0000
    151.0298	      0.0000
    151.0316	      0.0000
    151.0333	      0.0000
    151.0351	      0.0000
    151.0369	    551.5135
    151.0386	   1326.7780
    151.0404	   2848.1440
    151.0421	   4041.2803
    151.0439	   2420.5645
    151.0457	   1577.6147
    151.0474	    721.7590
    151.0491	      0.0000
    151.0509	      0.0000
    151.0527	      0.0000
    151.0544	      0.0000
    155.0887	      0.0000
    155.0905	      0.0000
    155.0923	      0.0000
    155.0942	      0.0000
    155.0960	    544.5926
    155.0978	   1023.0749
    155.0997	   1239.8151
    155.1015	   1037.5737
    155.1033	    579.7560
    155.1052	      0.0000
    155.1071	      0.0000
    155.1089	      0.0000
    155.1107	      0.0000
    156.3050	      0.0000
    156.3068	      0.0000
    156.3087	      0.0000
    156.3105	      0.0000
    156.3124	    438.0166
    156.3143	    805.4816
    156.3161	    999.2970
    156.3180	    900.2407
    156.3198	    579.2066
    156.3218	      0.0000
    156.3236	      0.0000
    156.3255	      0.0000
    156.3273	      0.0000
    167.0376	      0.0000
    167.0397	      0.0000
    167.0417	      0.0000
    167.0437	      0.0000
    167.0458	    143.9078
    167.0478	   1182.4087
    167.0499	   4813.3213
    167.0519	  13667.3955
    167.0540	  23234.5938
    167.0560	  29099.6270
    167.0581	  21913.9238
    167.0601	  12510.5166
    167.0622	   3842.8220
    167.0642	    878.2483
    167.0663	    300.1555
    167.0682	      0.0000
    167.0703	      0.0000
    167.0723	      0.0000
    167.0744	      0.0000
    168.0413	      0.0000
    168.0434	      0.0000
    168.0454	      0.0000
    168.0475	      0.0000
    168.0496	    732.0977
    168.0516	   2415.3179
    168.0537	   4297.4585
    168.0558	   5811.8350
    168.0578	   4716.5542
    168.0599	   2739.7942
    168.0620	    826.3916
    168.0640	    459.3248
    168.0661	      0.0000
    168.0682	      0.0000
    168.0702	      0.0000
    168.0723	      0.0000
    169.0375	      0.0000
    169.0396	      0.0000
    169.0417	      0.0000
    169.0438	      0.0000
    169.0458	    555.0800
    169.0479	   1369.8673
    169.0500	   3118.1453
    169.0521	   4927.6577
    169.0542	   4919.6606
    169.0563	   3286.9722
    169.0584	    974.7621
    169.0604	    238.3170
    169.0626	      0.0000
    169.0646	      0.0000
    169.0667	      0.0000
    169.0688	      0.0000
    177.0967	      0.0000
    177.0989	      0.0000
    177.1012	      0.0000
    177.1034	      0.0000
    177.1057	    618.3550
    177.1079	   1564.3359
    177.1101	   3550.2876
    177.1124	   4703.4536
    177.1146	   3650.6824
    177.1168	   2101.5298
    177.1191	    690.3676
    177.1213	      0.0000
    177.1236	      0.0000
    177.1258	      0.0000
    177.1280	      0.0000
    201.1078	      0.0000
    201.1105	      0.0000
    201.1132	      0.0000
    201.1159	      0.0000
    201.1187	    667.2627
    201.1214	   1278.4390
    201.1241	   1600.4525
    201.1268	   1392.5986
    201.1295	    820.0206
    201.1323	      0.0000
    201.1350	      0.0000
    201.1377	      0.0000
    201.1404	      0.0000
    221.0619	      0.0000
    221.0650	      0.0000
    221.0681	      0.0000
    221.0712	      0.0000
    221.0744	    651.3826
    221.0775	   2004.7148
    221.0806	   3968.8613
    221.0837	   5789.1611
    221.0868	   5105.9653
    221.0899	   3027.9529
    221.0931	   1037.6460
    221.0962	    510.7177
    221.0993	      0.0000
    221.1024	      0.0000
    221.1055	      0.0000
    221.1086	      0.0000
    222.0629	      0.0000
    222.0660	      0.0000
    222.0692	      0.0000
    222.0723	      0.0000
    222.0755	    328.1901
    222.0786	    936.9771
    222.0817	   1667.6666
    222.0849	   2045.0244
    222.0880	   1763.8529
    222.0912	   1013.5855
    222.0943	    315.4470
    222.0974	      0.0000
    222.1006	      0.0000
    222.1037	      0.0000
    222.1069	      0.0000
    223.0423	      0.0000
    223.0455	      0.0000
    223.0486	      0.0000
    223.0518	      0.0000
    223.0550	    513.5660
    223.0581	   1434.6940
    223.0613	   2432.7952
    223.0644	   3641.4275
    223.0676	   2330.7759
    223.0708	   1030.4896
    223.0739	    557.3121
    223.0771	   1694.1698
    223.0802	   3037.6926
    223.0834	   3723.4163
    223.0866	   2077.5032
    223.0897	   1030.3981
    223.0929	    334.8018
    223.0960	      0.0000
    223.0992	      0.0000
    223.1024	      0.0000
    223.1055	      0.0000
    224.0441	      0.0000
    224.0473	      0.0000
    224.0505	      0.0000
    224.0537	      0.0000
    224.0568	    387.6963
    224.0600	    878.2507
    224.0632	   1163.1504
    224.0664	   1003.4148
    224.0696	    514.6253
    224.0727	      0.0000
    224.0759	      0.0000
    224.0791	      0.0000
    224.0823	      0.0000
    225.0207	      0.0000
    225.0239	      0.0000
    225.0271	      0.0000
    225.0303	      0.0000
    225.0335	    462.0501
    225.0367	   2674.8704
    225.0399	   5111.4263
    225.0431	   7179.8931
    225.0463	   5849.8228
    225.0495	   3385.3542
    225.0527	   1137.5358
    225.0559	    474.8488
    225.0591	      0.0000
    225.0623	      0.0000
    225.0655	      0.0000
    225.0687	      0.0000
    226.0229	      0.0000
    226.0262	      0.0000
    226.0294	      0.0000
    226.0326	      0.0000
    226.0358	    798.8832
    226.0391	   2284.3237
    226.0423	   3986.0708
    226.0455	   5193.3472
    226.0487	   4120.6294
    226.0520	   2404.6541
    226.0552	    825.0906
    226.0582	      0.0000
    226.0614	      0.0000
    226.0647	      0.0000
    226.0679	      0.0000
    227.0155	      0.0000
    227.0188	      0.0000
    227.0220	      0.0000
    227.0253	      0.0000
    227.0285	    509.4428
    227.0318	   1792.7825
    227.0350	   4513.0425
    227.0383	   7511.4941
    227.0415	   8795.5586
    227.0447	   6295.2642
    227.0480	   3483.6436
    227.0512	   1098.0112
    227.0545	    507.2910
    227.0579	      0.0000
    227.0611	      0.0000
    227.0644	      0.0000
    227.0676	      0.0000
    228.0183	      0.0000
    228.0216	      0.0000
    228.0248	      0.0000
    228.0281	      0.0000
    228.0314	    620.9359
    228.0346	   1180.8828
    228.0379	   1578.2437
    228.0412	   1553.6962
    228.0444	   1112.8848
    228.0477	    537.8806
    228.0511	      0.0000
    228.0543	      0.0000
    228.0576	      0.0000
    228.0609	      0.0000
    229.0178	      0.0000
    229.0211	      0.0000
    229.0244	      0.0000
    229.0277	      0.0000
    229.0310	    388.0350
    229.0342	    960.6969
    229.0375	   1511.7311
    229.0408	   1720.8022
    229.0441	   1470.3304
    229.0474	    934.6271
    229.0507	    414.6785
    229.0540	      0.0000
    229.0573	      0.0000
    229.0606	      0.0000
    229.0638	      0.0000
    229.1000	      0.0000
    229.1033	      0.0000
    229.1066	      0.0000
    229.1099	      0.0000
    229.1132	    546.8038
    229.1165	    968.6606
    229.1198	   1102.4288
    229.1230	    842.1025
    229.1263	    389.2277
    229.1296	      0.0000
    229.1329	      0.0000
    229.1362	      0.0000
    229.1394	      0.0000
    239.0678	      0.0000
    239.0713	      0.0000
    239.0748	      0.0000
    239.0783	      0.0000
    239.0818	    462.2005
    239.0853	   2525.5938
    239.0888	   6568.3828
    239.0923	  10997.2979
    239.0958	  13093.6768
    239.0993	   9524.4912
    239.1028	   5343.6362
    239.1063	   1595.4635
    239.1098	    204.1907
    239.1143	      0.0000
    239.1178	      0.0000
    239.1213	      0.0000
    239.1248	      0.0000
    240.0676	      0.0000
    240.0711	      0.0000
    240.0747	      0.0000
    240.0782	      0.0000
    240.0817	    418.8647
    240.0853	    870.6681
    240.0888	   2969.1140
    240.0923	   5629.9819
    240.0958	   8163.1797
    240.0994	   7349.8086
    240.1029	   4467.1851
    240.1064	   1797.8451
    240.1100	    205.7237
    240.1125	      0.0000
    240.1160	      0.0000
    240.1195	      0.0000
    240.1230	      0.0000
    241.0646	      0.0000
    241.0682	      0.0000
    241.0717	      0.0000
    241.0753	      0.0000
    241.0788	    479.4258
    241.0824	   2208.0481
    241.0859	   6522.8779
    241.0895	  11070.3525
    241.0930	  14484.0957
    241.0966	  11699.2793
    241.1001	   6981.8276
    241.1037	   2616.6426
    241.1072	    572.5184
    241.1108	      0.0000
    241.1144	      0.0000
    241.1179	      0.0000
    241.1215	      0.0000
    242.0654	      0.0000
    242.0690	      0.0000
    242.0725	      0.0000
    242.0761	      0.0000
    242.0797	    415.0353
    242.0833	   1148.8804
    242.0868	   3142.8313
    242.0904	   4914.2544
    242.0940	   5429.1865
    242.0976	   3872.8577
    242.1011	   2139.4355
    242.1047	    716.7383
    242.1084	      0.0000
    242.1120	      0.0000
    242.1155	      0.0000
    242.1191	      0.0000
    243.0689	      0.0000
    243.0725	      0.0000
    243.0761	      0.0000
    243.0797	      0.0000
    243.0833	    711.2813
    243.0869	   1157.9562
    243.0905	   1327.5277
    243.0941	   1095.1328
    243.0976	    609.3859
    243.1012	      0.0000
    243.1048	      0.0000
    243.1084	      0.0000
    243.1120	      0.0000
    244.1436	      0.0000
    244.1472	      0.0000
    244.1509	      0.0000
    244.1545	      0.0000
    244.1581	    617.9891
    244.1617	   1140.5195
    244.1653	   1400.8175
    244.1690	   1216.1495
    244.1726	    721.8127
    244.1762	      0.0000
    244.1799	      0.0000
    244.1835	      0.0000
    244.1871	      0.0000
    262.0942	      0.0000
    262.0982	      0.0000
    262.1022	      0.0000
    262.1062	      0.0000
    262.1103	    641.2322
    262.1143	   1176.3583
    262.1183	   1401.6761
    262.1223	   1122.7455
    262.1264	    552.9755
    262.1304	      0.0000
    262.1344	      0.0000
    262.1384	      0.0000
    262.1424	      0.0000
    270.1012	      0.0000
    270.1054	      0.0000
    270.1097	      0.0000
    270.1139	      0.0000
    270.1181	    535.7224
    270.1223	   1099.2122
    270.1265	   1450.9027
    270.1307	   1329.0372
    270.1349	    829.2675
    270.1386	      0.0000
    270.1428	      0.0000
    270.1470	      0.0000
    270.1512	      0.0000
    281.0191	      0.0000
    281.0235	      0.0000
    281.0280	      0.0000
    281.0325	      0.0000
    281.0369	    599.3732
    281.0414	   3032.6335
    281.0459	   6465.4717
    281.0503	   9807.8799
    281.0548	   9102.5342
    281.0593	   5644.3223
    281.0637	   2378.3188
    281.0682	    675.7216
    281.0733	      0.0000
    281.0778	      0.0000
    281.0823	      0.0000
    281.0867	      0.0000
    282.0233	      0.0000
    282.0278	      0.0000
    282.0323	      0.0000
    282.0368	      0.0000
    282.0413	    687.6131
    282.0458	   1589.6895
    282.0503	   2431.6023
    282.0548	   3837.8103
    282.0593	   2005.4119
    282.0638	   1065.4523
    282.0682	    362.6088
    282.0727	      0.0000
    282.0772	      0.0000
    282.0817	      0.0000
    282.0862	      0.0000
    283.0233	      0.0000
    283.0278	      0.0000
    283.0323	      0.0000
    283.0368	      0.0000
    283.0414	    511.6187
    283.0459	   1110.4528
    283.0504	   1499.0225
    283.0549	   1392.5232
    283.0594	    891.7932
    283.0645	      0.0000
    283.0690	      0.0000
    283.0735	      0.0000
    283.0780	      0.0000
    299.0179	      0.0000
    299.0228	      0.0000
    299.0277	      0.0000
    299.0326	      0.0000
    299.0375	    838.2039
    299.0424	   2531.6575
    299.0473	   9267.1895
    299.0522	  29147.4375
    299.0571	  52258.9766
    299.0620	  72134.9141
    299.0669	  60659.3906
    299.0718	  36417.4219
    299.0767	  13911.7529
    299.0816	   3270.3408
    299.0865	    742.9783
    299.0909	      0.0000
    299.0959	      0.0000
    299.1008	      0.0000
    299.1057	      0.0000
    300.0204	      0.0000
    300.0253	      0.0000
    300.0303	      0.0000
    300.0352	      0.0000
    300.0401	    729.6157
    300.0451	   2689.9160
    300.0500	   9862.7422
    300.0549	  22698.8926
    300.0598	  36582.5117
    300.0648	  40369.6445
    300.0697	  27745.0000
    300.0746	  14627.8008
    300.0796	   4212.0415
    300.0845	    907.6747
    300.0894	    324.8971
    300.0946	      0.0000
    300.0995	      0.0000
    300.1044	      0.0000
    300.1093	      0.0000
    301.0188	      0.0000
    301.0237	      0.0000
    301.0287	      0.0000
    301.0337	      0.0000
    301.0386	    321.2789
    301.0436	   2717.4470
    301.0485	   9830.5264
    301.0535	  19452.3555
    301.0584	  29417.3555
    301.0634	  28467.0371
    301.0683	  18280.7227
    301.0733	   8780.6563
    301.0783	   2434.5981
    301.0832	    537.9142
    301.0880	      0.0000
    301.0930	      0.0000
    301.0980	      0.0000
    301.1029	      0.0000
    302.0268	      0.0000
    302.0318	      0.0000
    302.0368	      0.0000
    302.0418	      0.0000
    302.0468	    460.4387
    302.0517	   1248.0172
    302.0567	   2201.4656
    302.0617	   4335.4004
    302.0667	   3876.5786
    302.0717	   1786.4825
    302.0766	    944.3281
    302.0816	    387.2516
    302.0866	      0.0000
    302.0916	      0.0000
    302.0965	      0.0000
    302.1015	      0.0000
    303.0251	      0.0000
    303.0301	      0.0000
    303.0351	      0.0000
    303.0401	      0.0000
    303.0451	    409.8931
    303.0501	   1055.3445
    303.0551	   1613.0776
    303.0601	   1708.6642
    303.0651	   1291.3522
    303.0701	    666.2124
    303.0753	      0.0000
    303.0803	      0.0000
    303.0853	      0.0000
    303.0903	      0.0000
    340.9853	      0.0000
    340.9913	      0.0000
    340.9973	      0.0000
    341.0032	      0.0000
    341.0092	    719.0571
    341.0152	   1203.2869
    341.0212	   1323.8523
    341.0271	    972.5151
    341.0331	    429.2753
    341.0390	      0.0000
    341.0450	      0.0000
    341.0509	      0.0000
    341.0569	      0.0000
    344.9311	      0.0000
    344.9372	      0.0000
    344.9433	      0.0000
    344.9494	      0.0000
    344.9555	    242.8907
    344.9615	   2062.6274
    344.9676	   5100.8901
    344.9737	   8430.0449
    344.9798	   9116.8447
    344.9858	   6040.7354
    344.9919	   2988.5632
    344.9980	    682.7591
    345.0045	      0.0000
    345.0105	      0.0000
    345.0166	      0.0000
    345.0227	      0.0000
    345.9302	      0.0000
    345.9363	      0.0000
    345.9424	      0.0000
    345.9485	      0.0000
    345.9546	    250.0279
    345.9607	   1501.1189
    345.9669	   4009.0779
    345.9730	   6736.6079
    345.9791	   8072.7720
    345.9852	   5906.8203
    345.9913	   3302.0032
    345.9974	    916.4877
    346.0035	      0.0000
    346.0093	      0.0000
    346.0154	      0.0000
    346.0215	      0.0000
    346.0276	      0.0000
    346.9330	      0.0000
    346.9391	      0.0000
    346.9453	      0.0000
    346.9514	      0.0000
    346.9575	    850.2913
    346.9636	   2346.2891
    346.9698	   4090.1875
    346.9759	   4875.9731
    346.9820	   3402.0737
    346.9882	   1761.1475
    346.9943	    613.9734
    347.0004	      0.0000
    347.0065	      0.0000
    347.0127	      0.0000
    347.0188	      0.0000
    356.0327	      0.0000
    356.0390	      0.0000
    356.0454	      0.0000
    356.0518	      0.0000
    356.0582	    521.5093
    356.0645	    922.1470
    356.0709	   1091.4718
    356.0773	    887.8305
    356.0837	    463.0699
    356.0894	      0.0000
    356.0958	      0.0000
    356.1022	      0.0000
    356.1086	      0.0000
    358.9815	      0.0000
    358.9879	      0.0000
    358.9944	      0.0000
    359.0008	      0.0000
    359.0073	    447.6132
    359.0138	   2631.8774
    359.0202	   5523.3916
    359.0267	   8369.0088
    359.0331	   7555.8315
    359.0396	   4600.2383
    359.0460	   1888.1523
    359.0525	    544.6896
    359.0595	      0.0000
    359.0660	      0.0000
    359.0724	      0.0000
    359.0789	      0.0000
    359.9842	      0.0000
    359.9906	      0.0000
    359.9971	      0.0000
    360.0036	      0.0000
    360.0101	    859.5097
    360.0166	   2903.5269
    360.0230	   5101.8066
    360.0295	   6428.6704
    360.0360	   4748.3716
    360.0425	   2610.0095
    360.0490	    689.5138
    360.0554	      0.0000
    360.0619	      0.0000
    360.0684	      0.0000
    360.0749	      0.0000
    360.9774	      0.0000
    360.9839	      0.0000
    360.9904	      0.0000
    360.9969	      0.0000
    361.0035	    406.9907
    361.0100	   1019.3006
    361.0165	   2256.0508
    361.0230	   3934.8967
    361.0295	   4333.0044
    361.0360	   2904.6768
    361.0425	   1106.5449
    361.0490	    352.4825
    361.0553	      0.0000
    361.0618	      0.0000
    361.0683	      0.0000
    361.0748	      0.0000
    414.9758	      0.0000
    414.9838	      0.0000
    414.9918	      0.0000
    414.9998	      0.0000
    415.0079	    584.7343
    415.0159	   2457.3359
    415.0239	   6023.1919
    415.0319	   9793.4971
    415.0399	  11127.7617
    415.0480	   7805.6353
    415.0560	   4160.3696
    415.0640	   1127.8939
    415.0720	      0.0000
    415.0816	      0.0000
    415.0897	      0.0000
    415.0977	      0.0000
    415.1057	      0.0000
    415.9735	      0.0000
    415.9815	      0.0000
    415.9896	      0.0000
    415.9976	      0.0000
    416.0056	    450.1710
    416.0137	   1917.5723
    416.0217	   5632.2510
    416.0298	   9828.3594
    416.0378	  13185.3174
    416.0459	  10869.9951
    416.0539	   6449.4697
    416.0620	   2364.0049
    416.0700	    354.0248
    416.0775	      0.0000
    416.0856	      0.0000
    416.0936	      0.0000
    416.1017	      0.0000
    416.9725	      0.0000
    416.9806	      0.0000
    416.9887	      0.0000
    416.9968	      0.0000
    417.0048	    509.6696
    417.0129	   2397.3665
    417.0210	   5952.2246
    417.0291	   9845.6592
    417.0372	  11532.8145
    417.0452	   8288.4531
    417.0533	   4546.4351
    417.0614	   1305.1409
    417.0695	    203.9569
    417.0778	      0.0000
    417.0858	      0.0000
    417.0939	      0.0000
    417.1020	      0.0000
    538.1507	      0.0000
    538.1626	      0.0000
    538.1744	      0.0000
    538.1863	      0.0000
    538.1981	    585.4271
    538.2100	   1009.2421
    538.2218	   1250.9720
    538.2336	   1204.0562
    538.2455	    919.1608
    538.2573	      0.0000
    538.2692	    394.0054
    538.2810	   1119.8263
    538.2929	   2651.3416
    538.3047	   4589.6382
    538.3166	   6444.2974
    538.3284	   5807.1338
    538.3403	   3515.9624
    538.3521	   1397.9919
    538.3640	      0.0000
    538.3758	      0.0000
    538.3877	      0.0000
    538.3995	      0.0000
    538.4114	      0.0000
    539.1943	      0.0000
    539.2062	      0.0000
    539.2181	      0.0000
    539.2299	      0.0000
    539.2418	    782.7421
    539.2537	   2835.7495
    539.2656	   4682.1597
    539.2775	   5634.4082
    539.2893	   4079.3574
    539.3012	   2186.0330
    539.3131	    444.1498
    539.3251	      0.0000
    539.3370	      0.0000
    539.3489	      0.0000
    539.3608	      0.0000
    656.9714	      0.0000
    656.9874	      0.0000
    657.0033	      0.0000
    657.0193	      0.0000
    657.0353	    471.1816
    657.0513	    963.3884
    657.0672	   1279.2971
    657.0832	   1193.8373
    657.0992	    767.5901
    657.1153	      0.0000
    657.1312	      0.0000
    657.1472	      0.0000
    657.1632	      0.0000
    739.9764	      0.0000
    739.9955	      0.0000
    740.0146	      0.0000
    740.0337	      0.0000
    740.0528	    769.8634
    740.0719	   1234.5950
    740.0910	   1398.4336
    740.1101	   1142.0077
    740.1292	    633.2310
    740.1483	      0.0000
    740.1674	      0.0000
    740.1865	      0.0000
    740.2056	      0.0000
    768.7211	      0.0000
    768.7413	      0.0000
    768.7615	      0.0000
    768.7818	      0.0000
    768.8020	    634.5873
    768.8222	   1105.0844
    768.8424	   1335.5519
    768.8626	   1173.4220
    768.8829	    728.4407
    768.9035	      0.0000
    768.9237	      0.0000
    768.9440	      0.0000
    768.9642	      0.0000
   1106.2678	      0.0000
   1106.3027	      0.0000
   1106.3376	      0.0000
   1106.3725	      0.0000
   1106.4075	    923.5153
   1106.4424	   1440.1344
   1106.4773	   1546.6635
   1106.5122	   1170.5175
   1106.5471	    584.1528
   1106.5820	      0.0000
   1106.6169	      0.0000
   1106.6518	      0.0000
   1106.6868	      0.0000
   1131.3261	      0.0000
   1131.3622	      0.0000
   1131.3983	      0.0000
   1131.4344	      0.0000
