# ljz_20131022_MR_Chym1_ELUTE.mzML
#
# index: 1085
# id: controllerType=0 controllerNumber=1 scan=6302
# scanNumber: 6302
# massAnalyzerType: quadrupole
# scanEvent: 2
# msLevel: 2
# retentionTime: 1855.09
# filterString: FTMS + p NSI d Full ms2 647.77@hcd28.00 [100.00-2665.00]
# mzLow: 99.0036
# mzHigh: 2692.39
# basePeakMZ: 810.364
# basePeakIntensity: 434311
# totalIonCurrent: 6.77355e+006
# precursorCount: 1
# precursor 0: 647.522 3.38842e+006
# binary (3580): 
     99.0036	      0.0000
     99.0045	      0.0000
     99.0054	      0.0000
     99.0064	      0.0000
    101.0551	      0.0000
    101.0560	      0.0000
    101.0570	      0.0000
    101.0580	      0.0000
    101.0589	   1110.5819
    101.0599	   1807.4824
    101.0609	   2020.6907
    101.0618	   1595.8762
    101.0628	    836.0580
    101.0638	      0.0000
    101.0647	      0.0000
    101.0657	      0.0000
    101.0666	      0.0000
    101.3109	      0.0000
    101.3119	      0.0000
    101.3129	      0.0000
    101.3138	      0.0000
    101.3148	      0.0000
    101.3158	      0.0000
    101.3167	      0.0000
    101.3177	      0.0000
    101.3187	      0.0000
    101.3196	      0.0000
    101.3206	      0.0000
    101.3216	      0.0000
    101.3225	      0.0000
    101.3235	      0.0000
    101.3245	      0.0000
    101.3254	      0.0000
    101.3264	      0.0000
    101.3274	      0.0000
    101.3283	      0.0000
    101.3293	      0.0000
    101.3303	      0.0000
    101.3661	      0.0000
    101.3670	      0.0000
    101.3680	      0.0000
    101.3690	      0.0000
    101.3699	      0.0000
    101.3709	      0.0000
    101.3719	      0.0000
    101.3729	      0.0000
    101.3738	      0.0000
    101.3748	      0.0000
    101.3758	      0.0000
    101.3767	      0.0000
    101.3777	      0.0000
    101.3787	      0.0000
    101.3796	      0.0000
    101.3806	      0.0000
    101.3816	      0.0000
    101.3825	      0.0000
    101.3835	      0.0000
    101.3845	      0.0000
    101.3854	      0.0000
    101.3864	      0.0000
    101.4290	      0.0000
    101.4300	      0.0000
    101.4310	      0.0000
    101.4319	      0.0000
    101.4329	      0.0000
    101.4339	      0.0000
    101.4348	      0.0000
    101.4358	      0.0000
    101.4368	      0.0000
    101.4377	      0.0000
    101.4387	      0.0000
    101.4397	      0.0000
    101.4406	      0.0000
    101.4416	      0.0000
    109.0198	      0.0000
    109.0208	      0.0000
    109.0219	      0.0000
    109.0230	      0.0000
    109.0241	    814.6430
    109.0252	   2195.6873
    109.0262	   7523.5439
    109.0273	  16430.9023
    109.0284	  25995.3359
    109.0295	  27611.0605
    109.0306	  18320.6680
    109.0316	   9113.7461
    109.0327	   2151.5806
    109.0338	     40.3588
    109.0348	      0.0000
    109.0359	      0.0000
    109.0370	      0.0000
    109.0381	      0.0000
    109.4312	      0.0000
    109.4322	      0.0000
    109.4333	      0.0000
    109.4344	      0.0000
    109.4355	      0.0000
    109.4366	      0.0000
    109.4377	      0.0000
    109.4388	      0.0000
    109.4398	      0.0000
    109.4409	      0.0000
    109.4420	      0.0000
    109.4431	      0.0000
    109.4442	      0.0000
    109.4453	      0.0000
    109.4866	      0.0000
    109.4876	      0.0000
    109.4887	      0.0000
    109.4898	      0.0000
    109.4909	      0.0000
    109.4920	      0.0000
    109.4931	      0.0000
    109.4942	      0.0000
    109.4953	      0.0000
    109.4963	      0.0000
    109.4974	      0.0000
    109.4985	      0.0000
    109.4996	      0.0000
    109.5007	      0.0000
    110.0264	      0.0000
    110.0275	      0.0000
    110.0286	      0.0000
    110.0297	      0.0000
    110.0308	   1167.1218
    110.0319	   1745.5284
    110.0330	   1918.6326
    110.0341	   1569.5721
    110.0352	    902.9708
    110.0363	      0.0000
    110.0374	      0.0000
    110.0385	      0.0000
    110.0396	      0.0000
    110.3193	      0.0000
    110.3204	      0.0000
    110.3215	      0.0000
    110.3226	      0.0000
    110.3237	      0.0000
    110.3248	      0.0000
    110.3259	      0.0000
    110.3270	      0.0000
    110.3281	      0.0000
    110.3292	      0.0000
    110.3303	      0.0000
    110.3314	      0.0000
    110.3325	      0.0000
    110.3336	      0.0000
    110.3347	      0.0000
    110.3677	      0.0000
    110.3688	      0.0000
    110.3699	      0.0000
    110.3710	      0.0000
    110.3721	      0.0000
    110.3732	      0.0000
    110.3743	      0.0000
    110.3754	      0.0000
    110.3765	      0.0000
    110.3776	      0.0000
    110.3787	      0.0000
    110.3798	      0.0000
    110.3809	      0.0000
    110.3820	      0.0000
    110.3831	      0.0000
    110.3842	      0.0000
    110.3853	      0.0000
    110.3864	      0.0000
    110.3875	      0.0000
    110.3886	      0.0000
    110.3897	      0.0000
    110.3908	      0.0000
    110.4315	      0.0000
    110.4326	      0.0000
    110.4337	      0.0000
    110.4348	      0.0000
    110.4359	      0.0000
    110.4370	      0.0000
    110.4381	      0.0000
    110.4392	      0.0000
    110.4403	      0.0000
    110.4414	      0.0000
    110.4425	      0.0000
    110.4436	      0.0000
    110.4447	      0.0000
    110.4458	      0.0000
    111.0361	      0.0000
    111.0372	      0.0000
    111.0383	      0.0000
    111.0394	      0.0000
    111.0405	    690.9567
    111.0416	   1908.5475
    111.0428	   4809.3838
    111.0439	   7967.3037
    111.0450	   8987.4424
    111.0461	   6359.0542
    111.0472	   3495.2354
    111.0483	    930.4232
    111.0494	      0.0000
    111.0505	      0.0000
    111.0516	      0.0000
    111.0527	      0.0000
    112.0811	      0.0000
    112.0822	      0.0000
    112.0833	      0.0000
    112.0845	      0.0000
    112.0856	   1154.3977
    112.0867	   1863.9186
    112.0879	   2185.4041
    112.0890	   1936.3495
    112.0901	   1291.2496
    112.0912	    613.1576
    112.0924	      0.0000
    112.0935	      0.0000
    112.0946	      0.0000
    112.0958	      0.0000
    115.0284	      0.0000
    115.0295	      0.0000
    115.0307	      0.0000
    115.0319	      0.0000
    115.0330	    767.4947
    115.0342	   1292.3599
    115.0354	   4413.4575
    115.0366	  15718.4854
    115.0377	  33768.6992
    115.0389	  53241.7070
    115.0401	  55548.3945
    115.0412	  36580.4688
    115.0424	  18162.6504
    115.0436	   4750.7031
    115.0448	    913.8717
    115.0459	      0.0000
    115.0470	      0.0000
    115.0482	      0.0000
    115.0494	      0.0000
    116.0354	      0.0000
    116.0366	      0.0000
    116.0378	      0.0000
    116.0390	      0.0000
    116.0402	   1121.6062
    116.0413	   2478.1619
    116.0425	   3518.0100
    116.0437	   3499.8882
    116.0449	   2473.6091
    116.0461	   1199.8630
    116.0472	      0.0000
    116.0484	      0.0000
    116.0496	      0.0000
    116.0508	      0.0000
    118.4325	      0.0000
    118.4337	      0.0000
    118.4349	      0.0000
    118.4361	      0.0000
    118.4374	      0.0000
    118.4386	      0.0000
    118.4398	      0.0000
    118.4410	      0.0000
    118.4422	      0.0000
    118.4435	      0.0000
    118.4447	      0.0000
    118.4459	      0.0000
    118.4471	      0.0000
    118.4484	      0.0000
    118.4496	      0.0000
    118.4887	      0.0000
    118.4899	      0.0000
    118.4912	      0.0000
    118.4924	      0.0000
    118.4936	      0.0000
    118.4948	      0.0000
    118.4961	      0.0000
    118.4973	      0.0000
    118.4985	      0.0000
    118.4997	      0.0000
    118.5010	      0.0000
    118.5022	      0.0000
    118.5034	      0.0000
    118.5046	      0.0000
    119.3152	      0.0000
    119.3164	      0.0000
    119.3176	      0.0000
    119.3189	      0.0000
    119.3201	      0.0000
    119.3213	      0.0000
    119.3226	      0.0000
    119.3238	      0.0000
    119.3250	      0.0000
    119.3263	      0.0000
    119.3275	      0.0000
    119.3288	      0.0000
    119.3300	      0.0000
    119.3312	      0.0000
    119.3325	      0.0000
    119.3337	      0.0000
    119.3349	      0.0000
    119.3362	      0.0000
    119.3374	      0.0000
    119.3386	      0.0000
    119.3696	      0.0000
    119.3708	      0.0000
    119.3720	      0.0000
    119.3733	      0.0000
    119.3745	      0.0000
    119.3757	      0.0000
    119.3770	      0.0000
    119.3782	      0.0000
    119.3795	      0.0000
    119.3807	      0.0000
    119.3819	      0.0000
    119.3832	      0.0000
    119.3844	      0.0000
    119.3856	      0.0000
    119.3869	      0.0000
    119.3881	      0.0000
    119.3894	      0.0000
    119.3906	      0.0000
    119.3918	      0.0000
    119.3931	      0.0000
    119.3943	      0.0000
    119.4327	      0.0000
    119.4339	      0.0000
    119.4352	      0.0000
    119.4364	      0.0000
    119.4376	      0.0000
    119.4389	      0.0000
    119.4401	      0.0000
    119.4413	      0.0000
    119.4426	      0.0000
    119.4438	      0.0000
    119.4450	      0.0000
    119.4462	      0.0000
    119.4475	      0.0000
    119.4487	      0.0000
    126.0384	      0.0000
    126.0398	      0.0000
    126.0411	      0.0000
    126.0425	      0.0000
    126.0438	      0.0000
    126.0451	   1301.6155
    126.0465	   1604.7874
    126.0478	   2318.0415
    126.0492	   2611.1848
    126.0505	   7340.5161
    126.0519	  26280.2012
    126.0532	  63204.7539
    126.0545	 103209.3047
    126.0559	 118101.5078
    126.0572	  83086.3281
    126.0586	  44824.6250
    126.0599	  13374.0273
    126.0612	   3247.2612
    126.0626	   1219.9808
    126.0639	    507.5453
    126.0654	      0.0000
    126.0667	      0.0000
    126.0680	      0.0000
    126.0694	      0.0000
    127.0227	      0.0000
    127.0240	      0.0000
    127.0254	      0.0000
    127.0268	      0.0000
    127.0281	    407.3222
    127.0295	   1569.8987
    127.0308	   2701.7837
    127.0322	   4054.1462
    127.0336	   6173.7510
    127.0349	  20538.9004
    127.0363	  70285.1094
    127.0376	 140374.7188
    127.0390	 213801.9844
    127.0403	 208431.5469
    127.0417	 133122.7656
    127.0431	  62858.9102
    127.0444	  16975.9414
    127.0458	   4417.1221
    127.0471	   3164.9238
    127.0485	   1782.7194
    127.0498	   3436.7393
    127.0511	    386.1213
    127.0525	      0.0000
    127.0539	   1697.7673
    127.0552	   2053.6538
    127.0566	   4885.1157
    127.0579	   7729.1655
    127.0593	   8855.1719
    127.0607	   5466.4829
    127.0620	   2102.2781
    127.0634	    609.1856
    127.0647	      0.0000
    127.0661	      0.0000
    127.0675	      0.0000
    127.0688	      0.0000
    128.0321	      0.0000
    128.0335	      0.0000
    128.0349	      0.0000
    128.0363	      0.0000
    128.0376	    569.4562
    128.0390	   1988.0457
    128.0404	   6227.0317
    128.0418	  10724.4395
    128.0431	  13808.3760
    128.0445	  10574.9043
    128.0459	   6063.8472
    128.0472	   1734.2632
    128.0486	    111.5167
    128.0500	      0.0000
    128.0513	      0.0000
    128.0527	      0.0000
    128.0541	      0.0000
    129.0453	      0.0000
    129.0467	      0.0000
    129.0481	      0.0000
    129.0495	      0.0000
    129.0509	    809.5105
    129.0523	   3706.0068
    129.0537	   6729.7808
    129.0551	   8768.4170
    129.0565	   6487.5693
    129.0579	   3469.3777
    129.0592	   1120.3771
    129.0606	      0.0000
    129.0620	      0.0000
    129.0634	      0.0000
    129.0648	      0.0000
    133.0388	      0.0000
    133.0403	      0.0000
    133.0417	      0.0000
    133.0432	      0.0000
    133.0446	    501.4785
    133.0461	   1230.2286
    133.0475	   2614.1680
    133.0490	   5083.9351
    133.0505	   6138.7681
    133.0519	   3318.9624
    133.0534	   1822.6039
    133.0548	    670.4702
    133.0563	      0.0000
    133.0577	      0.0000
    133.0592	      0.0000
    133.0606	      0.0000
    138.0369	      0.0000
    138.0384	      0.0000
    138.0400	      0.0000
    138.0415	      0.0000
    138.0430	    712.6875
    138.0446	   1993.0823
    138.0461	   4336.3721
    138.0476	   5095.2134
    138.0492	  12365.7510
    138.0507	  44755.7461
    138.0523	 138809.5625
    138.0538	 242294.1875
    138.0553	 322920.5625
    138.0569	 259150.1406
    138.0584	 153384.5625
    138.0600	  54769.7461
    138.0615	  14813.6455
    138.0630	   4513.5098
    138.0646	   3190.8152
    138.0661	      0.0000
    138.0676	      0.0000
    138.0692	      0.0000
    138.0707	      0.0000
    138.0723	      0.0000
    139.0454	      0.0000
    139.0469	      0.0000
    139.0485	      0.0000
    139.0500	      0.0000
    139.0516	    490.9785
    139.0531	   1259.5785
    139.0547	   4368.9775
    139.0562	  10766.6729
    139.0578	  17612.0840
    139.0594	  20166.1016
    139.0609	  14082.0703
    139.0625	   7455.9053
    139.0640	   1998.0896
    139.0656	    104.6621
    139.0674	      0.0000
    139.0690	      0.0000
    139.0705	      0.0000
    139.0721	      0.0000
    144.0526	      0.0000
    144.0542	      0.0000
    144.0558	      0.0000
    144.0575	      0.0000
    144.0591	    655.8049
    144.0608	   2866.4104
    144.0624	   9801.5811
    144.0640	  18885.0625
    144.0657	  28038.3301
    144.0673	  26095.8555
    144.0690	  16126.8408
    144.0706	   6957.5381
    144.0722	   1330.5425
    144.0739	      0.0000
    144.0753	      0.0000
    144.0769	      0.0000
    144.0786	      0.0000
    144.0802	      0.0000
    145.0314	      0.0000
    145.0331	      0.0000
    145.0347	      0.0000
    145.0364	      0.0000
    145.0381	    927.4872
    145.0397	   2099.9956
    145.0414	   2494.1362
    145.0430	   4658.8354
    145.0447	  17371.9590
    145.0463	  58077.4063
    145.0480	 107137.2188
    145.0497	 151468.5625
    145.0513	 131087.9375
    145.0530	  79620.7891
    145.0546	  32142.8320
    145.0563	   8677.0488
    145.0579	   2782.9319
    145.0596	   2273.3965
    145.0613	    614.3066
    145.0629	      0.0000
    145.0645	      0.0000
    145.0662	      0.0000
    145.0678	      0.0000
    146.0406	      0.0000
    146.0423	      0.0000
    146.0440	      0.0000
    146.0456	      0.0000
    146.0473	    610.5531
    146.0490	   1653.3420
    146.0506	   4375.0103
    146.0523	   6991.1069
    146.0540	   7538.0146
    146.0557	   4889.2505
    146.0573	   2210.9253
    146.0590	    897.6445
    146.0607	      0.0000
    146.0624	      0.0000
    146.0640	      0.0000
    146.0657	      0.0000
    147.0553	      0.0000
    147.0570	      0.0000
    147.0587	      0.0000
    147.0604	      0.0000
    147.0621	    555.3849
    147.0638	   1230.0833
    147.0655	   1632.4703
    147.0671	   1433.6316
    147.0688	    782.0139
    147.0706	      0.0000
    147.0723	      0.0000
    147.0740	      0.0000
    147.0757	      0.0000
    157.0957	      0.0000
    157.0975	      0.0000
    157.0994	      0.0000
    157.1013	      0.0000
    157.1031	    708.3585
    157.1050	   1759.6423
    157.1069	   3007.5962
    157.1087	   3667.6802
    157.1106	   3262.9944
    157.1125	   2084.9001
    157.1143	    883.8893
    157.1162	      0.0000
    157.1180	      0.0000
    157.1199	      0.0000
    157.1218	      0.0000
    163.0357	      0.0000
    163.0377	      0.0000
    163.0396	      0.0000
    163.0416	      0.0000
    163.0436	      0.0000
    163.0456	      0.0000
    163.0475	      0.0000
    163.0495	   2015.4044
    163.0515	   1763.9968
    163.0533	   7110.2520
    163.0552	  29367.3047
    163.0572	  67100.3594
    163.0592	 107987.2578
    163.0612	 116554.2500
    163.0631	  78737.7266
    163.0651	  40789.9766
    163.0671	  12367.7891
    163.0691	   4035.8613
    163.0710	   2549.7075
    163.0730	   1373.1331
    163.0752	   2046.8022
    163.0772	      0.0000
    163.0791	      0.0000
    163.0811	      0.0000
    163.0831	      0.0000
    163.0851	      0.0000
    164.0494	      0.0000
    164.0514	      0.0000
    164.0534	      0.0000
    164.0554	      0.0000
    164.0574	    645.1340
    164.0594	   3182.9336
    164.0614	   6408.2173
    164.0634	   9659.1123
    164.0654	   8925.0703
    164.0674	   5484.1138
    164.0694	   2335.9937
    164.0713	    801.5298
    164.0734	      0.0000
    164.0754	      0.0000
    164.0774	      0.0000
    164.0794	      0.0000
    165.0506	      0.0000
    165.0526	      0.0000
    165.0546	      0.0000
    165.0566	      0.0000
    165.0586	    774.1098
    165.0606	   1461.4452
    165.0627	   1983.0801
    165.0647	   2018.5518
    165.0667	   1527.8330
    165.0687	    802.8894
    165.0706	      0.0000
    165.0727	      0.0000
    165.0747	      0.0000
    165.0767	      0.0000
    168.0433	      0.0000
    168.0453	      0.0000
    168.0474	      0.0000
    168.0495	      0.0000
    168.0515	    190.5898
    168.0536	   1347.2283
    168.0557	   1528.9545
    168.0577	   5210.5098
    168.0598	  20478.5371
    168.0619	  63665.1094
    168.0639	 109936.1328
    168.0660	 143874.5000
    168.0681	 112788.2578
    168.0701	  66335.3203
    168.0722	  22628.6699
    168.0743	   6393.3096
    168.0763	   2338.1343
    168.0784	   1953.2015
    168.0805	    486.9640
    168.0826	      0.0000
    168.0846	      0.0000
    168.0867	      0.0000
    168.0888	      0.0000
    168.1942	      0.0000
    168.1963	      0.0000
    168.1984	      0.0000
    168.2004	      0.0000
    168.2025	    680.3348
    168.2046	   1272.4254
    168.2066	   1642.6667
    168.2087	   1492.3418
    168.2108	    896.6672
    168.2128	      0.0000
    168.2149	      0.0000
    168.2170	      0.0000
    168.2191	      0.0000
    169.0541	      0.0000
    169.0562	      0.0000
    169.0583	      0.0000
    169.0604	      0.0000
    169.0624	   1137.9602
    169.0645	   3379.3130
    169.0666	   6634.6592
    169.0687	   9824.2666
    169.0708	   8962.8750
    169.0729	   5458.7710
    169.0750	   2275.3267
    169.0770	    812.4832
    169.0792	      0.0000
    169.0813	      0.0000
    169.0833	      0.0000
    169.0854	      0.0000
    173.4736	      0.0000
    173.4757	      0.0000
    173.4779	      0.0000
    173.4801	      0.0000
    173.4822	    892.1298
    173.4844	   1393.7850
    173.4866	   1551.4137
    173.4888	   1280.5055
    173.4909	    769.1036
    173.4929	      0.0000
    173.4951	      0.0000
    173.4972	      0.0000
    173.4994	      0.0000
    186.0562	      0.0000
    186.0586	      0.0000
    186.0610	      0.0000
    186.0634	      0.0000
    186.0658	   1051.7858
    186.0682	   4816.6206
    186.0706	  19209.9336
    186.0730	  41304.9023
    186.0754	  65028.4922
    186.0778	  67161.6797
    186.0802	  44203.8320
    186.0826	  22098.5391
    186.0851	   6429.3706
    186.0875	   1841.3541
    186.0899	   1059.1171
    186.0925	      0.0000
    186.0949	      0.0000
    186.0973	      0.0000
    186.0997	      0.0000
    187.0618	      0.0000
    187.0643	      0.0000
    187.0667	      0.0000
    187.0691	      0.0000
    187.0715	    423.8091
    187.0740	   1253.0990
    187.0764	   2530.1626
    187.0788	   3608.2283
    187.0813	   3763.6694
    187.0837	   2863.3489
    187.0861	   1523.0045
    187.0885	    539.5728
    187.0909	      0.0000
    187.0934	      0.0000
    187.0958	      0.0000
    187.0982	      0.0000
    204.0532	      0.0000
    204.0559	      0.0000
    204.0587	      0.0000
    204.0615	      0.0000
    204.0642	    363.9280
    204.0670	   2749.6709
    204.0697	   3922.8569
    204.0725	   4374.2788
    204.0753	   5768.3467
    204.0780	  23430.2324
    204.0808	  86100.5781
    204.0836	 169956.4844
    204.0863	 254860.9063
    204.0891	 239960.8906
    204.0919	 151368.7656
    204.0946	  69452.2578
    204.0974	  20754.5195
    204.1002	   7717.9727
    204.1029	   5608.5864
    204.1057	   2429.9121
    204.1085	   1874.2531
    204.1112	    971.4077
    204.1135	      0.0000
    204.1163	      0.0000
    204.1190	      0.0000
    204.1218	      0.0000
    205.0684	      0.0000
    205.0712	      0.0000
    205.0739	      0.0000
    205.0767	      0.0000
    205.0795	    393.0000
    205.0823	   3695.0186
    205.0851	  10616.6162
    205.0879	  17983.5059
    205.0907	  21437.1992
    205.0934	  15585.6582
    205.0962	   8706.3711
    205.0990	   2914.2664
    205.1018	   1078.2520
    205.1052	      0.0000
    205.1080	      0.0000
    205.1108	      0.0000
    205.1136	      0.0000
    206.0755	      0.0000
    206.0783	      0.0000
    206.0811	      0.0000
    206.0839	      0.0000
    206.0867	    868.8702
    206.0895	   1589.1117
    206.0923	   1893.4869
    206.0951	   1501.5093
    206.0979	    694.1580
    206.1007	      0.0000
    206.1035	      0.0000
    206.1063	      0.0000
    206.1092	      0.0000
    222.0785	      0.0000
    222.0816	      0.0000
    222.0848	      0.0000
    222.0879	      0.0000
    222.0910	    447.0648
    222.0942	   1289.9510
    222.0973	   1854.6353
    222.1005	   1689.2328
    222.1036	    951.6946
    222.1068	      0.0000
    222.1099	      0.0000
    222.1130	      0.0000
    222.1162	      0.0000
    241.0433	      0.0000
    241.0468	      0.0000
    241.0504	      0.0000
    241.0539	      0.0000
    241.0575	    473.5037
    241.0610	   1592.9393
    241.0646	   4503.3486
    241.0681	   7765.1880
    241.0717	   9835.8545
    241.0752	   7244.2285
    241.0788	   3878.9514
    241.0823	    711.9177
    241.0860	      0.0000
    241.0896	      0.0000
    241.0931	      0.0000
    241.0967	      0.0000
    259.4141	      0.0000
    259.4181	      0.0000
    259.4221	      0.0000
    259.4260	      0.0000
    259.4300	    770.4520
    259.4340	   1363.5406
    259.4379	   1603.2476
    259.4419	   1317.5167
    259.4458	    707.9884
    259.4498	      0.0000
    259.4537	      0.0000
    259.4577	      0.0000
    259.4617	      0.0000
    269.7057	      0.0000
    269.7099	      0.0000
    269.7141	      0.0000
    269.7183	      0.0000
    269.7225	    593.3853
    269.7267	   1368.2463
    269.7309	   1968.5193
    269.7351	   1963.9656
    269.7393	   1365.9790
    269.7436	    599.4125
    269.7479	      0.0000
    269.7521	      0.0000
    269.7564	      0.0000
    269.7606	      0.0000
    295.0694	      0.0000
    295.0742	      0.0000
    295.0790	      0.0000
    295.0838	      0.0000
    295.0887	   1147.4388
    295.0935	   2519.7185
    295.0983	   5329.8564
    295.1031	   6437.7671
    295.1079	   4669.3579
    295.1127	   1859.3257
    295.1175	    610.0945
    295.1215	      0.0000
    295.1263	      0.0000
    295.1311	      0.0000
    295.1359	      0.0000
    366.0845	      0.0000
    366.0912	      0.0000
    366.0978	      0.0000
    366.1045	      0.0000
    366.1111	    174.0211
    366.1177	   2034.5759
    366.1244	   9640.1016
    366.1310	  20239.4688
    366.1377	  31121.9824
    366.1443	  29817.4434
    366.1510	  18874.5176
    366.1576	   8715.9521
    366.1643	   2615.4692
    366.1709	   1013.0239
    366.1787	      0.0000
    366.1854	      0.0000
    366.1920	      0.0000
    366.1987	      0.0000
    367.0977	      0.0000
    367.1043	      0.0000
    367.1110	      0.0000
    367.1177	      0.0000
    367.1244	    457.3380
    367.1310	   1460.4729
    367.1377	   2830.6191
    367.1444	   3705.3416
    367.1511	   3454.9827
    367.1577	   2292.9146
    367.1644	   1040.6837
    367.1710	      0.0000
    367.1777	      0.0000
    367.1844	      0.0000
    367.1911	      0.0000
    386.2134	      0.0000
    386.2206	      0.0000
    386.2278	      0.0000
    386.2350	      0.0000
    386.2422	   1199.0106
    386.2494	   1987.8616
    386.2566	   2308.3906
    386.2638	   1980.1566
    386.2710	   1263.6814
    386.2783	      0.0000
    386.2855	      0.0000
    386.2927	      0.0000
    386.2999	      0.0000
    403.0361	      0.0000
    403.0438	      0.0000
    403.0514	      0.0000
    403.0591	      0.0000
    403.0668	   1036.9252
    403.0745	   1658.9054
    403.0821	   1859.7891
    403.0898	   1514.0636
    403.0975	    854.0109
    403.1052	      0.0000
    403.1128	      0.0000
    403.1205	      0.0000
    403.1282	      0.0000
    419.2669	      0.0000
    419.2750	      0.0000
    419.2832	      0.0000
    419.2913	      0.0000
    419.2995	   1009.3977
    419.3076	   2143.9646
    419.3157	   2882.5181
    419.3239	   2653.4607
    419.3320	   1648.8380
    419.3402	    588.5960
    419.3483	      0.0000
    419.3565	      0.0000
    419.3646	      0.0000
    419.3728	      0.0000
    423.1783	      0.0000
    423.1865	      0.0000
    423.1948	      0.0000
    423.2031	      0.0000
    423.2113	    428.9507
    423.2196	   1330.8912
    423.2278	   2452.9722
    423.2361	   3046.7073
    423.2444	   2671.1289
    423.2526	   1616.1282
    423.2609	    598.6950
    423.2693	      0.0000
    423.2776	      0.0000
    423.2859	      0.0000
    423.2941	      0.0000
    455.2102	      0.0000
    455.2194	      0.0000
    455.2286	      0.0000
    455.2379	      0.0000
    455.2471	    462.2055
    455.2563	   1487.2881
    455.2655	   2664.5591
    455.2747	   3191.4033
    455.2839	   2674.0662
    455.2931	   1534.1392
    455.3024	    565.9556
    455.3118	      0.0000
    455.3210	      0.0000
    455.3302	      0.0000
    455.3394	      0.0000
    467.1588	      0.0000
    467.1684	      0.0000
    467.1779	      0.0000
    467.1875	      0.0000
    467.1971	   1275.6536
    467.2067	   1929.7861
    467.2162	   2102.6460
    467.2258	   1682.2980
    467.2354	    970.5278
    467.2450	      0.0000
    467.2546	      0.0000
    467.2642	      0.0000
    467.2737	      0.0000
    499.4893	      0.0000
    499.4999	      0.0000
    499.5105	      0.0000
    499.5210	      0.0000
    499.5316	    688.3591
    499.5422	   1300.4712
    499.5528	   1634.6523
    499.5634	   1454.9722
    499.5740	    872.4289
    499.5846	      0.0000
    499.5952	      0.0000
    499.6058	      0.0000
    499.6164	      0.0000
    500.4967	      0.0000
    500.5074	      0.0000
    500.5180	      0.0000
    500.5286	      0.0000
    500.5392	   1147.7174
    500.5498	   2387.3730
    500.5605	   3297.3828
    500.5711	   3196.4055
    500.5817	   2144.5908
    500.5923	    893.8792
    500.6032	      0.0000
    500.6138	      0.0000
    500.6244	      0.0000
    500.6351	      0.0000
    508.4934	      0.0000
    508.5043	      0.0000
    508.5151	      0.0000
    508.5260	      0.0000
    508.5369	    967.2182
    508.5478	   1599.8573
    508.5586	   1850.8082
    508.5695	   1554.2101
    508.5804	    915.6248
    508.5913	      0.0000
    508.6022	      0.0000
    508.6130	      0.0000
    508.6239	      0.0000
    510.1943	      0.0000
    510.2053	      0.0000
    510.2162	      0.0000
    510.2271	      0.0000
    510.2381	    907.8499
    510.2490	   3723.7979
    510.2599	   6699.8315
    510.2709	   8173.6021
    510.2818	   5864.5249
    510.2927	   3174.0918
    510.3037	    730.5338
    510.3146	      0.0000
    510.3255	      0.0000
    510.3365	      0.0000
    510.3474	      0.0000
    528.1210	      0.0000
    528.1325	      0.0000
    528.1440	      0.0000
    528.1555	      0.0000
    528.1670	    764.9147
    528.1785	   1743.5314
    528.1900	   2601.3035
    528.2016	   2694.4041
    528.2131	   1913.0101
    528.2246	    824.4905
    528.2361	      0.0000
    528.2476	      0.0000
    528.2591	      0.0000
    528.2706	      0.0000
    534.4983	      0.0000
    534.5100	      0.0000
    534.5217	      0.0000
    534.5334	      0.0000
    534.5452	    704.6419
    534.5569	   1498.9626
    534.5686	   2000.0331
    534.5803	   1811.2881
    534.5921	   1065.8293
    534.6040	      0.0000
    534.6157	      0.0000
    534.6275	      0.0000
    534.6392	      0.0000
    540.4792	      0.0000
    540.4911	      0.0000
    540.5030	      0.0000
    540.5149	      0.0000
    540.5269	    267.2240
    540.5388	   2743.0596
    540.5507	  10643.1924
    540.5626	  21543.8418
    540.5745	  32879.8906
    540.5865	  31581.1484
    540.5984	  20003.0215
    540.6103	   9320.7666
    540.6222	   2538.9419
    540.6342	    757.1795
    540.6452	      0.0000
    540.6571	      0.0000
    540.6691	      0.0000
    540.6810	      0.0000
    540.8122	      0.0000
    540.8241	      0.0000
    540.8361	      0.0000
    540.8480	      0.0000
    540.8599	    366.2541
    540.8718	   2774.9976
    540.8838	  10786.8252
    540.8957	  22018.6348
    540.9076	  33865.3750
    540.9196	  33544.5117
    540.9315	  21684.6367
    540.9434	  10532.5576
    540.9554	   3007.7004
    540.9673	    699.2211
    540.9788	      0.0000
    540.9907	      0.0000
    541.0026	      0.0000
    541.0146	      0.0000
    541.1578	      0.0000
    541.1698	      0.0000
    541.1817	      0.0000
    541.1937	      0.0000
    541.2056	   1151.1595
    541.2175	   4929.0718
    541.2295	  10238.8916
    541.2414	  15828.5439
    541.2534	  15768.0996
    541.2653	  10184.9131
    541.2773	   4931.1235
    541.2892	   1220.3903
    541.3023	      0.0000
    541.3142	      0.0000
    541.3261	      0.0000
    541.3381	      0.0000
    541.4934	      0.0000
    541.5054	      0.0000
    541.5173	      0.0000
    541.5293	      0.0000
    541.5412	    859.6256
    541.5532	   2294.7183
    541.5652	   5392.2275
    541.5771	   8657.4238
    541.5891	   8822.4512
    541.6010	   5787.1455
    541.6130	   2831.0000
    541.6249	    643.8426
    541.6369	      0.0000
    541.6489	      0.0000
    541.6608	      0.0000
    541.6728	      0.0000
    568.5075	      0.0000
    568.5204	      0.0000
    568.5332	      0.0000
    568.5461	      0.0000
    568.5590	    542.2579
    568.5718	   1378.7999
    568.5847	   2042.6824
    568.5975	   2072.6384
    568.6104	   1453.0345
    568.6233	    607.7416
    568.6361	      0.0000
    568.6490	      0.0000
    568.6619	      0.0000
    568.6747	      0.0000
    584.2564	      0.0000
    584.2698	      0.0000
    584.2832	      0.0000
    584.2966	      0.0000
    584.3100	    762.6579
    584.3234	   2037.2511
    584.3368	   4882.9536
    584.3502	   6801.5879
    584.3636	   5653.5771
    584.3770	   3268.4136
    584.3904	   1025.7799
    584.4038	      0.0000
    584.4172	      0.0000
    584.4306	      0.0000
    584.4440	      0.0000
    585.2758	      0.0000
    585.2892	      0.0000
    585.3027	      0.0000
    585.3161	      0.0000
    585.3295	   1158.4977
    585.3430	   2200.9941
    585.3564	   2821.9141
    585.3698	   2542.1797
    585.3833	   1557.1466
    585.3967	    551.0673
    585.4091	      0.0000
    585.4225	      0.0000
    585.4360	      0.0000
    585.4494	      0.0000
    608.1519	      0.0000
    608.1661	      0.0000
    608.1804	      0.0000
    608.1946	      0.0000
    608.2088	    239.7103
    608.2230	   1669.7086
    608.2373	   6697.1890
    608.2515	  13694.2969
    608.2657	  20898.7090
    608.2800	  20098.5781
    608.2942	  12741.1465
    608.3084	   5929.6353
    608.3226	   1727.4459
    608.3369	    445.0194
    608.3501	      0.0000
    608.3643	      0.0000
    608.3786	      0.0000
    608.3928	      0.0000
    608.4924	      0.0000
    608.5067	      0.0000
    608.5209	      0.0000
    608.5352	      0.0000
    608.5494	    644.8040
    608.5636	   4228.4316
    608.5779	  12316.8145
    608.5921	  20977.7793
    608.6064	  25432.5586
    608.6206	  18550.2793
    608.6348	  10344.0928
    608.6491	   3227.9663
    608.6633	    860.4153
    608.6789	      0.0000
    608.6931	      0.0000
    608.7074	      0.0000
    608.7216	      0.0000
    608.8213	      0.0000
    608.8356	      0.0000
    608.8498	      0.0000
    608.8641	      0.0000
    608.8783	      0.0000
    608.8926	   1671.5592
    608.9068	   6995.3911
    608.9211	  13978.9678
    608.9354	  20937.8711
    608.9496	  19579.5762
    608.9639	  12304.5381
    608.9781	   5567.4463
    608.9924	   1483.9047
    609.0066	    263.9845
    609.0217	      0.0000
    609.0359	      0.0000
    609.0502	      0.0000
    609.0644	      0.0000
    609.1643	      0.0000
    609.1785	      0.0000
    609.1928	      0.0000
    609.2070	      0.0000
    609.2213	    632.9732
    609.2356	   1691.9263
    609.2498	   4768.3057
    609.2641	   7190.9170
    609.2784	   7408.0049
    609.2926	   4979.1123
    609.3069	   2443.2854
    609.3212	    707.6508
    609.3354	      0.0000
    609.3497	      0.0000
    609.3640	      0.0000
    609.3782	      0.0000
    609.5209	      0.0000
    609.5352	      0.0000
    609.5495	      0.0000
    609.5638	      0.0000
    609.5780	    598.5546
    609.5923	   1367.8452
    609.6066	   1884.9867
    609.6209	   1740.8854
    609.6351	   1047.3124
    609.6495	      0.0000
    609.6637	      0.0000
    609.6780	      0.0000
    609.6923	      0.0000
    647.2102	      0.0000
    647.2258	      0.0000
    647.2414	      0.0000
    647.2570	      0.0000
    647.2727	    512.3209
    647.2883	   1365.0929
    647.3039	   2079.9443
    647.3195	   2093.6284
    647.3351	   1408.1681
    647.3508	    588.7539
    647.3664	      0.0000
    647.3820	      0.0000
    647.3976	      0.0000
    647.4133	      0.0000
    648.2109	      0.0000
    648.2265	      0.0000
    648.2422	      0.0000
    648.2578	      0.0000
    648.2735	    590.2287
    648.2892	   1655.0762
    648.3048	   3101.1575
    648.3205	   5680.6392
    648.3361	   3540.8474
    648.3518	   2216.3320
    648.3675	    893.1664
    648.3831	      0.0000
    648.3988	      0.0000
    648.4144	      0.0000
    648.4301	      0.0000
    650.2035	      0.0000
    650.2193	      0.0000
    650.2350	      0.0000
    650.2507	      0.0000
    650.2664	    642.7994
    650.2822	   1343.4865
    650.2979	   1718.0636
    650.3136	   1432.8562
    650.3294	    672.2475
    650.3451	      0.0000
    650.3608	      0.0000
    650.3766	      0.0000
    650.3923	      0.0000
    653.7565	      0.0000
    653.7723	      0.0000
    653.7882	      0.0000
    653.8040	      0.0000
    653.8199	    626.7552
    653.8357	   1420.9503
    653.8516	   1794.5623
    653.8675	   1441.6283
    653.8833	    678.7919
    653.8992	      0.0000
    653.9150	      0.0000
    653.9309	      0.0000
    653.9468	      0.0000
    662.5164	      0.0000
    662.5326	      0.0000
    662.5488	      0.0000
    662.5650	      0.0000
    662.5811	    804.3185
    662.5973	   2126.7324
    662.6135	   4914.0425
    662.6297	   6255.9604
    662.6459	   3492.8259
    662.6620	   2114.3440
    662.6782	    911.5110
    662.6944	      0.0000
    662.7106	      0.0000
    662.7268	      0.0000
    662.7429	      0.0000
    662.8562	      0.0000
    662.8724	      0.0000
    662.8886	      0.0000
    662.9048	      0.0000
    662.9210	   1311.0447
    662.9372	   2677.5190
    662.9534	   3743.4956
    662.9696	   3733.2383
    662.9858	   2638.3706
    663.0020	   1248.7772
    663.0182	      0.0000
    663.0344	      0.0000
    663.0506	      0.0000
    663.0668	      0.0000
    692.2228	      0.0000
    692.2401	      0.0000
    692.2574	      0.0000
    692.2746	      0.0000
    692.2919	   1201.2490
    692.3092	   1827.4492
    692.3265	   1896.9268
    692.3437	   1394.6233
    692.3610	    670.7852
    692.3750	      0.0000
    692.3923	      0.0000
    692.4096	      0.0000
    692.4268	      0.0000
    700.1823	      0.0000
    700.1999	      0.0000
    700.2174	      0.0000
    700.2350	      0.0000
    700.2526	   1291.2867
    700.2702	   5844.0796
    700.2877	  11071.6104
    700.3053	  15829.2959
    700.3229	  13848.0322
    700.3405	   8502.1729
    700.3581	   3620.0125
    700.3756	    874.4284
    700.3965	      0.0000
    700.4141	      0.0000
    700.4317	      0.0000
    700.4493	      0.0000
    700.6779	      0.0000
    700.6955	      0.0000
    700.7131	      0.0000
    700.7307	      0.0000
    700.7483	    588.1693
    700.7659	   2538.1462
    700.7835	   5987.3003
    700.8011	   9706.0938
    700.8187	  10524.9824
    700.8363	   6932.1030
    700.8539	   3269.8926
    700.8715	    457.8183
    700.8891	      0.0000
    700.9067	      0.0000
    700.9243	      0.0000
    700.9419	      0.0000
    701.1884	      0.0000
    701.2060	      0.0000
    701.2236	      0.0000
    701.2412	      0.0000
    701.2589	    781.3713
    701.2765	   3532.3792
    701.2941	   6378.6177
    701.3117	   8634.5000
    701.3293	   7035.6763
    701.3469	   4138.0410
    701.3646	   1234.7574
    701.3817	      0.0000
    701.3993	      0.0000
    701.4169	      0.0000
    701.4345	      0.0000
    708.6796	      0.0000
    708.6975	      0.0000
    708.7154	      0.0000
    708.7333	      0.0000
    708.7512	    851.9342
    708.7691	   4654.2197
    708.7870	  15732.1846
    708.8049	  28273.5664
    708.8228	  38842.6992
    708.8407	  32407.9277
    708.8586	  19493.2070
    708.8765	   7610.1406
    708.8944	   1965.9849
    708.9123	    421.2899
    708.9252	      0.0000
    708.9431	      0.0000
    708.9610	      0.0000
    708.9789	      0.0000
    709.1759	      0.0000
    709.1938	      0.0000
    709.2118	      0.0000
    709.2297	      0.0000
    709.2476	      0.0000
    709.2655	   2742.4382
    709.2834	  10660.4834
    709.3013	  18905.4531
    709.3193	  24937.3848
    709.3372	  19699.6641
    709.3551	  11699.2217
    709.3730	   4328.9648
    709.3909	   1336.5322
    709.4096	      0.0000
    709.4275	      0.0000
    709.4455	      0.0000
    709.4634	      0.0000
    709.6965	      0.0000
    709.7144	      0.0000
    709.7323	      0.0000
    709.7503	      0.0000
    709.7682	   1347.0768
    709.7861	   5590.5342
    709.8041	  10024.6758
    709.8220	  13293.0283
    709.8400	  10504.5205
    709.8579	   6118.7061
    709.8758	   2076.0229
    709.8938	    270.8571
    709.9165	      0.0000
    709.9344	      0.0000
    709.9524	      0.0000
    709.9703	      0.0000
    710.2036	      0.0000
    710.2216	      0.0000
    710.2396	      0.0000
    710.2575	      0.0000
    710.2755	    873.2941
    710.2934	   2243.8740
    710.3114	   3629.4509
    710.3293	   6690.2251
    710.3473	   4938.7368
    710.3652	   2310.7795
    710.3832	   1070.5610
    710.4012	      0.0000
    710.4191	      0.0000
    710.4371	      0.0000
    710.4551	      0.0000
    727.7011	      0.0000
    727.7198	      0.0000
    727.7384	      0.0000
    727.7570	      0.0000
    727.7756	    865.7695
    727.7942	   2126.4685
    727.8129	   3325.6763
    727.8315	   3664.4817
    727.8501	   2914.3848
    727.8687	   1607.4492
    727.8874	    532.4774
    727.9060	      0.0000
    727.9246	      0.0000
    727.9433	      0.0000
    727.9619	      0.0000
    728.1855	      0.0000
    728.2041	      0.0000
    728.2228	      0.0000
    728.2414	      0.0000
    728.2601	    786.5756
    728.2787	   1908.2904
    728.2973	   3212.3525
    728.3160	   6298.5879
    728.3346	   3551.8904
    728.3533	   2262.0125
    728.3719	    925.2258
    728.3906	      0.0000
    728.4092	      0.0000
    728.4279	      0.0000
    728.4465	      0.0000
    728.7077	      0.0000
    728.7263	      0.0000
    728.7450	      0.0000
    728.7636	      0.0000
    728.7823	   1045.0245
    728.8010	   2134.4656
    728.8196	   2839.8149
    728.8383	   2682.4507
    728.8570	   1781.8173
    728.8756	    755.7534
    728.8941	      0.0000
    728.9128	      0.0000
    728.9314	      0.0000
    728.9501	      0.0000
    736.6837	      0.0000
    736.7027	      0.0000
    736.7216	      0.0000
    736.7406	      0.0000
    736.7596	    377.2305
    736.7785	   2190.8611
    736.7975	   5886.0864
    736.8165	   9804.1221
    736.8354	  10989.0977
    736.8544	   7462.2710
    736.8734	   3747.9143
    736.8924	    858.2607
    736.9115	      0.0000
    736.9305	      0.0000
    736.9495	      0.0000
    736.9685	      0.0000
    737.1962	      0.0000
    737.2152	      0.0000
    737.2342	      0.0000
    737.2532	      0.0000
    737.2722	    759.1323
    737.2912	   3514.9084
    737.3102	   6326.8530
    737.3292	   8366.5605
    737.3481	   6456.1733
    737.3671	   3659.8125
    737.3861	   1048.2417
    737.4051	      0.0000
    737.4241	      0.0000
    737.4431	      0.0000
    737.4621	      0.0000
    737.7091	      0.0000
    737.7281	      0.0000
    737.7471	      0.0000
    737.7661	      0.0000
    737.7851	   1309.1456
    737.8042	   2578.9792
    737.8232	   3428.9363
    737.8422	   3271.6633
    737.8612	   2262.4417
    737.8802	   1081.5690
    737.8992	      0.0000
    737.9182	      0.0000
    737.9372	      0.0000
    737.9563	      0.0000
    741.7166	      0.0000
    741.7357	      0.0000
    741.7549	      0.0000
    741.7740	      0.0000
    741.7932	    814.8361
    741.8124	   1632.7341
    741.8315	   2090.2712
    741.8507	   1891.7412
    741.8699	   1192.4868
    741.8912	      0.0000
    741.9104	      0.0000
    741.9296	      0.0000
    741.9487	      0.0000
    750.1829	      0.0000
    750.2024	      0.0000
    750.2218	      0.0000
    750.2413	      0.0000
    750.2608	   1260.6117
    750.2803	   5177.8379
    750.2998	  17681.2832
    750.3193	  34179.5625
    750.3388	  50479.7617
    750.3583	  46380.8281
    750.3778	  28844.4023
    750.3973	  12565.9268
    750.4168	   3192.8613
    750.4363	   1122.4792
    750.4517	      0.0000
    750.4712	      0.0000
    750.4907	      0.0000
    750.5102	      0.0000
    750.6858	      0.0000
    750.7053	      0.0000
    750.7248	      0.0000
    750.7443	      0.0000
    750.7638	    847.9557
    750.7833	   5701.5200
    750.8029	  18944.5684
    750.8224	  33245.2695
    750.8419	  44304.2500
    750.8614	  35653.2344
    750.8809	  21154.1777
    750.9004	   7799.4692
    750.9199	   2034.1088
    750.9395	    159.2437
    750.9583	      0.0000
    750.9778	      0.0000
    750.9973	      0.0000
    751.0168	      0.0000
    751.1926	      0.0000
    751.2121	      0.0000
    751.2316	      0.0000
    751.2512	      0.0000
    751.2707	    942.6792
    751.2902	   4766.2661
    751.3098	  11678.2061
    751.3293	  19052.7520
    751.3488	  21644.3789
    751.3684	  15149.9580
    751.3879	   8051.6348
    751.4074	   2242.6055
    751.4270	    138.3240
    751.4491	      0.0000
    751.4687	      0.0000
    751.4882	      0.0000
    751.5078	      0.0000
    751.7032	      0.0000
    751.7228	      0.0000
    751.7423	      0.0000
    751.7619	      0.0000
    751.7814	    645.3030
    751.8010	   2314.0332
    751.8205	   5039.9980
    751.8401	   7971.0313
    751.8596	   8241.0645
    751.8792	   5473.6919
    751.8987	   2780.1697
    751.9183	    651.6588
    751.9379	      0.0000
    751.9574	      0.0000
    751.9770	      0.0000
    751.9965	      0.0000
    752.2313	      0.0000
    752.2509	      0.0000
    752.2705	      0.0000
    752.2900	      0.0000
    752.3096	   1103.4159
    752.3292	   1921.6101
    752.3487	   2166.3530
    752.3683	   1671.5116
    752.3879	    808.9113
    752.4075	      0.0000
    752.4271	      0.0000
    752.4466	      0.0000
    752.4662	      0.0000
    762.2122	      0.0000
    762.2321	      0.0000
    762.2521	      0.0000
    762.2721	      0.0000
    762.2920	    608.3948
    762.3120	   1537.6599
    762.3320	   2313.1755
    762.3519	   2413.3455
    762.3719	   1785.1227
    762.3919	    903.8148
    762.4118	      0.0000
    762.4318	      0.0000
    762.4518	      0.0000
    762.4717	      0.0000
    762.7314	      0.0000
    762.7514	      0.0000
    762.7714	      0.0000
    762.7914	      0.0000
    762.8113	   1239.7452
    762.8313	   1962.3923
    762.8513	   2060.2864
    762.8713	   1541.4886
    762.8913	    817.8450
    762.9113	      0.0000
    762.9313	      0.0000
    762.9512	      0.0000
    762.9712	      0.0000
    765.7173	      0.0000
    765.7374	      0.0000
    765.7575	      0.0000
    765.7776	      0.0000
    765.7977	    594.0800
    765.8178	   1563.4653
    765.8379	   2700.1250
    765.8580	   3228.7712
    765.8781	   2755.5122
    765.8982	   1626.3617
    765.9183	    574.9314
    765.9384	      0.0000
    765.9585	      0.0000
    765.9786	      0.0000
    765.9988	      0.0000
    792.1906	      0.0000
    792.2117	      0.0000
    792.2329	      0.0000
    792.2540	      0.0000
    792.2752	    579.5933
    792.2963	   1661.5936
    792.3175	   4116.4541
    792.3386	   6361.1592
    792.3598	   6226.2236
    792.3810	   3965.7549
    792.4021	   1497.6953
    792.4233	      0.0000
    792.4444	      0.0000
    792.4656	      0.0000
    792.4868	      0.0000
    792.6984	      0.0000
    792.7196	      0.0000
    792.7408	      0.0000
    792.7619	      0.0000
    792.7831	   1060.9535
    792.8043	   3373.0413
    792.8254	   6231.4644
    792.8466	   8717.8242
    792.8678	   7458.5356
    792.8890	   4507.3789
    792.9102	   1688.4250
    792.9313	    669.1602
    792.9525	      0.0000
    792.9737	      0.0000
    792.9949	      0.0000
    793.0161	      0.0000
    793.2067	      0.0000
    793.2279	      0.0000
    793.2491	      0.0000
    793.2703	      0.0000
    793.2915	    817.2381
    793.3127	   1944.3610
    793.3339	   3080.9922
    793.3551	   3497.1118
    793.3763	   2882.0347
    793.3975	   1653.3126
    793.4187	    578.0040
    793.4399	      0.0000
    793.4611	      0.0000
    793.4823	      0.0000
    793.5035	      0.0000
    798.2741	      0.0000
    798.2955	      0.0000
    798.3169	      0.0000
    798.3383	      0.0000
    798.3597	    800.1045
    798.3811	   2040.0228
    798.4025	   3112.7825
    798.4239	   3252.0615
    798.4453	   2383.0071
    798.4667	   1164.0615
    798.4881	      0.0000
    798.5095	      0.0000
    798.5309	      0.0000
    798.5523	      0.0000
    799.2806	      0.0000
    799.3020	      0.0000
    799.3234	      0.0000
    799.3449	      0.0000
    799.3663	    708.8922
    799.3878	   1836.2301
    799.4092	   2778.6572
    799.4306	   2817.8486
    799.4521	   1912.6547
    799.4735	    806.9034
    799.4955	      0.0000
    799.5170	      0.0000
    799.5384	      0.0000
    799.5599	      0.0000
    801.1922	      0.0000
    801.2137	      0.0000
    801.2352	      0.0000
    801.2567	      0.0000
    801.2783	   1096.6484
    801.2998	   5275.2881
    801.3213	  12378.5947
    801.3428	  20138.6953
    801.3643	  22328.8945
    801.3858	  15320.2256
    801.4074	   7964.8779
    801.4289	   1913.3984
    801.4504	      0.0000
    801.4679	      0.0000
    801.4894	      0.0000
    801.5110	      0.0000
    801.5325	      0.0000
    801.6832	      0.0000
    801.7047	      0.0000
    801.7262	      0.0000
    801.7478	      0.0000
    801.7693	    695.0395
    801.7908	   4446.3867
    801.8124	  12662.3379
    801.8339	  21463.3066
    801.8555	  26186.4688
    801.8770	  19264.6445
    801.8985	  10807.0488
    801.9201	   3431.1394
    801.9416	    687.7017
    801.9615	      0.0000
    801.9830	      0.0000
    802.0046	      0.0000
    802.0261	      0.0000
    802.1769	      0.0000
    802.1985	      0.0000
    802.2200	      0.0000
    802.2416	      0.0000
    802.2631	    127.1033
    802.2847	   2528.0215
    802.3063	   8733.7070
    802.3278	  15344.3369
    802.3494	  20486.4824
    802.3709	  16596.0313
    802.3925	   9887.8994
    802.4140	   3882.9429
    802.4356	   1053.6646
    802.4623	      0.0000
    802.4838	      0.0000
    802.5054	      0.0000
    802.5270	      0.0000
    802.6995	      0.0000
    802.7211	      0.0000
    802.7427	      0.0000
    802.7642	      0.0000
    802.7858	    609.1636
    802.8074	   1849.1594
    802.8290	   4645.4419
    802.8505	   6513.3442
    802.8721	   5430.7080
    802.8937	   3037.2654
    802.9153	   1209.4025
    802.9439	      0.0000
    802.9655	      0.0000
    802.9871	      0.0000
    803.0087	      0.0000
    807.7347	      0.0000
    807.7565	      0.0000
    807.7782	      0.0000
    807.8000	      0.0000
    807.8218	    913.7722
    807.8436	   3554.8110
    807.8654	   7439.7939
    807.8871	  11410.0049
    807.9089	  10669.8799
    807.9307	   6345.8384
    807.9525	   2321.9141
    807.9743	    295.1877
    807.9905	      0.0000
    808.0123	      0.0000
    808.0341	      0.0000
    808.0559	      0.0000
    808.2084	      0.0000
    808.2302	      0.0000
    808.2520	      0.0000
    808.2738	      0.0000
    808.2956	    708.2841
    808.3174	   2088.7727
    808.3392	   6094.8857
    808.3610	  10519.2832
    808.3828	  13556.3135
    808.4046	  10585.0166
    808.4264	   6261.1914
    808.4482	   2215.5842
    808.4700	    592.0847
    808.4903	      0.0000
    808.5121	      0.0000
    808.5339	      0.0000
    808.5557	      0.0000
    808.7084	      0.0000
    808.7302	      0.0000
    808.7520	      0.0000
    808.7738	      0.0000
    808.7956	    175.8866
    808.8175	   1798.7911
    808.8393	   4770.0259
    808.8611	   7994.0786
    808.8829	  10058.4473
    808.9047	   8190.3311
    808.9266	   5043.5684
    808.9484	   2199.7903
    808.9702	    626.9800
    808.9920	      0.0000
    809.0139	      0.0000
    809.0357	      0.0000
    809.0575	      0.0000
    809.2322	      0.0000
    809.2540	      0.0000
    809.2759	      0.0000
    809.2977	      0.0000
    809.3195	   1266.0289
    809.3414	   3477.2300
    809.3632	   6245.1782
    809.3850	   8177.5928
    809.4069	   6515.0166
    809.4287	   3908.6316
    809.4506	   1039.9708
    809.4731	      0.0000
    809.4949	      0.0000
    809.5168	      0.0000
    809.5386	      0.0000
    809.7135	      0.0000
    809.7353	      0.0000
    809.7572	      0.0000
    809.7790	      0.0000
    809.8009	    624.3633
    809.8227	   3694.6919
    809.8446	   8331.7910
    809.8665	  12792.3018
    809.8883	  11456.5176
    809.9102	   7104.7070
    809.9320	   3230.4485
    809.9539	   1473.2112
    809.9751	      0.0000
    809.9970	      0.0000
    810.0188	      0.0000
    810.0407	      0.0000
    810.0844	      0.0000
    810.1063	      0.0000
    810.1282	      0.0000
    810.1501	      0.0000
    810.1719	      0.0000
    810.1938	      0.0000
    810.2157	      0.0000
    810.2366	   6455.5122
    810.2585	   7577.9751
    810.2804	  23946.8203
    810.3022	  89082.7422
    810.3241	 223249.5938
    810.3460	 368725.4688
    810.3679	 431968.6563
    810.3898	 309783.5938
    810.4117	 171167.2500
    810.4335	  54273.3945
    810.4554	  15883.3135
    810.4773	   6601.6055
    810.4992	   3583.2268
    810.5211	    273.5960
    810.5429	      0.0000
    810.5648	      0.0000
    810.5866	      0.0000
    810.6085	      0.0000
    810.6304	      0.0000
    810.6523	      0.0000
    810.6742	    358.4834
    810.6961	   4273.3071
    810.7180	   4476.4238
    810.7399	   6509.0947
    810.7618	   8689.2646
    810.7837	  27511.3047
    810.8056	  97826.2266
    810.8275	 218940.1406
    810.8494	 350550.3125
    810.8713	 380293.5625
    810.8932	 258319.7031
    810.9151	 134896.8594
    810.9370	  40664.6563
    810.9589	  11923.6416
    810.9808	   6214.4683
    811.0027	   3667.0959
    811.0246	    968.5766
    811.0467	      0.0000
    811.0686	      0.0000
    811.0906	      0.0000
    811.1125	      0.0000
    811.1344	      0.0000
    811.1563	      0.0000
    811.1782	      0.0000
    811.2001	      0.0000
    811.2220	   1312.2128
    811.2439	   2249.6965
    811.2659	   5025.4346
    811.2878	  20044.8496
    811.3097	  69531.1875
    811.3316	 143368.1250
    811.3535	 222684.0156
    811.3755	 227560.2656
    811.3974	 149760.5313
    811.4193	  75572.6875
    811.4412	  22266.8711
    811.4632	   5460.5991
    811.4851	   1870.0449
    811.5070	    220.1733
    811.5278	      0.0000
    811.5497	      0.0000
    811.5717	      0.0000
    811.5936	      0.0000
    811.6813	      0.0000
    811.7033	      0.0000
    811.7252	      0.0000
    811.7471	      0.0000
    811.7691	   1425.2291
    811.7910	   8129.5547
    811.8130	  28431.5879
    811.8349	  56575.0742
    811.8568	  86409.7031
    811.8788	  86517.2500
    811.9007	  56829.6914
    811.9227	  28920.8789
    811.9446	   8682.1797
    811.9666	   1484.8866
    811.9862	      0.0000
    812.0081	      0.0000
    812.0301	      0.0000
    812.0520	      0.0000
    812.1837	      0.0000
    812.2057	      0.0000
    812.2276	      0.0000
    812.2496	      0.0000
    812.2715	      0.0000
    812.2935	   3463.5742
    812.3155	  12607.2090
    812.3374	  24459.6914
    812.3594	  36646.9844
    812.3813	  36977.4883
    812.4033	  25256.5215
    812.4253	  13704.4912
    812.4472	   4663.1553
    812.4692	    400.7848
    812.4955	      0.0000
    812.5175	      0.0000
    812.5394	      0.0000
    812.5614	      0.0000
    812.6933	      0.0000
    812.7152	      0.0000
    812.7372	      0.0000
    812.7592	      0.0000
    812.7812	      0.0000
    812.8031	   1716.7130
    812.8251	   5109.3511
    812.8471	   8718.5410
    812.8691	  10909.9551
    812.8911	   8878.3271
    812.9131	   5500.3311
    812.9350	   2394.2178
    812.9570	    724.5820
    812.9790	      0.0000
    813.0010	      0.0000
    813.0230	      0.0000
    813.0450	      0.0000
    813.2429	      0.0000
    813.2649	      0.0000
    813.2869	      0.0000
    813.3089	      0.0000
    813.3309	   1008.1602
    813.3529	   2143.2781
    813.3749	   3053.9980
    813.3969	   3147.1665
    813.4189	   2369.1057
    813.4409	   1233.9696
    813.4630	      0.0000
    813.4850	      0.0000
    813.5070	      0.0000
    813.5290	      0.0000
    831.1994	      0.0000
    831.2221	      0.0000
    831.2448	      0.0000
    831.2676	      0.0000
    831.2903	    822.8822
    831.3130	   2148.3689
    831.3358	   4885.4111
    831.3585	   7788.4873
    831.3812	   7854.0269
    831.4040	   5019.1553
    831.4267	   2231.1641
    831.4495	    658.4733
    831.4722	      0.0000
    831.4949	      0.0000
    831.5177	      0.0000
    831.5404	      0.0000
    831.6997	      0.0000
    831.7224	      0.0000
    831.7452	      0.0000
    831.7679	      0.0000
    831.7907	    841.4236
    831.8134	   2552.1982
    831.8362	   5754.8291
    831.8589	   9188.2402
    831.8817	   9627.7158
    831.9045	   6419.9814
    831.9272	   3261.2310
    831.9500	    949.3391
    831.9727	      0.0000
    831.9955	      0.0000
    832.0183	      0.0000
    832.0410	      0.0000
    832.2232	      0.0000
    832.2460	      0.0000
    832.2687	      0.0000
    832.2915	      0.0000
    832.3143	   1278.6484
    832.3371	   2332.5542
    832.3598	   2927.8572
    832.3826	   2656.3372
    832.4054	   1722.8684
    832.4282	    721.0402
    832.4510	      0.0000
    832.4738	      0.0000
    832.4966	      0.0000
    832.5193	      0.0000
    838.2219	      0.0000
    838.2449	      0.0000
    838.2679	      0.0000
    838.2909	      0.0000
    838.3140	    907.6151
    838.3370	   2034.7236
    838.3600	   2839.8811
    838.3830	   2745.3081
    838.4061	   1852.5901
    838.4291	    825.4725
    838.4521	      0.0000
    838.4752	      0.0000
    838.4982	      0.0000
    838.5212	      0.0000
    838.7285	      0.0000
    838.7516	      0.0000
    838.7746	      0.0000
    838.7977	      0.0000
    838.8207	   1086.8411
    838.8438	   2041.7332
    838.8668	   2526.2930
    838.8898	   2165.8735
    838.9129	   1203.5282
    838.9360	      0.0000
    838.9590	      0.0000
    838.9821	      0.0000
    839.0051	      0.0000
    855.7093	      0.0000
    855.7330	      0.0000
    855.7568	      0.0000
    855.7805	      0.0000
    855.8043	   1164.3596
    855.8280	   2077.9810
    855.8518	   2563.2278
    855.8755	   2276.9294
    855.8993	   1423.3835
    855.9230	      0.0000
    855.9468	      0.0000
    855.9705	      0.0000
    855.9943	      0.0000
    856.2081	      0.0000
    856.2319	      0.0000
    856.2556	      0.0000
    856.2794	      0.0000
    856.3032	    939.2425
    856.3269	   1824.1666
    856.3507	   2341.7139
    856.3745	   2125.9578
    856.3983	   1323.8762
    856.4220	      0.0000
    856.4458	      0.0000
    856.4696	      0.0000
    856.4934	      0.0000
    874.2153	      0.0000
    874.2399	      0.0000
    874.2644	      0.0000
    874.2889	      0.0000
    874.3134	    729.0586
    874.3379	   2018.5295
    874.3625	   5042.8921
    874.3870	   7011.3638
    874.4115	   5934.2891
    874.4360	   3465.6252
    874.4606	   1152.0778
    874.4851	      0.0000
    874.5096	      0.0000
    874.5342	      0.0000
    874.5587	      0.0000
    874.7304	      0.0000
    874.7550	      0.0000
    874.7795	      0.0000
    874.8041	      0.0000
    874.8286	    843.3864
    874.8532	   1982.3093
    874.8777	   2973.9456
    874.9023	   3037.6296
    874.9268	   2120.5015
    874.9513	    911.4584
    874.9759	      0.0000
    875.0004	      0.0000
    875.0250	      0.0000
    875.0495	      0.0000
    875.2214	      0.0000
    875.2460	      0.0000
    875.2706	      0.0000
    875.2951	      0.0000
    875.3197	    626.3386
    875.3443	   1719.8185
    875.3688	   2741.1873
    875.3934	   2905.3843
    875.4180	   2090.2188
    875.4425	    931.3614
    875.4671	      0.0000
    875.4917	      0.0000
    875.5162	      0.0000
    875.5408	      0.0000
    876.7215	      0.0000
    876.7462	      0.0000
    876.7708	      0.0000
    876.7954	      0.0000
    876.8200	    704.0361
    876.8447	   1687.3519
    876.8693	   2403.0947
    876.8939	   2295.5269
    876.9186	   1467.1797
    876.9432	      0.0000
    876.9678	      0.0000
    876.9925	      0.0000
    877.0171	      0.0000
    882.2633	      0.0000
    882.2882	      0.0000
    882.3130	      0.0000
    882.3379	      0.0000
    882.3627	   1185.2908
    882.3876	   1905.0823
    882.4125	   2103.9709
    882.4373	   1657.2688
    882.4622	    904.3384
    882.4882	      0.0000
    882.5130	      0.0000
    882.5379	      0.0000
    882.5628	      0.0000
    883.1351	      0.0000
    883.1600	      0.0000
    883.1848	      0.0000
    883.2097	      0.0000
    883.2346	   1315.6261
    883.2595	   1682.2914
    883.2844	   2714.1597
    883.3093	  10409.5918
    883.3342	  36917.3906
    883.3591	  73417.8516
    883.3840	 111340.8672
    883.4090	 107461.8828
    883.4339	  68273.2109
    883.4588	  31676.6191
    883.4837	   8508.3555
    883.5086	   2388.4724
    883.5335	   1580.0277
    883.5573	      0.0000
    883.5822	      0.0000
    883.6071	      0.0000
    883.6320	      0.0000
    883.6569	      0.0000
    883.6819	      0.0000
    883.7068	      0.0000
    883.7317	      0.0000
    883.7573	   2488.7305
    883.7822	   2795.5461
    883.8071	   8513.6992
    883.8321	  29831.3105
    883.8570	  60945.7383
    883.8819	  93946.8281
    883.9068	  93489.7188
    883.9318	  60135.0508
    883.9567	  28837.7617
    883.9816	   7486.6440
    884.0065	   1715.3514
    884.0315	   1308.0726
    884.0548	      0.0000
    884.0797	      0.0000
    884.1046	      0.0000
    884.1296	      0.0000
    884.1794	      0.0000
    884.2044	      0.0000
    884.2293	      0.0000
    884.2543	      0.0000
    884.2792	   1640.5016
    884.3041	   5369.2407
    884.3291	  19720.1641
    884.3540	  42645.2695
    884.3790	  67216.1719
    884.4039	  71036.9375
    884.4289	  47610.7813
    884.4538	  24409.6426
    884.4788	   6801.3628
    884.5037	   1268.3267
    884.5255	      0.0000
    884.5505	      0.0000
    884.5754	      0.0000
    884.6004	      0.0000
    884.7002	      0.0000
    884.7252	      0.0000
    884.7501	      0.0000
    884.7751	      0.0000
    884.8001	    933.6985
    884.8250	   5024.9893
    884.8500	  13114.3330
    884.8750	  21780.5332
    884.8999	  24983.4961
    884.9249	  17498.1914
    884.9499	   9400.5254
    884.9748	   2733.6257
    884.9998	    664.7586
    885.0289	      0.0000
    885.0539	      0.0000
    885.0789	      0.0000
    885.1039	      0.0000
    885.2288	      0.0000
    885.2537	      0.0000
    885.2787	      0.0000
    885.3037	      0.0000
    885.3287	    712.2751
    885.3537	   3331.6060
    885.3787	   6226.3027
    885.4037	   8863.4316
    885.4286	   8199.3330
    885.4536	   5293.1187
    885.4786	   2524.3364
    885.5036	    803.2061
    885.5286	      0.0000
    885.5536	      0.0000
    885.5786	      0.0000
    885.6036	      0.0000
    885.7536	      0.0000
    885.7786	      0.0000
    885.8036	      0.0000
    885.8286	      0.0000
    885.8536	    712.7079
    885.8787	   1737.6987
    885.9037	   2470.7297
    885.9287	   2391.9500
    885.9537	   1592.8494
    885.9787	      0.0000
    886.0037	      0.0000
    886.0287	      0.0000
    886.0538	      0.0000
    900.2827	      0.0000
    900.3083	      0.0000
    900.3340	      0.0000
    900.3596	      0.0000
    900.3852	   1113.2764
    900.4108	   2095.1411
    900.4365	   2910.3066
    900.4621	   3046.1174
    900.4877	   2386.3628
    900.5134	   1337.3901
    900.5390	      0.0000
    900.5646	      0.0000
    900.5903	      0.0000
    900.6159	      0.0000
    902.7218	      0.0000
    902.7475	      0.0000
    902.7732	      0.0000
    902.7990	      0.0000
    902.8247	    773.6132
    902.8504	   1890.8585
    902.8762	   3160.8228
    902.9019	   3766.0562
    902.9276	   3312.4048
    902.9534	   2174.4731
    902.9791	   1079.1903
    903.0015	      0.0000
    903.0272	      0.0000
    903.0530	      0.0000
    903.0787	      0.0000
    903.1817	      0.0000
    903.2074	      0.0000
    903.2332	      0.0000
    903.2589	      0.0000
    903.2847	      0.0000
    903.3104	   1956.4095
    903.3362	   6113.0581
    903.3619	  10646.7979
    903.3877	  13968.1133
    903.4134	  11462.1299
    903.4392	   6951.3784
    903.4650	   2731.4067
    903.4907	    587.0283
    903.5199	      0.0000
    903.5456	      0.0000
    903.5714	      0.0000
    903.5971	      0.0000
    903.7002	      0.0000
    903.7260	      0.0000
    903.7517	      0.0000
    903.7775	      0.0000
    903.8033	    591.7811
    903.8291	   1804.9583
    903.8548	   4767.7979
    903.8806	   7056.5649
    903.9064	   6387.4209
    903.9322	   3869.3901
    903.9579	   1354.8149
    903.9837	      0.0000
    904.0095	      0.0000
    904.0353	      0.0000
    904.0611	      0.0000
    904.2416	      0.0000
    904.2674	      0.0000
    904.2932	      0.0000
    904.3190	      0.0000
    904.3448	   1636.8995
    904.3706	   2879.1975
    904.3964	   3552.5806
    904.4222	   3162.0100
    904.4480	   1980.9771
    904.4738	    775.9105
    904.4996	      0.0000
    904.5254	      0.0000
    904.5512	      0.0000
    904.5770	      0.0000
    909.7604	      0.0000
    909.7864	      0.0000
    909.8124	      0.0000
    909.8385	      0.0000
    909.8645	   1234.1827
    909.8905	   2596.8455
    909.9166	   3609.1008
    909.9426	   3598.8210
    909.9686	   2613.1213
    909.9947	   1338.7963
    910.0207	      0.0000
    910.0467	      0.0000
    910.0728	      0.0000
    910.0988	      0.0000
    910.2291	      0.0000
    910.2551	      0.0000
    910.2811	      0.0000
    910.3072	      0.0000
    910.3333	    902.0982
    910.3593	   2145.3796
    910.3854	   4507.2920
    910.4114	   6009.6157
    910.4375	   3313.0327
    910.4635	   1869.5485
    910.4896	    617.7786
    910.5157	      0.0000
    910.5417	      0.0000
    910.5678	      0.0000
    910.5938	      0.0000
    911.2197	      0.0000
    911.2458	      0.0000
    911.2719	      0.0000
    911.2980	      0.0000
    911.3241	    683.7114
    911.3502	   1720.4969
    911.3763	   3047.7756
    911.4024	   6521.4482
    911.4285	   5422.8887
    911.4546	   2512.1116
    911.4807	   1219.8169
    911.5093	      0.0000
    911.5354	      0.0000
    911.5615	      0.0000
    911.5876	      0.0000
    911.6398	      0.0000
    911.6659	      0.0000
    911.6920	      0.0000
    911.7181	      0.0000
    911.7443	   1472.7207
    911.7704	   3127.3772
    911.7965	   7120.7617
    911.8226	  23670.5020
    911.8487	  74113.6797
    911.8748	 134555.1250
    911.9010	 188597.4688
    911.9271	 162024.6406
    911.9532	  98061.6484
    911.9793	  39068.7656
    912.0054	  10095.1191
    912.0316	   2529.2800
    912.0577	    948.5413
    912.0829	      0.0000
    912.1091	      0.0000
    912.1352	      0.0000
    912.1613	      0.0000
    912.1874	      0.0000
    912.2136	      0.0000
    912.2397	   1596.3783
    912.2658	   3525.8049
    912.2920	   6662.5190
    912.3181	  19385.9395
    912.3443	  63624.0000
    912.3704	 123023.3984
    912.3965	 182796.0625
    912.4227	 170350.0781
    912.4488	 106361.7969
    912.4750	  47548.4727
    912.5011	  12985.3311
    912.5273	   3903.9668
    912.5534	   2418.8850
    912.5796	    775.5591
    912.6031	      0.0000
    912.6292	      0.0000
    912.6554	      0.0000
    912.6815	      0.0000
    912.7077	      0.0000
    912.7339	      0.0000
    912.7600	   1160.2719
    912.7862	   3189.8582
    912.8123	  11093.7744
    912.8385	  38848.9492
    912.8646	  81205.2969
    912.8908	 127019.7188
    912.9170	 130378.3594
    912.9431	  85642.2891
    912.9693	  42964.8281
    912.9955	  12501.9541
    913.0216	   3258.9678
    913.0478	   1208.5294
    913.0741	      0.0000
    913.1003	      0.0000
    913.1265	      0.0000
    913.1526	      0.0000
    913.1788	      0.0000
    913.2050	      0.0000
    913.2312	      0.0000
    913.2573	      0.0000
    913.2835	   1110.9993
    913.3097	   4482.3931
    913.3359	  14869.3330
    913.3621	  32852.5195
    913.3883	  52531.7813
    913.4144	  57930.8438
    913.4406	  40075.8242
    913.4668	  21501.0078
    913.4930	   6502.9937
    913.5192	   1426.0295
    913.5444	      0.0000
    913.5706	      0.0000
    913.5968	      0.0000
    913.6230	      0.0000
    913.7016	      0.0000
    913.7278	      0.0000
    913.7540	      0.0000
    913.7802	      0.0000
    913.8064	    476.3282
    913.8326	   3377.2598
    913.8588	   9291.3145
    913.8850	  15610.3252
    913.9112	  20382.2949
    913.9374	  17317.1113
    913.9636	  10819.6699
    913.9898	   4787.6377
    914.0161	   1001.6639
    914.0441	      0.0000
    914.0703	      0.0000
    914.0965	      0.0000
    914.1227	      0.0000
    919.7323	      0.0000
    919.7588	      0.0000
    919.7852	      0.0000
    919.8117	      0.0000
    919.8382	   1012.5416
    919.8646	   2016.6439
    919.8911	   2583.2573
    919.9176	   2284.7285
    919.9440	   1350.3879
    919.9705	      0.0000
    919.9970	      0.0000
    920.0234	      0.0000
    920.0499	      0.0000
    924.2466	      0.0000
    924.2733	      0.0000
    924.2999	      0.0000
    924.3266	      0.0000
    924.3532	   1014.7484
    924.3799	   2044.0245
    924.4066	   2676.3853
    924.4332	   2409.4114
    924.4599	   1454.2711
    924.4865	      0.0000
    924.5132	      0.0000
    924.5399	      0.0000
    924.5665	      0.0000
    932.7267	      0.0000
    932.7537	      0.0000
    932.7807	      0.0000
    932.8077	      0.0000
    932.8348	    626.7819
    932.8618	   1661.1309
    932.8888	   2926.2039
    932.9158	   3624.1270
    932.9429	   3232.5566
    932.9699	   2046.2061
    932.9969	    846.7714
    933.0240	      0.0000
    933.0510	      0.0000
    933.0780	      0.0000
    933.1051	      0.0000
    933.2403	      0.0000
    933.2673	      0.0000
    933.2944	      0.0000
    933.3214	      0.0000
    933.3485	   1273.6300
    933.3755	   2732.1287
    933.4025	   6193.7075
    933.4296	   6061.5430
    933.4566	   2720.8147
    933.4837	   1247.3459
    933.5108	      0.0000
    933.5378	      0.0000
    933.5649	      0.0000
    933.5919	      0.0000
    933.7543	      0.0000
    933.7814	      0.0000
    933.8084	      0.0000
    933.8355	      0.0000
    933.8626	   1116.5420
    933.8896	   2003.2441
    933.9167	   2309.3298
    933.9438	   1829.4440
    933.9708	    962.9936
    933.9980	      0.0000
    934.0250	      0.0000
    934.0521	      0.0000
    934.0792	      0.0000
    948.7643	      0.0000
    948.7921	      0.0000
    948.8198	      0.0000
    948.8475	      0.0000
    948.8752	   1250.6146
    948.9030	   2077.0681
    948.9307	   2350.2012
    948.9584	   1864.5747
    948.9861	    976.9704
    949.0139	      0.0000
    949.0416	      0.0000
    949.0694	      0.0000
    949.0971	      0.0000
    982.2810	      0.0000
    982.3102	      0.0000
    982.3395	      0.0000
    982.3687	      0.0000
    982.3979	   1183.2214
    982.4271	   2351.7534
    982.4563	   3072.6343
    982.4855	   2790.1794
    982.5147	   1727.8499
    982.5439	      0.0000
    982.5731	      0.0000
    982.6023	      0.0000
    982.6316	      0.0000
    982.7777	      0.0000
    982.8069	      0.0000
    982.8361	      0.0000
    982.8653	      0.0000
    982.8946	    926.0706
    982.9238	   1972.9226
    982.9530	   2585.8103
    982.9823	   2295.3167
    983.0115	   1333.2401
    983.0407	      0.0000
    983.0700	      0.0000
    983.0992	      0.0000
    983.1284	      0.0000
    983.7428	      0.0000
    983.7720	      0.0000
    983.8013	      0.0000
    983.8306	      0.0000
    983.8598	    825.0682
    983.8891	   1984.4523
    983.9184	   2826.9995
    983.9477	   2710.4941
    983.9769	   1761.7745
    984.0141	      0.0000
    984.0434	      0.0000
    984.0726	      0.0000
    984.1019	      0.0000
    984.2191	      0.0000
    984.2483	      0.0000
    984.2776	      0.0000
    984.3069	      0.0000
    984.3362	   1290.1333
    984.3655	   4808.1289
    984.3948	   8724.1621
    984.4241	  11625.2305
    984.4534	   9233.9512
    984.4827	   5457.6499
    984.5120	   1824.5887
    984.5358	      0.0000
    984.5651	      0.0000
    984.5944	      0.0000
    984.6237	      0.0000
    984.6824	      0.0000
    984.7117	      0.0000
    984.7410	      0.0000
    984.7703	      0.0000
    984.7996	   1825.2756
    984.8289	   6235.7578
    984.8582	  21123.6699
    984.8876	  44555.4297
    984.9169	  69689.5625
    984.9462	  72428.2656
    984.9755	  47955.2734
    985.0048	  24256.1250
    985.0342	   6350.7212
    985.0635	    875.8495
    985.0895	      0.0000
    985.1188	      0.0000
    985.1481	      0.0000
    985.1775	      0.0000
    985.2068	      0.0000
    985.2361	      0.0000
    985.2655	      0.0000
    985.2948	   1779.0715
    985.3241	   5412.7256
    985.3535	  19542.2949
    985.3828	  43554.3906
    985.4121	  69334.5547
    985.4415	  75346.9453
    985.4708	  51317.8672
    985.5002	  26835.8047
    985.5295	   7574.9116
    985.5589	   1503.1740
    985.5865	      0.0000
    985.6159	      0.0000
    985.6452	      0.0000
    985.6746	      0.0000
    985.7039	      0.0000
    985.7333	      0.0000
    985.7626	      0.0000
    985.7920	    371.1158
    985.8214	   2863.8215
    985.8507	  11657.9072
    985.8801	  26946.2500
    985.9095	  43234.1641
    985.9388	  48893.5859
    985.9682	  34544.9258
    985.9975	  18860.2402
    986.0269	   5712.8149
    986.0563	   1107.2360
    986.0862	      0.0000
    986.1155	      0.0000
    986.1449	      0.0000
    986.1743	      0.0000
    986.2036	      0.0000
    986.2330	      0.0000
    986.2624	      0.0000
    986.2918	      0.0000
    986.3212	    957.5989
    986.3505	   4800.8872
    986.3799	  11787.6064
    986.4093	  19102.3652
    986.4387	  21752.2129
    986.4681	  15229.2451
    986.4975	   8035.3857
    986.5269	   2013.8997
    986.5563	     50.6579
    986.5878	      0.0000
    986.6172	      0.0000
    986.6466	      0.0000
    986.6760	      0.0000
    986.7642	      0.0000
    986.7936	      0.0000
    986.8230	      0.0000
    986.8524	      0.0000
    986.8818	   1706.0385
    986.9112	   2679.6421
    986.9406	   2942.3506
    986.9700	   2257.5757
    986.9994	   1098.4023
    987.0289	      0.0000
    987.0583	      0.0000
    987.0877	      0.0000
    987.1171	      0.0000
    990.2723	      0.0000
    990.3019	      0.0000
    990.3315	      0.0000
    990.3610	      0.0000
    990.3906	   1820.0497
    990.4201	   2746.3655
    990.4497	   3041.7778
    990.4793	   2427.5559
    990.5088	   1280.6674
    990.5384	      0.0000
    990.5680	      0.0000
    990.5976	      0.0000
    990.6271	      0.0000
    990.7750	      0.0000
    990.8046	      0.0000
    990.8342	      0.0000
    990.8638	      0.0000
    990.8934	   1458.5081
    990.9229	   2684.6653
    990.9525	   3244.0972
    990.9821	   2724.0947
    991.0117	   1557.2522
    991.0413	      0.0000
    991.0709	      0.0000
    991.1005	      0.0000
    991.1301	      0.0000
    991.2485	      0.0000
    991.2781	      0.0000
    991.3077	      0.0000
    991.3373	      0.0000
    991.3669	   1102.3740
    991.3965	   2340.8506
    991.4261	   3244.8123
    991.4557	   3165.0923
    991.4854	   2189.6504
    991.5150	   1017.2489
    991.5457	      0.0000
    991.5753	      0.0000
    991.6050	      0.0000
    991.6346	      0.0000
    992.5831	      0.0000
    992.6127	      0.0000
    992.6424	      0.0000
    992.6721	      0.0000
    992.7017	   1858.1639
    992.7314	   2989.2490
    992.7611	   4400.0264
    992.7907	   4572.3999
    992.8204	  11690.4512
    992.8501	  40924.9219
    992.8798	  94512.7891
    992.9094	 152167.9219
    992.9391	 168518.8281
    992.9688	 116112.3281
    992.9985	  61606.8594
    993.0282	  17519.1816
    993.0578	   4008.0205
    993.0875	   2972.6475
    993.1172	   1262.4171
    993.1461	      0.0000
    993.1758	      0.0000
    993.2055	      0.0000
    993.2352	    989.5243
    993.2649	   4650.6304
    993.2946	   5564.7192
    993.3243	  15496.9551
    993.3540	  53333.0586
    993.3836	 113827.9375
    993.4133	 178248.5156
    993.4430	 187261.3594
    993.4727	 125043.4375
    993.5025	  63616.8047
    993.5322	  17855.1387
    993.5619	   4456.0396
    993.5916	   3274.0420
    993.6213	    751.2215
    993.6506	      0.0000
    993.6803	      0.0000
    993.7100	      0.0000
    993.7398	      0.0000
    993.7695	   2273.3394
    993.7992	   3725.7275
    993.8289	  13792.6230
    993.8586	  47116.7422
    993.8883	  93385.0781
    993.9181	 141618.0938
    993.9478	 139902.6094
    993.9775	  90725.2031
    994.0072	  44012.3320
    994.0370	  12323.6123
    994.0667	   2982.2949
    994.0964	   1676.5515
    994.1268	      0.0000
    994.1565	      0.0000
    994.1862	      0.0000
    994.2160	      0.0000
    994.2457	      0.0000
    994.2754	      0.0000
    994.3052	   1741.6388
    994.3349	   7365.5234
    994.3647	  23472.9551
    994.3944	  43572.7773
    994.4241	  63465.7188
    994.4539	  59384.9570
    994.4836	  37641.2695
    994.5134	  17160.6270
    994.5431	   4391.7993
    994.5729	    465.0408
    994.6013	      0.0000
    994.6311	      0.0000
    994.6608	      0.0000
    994.6906	      0.0000
    994.7203	      0.0000
    994.7501	      0.0000
    994.7798	      0.0000
    994.8096	    663.2327
    994.8394	   3686.7515
    994.8691	  10974.9219
    994.8989	  19045.0254
    994.9287	  26070.0371
    994.9584	  22611.4512
    994.9882	  13941.2988
    995.0180	   5820.7427
    995.0477	   1283.9366
    995.0783	      0.0000
    995.1080	      0.0000
    995.1378	      0.0000
    995.1676	      0.0000
    995.2569	      0.0000
    995.2867	      0.0000
    995.3165	      0.0000
    995.3463	      0.0000
    995.3761	   1249.6658
    995.4059	   2575.3665
    995.4357	   5756.5366
    995.4654	   6377.2344
    995.4952	   3242.2554
    995.5250	   1864.9619
    995.5548	      0.0000
    995.5846	      0.0000
    995.6144	      0.0000
    995.6442	      0.0000
   1000.2493	      0.0000
   1000.2793	      0.0000
   1000.3093	      0.0000
   1000.3393	      0.0000
   1000.3693	   1625.6912
   1000.3993	   2393.9268
   1000.4293	   2507.6277
   1000.4594	   1923.3060
   1000.4894	   1036.4858
   1000.5194	      0.0000
   1000.5494	      0.0000
   1000.5794	      0.0000
   1000.6095	      0.0000
   1014.2578	      0.0000
   1014.2884	      0.0000
   1014.3190	      0.0000
   1014.3497	      0.0000
   1014.3803	    919.5154
   1014.4110	   1921.1536
   1014.4416	   2430.0276
   1014.4723	   2054.0920
   1014.5029	   1125.8839
   1014.5336	      0.0000
   1014.5642	      0.0000
   1014.5949	      0.0000
   1014.6255	      0.0000
   1014.7482	      0.0000
   1014.7788	      0.0000
   1014.8095	      0.0000
   1014.8401	      0.0000
   1014.8708	   1075.7725
   1014.9015	   2167.1875
   1014.9322	   2968.1802
   1014.9628	   2881.7871
   1014.9935	   1951.6882
   1015.0242	    825.2277
   1015.0594	      0.0000
   1015.0901	      0.0000
   1015.1208	      0.0000
   1015.1515	      0.0000
   1058.6878	      0.0000
   1058.7204	      0.0000
   1058.7531	      0.0000
   1058.7858	      0.0000
   1058.8185	    984.9945
   1058.8512	   3935.1833
   1058.8838	  13075.7207
   1058.9165	  23733.4082
   1058.9492	  32941.2148
   1058.9819	  27545.2285
   1059.0146	  16319.3447
   1059.0473	   5773.9224
   1059.0800	   1004.8119
   1059.1128	      0.0000
   1059.1455	      0.0000
   1059.1782	      0.0000
   1059.2109	      0.0000
   1059.2436	      0.0000
   1059.2763	      0.0000
   1059.3090	    699.3399
   1059.3417	   4011.8772
   1059.3744	  13108.5107
   1059.4071	  26194.1426
   1059.4398	  39976.3672
   1059.4725	  39297.0234
   1059.5052	  25224.1445
   1059.5379	  12022.7520
   1059.5707	   2965.2351
   1059.6034	    227.6081
   1059.6286	      0.0000
   1059.6613	      0.0000
   1059.6941	      0.0000
   1059.7268	      0.0000
   1059.7595	      0.0000
   1059.7922	      0.0000
   1059.8250	    935.1851
   1059.8577	   4572.2231
   1059.8904	  10879.5254
   1059.9231	  17860.4805
   1059.9559	  20215.7598
   1059.9886	  14193.6602
   1060.0213	   7655.6802
   1060.0541	   2198.7466
   1060.0868	    110.7834
   1060.1223	      0.0000
   1060.1551	      0.0000
   1060.1878	      0.0000
   1060.2206	      0.0000
   1060.2533	      0.0000
   1060.2861	      0.0000
   1060.3188	      0.0000
   1060.3516	   1733.4973
   1060.3843	   4798.0649
   1060.4171	   8319.1240
   1060.4498	  10956.5283
   1060.4826	   8522.8906
   1060.5153	   4723.2261
   1060.5481	   1026.2250
   1060.5809	      0.0000
   1060.6136	      0.0000
   1060.6464	      0.0000
   1060.6792	      0.0000
   1060.7775	      0.0000
   1060.8102	      0.0000
   1060.8430	      0.0000
   1060.8758	      0.0000
   1060.9086	   1623.7518
   1060.9413	   2483.3333
   1060.9741	   2645.3003
   1061.0069	   1980.4978
   1061.0397	    972.2135
   1061.0725	      0.0000
   1061.1052	      0.0000
   1061.1380	      0.0000
   1061.1708	      0.0000
   1063.7659	      0.0000
   1063.7988	      0.0000
   1063.8317	      0.0000
   1063.8647	      0.0000
   1063.8976	   1002.1194
   1063.9305	   2238.2505
   1063.9634	   3380.5017
   1063.9963	   3552.6265
   1064.0292	   2581.4141
   1064.0622	   1196.2189
   1064.0951	      0.0000
   1064.1280	      0.0000
   1064.1610	      0.0000
   1064.1939	      0.0000
   1064.7209	      0.0000
   1064.7539	      0.0000
   1064.7869	      0.0000
   1064.8198	      0.0000
   1064.8528	    763.5947
   1064.8857	   2060.9963
   1064.9187	   5098.1045
   1064.9517	   7334.2417
   1064.9846	   6738.1201
   1065.0176	   4221.5205
   1065.0506	   1589.3937
   1065.0835	      0.0000
   1065.1165	      0.0000
   1065.1495	      0.0000
   1065.1825	      0.0000
   1065.2154	      0.0000
   1065.2484	      0.0000
   1065.2814	      0.0000
   1065.3144	      0.0000
   1065.3473	   1266.4387
   1065.3803	   3510.4600
   1065.4133	   6161.1909
   1065.4463	   7727.8765
   1065.4793	   5850.8989
   1065.5123	   3205.2014
   1065.5453	    886.5540
   1065.5838	      0.0000
   1065.6168	      0.0000
   1065.6498	      0.0000
   1065.6828	      0.0000
   1065.7158	      0.0000
   1065.7488	      0.0000
   1065.7818	      0.0000
   1065.8148	   1817.4320
   1065.8478	   6381.4932
   1065.8808	  21506.0566
   1065.9138	  43811.6484
   1065.9468	  67750.1641
   1065.9798	  67441.7813
   1066.0129	  42931.4219
   1066.0459	  20223.4824
   1066.0789	   4836.3013
   1066.1119	    306.3671
   1066.1406	      0.0000
   1066.1736	      0.0000
   1066.2066	      0.0000
   1066.2396	      0.0000
   1066.2727	      0.0000
   1066.3057	   1728.3917
   1066.3387	   5643.8613
   1066.3717	  18709.3750
   1066.4048	  41865.7383
   1066.4378	  67399.4219
   1066.4708	  73666.0156
   1066.5039	  49641.0547
   1066.5369	  25453.6953
   1066.5700	   6683.3169
   1066.6030	    781.0150
   1066.6380	      0.0000
   1066.6710	      0.0000
   1066.7041	      0.0000
   1066.7371	      0.0000
   1066.7702	      0.0000
   1066.8032	    282.4963
   1066.8363	   3868.6228
   1066.8693	  12889.4521
   1066.9024	  30479.0098
   1066.9354	  50051.6758
   1066.9685	  58077.1016
   1067.0016	  41080.1328
   1067.0346	  22354.6133
   1067.0677	   6460.4692
   1067.1007	   1309.7142
   1067.1260	      0.0000
   1067.1591	      0.0000
   1067.1922	      0.0000
   1067.2252	      0.0000
   1067.2583	      0.0000
   1067.2914	      0.0000
   1067.3245	    404.3773
   1067.3575	   3493.1304
   1067.3906	  11664.9150
   1067.4237	  20991.5273
   1067.4568	  28633.8418
   1067.4899	  23388.3574
   1067.5229	  13834.7139
   1067.5560	   5122.1763
   1067.5891	   1053.0734
   1067.6269	      0.0000
   1067.6600	      0.0000
   1067.6931	      0.0000
   1067.7261	      0.0000
   1067.7592	      0.0000
   1067.7923	      0.0000
   1067.8254	      0.0000
   1067.8585	    848.9233
   1067.8916	   2045.8806
   1067.9247	   4414.2612
   1067.9578	   6356.1567
   1067.9909	   3246.2402
   1068.0240	   1632.9467
   1068.0572	      0.0000
   1068.0903	      0.0000
   1068.1234	      0.0000
   1068.1565	      0.0000
   1068.2558	      0.0000
   1068.2890	      0.0000
   1068.3221	      0.0000
   1068.3552	      0.0000
   1068.3883	   1528.7000
   1068.4214	   2631.1389
   1068.4546	   3202.3027
   1068.4877	   2739.9646
   1068.5208	   1544.1840
   1068.5540	      0.0000
   1068.5871	      0.0000
   1068.6202	      0.0000
   1068.6534	      0.0000
   1071.2760	      0.0000
   1071.3092	      0.0000
   1071.3425	      0.0000
   1071.3758	      0.0000
   1071.4090	   1171.1398
   1071.4423	   1962.7252
   1071.4756	   2315.1982
   1071.5088	   1974.3750
   1071.5421	   1161.2444
   1071.5754	      0.0000
   1071.6087	      0.0000
   1071.6419	      0.0000
   1071.6752	      0.0000
   1072.2744	      0.0000
   1072.3078	      0.0000
   1072.3411	      0.0000
   1072.3744	      0.0000
   1072.4077	   1148.7604
   1072.4410	   2142.2754
   1072.4743	   2741.0684
   1072.5076	   2526.4153
   1072.5409	   1669.4478
   1072.5743	      0.0000
   1072.6076	      0.0000
   1072.6409	      0.0000
   1072.6742	      0.0000
   1073.2410	      0.0000
   1073.2743	      0.0000
   1073.3077	      0.0000
   1073.3410	      0.0000
   1073.3744	   1012.5409
   1073.4077	   2350.8723
   1073.4411	   3641.5769
   1073.4744	   5747.6460
   1073.5078	   2965.0964
   1073.5412	   1594.7202
   1073.5817	      0.0000
   1073.6150	      0.0000
   1073.6484	      0.0000
   1073.6818	      0.0000
   1073.7151	      0.0000
   1073.7485	   1631.0884
   1073.7819	   2317.1003
   1073.8153	   3686.8560
   1073.8486	  10368.5479
   1073.8820	  32970.2930
   1073.9154	  63612.8086
   1073.9488	  95018.8203
   1073.9822	  89016.0781
   1074.0155	  55043.3555
   1074.0489	  24060.1504
   1074.0823	   5297.5859
   1074.1157	      0.0000
   1074.1445	      0.0000
   1074.1779	      0.0000
   1074.2113	      0.0000
   1074.2447	   1913.4208
   1074.2781	   1992.2130
   1074.3115	   4015.9961
   1074.3449	  12573.9229
   1074.3783	  40997.8242
   1074.4117	  81013.2969
   1074.4451	 123087.2422
   1074.4785	 117976.5781
   1074.5119	  74001.7266
   1074.5453	  33912.7656
   1074.5787	   8712.4854
   1074.6122	   1480.2269
   1074.6434	      0.0000
   1074.6768	      0.0000
   1074.7102	      0.0000
   1074.7436	      0.0000
   1074.7770	      0.0000
   1074.8105	   1544.3339
   1074.8439	   7848.4956
   1074.8773	  26662.5156
   1074.9107	  52931.4648
   1074.9442	  80713.3359
   1074.9776	  77457.7266
   1075.0110	  48628.1680
   1075.0445	  22518.5215
   1075.0779	   5831.9907
   1075.1113	    891.5704
   1075.1420	      0.0000
   1075.1754	      0.0000
   1075.2089	      0.0000
   1075.2423	      0.0000
   1075.2758	      0.0000
   1075.3092	    254.4208
   1075.3427	   3695.4331
   1075.3761	  13494.4268
   1075.4096	  27573.4824
   1075.4430	  42746.3008
   1075.4765	  42278.2422
   1075.5099	  27028.1465
   1075.5434	  12936.2021
   1075.5768	   3507.9707
   1075.6103	    676.2007
   1075.6453	      0.0000
   1075.6787	      0.0000
   1075.7122	      0.0000
   1075.7457	      0.0000
   1075.7791	      0.0000
   1075.8126	      0.0000
   1075.8461	   1426.4492
   1075.8796	   5287.7070
   1075.9130	  10507.6602
   1075.9465	  16166.0830
   1075.9800	  16092.5225
   1076.0135	  10420.6084
   1076.0469	   5165.5386
   1076.0804	   1283.7410
   1076.1148	      0.0000
   1076.1483	      0.0000
   1076.1818	      0.0000
   1076.2153	      0.0000
   1076.2488	      0.0000
   1076.2823	      0.0000
   1076.3158	      0.0000
   1076.3493	    972.1672
   1076.3828	   2854.4290
   1076.4163	   5470.8682
   1076.4498	   7967.5078
   1076.4833	   7089.0376
   1076.5168	   4240.1543
   1076.5503	   1482.0787
   1076.5838	      0.0000
   1076.6173	      0.0000
   1076.6508	      0.0000
   1076.6843	      0.0000
   1131.2534	      0.0000
   1131.2895	      0.0000
   1131.3255	      0.0000
   1131.3616	      0.0000
   1131.3977	   1158.0632
   1131.4338	   2159.1672
   1131.4699	   2615.9016
   1131.5060	   2188.8208
   1131.5421	   1245.4531
   1131.5877	      0.0000
   1131.6238	      0.0000
   1131.6600	      0.0000
   1131.6961	      0.0000
   1131.7322	      0.0000
   1131.7683	      0.0000
   1131.8044	      0.0000
   1131.8405	      0.0000
   1131.8766	   1754.5823
   1131.9128	   5846.1265
   1131.9489	  10369.6777
   1131.9850	  13194.2637
   1132.0211	   9833.2471
   1132.0573	   5490.3789
   1132.0934	   1311.0840
   1132.1220	      0.0000
   1132.1581	      0.0000
   1132.1943	      0.0000
   1132.2304	      0.0000
   1132.2665	      0.0000
   1132.3027	      0.0000
   1132.3388	    652.9243
   1132.3750	   2814.5166
   1132.4111	   8822.7275
   1132.4473	  15197.4863
   1132.4834	  19634.0234
   1132.5196	  15010.5244
   1132.5557	   8555.8398
   1132.5919	   2461.0391
   1132.6280	    317.5284
   1132.6517	      0.0000
   1132.6878	      0.0000
   1132.7240	      0.0000
   1132.7602	      0.0000
   1132.7963	      0.0000
   1132.8325	      0.0000
   1132.8687	   2106.2896
   1132.9048	   7199.1367
   1132.9410	  12387.8838
   1132.9772	  15816.7705
   1133.0133	  12133.3818
   1133.0495	   7010.3101
   1133.0857	   2308.6328
   1133.1219	    506.1974
   1133.1686	      0.0000
   1133.2048	      0.0000
   1133.2410	      0.0000
   1133.2771	      0.0000
   1133.3133	      0.0000
   1133.3495	    905.5402
   1133.3857	   2193.0137
   1133.4219	   5202.0435
   1133.4581	   8387.6875
   1133.4943	   8601.5566
   1133.5305	   5457.6680
   1133.5667	   2419.1538
   1133.6029	    863.5858
   1133.6391	      0.0000
   1133.6753	      0.0000
   1133.7115	      0.0000
   1133.7477	      0.0000
   1133.7839	      0.0000
   1133.8202	      0.0000
   1133.8564	      0.0000
   1133.8926	   1044.6407
   1133.9288	   2310.7236
   1133.9650	   3368.0266
   1134.0012	   3448.8162
   1134.0375	   2469.8206
   1134.0737	   1154.1980
   1134.1136	      0.0000
   1134.1499	      0.0000
   1134.1861	      0.0000
   1134.2223	      0.0000
   1139.6768	      0.0000
   1139.7133	      0.0000
   1139.7498	      0.0000
   1139.7863	      0.0000
   1139.8228	    424.7898
   1139.8593	   2553.4563
   1139.8958	   9286.2666
   1139.9323	  17468.4277
   1139.9688	  24855.4180
   1140.0053	  21555.5313
   1140.0418	  13032.2227
   1140.0783	   4978.1929
   1140.1149	    559.9612
   1140.1501	      0.0000
   1140.1866	      0.0000
   1140.2231	      0.0000
   1140.2597	      0.0000
   1140.2962	      0.0000
   1140.3327	    700.0665
   1140.3692	   4437.6743
   1140.4058	  14078.3105
   1140.4423	  24320.2285
   1140.4788	  32003.1289
   1140.5154	  25243.0801
   1140.5519	  14553.6982
   1140.5884	   4512.8594
   1140.6250	    162.5224
   1140.6636	      0.0000
   1140.7001	      0.0000
   1140.7367	      0.0000
   1140.7732	      0.0000
   1140.8098	      0.0000
   1140.8463	   1501.5742
   1140.8829	   6490.8521
   1140.9194	  15091.1807
   1140.9560	  24412.7031
   1140.9925	  27902.2734
   1141.0291	  19648.2480
   1141.0656	  10498.4268
   1141.1022	   2696.3564
   1141.1388	      3.9062
   1141.1680	      0.0000
   1141.2045	      0.0000
   1141.2411	      0.0000
   1141.2777	      0.0000
   1141.3142	      0.0000
   1141.3508	    336.5834
   1141.3874	   3194.6855
   1141.4240	   7356.6523
   1141.4606	  11732.6602
   1141.4971	  12226.8760
   1141.5337	   7829.9678
   1141.5703	   3538.0017
   1141.6069	    530.0455
   1141.6463	      0.0000
   1141.6829	      0.0000
   1141.7195	      0.0000
   1141.7561	      0.0000
   1141.7927	      0.0000
   1141.8293	      0.0000
   1141.8659	      0.0000
   1141.9025	   1620.4382
   1141.9391	   2631.7173
   1141.9757	   3144.1963
   1142.0123	   2786.5737
   1142.0489	   1798.9581
   1142.0925	      0.0000
   1142.1291	      0.0000
   1142.1657	      0.0000
   1142.2023	      0.0000
   1146.6825	      0.0000
   1146.7194	      0.0000
   1146.7562	      0.0000
   1146.7930	      0.0000
   1146.8299	    850.4549
   1146.8667	   3377.6277
   1146.9036	  11755.6143
   1146.9404	  23383.9336
   1146.9773	  34979.5938
   1147.0141	  32771.2539
   1147.0509	  20461.1992
   1147.0878	   8846.3623
   1147.1246	   1278.9016
   1147.1617	      0.0000
   1147.1986	      0.0000
   1147.2354	      0.0000
   1147.2723	      0.0000
   1147.3091	    893.3295
   1147.3460	   2051.5437
   1147.3829	   6933.4556
   1147.4197	  18953.2441
   1147.4566	  31733.4609
   1147.4935	  39571.0625
   1147.5303	  29744.8184
   1147.5672	  16818.7949
   1147.6041	   4361.5869
   1147.6410	      0.0000
   1147.6707	      0.0000
   1147.7076	      0.0000
   1147.7444	      0.0000
   1147.7813	      0.0000
   1147.8182	    508.5067
   1147.8551	   2491.8938
   1147.8920	  10211.7920
   1147.9289	  22273.7891
   1147.9658	  34918.6211
   1148.0027	  36953.3594
   1148.0396	  24718.7500
   1148.0765	  12280.3496
   1148.1134	   3199.4944
   1148.1503	    618.9160
   1148.1851	      0.0000
   1148.2221	      0.0000
   1148.2590	      0.0000
   1148.2959	      0.0000
   1148.3328	      0.0000
   1148.3697	   1962.7665
   1148.4066	   7299.8286
   1148.4435	  12428.1982
   1148.4804	  15883.6113
   1148.5174	  12352.9648
   1148.5543	   7140.0967
   1148.5912	   2115.7502
   1148.6281	    245.1225
   1148.6671	      0.0000
   1148.7040	      0.0000
   1148.7409	      0.0000
   1148.7779	      0.0000
   1148.8148	      0.0000
   1148.8517	      0.0000
   1148.8887	   1758.8065
   1148.9256	   5201.3784
   1148.9625	   8803.7334
   1148.9995	  10166.7861
   1149.0364	   7003.3081
   1149.0734	   3484.5500
   1149.1103	    817.9186
   1149.1516	      0.0000
   1149.1886	      0.0000
   1149.2255	      0.0000
   1149.2625	      0.0000
   1154.6770	      0.0000
   1154.7143	      0.0000
   1154.7515	      0.0000
   1154.7887	      0.0000
   1154.8259	    382.3600
   1154.8632	   2149.8879
   1154.9004	   7997.3848
   1154.9376	  15803.7754
   1154.9748	  23236.8926
   1155.0121	  21455.9941
   1155.0493	  13419.2246
   1155.0865	   5748.4072
   1155.1238	    762.9205
   1155.1566	      0.0000
   1155.1939	      0.0000
   1155.2311	      0.0000
   1155.2683	      0.0000
   1155.3056	      0.0000
   1155.3428	   1368.7328
   1155.3801	   6263.5347
   1155.4173	  16237.9961
   1155.4546	  26757.5879
   1155.4919	  31368.7676
   1155.5291	  22611.7129
   1155.5664	  12401.5654
   1155.6036	   3533.3916
   1155.6409	    620.4554
   1155.6708	      0.0000
   1155.7081	      0.0000
   1155.7454	      0.0000
   1155.7826	      0.0000
   1155.8199	      0.0000
   1155.8572	   1237.2728
   1155.8945	   7329.1362
   1155.9317	  14358.2500
   1155.9690	  20904.9707
   1156.0063	  18797.1289
   1156.0436	  11641.7441
   1156.0809	   4879.7549
   1156.1182	   1268.0536
   1156.1702	      0.0000
   1156.2075	      0.0000
   1156.2448	      0.0000
   1156.2821	      0.0000
   1156.3194	      0.0000
   1156.3567	    188.6980
   1156.3940	   2272.4529
   1156.4313	   6160.2949
   1156.4686	  10167.8594
   1156.5059	  11226.3301
   1156.5432	   7463.4956
   1156.5805	   3431.0928
   1156.6178	    367.2678
   1156.6477	      0.0000
   1156.6851	      0.0000
   1156.7224	      0.0000
   1156.7597	      0.0000
   1156.7970	      0.0000
   1156.8343	      0.0000
   1156.8717	    889.3251
   1156.9090	   2959.8606
   1156.9463	   5354.6792
   1156.9836	   7594.0757
   1157.0210	   6765.6650
   1157.0583	   3972.7507
   1157.0956	   1526.1121
   1157.1321	      0.0000
   1157.1694	      0.0000
   1157.2067	      0.0000
   1157.2441	      0.0000
   1603.2892	      0.0000
   1603.3501	      0.0000
   1603.4110	      0.0000
   1603.4719	      0.0000
   1603.5328	   1351.9409
   1603.5937	   2640.1150
   1603.6546	   3537.7239
   1603.7155	   3452.5881
   1603.7764	   2442.7866
   1603.8373	   1175.7885
   1603.8983	      0.0000
   1603.9592	      0.0000
   1604.0201	      0.0000
   1604.0811	      0.0000
   1620.3526	      0.0000
   1620.4145	      0.0000
   1620.4764	      0.0000
   1620.5382	      0.0000
   1620.6001	   1564.6436
   1620.6620	   2708.0737
   1620.7239	   3131.8711
   1620.7858	   2549.9216
   1620.8477	   1437.4995
   1620.9096	      0.0000
   1620.9715	      0.0000
   1621.0334	      0.0000
   1621.0953	      0.0000
   2691.9895	      0.0000
   2692.1219	      0.0000
   2692.2544	      0.0000
   2692.3870	      0.0000
