# ljz_20131022_MR_Chym1_ELUTE.mzML
#
# index: 4226
# id: controllerType=0 controllerNumber=1 scan=10341
# scanNumber: 10341
# massAnalyzerType: quadrupole
# scanEvent: 2
# msLevel: 2
# retentionTime: 2580.81
# filterString: FTMS + p NSI d Full ms2 420.19@hcd28.00 [100.00-1305.00]
# mzLow: 99.0036
# mzHigh: 1318.33
# basePeakMZ: 110.072
# basePeakIntensity: 86068.1
# totalIonCurrent: 701053
# precursorCount: 1
# precursor 0: 420.194 1.49179e+006
# binary (1935): 
     99.0036	      0.0000
     99.0045	      0.0000
     99.0055	      0.0000
     99.0064	      0.0000
    100.0167	      0.0000
    100.0177	      0.0000
    100.0186	      0.0000
    100.0196	      0.0000
    100.0205	    483.6044
    100.0215	    851.9985
    100.0224	   1052.1759
    100.0234	    959.4968
    100.0243	    639.6039
    100.0253	      0.0000
    100.0262	      0.0000
    100.0272	      0.0000
    100.0281	      0.0000
    103.0152	      0.0000
    103.0162	      0.0000
    103.0172	      0.0000
    103.0182	      0.0000
    103.0192	    306.5709
    103.0202	    772.1093
    103.0211	   1146.2412
    103.0221	   1167.5101
    103.0231	    828.2465
    103.0241	    371.6403
    103.0251	      0.0000
    103.0261	      0.0000
    103.0271	      0.0000
    103.0281	      0.0000
    105.0594	      0.0000
    105.0604	      0.0000
    105.0614	      0.0000
    105.0625	      0.0000
    105.0635	    304.2134
    105.0645	    971.3265
    105.0655	   1766.8252
    105.0665	   2214.5398
    105.0676	   2018.2142
    105.0686	   1340.9103
    105.0696	    645.5264
    105.0709	      0.0000
    105.0719	      0.0000
    105.0729	      0.0000
    105.0739	      0.0000
    110.0596	      0.0000
    110.0607	      0.0000
    110.0618	      0.0000
    110.0629	      0.0000
    110.0640	    510.5155
    110.0651	   1010.7161
    110.0662	   2692.6309
    110.0673	   4396.9321
    110.0684	  10536.2344
    110.0695	  30801.4688
    110.0706	  58021.1563
    110.0717	  84715.2969
    110.0728	  77248.6563
    110.0739	  47296.7813
    110.0750	  19573.0469
    110.0761	   3683.1838
    110.0772	    109.1613
    110.0780	      0.0000
    110.0791	      0.0000
    110.0802	      0.0000
    110.0812	      0.0000
    111.0672	      0.0000
    111.0683	      0.0000
    111.0695	      0.0000
    111.0706	      0.0000
    111.0717	    476.0901
    111.0728	   1307.4883
    111.0739	   3173.8381
    111.0750	   4445.5723
    111.0761	   3755.7336
    111.0772	   2267.1382
    111.0783	    817.5870
    111.0795	    293.1152
    111.0805	      0.0000
    111.0816	      0.0000
    111.0827	      0.0000
    111.0839	      0.0000
    115.0143	      0.0000
    115.0155	      0.0000
    115.0167	      0.0000
    115.0178	      0.0000
    115.0190	    363.8340
    115.0202	    824.3439
    115.0214	   1237.7428
    115.0225	   1364.0082
    115.0237	   1126.8903
    115.0249	    681.3635
    115.0262	      0.0000
    115.0273	      0.0000
    115.0285	      0.0000
    115.0297	      0.0000
    117.0572	      0.0000
    117.0584	      0.0000
    117.0596	      0.0000
    117.0608	      0.0000
    117.0620	    633.6400
    117.0632	   2331.2178
    117.0644	   5244.5718
    117.0656	   8422.7031
    117.0668	   8944.2363
    117.0680	   5863.3066
    117.0692	   2788.8450
    117.0704	    600.0793
    117.0716	      0.0000
    117.0728	      0.0000
    117.0740	      0.0000
    117.0752	      0.0000
    120.0705	      0.0000
    120.0718	      0.0000
    120.0730	      0.0000
    120.0743	      0.0000
    120.0755	    703.0703
    120.0768	   1893.8167
    120.0780	   6220.7725
    120.0793	  13724.7344
    120.0805	  21877.5879
    120.0818	  23611.1719
    120.0830	  15794.2764
    120.0843	   7953.6982
    120.0855	   1904.9530
    120.0868	     36.6769
    120.0879	      0.0000
    120.0891	      0.0000
    120.0904	      0.0000
    120.0916	      0.0000
    121.0763	      0.0000
    121.0776	      0.0000
    121.0788	      0.0000
    121.0801	      0.0000
    121.0814	    461.3684
    121.0826	    884.3093
    121.0839	   1144.2891
    121.0852	   1070.4189
    121.0864	    714.0811
    121.0877	      0.0000
    121.0889	      0.0000
    121.0902	      0.0000
    121.0915	      0.0000
    122.0732	      0.0000
    122.0745	      0.0000
    122.0757	      0.0000
    122.0770	      0.0000
    122.0783	    564.2043
    122.0796	   1008.8401
    122.0808	   1298.9136
    122.0821	   1243.8293
    122.0834	    864.6833
    122.0847	    387.2595
    122.0862	      0.0000
    122.0875	      0.0000
    122.0888	      0.0000
    122.0901	      0.0000
    129.0902	      0.0000
    129.0916	      0.0000
    129.0930	      0.0000
    129.0944	      0.0000
    129.0958	    701.2989
    129.0972	    994.6357
    129.0986	   2523.9988
    129.1000	   7468.2949
    129.1014	  13396.6436
    129.1028	  18474.2031
    129.1042	  15482.3916
    129.1056	   9123.6182
    129.1069	   3167.8621
    129.1083	    343.4984
    129.1094	      0.0000
    129.1108	      0.0000
    129.1122	      0.0000
    129.1136	      0.0000
    129.8066	      0.0000
    129.8080	      0.0000
    129.8094	      0.0000
    129.8108	      0.0000
    129.8122	    451.8549
    129.8136	    783.8391
    129.8150	   1000.9502
    129.8164	    970.8189
    129.8178	    690.3515
    129.8192	      0.0000
    129.8206	      0.0000
    129.8220	      0.0000
    129.8234	      0.0000
    132.0661	      0.0000
    132.0676	      0.0000
    132.0690	      0.0000
    132.0704	      0.0000
    132.0719	    415.1020
    132.0733	    842.5961
    132.0748	   1150.1364
    132.0762	   1171.8999
    132.0776	    963.5159
    132.0791	    699.7853
    132.0805	      0.0000
    132.0820	      0.0000
    132.0834	      0.0000
    132.0848	      0.0000
    132.0863	    350.4288
    132.0877	    771.2917
    132.0892	   1240.7281
    132.0906	   1463.5587
    132.0920	   1282.8774
    132.0935	    815.4595
    132.0949	    356.4302
    132.0966	      0.0000
    132.0981	      0.0000
    132.0995	      0.0000
    132.1010	      0.0000
    133.0319	      0.0000
    133.0333	      0.0000
    133.0348	      0.0000
    133.0362	      0.0000
    133.0377	    332.9033
    133.0392	   1205.0833
    133.0406	   3925.7810
    133.0421	   6980.3384
    133.0435	   9302.3965
    133.0450	   7309.5747
    133.0464	   4181.9395
    133.0479	   1188.5374
    133.0493	    158.8882
    133.0505	      0.0000
    133.0520	      0.0000
    133.0534	      0.0000
    133.0549	      0.0000
    134.9842	      0.0000
    134.9857	      0.0000
    134.9871	      0.0000
    134.9886	      0.0000
    134.9901	    521.9345
    134.9916	   1041.4243
    134.9931	   1383.9137
    134.9946	   1326.6620
    134.9961	    923.1178
    134.9976	    442.7199
    134.9986	      0.0000
    135.0001	      0.0000
    135.0016	      0.0000
    135.0031	      0.0000
    145.0476	      0.0000
    145.0493	      0.0000
    145.0509	      0.0000
    145.0526	      0.0000
    145.0542	      9.3261
    145.0559	    973.9946
    145.0576	   3602.5935
    145.0592	   6332.6133
    145.0609	   7969.7334
    145.0625	   5922.8174
    145.0642	   3326.8052
    145.0658	   1072.5835
    145.0675	    484.9552
    145.0699	      0.0000
    145.0716	      0.0000
    145.0732	      0.0000
    145.0749	      0.0000
    149.0084	      0.0000
    149.0101	      0.0000
    149.0118	      0.0000
    149.0136	      0.0000
    149.0153	    741.4045
    149.0170	   2106.4912
    149.0187	   6481.9478
    149.0205	  18749.0352
    149.0222	  32135.6289
    149.0239	  41879.1797
    149.0256	  32630.0742
    149.0274	  18988.6816
    149.0291	   5888.6963
    149.0308	   1026.1864
    149.0325	     31.9273
    149.0340	      0.0000
    149.0357	      0.0000
    149.0374	      0.0000
    149.0391	      0.0000
    150.0138	      0.0000
    150.0156	      0.0000
    150.0173	      0.0000
    150.0191	      0.0000
    150.0208	    644.9158
    150.0226	   1718.5524
    150.0243	   3502.0547
    150.0260	   5357.5894
    150.0278	   5209.6743
    150.0295	   3311.9155
    150.0313	   1481.0524
    150.0330	    482.8859
    150.0348	      0.0000
    150.0365	      0.0000
    150.0382	      0.0000
    150.0400	      0.0000
    150.0557	      0.0000
    150.0574	      0.0000
    150.0592	      0.0000
    150.0609	      0.0000
    150.0627	    337.5675
    150.0644	    927.2682
    150.0661	   1434.4811
    150.0679	   1525.1637
    150.0696	   1163.5193
    150.0714	    630.7070
    150.0731	      0.0000
    150.0748	      0.0000
    150.0766	      0.0000
    150.0783	      0.0000
    152.0704	      0.0000
    152.0721	      0.0000
    152.0739	      0.0000
    152.0757	      0.0000
    152.0775	    361.7552
    152.0793	    890.8805
    152.0810	   1347.7114
    152.0828	   1428.8472
    152.0846	   1104.7472
    152.0864	    620.1781
    152.0881	      0.0000
    152.0899	      0.0000
    152.0917	      0.0000
    152.0935	      0.0000
    155.0813	      0.0000
    155.0832	      0.0000
    155.0850	      0.0000
    155.0868	      0.0000
    155.0887	    717.9084
    155.0905	   1587.5386
    155.0923	   2206.7102
    155.0942	   2123.4138
    155.0960	   1431.1747
    155.0978	    662.5748
    155.0997	      0.0000
    155.1015	      0.0000
    155.1033	      0.0000
    155.1052	      0.0000
    155.1070	      0.0000
    155.1088	      0.0000
    155.1107	      0.0000
    155.1125	      0.0000
    155.1143	    368.2012
    155.1162	    796.9659
    155.1180	   1080.8020
    155.1198	   1034.0967
    155.1217	    701.1062
    155.1235	      0.0000
    155.1254	      0.0000
    155.1272	      0.0000
    155.1290	      0.0000
    160.0273	      0.0000
    160.0292	      0.0000
    160.0311	      0.0000
    160.0331	      0.0000
    160.0350	    384.3712
    160.0369	   1113.6174
    160.0388	   3046.4751
    160.0408	   5184.5518
    160.0427	   6727.1553
    160.0446	   5330.8154
    160.0465	   3049.0557
    160.0484	    873.7422
    160.0504	      0.0000
    160.0523	      0.0000
    160.0542	      0.0000
    160.0561	      0.0000
    160.0581	      0.0000
    166.0711	      0.0000
    166.0731	      0.0000
    166.0752	      0.0000
    166.0772	      0.0000
    166.0792	    428.1544
    166.0812	   1601.1013
    166.0833	   3759.3528
    166.0853	   6058.2588
    166.0873	   6512.9038
    166.0894	   4253.6992
    166.0914	   1996.0792
    166.0934	    259.2231
    166.0954	      0.0000
    166.0975	      0.0000
    166.0995	      0.0000
    166.1015	      0.0000
    167.0211	      0.0000
    167.0232	      0.0000
    167.0252	      0.0000
    167.0273	      0.0000
    167.0293	    675.3292
    167.0314	   1311.8827
    167.0334	   1693.6461
    167.0355	   1535.2111
    167.0375	    959.1781
    167.0396	    375.3612
    167.0416	      0.0000
    167.0437	      0.0000
    167.0457	      0.0000
    167.0477	      0.0000
    167.0805	      0.0000
    167.0826	      0.0000
    167.0846	      0.0000
    167.0867	      0.0000
    167.0887	    715.3419
    167.0908	   1230.4843
    167.0928	   1400.6017
    167.0949	   1118.0944
    167.0969	    605.0663
    167.0987	      0.0000
    167.1007	      0.0000
    167.1028	      0.0000
    167.1048	      0.0000
    171.1222	      0.0000
    171.1243	      0.0000
    171.1265	      0.0000
    171.1286	      0.0000
    171.1307	    344.9933
    171.1328	   2161.4463
    171.1350	   4981.7642
    171.1371	   7912.2085
    171.1392	   7680.5605
    171.1413	   4751.1675
    171.1435	   2017.6412
    171.1456	    569.1654
    171.1480	      0.0000
    171.1501	      0.0000
    171.1523	      0.0000
    171.1544	      0.0000
    173.1123	      0.0000
    173.1145	      0.0000
    173.1166	      0.0000
    173.1188	      0.0000
    173.1209	    317.2394
    173.1231	    995.2991
    173.1253	   2812.5857
    173.1274	   4542.9326
    173.1296	   4840.4233
    173.1318	   3144.4661
    173.1339	   1477.3850
    173.1361	    520.9370
    173.1392	      0.0000
    173.1414	      0.0000
    173.1435	      0.0000
    173.1457	      0.0000
    179.0769	      0.0000
    179.0792	      0.0000
    179.0815	      0.0000
    179.0837	      0.0000
    179.0860	    783.2565
    179.0883	   2392.2234
    179.0905	   4736.0337
    179.0928	   7138.5845
    179.0951	   6902.5239
    179.0974	   4245.3862
    179.0996	   1744.3055
    179.1019	     77.7832
    179.1032	      0.0000
    179.1054	      0.0000
    179.1077	      0.0000
    179.1100	      0.0000
    180.0642	      0.0000
    180.0665	      0.0000
    180.0688	      0.0000
    180.0711	      0.0000
    180.0734	    710.9355
    180.0757	   1296.3677
    180.0780	   1476.1445
    180.0802	   1124.5984
    180.0825	    555.8109
    180.0848	      0.0000
    180.0871	      0.0000
    180.0894	      0.0000
    180.0917	      0.0000
    181.0006	      0.0000
    181.0030	      0.0000
    181.0053	      0.0000
    181.0076	      0.0000
    181.0099	    327.1500
    181.0122	   1052.1569
    181.0145	   2051.3889
    181.0168	   4069.0085
    181.0191	   3362.0422
    181.0214	   1877.7500
    181.0237	    869.2571
    181.0261	    376.1147
    181.0284	      0.0000
    181.0307	      0.0000
    181.0330	      0.0000
    181.0353	      0.0000
    181.0931	      0.0000
    181.0954	      0.0000
    181.0977	      0.0000
    181.1000	      0.0000
    181.1023	    431.3287
    181.1046	   1276.0715
    181.1069	   2170.1052
    181.1093	   3739.6536
    181.1116	   2460.9360
    181.1139	   1194.5914
    181.1162	    482.5215
    181.1186	      0.0000
    181.1209	      0.0000
    181.1232	      0.0000
    181.1255	      0.0000
    185.1140	      0.0000
    185.1164	      0.0000
    185.1188	      0.0000
    185.1212	      0.0000
    185.1236	    442.4453
    185.1260	    838.5869
    185.1283	   1055.0310
    185.1307	    949.7834
    185.1331	    604.1555
    185.1355	      0.0000
    185.1379	      0.0000
    185.1403	      0.0000
    185.1427	      0.0000
    187.1299	      0.0000
    187.1323	      0.0000
    187.1348	      0.0000
    187.1372	      0.0000
    187.1396	    406.8117
    187.1420	    887.8428
    187.1445	   1221.3634
    187.1469	   1165.8998
    187.1493	    775.0430
    187.1517	      0.0000
    187.1542	      0.0000
    187.1566	      0.0000
    187.1590	      0.0000
    192.0596	      0.0000
    192.0621	      0.0000
    192.0646	      0.0000
    192.0672	      0.0000
    192.0697	    323.4369
    192.0722	    846.4733
    192.0747	   1364.6600
    192.0773	   1494.7899
    192.0798	   1161.9955
    192.0823	    629.8234
    192.0846	      0.0000
    192.0872	      0.0000
    192.0897	      0.0000
    192.0922	      0.0000
    194.0952	      0.0000
    194.0978	      0.0000
    194.1003	      0.0000
    194.1029	      0.0000
    194.1055	    173.6055
    194.1080	   1580.3969
    194.1106	   4426.5488
    194.1131	   7502.7114
    194.1157	   9082.8750
    194.1183	   6724.2251
    194.1208	   3823.7034
    194.1234	   1265.4077
    194.1260	    295.8176
    194.1288	      0.0000
    194.1314	      0.0000
    194.1340	      0.0000
    194.1365	      0.0000
    195.0687	      0.0000
    195.0713	      0.0000
    195.0738	      0.0000
    195.0764	      0.0000
    195.0790	    553.0097
    195.0816	   1142.8989
    195.0842	   1758.2698
    195.0868	   2046.6512
    195.0894	   1806.2767
    195.0919	   1180.0682
    195.0945	    537.2084
    195.0971	      0.0000
    195.0997	      0.0000
    195.1023	      0.0000
    195.1049	      0.0000
    197.0844	      0.0000
    197.0870	      0.0000
    197.0896	      0.0000
    197.0923	      0.0000
    197.0949	      0.0000
    197.0975	   1554.3469
    197.1001	   3590.5066
    197.1028	   5817.0039
    197.1054	   5182.2358
    197.1080	   3148.3418
    197.1106	    544.6133
    197.1133	    496.9042
    197.1159	   1329.1702
    197.1185	   1791.9955
    197.1211	   1359.7534
    197.1238	    595.5508
    197.1264	      0.0000
    197.1290	      0.0000
    197.1317	      0.0000
    197.1343	      0.0000
    207.0669	      0.0000
    207.0697	      0.0000
    207.0725	      0.0000
    207.0753	      0.0000
    207.0782	    338.4364
    207.0810	    980.7226
    207.0838	   2446.7629
    207.0866	   3880.2478
    207.0895	   3712.2454
    207.0923	   2240.4841
    207.0951	    793.0236
    207.0979	    232.6234
    207.1008	      0.0000
    207.1036	      0.0000
    207.1064	      0.0000
    207.1092	      0.0000
    208.0511	      0.0000
    208.0539	      0.0000
    208.0568	      0.0000
    208.0596	      0.0000
    208.0625	    320.3058
    208.0653	    992.7580
    208.0682	   1916.4937
    208.0710	   3811.5483
    208.0739	   3211.6162
    208.0767	   1769.4469
    208.0795	    894.5267
    208.0824	    400.0614
    208.0862	      0.0000
    208.0891	      0.0000
    208.0919	      0.0000
    208.0948	      0.0000
    209.0806	      0.0000
    209.0835	      0.0000
    209.0863	      0.0000
    209.0892	      0.0000
    209.0921	    272.5469
    209.0949	   1025.4852
    209.0978	   3661.3699
    209.1007	   7390.0947
    209.1035	  11237.9805
    209.1064	  10597.5459
    209.1093	   6527.0459
    209.1121	   2759.4614
    209.1150	    460.5807
    209.1169	      0.0000
    209.1198	      0.0000
    209.1226	      0.0000
    209.1255	      0.0000
    210.0898	      0.0000
    210.0927	      0.0000
    210.0956	      0.0000
    210.0985	      0.0000
    210.1013	    550.5107
    210.1042	    931.6860
    210.1071	   1172.1798
    210.1100	   1120.9318
    210.1129	    796.8414
    210.1158	    385.3898
    210.1187	      0.0000
    210.1216	      0.0000
    210.1245	      0.0000
    210.1273	      0.0000
    211.0899	      0.0000
    211.0928	      0.0000
    211.0957	      0.0000
    211.0986	      0.0000
    211.1015	    305.7976
    211.1044	    843.6669
    211.1073	   2325.2390
    211.1102	   4084.6152
    211.1131	   5230.6567
    211.1160	   4049.3931
    211.1190	   2357.7085
    211.1219	    659.0540
    211.1248	      0.0000
    211.1277	      0.0000
    211.1306	      0.0000
    211.1335	      0.0000
    211.5736	      0.0000
    211.5765	      0.0000
    211.5794	      0.0000
    211.5824	      0.0000
    211.5853	    382.9435
    211.5882	    825.3038
    211.5911	   1143.4817
    211.5940	   1153.4309
    211.5970	    876.5369
    211.5999	    493.9613
    211.6033	      0.0000
    211.6062	      0.0000
    211.6092	      0.0000
    211.6121	      0.0000
    225.0660	      0.0000
    225.0692	      0.0000
    225.0724	      0.0000
    225.0756	      0.0000
    225.0788	    683.1266
    225.0820	   1133.8322
    225.0852	   1784.5330
    225.0884	   5269.8931
    225.0916	  16892.7598
    225.0948	  32234.4727
    225.0980	  47442.3047
    225.1012	  43669.7930
    225.1044	  26988.3965
    225.1076	  11609.4258
    225.1108	   2540.8381
    225.1140	    283.2979
    225.1167	      0.0000
    225.1199	      0.0000
    225.1231	      0.0000
    225.1264	      0.0000
    226.0778	      0.0000
    226.0810	      0.0000
    226.0842	      0.0000
    226.0874	      0.0000
    226.0906	    544.8171
    226.0939	   1751.1918
    226.0971	   3673.6023
    226.1003	   5717.2852
    226.1035	   5668.8853
    226.1068	   3562.4490
    226.1100	   1567.2687
    226.1132	    263.0208
    226.1165	      0.0000
    226.1197	      0.0000
    226.1229	      0.0000
    226.1262	      0.0000
    240.6109	      0.0000
    240.6144	      0.0000
    240.6180	      0.0000
    240.6215	      0.0000
    240.6251	    588.7098
    240.6286	   1050.7104
    240.6321	   1244.1610
    240.6357	   1011.8811
    240.6392	    524.9593
    240.6428	      0.0000
    240.6464	      0.0000
    240.6499	      0.0000
    240.6535	      0.0000
    248.0878	      0.0000
    248.0915	      0.0000
    248.0953	      0.0000
    248.0990	      0.0000
    248.1027	    479.2317
    248.1064	   2207.7334
    248.1101	   4247.5801
    248.1138	   6088.1904
    248.1175	   5083.9038
    248.1212	   2950.8398
    248.1249	    955.1407
    248.1286	    141.5679
    248.1328	      0.0000
    248.1365	      0.0000
    248.1402	      0.0000
    248.1440	      0.0000
    249.0809	      0.0000
    249.0847	      0.0000
    249.0884	      0.0000
    249.0921	      0.0000
    249.0959	    378.1508
    249.0996	    906.1587
    249.1033	   2775.3325
    249.1071	   4924.1514
    249.1108	   6810.0229
    249.1145	   6055.5830
    249.1182	   3797.9497
    249.1220	   1667.1215
    249.1257	    598.2814
    249.1298	      0.0000
    249.1335	      0.0000
    249.1373	      0.0000
    249.1410	      0.0000
    254.1080	      0.0000
    254.1118	      0.0000
    254.1156	      0.0000
    254.1195	      0.0000
    254.1233	    504.3557
    254.1272	   1246.0299
    254.1310	   3500.6160
    254.1349	   5960.4858
    254.1387	   7575.6865
    254.1425	   5749.2217
    254.1464	   3232.5691
    254.1502	    819.3091
    254.1541	      0.0000
    254.1570	      0.0000
    254.1608	      0.0000
    254.1647	      0.0000
    254.1685	      0.0000
    254.6111	      0.0000
    254.6150	      0.0000
    254.6188	      0.0000
    254.6227	      0.0000
    254.6265	    505.4362
    254.6304	   1034.1893
    254.6343	   1469.1239
    254.6381	   1554.5829
    254.6420	   1232.6167
    254.6458	    704.7900
    254.6498	      0.0000
    254.6536	      0.0000
    254.6575	      0.0000
    254.6613	      0.0000
    263.0547	      0.0000
    263.0587	      0.0000
    263.0628	      0.0000
    263.0668	      0.0000
    263.0709	    321.3487
    263.0749	    855.9526
    263.0790	   2059.1404
    263.0830	   3632.5139
    263.0871	   4019.8384
    263.0911	   2728.3281
    263.0952	    986.6357
    263.0992	    312.0612
    263.1036	      0.0000
    263.1077	      0.0000
    263.1117	      0.0000
    263.1158	      0.0000
    263.1198	      0.0000
    263.1239	     38.1967
    263.1279	    774.8245
    263.1320	   3321.8672
    263.1360	   8491.3467
    263.1401	  14147.3223
    263.1441	  16796.4395
    263.1482	  12103.5117
    263.1522	   6637.0732
    263.1563	   1840.1176
    263.1603	    220.3755
    263.1640	      0.0000
    263.1680	      0.0000
    263.1721	      0.0000
    263.1761	      0.0000
    263.6140	      0.0000
    263.6181	      0.0000
    263.6222	      0.0000
    263.6262	      0.0000
    263.6303	    549.5074
    263.6343	   1560.8655
    263.6384	   3570.0444
    263.6425	   5718.0103
    263.6465	   5801.3726
    263.6506	   3694.5620
    263.6546	   1699.2766
    263.6587	    566.6082
    263.6628	      0.0000
    263.6668	      0.0000
    263.6709	      0.0000
    263.6749	      0.0000
    264.9630	      0.0000
    264.9671	      0.0000
    264.9712	      0.0000
    264.9753	      0.0000
    264.9794	    477.5351
    264.9835	    907.2921
    264.9876	   1119.9063
    264.9916	    955.7231
    264.9957	    531.9141
    264.9998	      0.0000
    265.0039	      0.0000
    265.0080	      0.0000
    265.0121	      0.0000
    265.9682	      0.0000
    265.9723	      0.0000
    265.9764	      0.0000
    265.9805	      0.0000
    265.9846	    335.8454
    265.9887	    781.0803
    265.9928	   1131.7590
    265.9970	   1140.2960
    266.0011	    786.5038
    266.0052	    311.1441
    266.0103	      0.0000
    266.0144	      0.0000
    266.0185	      0.0000
    266.0226	      0.0000
    266.0926	      0.0000
    266.0967	      0.0000
    266.1008	      0.0000
    266.1050	      0.0000
    266.1091	    361.7312
    266.1132	   1061.5704
    266.1173	   3604.2197
    266.1214	   6810.7432
    266.1255	   9729.1123
    266.1297	   8333.5801
    266.1338	   4888.6343
    266.1379	   1704.6110
    266.1420	    121.0576
    266.1452	      0.0000
    266.1493	      0.0000
    266.1534	      0.0000
    266.1575	      0.0000
    267.1032	      0.0000
    267.1074	      0.0000
    267.1115	      0.0000
    267.1156	      0.0000
    267.1198	    425.5873
    267.1239	    875.4449
    267.1281	   1166.0753
    267.1322	   1121.2151
    267.1363	    781.3089
    267.1405	    367.2484
    267.1447	      0.0000
    267.1489	      0.0000
    267.1530	      0.0000
    267.1571	      0.0000
    278.0980	      0.0000
    278.1024	      0.0000
    278.1068	      0.0000
    278.1112	      0.0000
    278.1155	    373.4444
    278.1199	    820.2934
    278.1243	   1120.6818
    278.1287	   1054.1238
    278.1331	    662.4850
    278.1375	      0.0000
    278.1419	      0.0000
    278.1463	      0.0000
    278.1507	      0.0000
    280.0837	      0.0000
    280.0881	      0.0000
    280.0926	      0.0000
    280.0970	      0.0000
    280.1014	    597.4992
    280.1059	   1204.2277
    280.1103	   1629.0670
    280.1148	   1587.8422
    280.1192	   1122.8778
    280.1237	    541.0798
    280.1281	      0.0000
    280.1326	      0.0000
    280.1370	      0.0000
    280.1415	      0.0000
    281.1449	      0.0000
    281.1493	      0.0000
    281.1538	      0.0000
    281.1583	      0.0000
    281.1627	    423.1056
    281.1672	   1004.6814
    281.1717	   1522.2200
    281.1762	   1621.8175
    281.1806	   1230.1138
    281.1851	    633.1206
    281.1895	      0.0000
    281.1940	      0.0000
    281.1985	      0.0000
    281.2030	      0.0000
    292.1490	      0.0000
    292.1537	      0.0000
    292.1584	      0.0000
    292.1632	      0.0000
    292.1679	    588.2558
    292.1726	   1055.1417
    292.1774	   1245.2345
    292.1821	   1009.1280
    292.1869	    527.0478
    292.1917	      0.0000
    292.1965	      0.0000
    292.2012	      0.0000
    292.2059	      0.0000
    296.1011	      0.0000
    296.1060	      0.0000
    296.1108	      0.0000
    296.1156	      0.0000
    296.1205	    571.9158
    296.1253	   1688.0988
    296.1301	   3194.7053
    296.1350	   4496.7524
    296.1398	   3740.7856
    296.1446	   2161.7332
    296.1495	    860.9301
    296.1543	    340.4225
    296.1591	      0.0000
    296.1640	      0.0000
    296.1688	      0.0000
    296.1736	      0.0000
    298.0633	      0.0000
    298.0682	      0.0000
    298.0731	      0.0000
    298.0780	      0.0000
    298.0829	    391.3546
    298.0877	   2211.8503
    298.0926	   4089.6191
    298.0975	   5498.3779
    298.1024	   4351.7617
    298.1073	   2533.4773
    298.1122	    792.3580
    298.1170	    251.4571
    298.1219	      0.0000
    298.1268	      0.0000
    298.1317	      0.0000
    298.1366	      0.0000
    305.0617	      0.0000
    305.0667	      0.0000
    305.0718	      0.0000
    305.0768	      0.0000
    305.0819	    442.3015
    305.0869	   1001.7892
    305.0920	   1426.0724
    305.0971	   1356.0061
    305.1021	    855.8148
    305.1072	    317.7281
    305.1122	      0.0000
    305.1173	      0.0000
    305.1223	      0.0000
    305.1274	      0.0000
    307.1240	      0.0000
    307.1291	      0.0000
    307.1342	      0.0000
    307.1393	      0.0000
    307.1444	    750.8761
    307.1495	   1089.3925
    307.1546	   1097.7047
    307.1597	    784.5396
    307.1648	    370.8494
    307.1699	      0.0000
    307.1751	      0.0000
    307.1802	      0.0000
    307.1853	      0.0000
    308.0707	      0.0000
    308.0758	      0.0000
    308.0809	      0.0000
    308.0861	      0.0000
    308.0912	    756.4305
    308.0963	   2717.8391
    308.1014	   4785.3247
    308.1066	   6102.4214
    308.1117	   4555.8457
    308.1168	   2461.8735
    308.1220	    676.8384
    308.1271	      0.0000
    308.1322	      0.0000
    308.1374	      0.0000
    308.1425	      0.0000
    309.0578	      0.0000
    309.0629	      0.0000
    309.0681	      0.0000
    309.0733	      0.0000
    309.0784	    503.2382
    309.0836	   1112.0675
    309.0887	   1540.6731
    309.0939	   1450.5497
    309.0990	    911.4845
    309.1042	    328.8227
    309.1095	      0.0000
    309.1146	      0.0000
    309.1198	      0.0000
    309.1249	      0.0000
    324.1314	      0.0000
    324.1369	      0.0000
    324.1425	      0.0000
    324.1480	      0.0000
    324.1535	    508.9249
    324.1591	   1059.3896
    324.1646	   1384.9409
    324.1701	   1230.5905
    324.1757	    710.3439
    324.1812	      0.0000
    324.1867	      0.0000
    324.1923	      0.0000
    324.1978	      0.0000
    325.1189	      0.0000
    325.1245	      0.0000
    325.1300	      0.0000
    325.1356	      0.0000
    325.1411	    331.5878
    325.1467	   1066.2056
    325.1523	   3005.2837
    325.1578	   5147.3203
    325.1634	   6460.3818
    325.1690	   4882.6890
    325.1745	   2784.6855
    325.1801	    853.9840
    325.1856	    306.3382
    325.1912	      0.0000
    325.1968	      0.0000
    325.2023	      0.0000
    325.2079	      0.0000
    326.0495	      0.0000
    326.0551	      0.0000
    326.0607	      0.0000
    326.0663	      0.0000
    326.0718	    137.7696
    326.0774	    835.3013
    326.0830	   1559.2223
    326.0886	    785.9302
    326.0948	    825.2429
    326.1004	   2284.0435
    326.1060	   7529.0132
    326.1116	  13851.9463
    326.1172	  19392.4219
    326.1227	  16350.6787
    326.1283	   9656.6699
    326.1339	   3432.3689
    326.1395	    583.6506
    326.1445	      0.0000
    326.1500	      0.0000
    326.1556	      0.0000
    326.1612	      0.0000
    327.0851	      0.0000
    327.0907	      0.0000
    327.0963	      0.0000
    327.1019	      0.0000
    327.1075	    475.3464
    327.1131	   1190.0432
    327.1188	   1742.1229
    327.1244	   1713.1736
    327.1300	   1141.8713
    327.1356	    481.0494
    327.1412	      0.0000
    327.1468	      0.0000
    327.1524	      0.0000
    327.1580	      0.0000
    335.1018	      0.0000
    335.1076	      0.0000
    335.1135	      0.0000
    335.1193	      0.0000
    335.1251	    472.9463
    335.1309	    978.4736
    335.1367	   2777.7639
    335.1426	   4710.2617
    335.1484	   5274.7837
    335.1542	   3618.3601
    335.1600	   1872.4935
    335.1658	    454.2422
    335.1717	      0.0000
    335.1775	      0.0000
    335.1833	      0.0000
    335.1891	      0.0000
    336.1166	      0.0000
    336.1224	      0.0000
    336.1283	      0.0000
    336.1341	      0.0000
    336.1399	    599.3105
    336.1458	    962.9739
    336.1516	   1074.4183
    336.1575	    845.1365
    336.1633	    437.8543
    336.1693	      0.0000
    336.1752	      0.0000
    336.1810	      0.0000
    336.1868	      0.0000
    353.1069	      0.0000
    353.1132	      0.0000
    353.1195	      0.0000
    353.1258	      0.0000
    353.1321	    370.8331
    353.1383	   1873.6931
    353.1446	   6487.5718
    353.1509	  11331.1348
    353.1572	  14625.0176
    353.1635	  11236.7725
    353.1698	   6427.3589
    353.1761	   2449.8442
    353.1824	   2280.9680
    353.1887	   3733.2559
    353.1950	   4615.9883
    353.2013	   3410.1313
    353.2076	   1273.2228
    353.2139	      0.0000
    353.2202	      0.0000
    353.2265	      0.0000
    353.2328	      0.0000
    353.2391	      0.0000
    354.1224	      0.0000
    354.1287	      0.0000
    354.1350	      0.0000
    354.1413	      0.0000
    354.1476	    743.7025
    354.1540	   1376.8112
    354.1603	   1659.6018
    354.1666	   1339.1586
    354.1729	    677.4440
    354.1792	      0.0000
    354.1856	      0.0000
    354.1919	      0.0000
    354.1982	      0.0000
    363.1338	      0.0000
    363.1404	      0.0000
    363.1469	      0.0000
    363.1535	      0.0000
    363.1601	    387.9691
    363.1666	   1147.6327
    363.1732	   1923.4391
    363.1798	   2115.0081
    363.1863	   1565.8381
    363.1929	    737.9717
    363.1996	      0.0000
    363.2062	      0.0000
    363.2128	      0.0000
    363.2193	      0.0000
    367.0845	      0.0000
    367.0912	      0.0000
    367.0979	      0.0000
    367.1045	      0.0000
    367.1112	    614.5428
    367.1179	    953.9641
    367.1245	   1070.4078
    367.1312	    889.9330
    367.1379	    517.8569
    367.1446	      0.0000
    367.1512	      0.0000
    367.1579	      0.0000
    367.1646	      0.0000
    367.7927	      0.0000
    367.7994	      0.0000
    367.8061	      0.0000
    367.8128	      0.0000
    367.8194	    496.4903
    367.8261	    815.1035
    367.8328	    955.4798
    367.8395	    823.7438
    367.8462	    496.7053
    367.8529	      0.0000
    367.8596	      0.0000
    367.8663	      0.0000
    367.8730	      0.0000
    370.1388	      0.0000
    370.1456	      0.0000
    370.1523	      0.0000
    370.1591	      0.0000
    370.1659	    602.0997
    370.1726	    987.9269
    370.1794	   1132.7954
    370.1861	    952.4805
    370.1929	    571.5701
    370.1996	      0.0000
    370.2064	      0.0000
    370.2131	      0.0000
    370.2199	      0.0000
    381.1382	      0.0000
    381.1452	      0.0000
    381.1523	      0.0000
    381.1593	      0.0000
    381.1664	    566.0533
    381.1735	   1729.8920
    381.1805	   3419.6838
    381.1876	   4872.3970
    381.1946	   3864.5085
    381.2017	   2155.4509
    381.2088	    435.4297
    381.2173	      0.0000
    381.2244	      0.0000
    381.2314	      0.0000
    381.2385	      0.0000
    385.0729	      0.0000
    385.0801	      0.0000
    385.0872	      0.0000
    385.0944	      0.0000
    385.1016	    609.4760
    385.1087	   1884.5847
    385.1159	   5049.0815
    385.1231	   8504.0146
    385.1302	  10896.7910
    385.1374	   8495.9307
    385.1446	   4899.2603
    385.1517	   1512.7242
    385.1589	     72.3062
    385.1646	      0.0000
    385.1718	      0.0000
    385.1789	      0.0000
    385.1861	      0.0000
    386.0840	      0.0000
    386.0912	      0.0000
    386.0984	      0.0000
    386.1056	      0.0000
    386.1128	    598.4092
    386.1200	   1194.7759
    386.1272	   1544.2150
    386.1344	   1382.5197
    386.1416	    831.4990
    386.1488	    295.9412
    386.1560	      0.0000
    386.1632	      0.0000
    386.1704	      0.0000
    386.1776	      0.0000
    391.1634	      0.0000
    391.1707	      0.0000
    391.1781	      0.0000
    391.1854	      0.0000
    391.1928	    485.4211
    391.2001	    913.7387
    391.2074	   1103.5776
    391.2148	    888.9456
    391.2221	    431.8394
    391.2296	      0.0000
    391.2370	      0.0000
    391.2443	      0.0000
    391.2517	      0.0000
    395.1193	      0.0000
    395.1267	      0.0000
    395.1342	      0.0000
    395.1416	      0.0000
    395.1491	    580.9067
    395.1566	   1158.4619
    395.1640	   1462.0983
    395.1715	   1118.4625
    395.1789	    348.3997
    395.1864	      0.0000
    395.1938	    351.3648
    395.2013	   1084.3502
    395.2087	   1413.3688
    395.2162	   1140.2760
    395.2236	    588.5286
    395.2311	      0.0000
    395.2385	      0.0000
    395.2460	      0.0000
    395.2534	      0.0000
    409.6714	      0.0000
    409.6793	      0.0000
    409.6872	      0.0000
    409.6950	      0.0000
    409.7029	    658.5144
    409.7108	   1037.8108
    409.7186	   1156.8408
    409.7265	    882.3957
    409.7344	    409.2874
    409.7422	      0.0000
    409.7501	      0.0000
    409.7580	      0.0000
    409.7658	      0.0000
    412.1444	      0.0000
    412.1523	      0.0000
    412.1602	      0.0000
    412.1682	      0.0000
    412.1761	    621.1971
    412.1840	   1237.3322
    412.1920	   1657.4075
    412.1999	   1591.3837
    412.2079	   1094.2057
    412.2158	    518.8004
    412.2237	      0.0000
    412.2317	      0.0000
    412.2396	      0.0000
    412.2476	      0.0000
    413.1462	      0.0000
    413.1541	      0.0000
    413.1621	      0.0000
    413.1701	      0.0000
    413.1780	    412.9357
    413.1860	    871.3547
    413.1940	   1125.8684
    413.2019	    983.5034
    413.2099	    558.5412
    413.2179	      0.0000
    413.2258	      0.0000
    413.2338	      0.0000
    413.2418	      0.0000
    414.6638	      0.0000
    414.6718	      0.0000
    414.6798	      0.0000
    414.6878	      0.0000
    414.6958	    800.6979
    414.7038	   1295.6815
    414.7118	   1430.3330
    414.7198	   1087.7767
    414.7279	    523.0532
    414.7359	      0.0000
    414.7439	      0.0000
    414.7519	      0.0000
    414.7599	      0.0000
    419.9519	      0.0000
    419.9601	      0.0000
    419.9683	      0.0000
    419.9764	      0.0000
    419.9846	    368.7682
    419.9928	   1030.5936
    420.0009	   2901.3394
    420.0091	   4949.9639
    420.0173	   5971.9009
    420.0254	   4386.9478
    420.0336	   2404.0325
    420.0418	    714.9077
    420.0499	      0.0000
    420.0581	      0.0000
    420.0663	      0.0000
    420.0744	      0.0000
    420.0989	      0.0000
    420.1071	      0.0000
    420.1153	      0.0000
    420.1234	      0.0000
    420.1316	    793.9424
    420.1398	   1137.1597
    420.1479	   1175.9423
    420.1561	    847.9859
    420.1643	    376.5443
    420.1724	      0.0000
    420.1806	      0.0000
    420.1888	      0.0000
    420.1969	      0.0000
    420.2051	      0.0000
    420.2133	      0.0000
    420.2215	    365.3565
    420.2296	    954.0432
    420.2378	   1348.8490
    420.2460	   1315.2347
    420.2541	    926.4205
    420.2623	    459.7064
    420.2705	      0.0000
    420.2787	      0.0000
    420.2868	      0.0000
    420.2950	      0.0000
    420.9496	      0.0000
    420.9578	      0.0000
    420.9660	      0.0000
    420.9742	      0.0000
    420.9824	    687.8354
    420.9906	   1406.9758
    420.9988	   1945.8113
    421.0070	   1912.3488
    421.0152	   1329.1598
    421.0234	    611.3861
    421.0315	      0.0000
    421.0397	      0.0000
    421.0479	      0.0000
    421.0561	      0.0000
    421.1463	      0.0000
    421.1545	      0.0000
    421.1627	      0.0000
    421.1709	      0.0000
    421.1791	    250.1286
    421.1873	   1123.1334
    421.1955	   3874.5928
    421.2037	   4896.7803
    421.2119	   4210.5859
    421.2201	   1220.5630
    421.2283	    259.7641
    421.2365	      0.0000
    421.2447	      0.0000
    421.2529	      0.0000
    421.2611	      0.0000
    422.1153	      0.0000
    422.1236	      0.0000
    422.1318	      0.0000
    422.1400	      0.0000
    422.1483	    280.0026
    422.1565	   1601.6719
    422.1647	   4289.1714
    422.1729	   7212.7988
    422.1812	   8212.5752
    422.1894	   5630.5425
    422.1976	   2853.5837
    422.2058	    718.4713
    422.2141	      0.0000
    422.2223	      0.0000
    422.2305	      0.0000
    422.2387	      0.0000
    423.1290	      0.0000
    423.1372	      0.0000
    423.1455	      0.0000
    423.1537	      0.0000
    423.1620	    578.0174
    423.1702	   1088.9551
    423.1785	   1409.2773
    423.1868	   1283.9449
    423.1950	    775.2676
    423.2035	      0.0000
    423.2117	      0.0000
    423.2200	      0.0000
    423.2283	      0.0000
    438.1817	      0.0000
    438.1904	      0.0000
    438.1991	      0.0000
    438.2078	      0.0000
    438.2165	    611.6268
    438.2252	   1787.7327
    438.2339	   3573.6296
    438.2426	   5325.9561
    438.2513	   4853.9619
    438.2600	   2935.6040
    438.2687	   1129.7137
    438.2774	    421.6042
    438.2858	      0.0000
    438.2945	      0.0000
    438.3032	      0.0000
    438.3120	      0.0000
    440.1193	      0.0000
    440.1281	      0.0000
    440.1368	      0.0000
    440.1456	      0.0000
    440.1543	    197.2407
    440.1631	   1202.5278
    440.1718	   4244.1670
    440.1806	   7536.8301
    440.1894	   9964.0059
    440.1981	   7766.9888
    440.2069	   4517.0874
    440.2156	   1478.2690
    440.2244	    396.4257
    440.2334	      0.0000
    440.2422	      0.0000
    440.2509	      0.0000
    440.2597	      0.0000
    441.1285	      0.0000
    441.1372	      0.0000
    441.1460	      0.0000
    441.1548	      0.0000
    441.1636	    271.5475
    441.1724	    851.9608
    441.1812	   1677.9480
    441.1900	   2233.6089
    441.1988	   2117.4397
    441.2076	   1427.7345
    441.2163	    646.7874
    441.2251	      0.0000
    441.2339	      0.0000
    441.2427	      0.0000
    441.2515	      0.0000
    448.1720	      0.0000
    448.1810	      0.0000
    448.1900	      0.0000
    448.1990	      0.0000
    448.2080	    730.2773
    448.2170	   1465.0042
    448.2260	   1965.1370
    448.2350	   1863.3652
    448.2440	   1224.9448
    448.2530	    508.2636
    448.2636	      0.0000
    448.2726	      0.0000
    448.2817	      0.0000
    448.2907	      0.0000
    463.1070	      0.0000
    463.1165	      0.0000
    463.1259	      0.0000
    463.1354	      0.0000
    463.1448	    744.6056
    463.1543	   2682.8281
    463.1638	   5292.5054
    463.1732	   7967.5400
    463.1827	   7606.6934
    463.1921	   4707.6787
    463.2016	   2034.2532
    463.2110	    254.7375
    463.2190	      0.0000
    463.2285	      0.0000
    463.2380	      0.0000
    463.2474	      0.0000
    464.1092	      0.0000
    464.1187	      0.0000
    464.1282	      0.0000
    464.1377	      0.0000
    464.1472	    353.9525
    464.1567	   1006.3264
    464.1661	   1868.9420
    464.1756	   2360.6475
    464.1851	   2099.3020
    464.1946	   1281.7371
    464.2041	    471.4792
    464.2136	      0.0000
    464.2231	      0.0000
    464.2326	      0.0000
    464.2420	      0.0000
    477.1229	      0.0000
    477.1328	      0.0000
    477.1427	      0.0000
    477.1526	      0.0000
    477.1625	    518.6569
    477.1724	    903.3694
    477.1823	   1064.7114
    477.1922	    902.5904
    477.2020	    539.7077
    477.2119	      0.0000
    477.2218	      0.0000
    477.2317	    490.1441
    477.2416	    948.8445
    477.2515	   1290.6343
    477.2614	   1302.2853
    477.2713	    989.8882
    477.2812	    548.1301
    477.2913	      0.0000
    477.3012	      0.0000
    477.3111	      0.0000
    477.3210	      0.0000
    507.2018	      0.0000
    507.2127	      0.0000
    507.2235	      0.0000
    507.2343	      0.0000
    507.2452	    573.5909
    507.2560	   1050.9875
    507.2668	   1266.2135
    507.2777	   1036.3091
    507.2885	    544.3190
    507.2994	      0.0000
    507.3102	      0.0000
    507.3210	      0.0000
    507.3319	      0.0000
    513.1588	      0.0000
    513.1698	      0.0000
    513.1809	      0.0000
    513.1919	      0.0000
    513.2029	    489.5308
    513.2139	   1188.2205
    513.2250	   1774.3584
    513.2360	   1867.7545
    513.2470	   1444.3199
    513.2581	    816.4006
    513.2691	      0.0000
    513.2801	      0.0000
    513.2912	      0.0000
    513.3022	      0.0000
    523.1943	      0.0000
    523.2056	      0.0000
    523.2170	      0.0000
    523.2283	      0.0000
    523.2397	    619.4169
    523.2510	   1365.6675
    523.2624	   1790.9946
    523.2737	   1574.6235
    523.2851	    931.0958
    523.2964	    389.4620
    523.3078	      0.0000
    523.3192	      0.0000
    523.3305	      0.0000
    523.3419	      0.0000
    535.1790	      0.0000
    535.1908	      0.0000
    535.2025	      0.0000
    535.2143	      0.0000
    535.2260	    286.0741
    535.2377	    895.0861
    535.2495	   1732.6260
    535.2612	   2235.0103
    535.2730	   2048.4419
    535.2847	   1348.3077
    535.2965	    615.8657
    535.3082	      0.0000
    535.3200	      0.0000
    535.3317	      0.0000
    535.3435	      0.0000
    541.1353	      0.0000
    541.1473	      0.0000
    541.1592	      0.0000
    541.1711	      0.0000
    541.1831	    601.7045
    541.1950	   1453.7396
    541.2070	   3139.5557
    541.2189	   4020.2090
    541.2309	   2933.3503
    541.2428	   1498.9014
    541.2547	    524.8534
    541.2700	      0.0000
    541.2820	      0.0000
    541.2939	      0.0000
    541.3059	      0.0000
    550.1083	      0.0000
    550.1205	      0.0000
    550.1328	      0.0000
    550.1450	      0.0000
    550.1572	    568.5894
    550.1695	   1626.4492
    550.1817	   5030.3301
    550.1940	   9888.9336
    550.2062	  14905.7715
    550.2184	  14170.2852
    550.2307	   8765.8789
    550.2429	   3788.7361
    550.2552	    657.4301
    550.2641	      0.0000
    550.2763	      0.0000
    550.2886	      0.0000
    550.3008	      0.0000
    551.1221	      0.0000
    551.1344	      0.0000
    551.1467	      0.0000
    551.1590	      0.0000
    551.1712	    467.0255
    551.1835	   1312.3705
    551.1958	   2791.8274
    551.2081	   4246.5132
    551.2203	   3827.6777
    551.2326	   2309.1140
    551.2449	    764.8354
    551.2572	      0.0000
    551.2694	      0.0000
    551.2817	      0.0000
    551.2940	      0.0000
    552.1422	      0.0000
    552.1545	      0.0000
    552.1668	      0.0000
    552.1791	      0.0000
    552.1914	    730.3987
    552.2037	   1133.8193
    552.2160	   1232.3689
    552.2283	    972.0723
    552.2406	    534.9288
    552.2529	      0.0000
    552.2652	      0.0000
    552.2776	      0.0000
    552.2899	      0.0000
    553.1897	      0.0000
    553.2020	      0.0000
    553.2144	      0.0000
    553.2267	      0.0000
    553.2391	    522.0079
    553.2514	   1008.1033
    553.2637	   1294.4497
    553.2761	   1180.2335
    553.2884	    759.5490
    553.3008	      0.0000
    553.3132	      0.0000
    553.3255	      0.0000
    553.3379	      0.0000
    582.2259	      0.0000
    582.2392	      0.0000
    582.2526	      0.0000
    582.2659	      0.0000
    582.2792	    891.7190
    582.2925	   1288.8861
    582.3059	   1304.9521
    582.3192	    920.3250
    582.3325	    404.4711
    582.3459	      0.0000
    582.3592	      0.0000
    582.3725	      0.0000
    582.3859	      0.0000
    590.1548	      0.0000
    590.1684	      0.0000
    590.1820	      0.0000
    590.1956	      0.0000
    590.2092	    695.7636
    590.2228	   1102.0428
    590.2364	   1241.2880
    590.2500	   1001.4280
    590.2636	    531.8166
    590.2772	      0.0000
    590.2908	      0.0000
    590.3045	      0.0000
    590.3181	      0.0000
    592.1863	      0.0000
    592.2000	      0.0000
    592.2136	      0.0000
    592.2273	      0.0000
    592.2410	    295.3726
    592.2546	   1813.2693
    592.2683	   3772.0806
    592.2820	   5705.4814
    592.2957	   5255.5293
    592.3093	   3209.9028
    592.3230	   1362.9480
    592.3367	    413.5143
    592.3537	      0.0000
    592.3674	      0.0000
    592.3810	      0.0000
    592.3947	      0.0000
    610.1817	      0.0000
    610.1960	      0.0000
    610.2102	      0.0000
    610.2245	      0.0000
    610.2388	    493.8105
    610.2531	   1664.6245
    610.2674	   5054.2114
    610.2817	   8863.6250
    610.2960	  11725.8887
    610.3103	   9195.5811
    610.3246	   5322.7690
    610.3389	   1555.4967
    610.3533	    150.5091
    610.3643	      0.0000
    610.3786	      0.0000
    610.3929	      0.0000
    610.4072	      0.0000
    611.1947	      0.0000
    611.2090	      0.0000
    611.2234	      0.0000
    611.2377	      0.0000
    611.2520	    497.1741
    611.2664	   1241.9282
    611.2807	   2593.9150
    611.2950	   3534.1130
    611.3094	   2056.3430
    611.3237	   1146.8744
    611.3381	    388.0587
    611.3525	      0.0000
    611.3668	      0.0000
    611.3812	      0.0000
    611.3955	      0.0000
    691.2395	      0.0000
    691.2568	      0.0000
    691.2740	      0.0000
    691.2912	      0.0000
    691.3085	    586.2947
    691.3257	   1317.9635
    691.3430	   1756.7195
    691.3602	   1600.5144
    691.3774	   1024.4623
    691.3947	    448.3355
    691.4139	      0.0000
    691.4311	      0.0000
    691.4484	      0.0000
    691.4656	      0.0000
    706.1660	      0.0000
    706.1838	      0.0000
    706.2016	      0.0000
    706.2194	      0.0000
    706.2372	    765.6283
    706.2550	   2935.8098
    706.2728	   6363.9570
    706.2906	  10048.8496
    706.3084	  10110.1191
    706.3262	   6378.7417
    706.3440	   2873.5032
    706.3618	    532.5770
    706.3777	      0.0000
    706.3955	      0.0000
    706.4133	      0.0000
    706.4311	      0.0000
    707.1797	      0.0000
    707.1975	      0.0000
    707.2154	      0.0000
    707.2332	      0.0000
    707.2511	    634.5087
    707.2689	   1378.2648
    707.2867	   2076.1414
    707.3046	   2277.1394
    707.3224	   1823.7432
    707.3403	   1025.4449
    707.3581	    366.6621
    707.3760	      0.0000
    707.3938	      0.0000
    707.4117	      0.0000
    707.4295	      0.0000
    712.4895	      0.0000
    712.5075	      0.0000
    712.5256	      0.0000
    712.5436	      0.0000
    712.5617	    768.6931
    712.5797	   1055.9800
    712.5977	   1084.7400
    712.6158	    857.3234
    712.6338	    506.3346
    712.6519	      0.0000
    712.6699	      0.0000
    712.6880	      0.0000
    712.7060	      0.0000
    714.2425	      0.0000
    714.2606	      0.0000
    714.2788	      0.0000
    714.2969	      0.0000
    714.3150	    550.4625
    714.3331	   1069.0035
    714.3512	   1369.1786
    714.3693	   1216.3724
    714.3874	    720.4531
    714.4056	      0.0000
    714.4237	      0.0000
    714.4418	      0.0000
    714.4599	      0.0000
    747.7314	      0.0000
    747.7508	      0.0000
    747.7702	      0.0000
    747.7896	      0.0000
    747.8090	    460.6481
    747.8284	    868.2683
    747.8478	   1042.1586
    747.8672	    858.0128
    747.8866	    463.4161
    747.9060	      0.0000
    747.9254	      0.0000
    747.9448	      0.0000
    747.9642	      0.0000
    775.7231	      0.0000
    775.7436	      0.0000
    775.7641	      0.0000
    775.7846	      0.0000
    775.8050	    555.0276
    775.8255	    966.4473
    775.8460	   1167.6226
    775.8665	   1026.9929
    775.8870	    634.4573
    775.9076	      0.0000
    775.9281	      0.0000
    775.9486	      0.0000
    775.9691	      0.0000
    819.2155	      0.0000
    819.2378	      0.0000
    819.2600	      0.0000
    819.2822	      0.0000
    819.3045	    331.9881
    819.3267	    931.5538
    819.3490	   1834.3339
    819.3712	   3410.3101
    819.3935	   3161.7632
    819.4157	   1560.7400
    819.4380	    686.4052
    819.4603	      0.0000
    819.4826	      0.0000
    819.5048	      0.0000
    819.5271	      0.0000
    906.2313	      0.0000
    906.2572	      0.0000
    906.2830	      0.0000
    906.3089	      0.0000
    906.3348	    562.4714
    906.3607	   1408.3542
    906.3866	   3165.4097
    906.4125	   3684.8293
    906.4383	   2573.9360
    906.4642	   1150.3551
    906.4901	    435.2657
    906.5161	      0.0000
    906.5420	      0.0000
    906.5679	      0.0000
    906.5938	      0.0000
   1006.5205	      0.0000
   1006.5508	      0.0000
   1006.5811	      0.0000
   1006.6114	      0.0000
   1006.6416	    637.9215
   1006.6719	   1134.2078
   1006.7022	   1353.1650
   1006.7325	   1148.2958
   1006.7628	    679.4020
   1006.7933	      0.0000
   1006.8236	      0.0000
   1006.8539	      0.0000
   1006.8842	      0.0000
   1168.1511	      0.0000
   1168.1890	      0.0000
   1168.2268	      0.0000
   1168.2647	      0.0000
   1168.3026	    793.2194
   1168.3405	   1247.5703
   1168.3784	   1357.1719
   1168.4162	   1070.2522
   1168.4541	    593.3438
   1168.4920	      0.0000
   1168.5299	      0.0000
   1168.5678	      0.0000
   1168.6057	      0.0000
   1318.1917	      0.0000
   1318.2371	      0.0000
   1318.2825	      0.0000
   1318.3279	      0.0000
