# ljz_20131022_MR_Chym1_ELUTE.mzML
#
# index: 3599
# id: controllerType=0 controllerNumber=1 scan=9522
# scanNumber: 9522
# massAnalyzerType: quadrupole
# scanEvent: 2
# msLevel: 2
# retentionTime: 2434.81
# filterString: FTMS + p NSI d Full ms2 361.72@hcd28.00 [100.00-760.00]
# mzLow: 99.0038
# mzHigh: 767.731
# basePeakMZ: 439.231
# basePeakIntensity: 88426.9
# totalIonCurrent: 590588
# precursorCount: 1
# precursor 0: 361.716 1.37447e+006
# binary (1357): 
     99.0038	      0.0000
     99.0048	      0.0000
     99.0057	      0.0000
     99.0066	      0.0000
    101.0640	      0.0000
    101.0650	      0.0000
    101.0660	      0.0000
    101.0669	      0.0000
    101.0679	    437.9567
    101.0689	   1164.4932
    101.0698	   3167.4663
    101.0708	   5366.4268
    101.0717	   6671.0723
    101.0727	   5000.3140
    101.0737	   2847.0720
    101.0746	    793.8591
    101.0756	      0.0000
    101.0763	      0.0000
    101.0772	      0.0000
    101.0782	      0.0000
    101.0792	      0.0000
    107.8661	      0.0000
    107.8672	      0.0000
    107.8683	      0.0000
    107.8693	      0.0000
    107.8704	    582.4407
    107.8714	    819.4934
    107.8725	    877.8268
    107.8736	    717.0487
    107.8746	    423.9773
    107.8760	      0.0000
    107.8771	      0.0000
    107.8781	      0.0000
    107.8792	      0.0000
    110.0630	      0.0000
    110.0641	      0.0000
    110.0652	      0.0000
    110.0662	      0.0000
    110.0673	    478.5222
    110.0684	   1075.4476
    110.0695	   3271.3928
    110.0706	   5947.4712
    110.0717	   8436.4814
    110.0728	   7502.4048
    110.0739	   4541.0537
    110.0750	   1788.1349
    110.0761	    187.5922
    110.0768	      0.0000
    110.0779	      0.0000
    110.0790	      0.0000
    110.0801	      0.0000
    115.0143	      0.0000
    115.0155	      0.0000
    115.0167	      0.0000
    115.0178	      0.0000
    115.0190	    529.6428
    115.0202	   1125.0345
    115.0214	   1512.8292
    115.0225	   1377.8544
    115.0237	    823.2784
    115.0249	    282.2209
    115.0260	      0.0000
    115.0272	      0.0000
    115.0284	      0.0000
    115.0295	      0.0000
    116.0094	      0.0000
    116.0106	      0.0000
    116.0118	      0.0000
    116.0129	      0.0000
    116.0141	    679.3496
    116.0153	   1493.5331
    116.0165	   2129.5869
    116.0177	   2140.9319
    116.0189	   1545.8362
    116.0201	    782.2360
    116.0212	    273.3111
    116.0226	      0.0000
    116.0238	      0.0000
    116.0250	      0.0000
    116.0262	      0.0000
    120.0682	      0.0000
    120.0694	      0.0000
    120.0706	      0.0000
    120.0719	      0.0000
    120.0731	    231.2870
    120.0744	   1268.4882
    120.0756	   2203.3025
    120.0769	   5621.9341
    120.0781	  17296.4941
    120.0794	  36323.6602
    120.0806	  56905.6680
    120.0819	  59159.3828
    120.0831	  38766.3320
    120.0844	  18907.7148
    120.0856	   4363.0576
    120.0869	    541.4266
    120.0879	      0.0000
    120.0891	      0.0000
    120.0904	      0.0000
    120.0916	      0.0000
    120.0928	      0.0000
    120.0941	      0.0000
    120.0953	      0.0000
    120.0966	      0.0000
    123.0733	      0.0000
    123.0746	      0.0000
    123.0759	      0.0000
    123.0772	      0.0000
    123.0785	    485.7173
    123.0798	    845.5021
    123.0811	    946.6047
    123.0824	    722.5726
    123.0837	    350.4460
    123.0849	      0.0000
    123.0862	      0.0000
    123.0875	      0.0000
    123.0888	      0.0000
    127.1137	      0.0000
    127.1151	      0.0000
    127.1164	      0.0000
    127.1178	      0.0000
    127.1192	    244.4561
    127.1205	    781.4344
    127.1219	   1520.6587
    127.1232	   2036.7893
    127.1246	   1978.7115
    127.1260	   1404.5374
    127.1273	    713.2638
    127.1287	    258.8020
    127.1300	      0.0000
    127.1314	      0.0000
    127.1327	      0.0000
    127.1341	      0.0000
    129.0927	      0.0000
    129.0941	      0.0000
    129.0955	      0.0000
    129.0969	      0.0000
    129.0983	    330.5798
    129.0997	   1075.1213
    129.1010	   2786.6653
    129.1024	   3715.0107
    129.1038	   2820.5325
    129.1052	   1483.5151
    129.1066	    576.6359
    129.1080	      0.0000
    129.1094	      0.0000
    129.1108	      0.0000
    129.1121	      0.0000
    132.0920	      0.0000
    132.0935	      0.0000
    132.0949	      0.0000
    132.0964	      0.0000
    132.0978	    459.6502
    132.0992	   1040.7998
    132.1007	   1634.4042
    132.1021	   1849.2789
    132.1036	   1529.6229
    132.1050	    907.4799
    132.1064	    353.0738
    132.1078	      0.0000
    132.1093	      0.0000
    132.1107	      0.0000
    132.1122	      0.0000
    136.0662	      0.0000
    136.0677	      0.0000
    136.0692	      0.0000
    136.0707	      0.0000
    136.0722	    718.9313
    136.0737	   1593.6345
    136.0752	   3210.4937
    136.0767	   3325.6316
    136.0782	   2047.9821
    136.0797	    829.8030
    136.0812	    282.4745
    136.0827	      0.0000
    136.0842	      0.0000
    136.0857	      0.0000
    136.0872	      0.0000
    143.1075	      0.0000
    143.1091	      0.0000
    143.1107	      0.0000
    143.1124	      0.0000
    143.1140	    424.5631
    143.1156	   1096.1281
    143.1172	   1707.9156
    143.1189	   1829.2711
    143.1205	   1390.3335
    143.1221	    731.0160
    143.1240	      0.0000
    143.1256	      0.0000
    143.1272	      0.0000
    143.1289	      0.0000
    144.0625	      0.0000
    144.0641	      0.0000
    144.0657	      0.0000
    144.0674	      0.0000
    144.0690	    515.0010
    144.0707	   1725.0657
    144.0723	   5533.6279
    144.0739	  15856.8281
    144.0756	  27071.5586
    144.0772	  35286.9609
    144.0789	  27682.7656
    144.0805	  16130.3174
    144.0821	   5151.8022
    144.0838	    812.2681
    144.0854	      0.0000
    144.0868	      0.0000
    144.0884	      0.0000
    144.0901	      0.0000
    144.0917	      0.0000
    145.0696	      0.0000
    145.0712	      0.0000
    145.0729	      0.0000
    145.0746	      0.0000
    145.0762	    520.2878
    145.0779	   1011.5903
    145.0795	   1418.0157
    145.0812	   1456.9403
    145.0828	   1075.4712
    145.0845	    534.7286
    145.0862	      0.0000
    145.0879	      0.0000
    145.0895	      0.0000
    145.0912	      0.0000
    149.0115	      0.0000
    149.0133	      0.0000
    149.0150	      0.0000
    149.0167	      0.0000
    149.0184	    345.4077
    149.0202	   1006.6421
    149.0219	   1860.6501
    149.0236	   3513.5957
    149.0253	   2895.1760
    149.0271	   1390.4791
    149.0288	    612.0721
    149.0305	      0.0000
    149.0322	      0.0000
    149.0339	      0.0000
    149.0357	      0.0000
    155.0978	      0.0000
    155.0997	      0.0000
    155.1015	      0.0000
    155.1033	      0.0000
    155.1052	    584.0146
    155.1070	   1408.7657
    155.1088	    805.5992
    155.1111	   1431.4199
    155.1129	   3765.4961
    155.1147	  10514.9219
    155.1166	  18001.8809
    155.1184	  23608.2168
    155.1202	  18677.3848
    155.1221	  10847.3242
    155.1239	   3400.0430
    155.1257	    323.9517
    155.1272	      0.0000
    155.1290	      0.0000
    155.1309	      0.0000
    155.1327	      0.0000
    157.4137	      0.0000
    157.4156	      0.0000
    157.4175	      0.0000
    157.4194	      0.0000
    157.4212	    568.9445
    157.4231	    952.6601
    157.4250	   1100.4576
    157.4268	    929.4865
    157.4287	    570.4938
    157.4306	      0.0000
    157.4325	      0.0000
    157.4343	      0.0000
    157.4362	      0.0000
    158.0809	      0.0000
    158.0828	      0.0000
    158.0847	      0.0000
    158.0865	      0.0000
    158.0884	    370.4952
    158.0903	    837.0074
    158.0922	   1154.5325
    158.0941	   1100.9849
    158.0960	    720.3547
    158.0979	    285.2106
    158.0997	      0.0000
    158.1016	      0.0000
    158.1035	      0.0000
    158.1054	      0.0000
    160.0312	      0.0000
    160.0331	      0.0000
    160.0350	      0.0000
    160.0369	      0.0000
    160.0388	    439.9797
    160.0408	    818.3975
    160.0427	    962.7939
    160.0446	    773.1837
    160.0465	    400.6008
    160.0485	      0.0000
    160.0504	      0.0000
    160.0523	      0.0000
    160.0542	      0.0000
    166.0488	      0.0000
    166.0508	      0.0000
    166.0528	      0.0000
    166.0549	      0.0000
    166.0569	    484.9281
    166.0589	    884.7280
    166.0609	   1139.9130
    166.0630	   1086.0157
    166.0650	    742.1683
    166.0670	    312.3701
    166.0695	      0.0000
    166.0715	      0.0000
    166.0736	      0.0000
    166.0756	      0.0000
    166.0776	      0.0000
    166.0796	    503.7685
    166.0817	   1890.0729
    166.0837	   4437.9648
    166.0857	   7186.2676
    166.0878	   7515.5786
    166.0898	   4791.6118
    166.0918	   2125.1399
    166.0939	    292.2130
    166.0954	      0.0000
    166.0975	      0.0000
    166.0995	      0.0000
    166.1015	      0.0000
    166.9515	      0.0000
    166.9536	      0.0000
    166.9556	      0.0000
    166.9577	      0.0000
    166.9597	    590.2093
    166.9618	   1289.7314
    166.9638	   1951.6353
    166.9659	   2124.7256
    166.9679	   1665.5129
    166.9700	    902.8239
    166.9720	    324.3110
    166.9740	      0.0000
    166.9761	      0.0000
    166.9781	      0.0000
    166.9802	      0.0000
    171.0991	      0.0000
    171.1012	      0.0000
    171.1034	      0.0000
    171.1055	      0.0000
    171.1076	    457.4031
    171.1097	   1140.9706
    171.1119	   1850.8380
    171.1140	   2075.2324
    171.1161	   1662.2482
    171.1182	    932.8182
    171.1203	    342.6177
    171.1225	      0.0000
    171.1247	      0.0000
    171.1268	      0.0000
    171.1289	      0.0000
    173.0648	      0.0000
    173.0669	      0.0000
    173.0691	      0.0000
    173.0713	      0.0000
    173.0734	    334.0125
    173.0756	    718.3325
    173.0777	   1021.9647
    173.0799	   1019.5314
    173.0821	    686.4712
    173.0842	      0.0000
    173.0864	      0.0000
    173.0885	      0.0000
    173.0907	      0.0000
    177.5963	      0.0000
    177.5985	      0.0000
    177.6008	      0.0000
    177.6030	      0.0000
    177.6053	    474.6350
    177.6075	    950.9696
    177.6098	   1280.9379
    177.6120	   1247.5024
    177.6142	    880.3033
    177.6165	    423.9012
    177.6188	      0.0000
    177.6210	      0.0000
    177.6233	      0.0000
    177.6255	      0.0000
    182.0656	      0.0000
    182.0679	      0.0000
    182.0703	      0.0000
    182.0726	      0.0000
    182.0749	    474.8919
    182.0773	   1268.2523
    182.0796	   2843.8184
    182.0819	   3534.7974
    182.0843	   2462.0173
    182.0866	   1218.8698
    182.0889	    497.0102
    182.0912	      0.0000
    182.0936	      0.0000
    182.0959	      0.0000
    182.0982	      0.0000
    183.0953	      0.0000
    183.0976	      0.0000
    183.1000	      0.0000
    183.1023	      0.0000
    183.1047	    427.2871
    183.1070	   1275.8367
    183.1094	   3143.8691
    183.1117	   5153.4917
    183.1141	   5647.4561
    183.1164	   3781.5093
    183.1188	   1859.1498
    183.1211	    552.7524
    183.1234	      0.0000
    183.1258	      0.0000
    183.1281	      0.0000
    183.1305	      0.0000
    185.0400	      0.0000
    185.0424	      0.0000
    185.0447	      0.0000
    185.0471	      0.0000
    185.0495	    348.0081
    185.0519	    974.4730
    185.0543	   2561.6870
    185.0567	   4109.1519
    185.0591	   4377.0137
    185.0615	   2981.1660
    185.0638	   1212.2019
    185.0662	    503.9090
    185.0686	      0.0000
    185.0710	      0.0000
    185.0734	      0.0000
    185.0758	      0.0000
    196.8484	      0.0000
    196.8510	      0.0000
    196.8536	      0.0000
    196.8563	      0.0000
    196.8589	    421.3700
    196.8615	    855.7963
    196.8641	   1123.9242
    196.8667	   1038.7222
    196.8694	    655.0811
    196.8720	      0.0000
    196.8746	      0.0000
    196.8772	      0.0000
    196.8798	      0.0000
    197.0608	      0.0000
    197.0634	      0.0000
    197.0660	      0.0000
    197.0686	      0.0000
    197.0713	    413.8445
    197.0739	    931.3873
    197.0765	   1381.5869
    197.0791	   1455.6976
    197.0818	   1090.9912
    197.0844	    549.9073
    197.0870	      0.0000
    197.0897	      0.0000
    197.0923	      0.0000
    197.0949	      0.0000
    210.0032	      0.0000
    210.0061	      0.0000
    210.0089	      0.0000
    210.0118	      0.0000
    210.0147	    285.2473
    210.0176	    828.1233
    210.0205	   2219.7749
    210.0234	   3708.6362
    210.0263	   4108.1978
    210.0292	   2718.9131
    210.0320	   1295.4194
    210.0349	    473.7152
    210.0386	      0.0000
    210.0415	      0.0000
    210.0444	      0.0000
    210.0473	      0.0000
    212.1155	      0.0000
    212.1184	      0.0000
    212.1213	      0.0000
    212.1242	      0.0000
    212.1272	    401.4547
    212.1301	    916.6518
    212.1330	   2958.0881
    212.1360	   6025.6963
    212.1389	   9245.7627
    212.1418	   9096.8105
    212.1448	   5667.3091
    212.1477	   2473.4167
    212.1506	    291.3212
    212.1528	      0.0000
    212.1557	      0.0000
    212.1586	      0.0000
    212.1616	      0.0000
    213.1263	      0.0000
    213.1292	      0.0000
    213.1322	      0.0000
    213.1351	      0.0000
    213.1381	    645.2737
    213.1410	   1093.7040
    213.1440	   1187.7467
    213.1470	    855.1844
    213.1499	    363.8249
    213.1528	      0.0000
    213.1557	      0.0000
    213.1587	      0.0000
    213.1616	      0.0000
    241.1036	      0.0000
    241.1071	      0.0000
    241.1107	      0.0000
    241.1142	      0.0000
    241.1178	    560.0591
    241.1213	   2753.9531
    241.1249	   5808.4756
    241.1284	   8931.8486
    241.1320	   8382.3848
    241.1355	   5169.3950
    241.1391	   2208.5854
    241.1427	    572.6316
    241.1465	      0.0000
    241.1500	      0.0000
    241.1536	      0.0000
    241.1571	      0.0000
    245.5975	      0.0000
    245.6011	      0.0000
    245.6048	      0.0000
    245.6084	      0.0000
    245.6121	    516.2158
    245.6157	   1206.9752
    245.6194	   2828.2275
    245.6230	   4491.8188
    245.6267	   4210.0288
    245.6303	   2530.4475
    245.6340	    898.6825
    245.6376	    276.7669
    245.6413	      0.0000
    245.6449	      0.0000
    245.6486	      0.0000
    245.6522	      0.0000
    248.9165	      0.0000
    248.9202	      0.0000
    248.9239	      0.0000
    248.9276	      0.0000
    248.9314	    602.4495
    248.9351	   1234.4927
    248.9388	   1676.5127
    248.9425	   1620.4329
    248.9463	   1128.9165
    248.9500	    540.5433
    248.9537	      0.0000
    248.9574	      0.0000
    248.9612	      0.0000
    248.9649	      0.0000
    249.1215	      0.0000
    249.1252	      0.0000
    249.1289	      0.0000
    249.1327	      0.0000
    249.1364	    451.2522
    249.1401	    892.6642
    249.1438	   1219.6313
    249.1476	   1180.5460
    249.1513	    778.5662
    249.1550	    280.5465
    249.1588	      0.0000
    249.1625	      0.0000
    249.1662	      0.0000
    249.1700	      0.0000
    251.0195	      0.0000
    251.0232	      0.0000
    251.0270	      0.0000
    251.0308	      0.0000
    251.0346	    579.2722
    251.0383	   1770.1223
    251.0421	   3583.2087
    251.0459	   5381.0488
    251.0496	   4935.5933
    251.0534	   3016.7468
    251.0572	   1275.8940
    251.0610	    317.0779
    251.0647	      0.0000
    251.0685	      0.0000
    251.0723	      0.0000
    251.0760	      0.0000
    253.0652	      0.0000
    253.0690	      0.0000
    253.0728	      0.0000
    253.0766	      0.0000
    253.0805	    513.2883
    253.0843	   1695.7208
    253.0881	   3424.2783
    253.0919	   5019.5957
    253.0957	   4346.2871
    253.0996	   2531.9768
    253.1034	    843.8071
    253.1072	    326.3088
    253.1111	      0.0000
    253.1149	      0.0000
    253.1187	      0.0000
    253.1225	      0.0000
    254.5996	      0.0000
    254.6035	      0.0000
    254.6073	      0.0000
    254.6112	      0.0000
    254.6151	    273.6748
    254.6189	   1569.0947
    254.6228	   4249.9092
    254.6266	   7201.1802
    254.6305	   8611.3789
    254.6343	   6169.4253
    254.6382	   3311.4688
    254.6420	    944.0727
    254.6459	    240.0625
    254.6497	      0.0000
    254.6535	      0.0000
    254.6574	      0.0000
    254.6612	      0.0000
    255.1051	      0.0000
    255.1090	      0.0000
    255.1128	      0.0000
    255.1167	      0.0000
    255.1206	    288.6770
    255.1244	    767.4659
    255.1283	   1238.5065
    255.1322	   1391.3701
    255.1360	   1100.8329
    255.1399	    574.0908
    255.1446	      0.0000
    255.1484	      0.0000
    255.1523	      0.0000
    255.1562	      0.0000
    257.1276	      0.0000
    257.1315	      0.0000
    257.1354	      0.0000
    257.1393	      0.0000
    257.1432	    596.3292
    257.1471	    935.1609
    257.1511	   2787.6838
    257.1550	   6974.6201
    257.1589	  11591.2236
    257.1628	  13491.0195
    257.1667	   9307.5527
    257.1706	   4748.8672
    257.1745	    947.9697
    257.1784	      0.0000
    257.1817	      0.0000
    257.1856	      0.0000
    257.1895	      0.0000
    257.1934	      0.0000
    258.1271	      0.0000
    258.1310	      0.0000
    258.1350	      0.0000
    258.1389	      0.0000
    258.1428	    476.7105
    258.1468	   1525.3336
    258.1507	   3337.3164
    258.1546	   5275.5073
    258.1586	   5645.5947
    258.1625	   3840.0212
    258.1664	   1995.3970
    258.1704	    683.2908
    258.1743	      0.0000
    258.1782	      0.0000
    258.1822	      0.0000
    258.1861	      0.0000
    259.1133	      0.0000
    259.1173	      0.0000
    259.1212	      0.0000
    259.1252	      0.0000
    259.1292	    509.1572
    259.1331	    862.0269
    259.1371	   1024.8246
    259.1410	    871.1896
    259.1450	    485.0712
    259.1489	      0.0000
    259.1529	      0.0000
    259.1568	      0.0000
    259.1608	      0.0000
    266.5740	      0.0000
    266.5781	      0.0000
    266.5823	      0.0000
    266.5864	      0.0000
    266.5905	    403.3730
    266.5946	   1044.7666
    266.5988	   1742.3517
    266.6029	   2037.3328
    266.6070	   1703.2280
    266.6112	    987.2357
    266.6153	    373.0862
    266.6194	      0.0000
    266.6235	      0.0000
    266.6277	      0.0000
    266.6318	      0.0000
    268.0789	      0.0000
    268.0831	      0.0000
    268.0873	      0.0000
    268.0914	      0.0000
    268.0956	    488.4125
    268.0998	   1195.6661
    268.1039	   1972.8317
    268.1081	   2297.6992
    268.1123	   1928.5975
    268.1164	   1137.4738
    268.1206	    433.4496
    268.1247	      0.0000
    268.1289	      0.0000
    268.1331	      0.0000
    268.1372	      0.0000
    269.0935	      0.0000
    269.0977	      0.0000
    269.1019	      0.0000
    269.1061	      0.0000
    269.1103	      0.0000
    269.1145	   1193.0723
    269.1186	   2876.3843
    269.1228	   4643.8149
    269.1270	   4914.4150
    269.1312	   3476.5435
    269.1354	   1294.2731
    269.1396	    520.4139
    269.1438	      0.0000
    269.1480	      0.0000
    269.1521	      0.0000
    269.1563	      0.0000
    271.0892	      0.0000
    271.0935	      0.0000
    271.0977	      0.0000
    271.1019	      0.0000
    271.1062	    407.4231
    271.1104	    948.3419
    271.1146	   1312.3606
    271.1189	   1197.4734
    271.1231	    700.0086
    271.1273	      0.0000
    271.1316	      0.0000
    271.1358	      0.0000
    271.1400	      0.0000
    273.0944	      0.0000
    273.0986	      0.0000
    273.1029	      0.0000
    273.1072	      0.0000
    273.1115	    674.2263
    273.1158	   1096.1133
    273.1200	   1236.9548
    273.1243	    959.9742
    273.1286	    558.6202
    273.1329	    469.3821
    273.1372	   1823.6066
    273.1415	   3629.0200
    273.1457	   5264.3960
    273.1500	   4481.9727
    273.1543	   2599.5901
    273.1586	    842.8412
    273.1629	    382.5165
    273.1671	      0.0000
    273.1714	      0.0000
    273.1757	      0.0000
    273.1800	      0.0000
    273.6217	      0.0000
    273.6260	      0.0000
    273.6302	      0.0000
    273.6345	      0.0000
    273.6388	    264.1807
    273.6431	   1012.7745
    273.6474	   2733.9094
    273.6517	   4610.2485
    273.6560	   5920.7603
    273.6603	   4549.3115
    273.6646	   2492.9675
    273.6689	    519.5178
    273.6732	      0.0000
    273.6775	      0.0000
    273.6818	      0.0000
    273.6861	      0.0000
    274.9834	      0.0000
    274.9877	      0.0000
    274.9920	      0.0000
    274.9963	      0.0000
    275.0007	    434.3921
    275.0050	    818.2375
    275.0093	    998.7875
    275.0136	    859.3759
    275.0180	    521.7685
    275.0222	      0.0000
    275.0265	      0.0000
    275.0308	      0.0000
    275.0352	      0.0000
    276.1331	      0.0000
    276.1374	      0.0000
    276.1418	      0.0000
    276.1461	      0.0000
    276.1505	    716.2780
    276.1548	   3496.2476
    276.1592	   9276.6504
    276.1635	  15546.1084
    276.1679	  17968.5391
    276.1722	  12568.3730
    276.1766	   6645.9614
    276.1809	   1904.8405
    276.1853	    652.6039
    276.1899	      0.0000
    276.1942	      0.0000
    276.1986	      0.0000
    276.2029	      0.0000
    277.1415	      0.0000
    277.1458	      0.0000
    277.1502	      0.0000
    277.1546	      0.0000
    277.1590	    420.7501
    277.1633	   1071.6958
    277.1677	   1570.2318
    277.1721	   1567.9950
    277.1765	   1095.8070
    277.1808	    510.9835
    277.1852	      0.0000
    277.1896	      0.0000
    277.1940	      0.0000
    277.1983	      0.0000
    281.0599	      0.0000
    281.0644	      0.0000
    281.0689	      0.0000
    281.0733	      0.0000
    281.0778	    434.4607
    281.0823	    897.7977
    281.0867	   1239.4979
    281.0912	   1236.8098
    281.0957	    897.2754
    281.1001	    439.9875
    281.1048	      0.0000
    281.1093	      0.0000
    281.1138	      0.0000
    281.1182	      0.0000
    285.0988	      0.0000
    285.1034	      0.0000
    285.1080	      0.0000
    285.1125	      0.0000
    285.1171	    599.1813
    285.1217	   2335.7593
    285.1262	   7235.1255
    285.1308	  12451.9531
    285.1354	  16010.7754
    285.1399	  12234.4717
    285.1445	   7001.1543
    285.1491	   2094.5356
    285.1536	    446.0842
    285.1580	      0.0000
    285.1625	      0.0000
    285.1671	      0.0000
    285.1717	      0.0000
    290.5781	      0.0000
    290.5828	      0.0000
    290.5875	      0.0000
    290.5922	      0.0000
    290.5969	    529.8341
    290.6015	    878.2685
    290.6062	    988.5938
    290.6109	    805.4699
    290.6156	    465.2220
    290.6209	      0.0000
    290.6256	      0.0000
    290.6303	      0.0000
    290.6350	      0.0000
    302.1269	      0.0000
    302.1319	      0.0000
    302.1369	      0.0000
    302.1419	      0.0000
    302.1468	    678.6830
    302.1518	   2528.5161
    302.1568	   7518.4443
    302.1618	  12819.4014
    302.1668	  16562.1953
    302.1717	  12793.3574
    302.1767	   7379.7036
    302.1817	   2231.3911
    302.1867	    283.8126
    302.1912	      0.0000
    302.1962	      0.0000
    302.2012	      0.0000
    302.2062	      0.0000
    302.6352	      0.0000
    302.6402	      0.0000
    302.6452	      0.0000
    302.6501	      0.0000
    302.6551	    661.9760
    302.6601	   1440.1924
    302.6651	   2096.3367
    302.6701	   2177.6396
    302.6751	   1636.2939
    302.6801	    870.0477
    302.6851	    322.8622
    302.6901	      0.0000
    302.6951	      0.0000
    302.7001	      0.0000
    302.7051	      0.0000
    311.1400	      0.0000
    311.1452	      0.0000
    311.1504	      0.0000
    311.1556	      0.0000
    311.1608	    542.2922
    311.1661	    945.0189
    311.1713	   1101.6240
    311.1765	    886.0901
    311.1817	    455.4764
    311.1870	      0.0000
    311.1922	      0.0000
    311.1974	      0.0000
    311.2026	      0.0000
    321.1247	      0.0000
    321.1302	      0.0000
    321.1356	      0.0000
    321.1411	      0.0000
    321.1465	    515.4244
    321.1520	    985.1783
    321.1575	   1157.6495
    321.1629	    876.5710
    321.1684	    378.5517
    321.1738	      0.0000
    321.1793	      0.0000
    321.1847	      0.0000
    321.1902	      0.0000
    338.1363	      0.0000
    338.1422	      0.0000
    338.1481	      0.0000
    338.1540	      0.0000
    338.1599	    305.2625
    338.1658	   1444.0880
    338.1717	   3203.6311
    338.1776	   5109.0859
    338.1835	   5576.3765
    338.1894	   3694.7957
    338.1953	   1715.7280
    338.2012	    318.7342
    338.2073	      0.0000
    338.2132	      0.0000
    338.2191	      0.0000
    338.2250	      0.0000
    344.0882	      0.0000
    344.0942	      0.0000
    344.1003	      0.0000
    344.1063	      0.0000
    344.1124	    634.0007
    344.1184	   1093.5299
    344.1245	   1386.1631
    344.1305	   1313.7653
    344.1366	    898.9656
    344.1427	    406.2868
    344.1487	      0.0000
    344.1547	      0.0000
    344.1608	      0.0000
    344.1668	      0.0000
    360.9319	      0.0000
    360.9384	      0.0000
    360.9449	      0.0000
    360.9514	      0.0000
    360.9579	    450.8197
    360.9644	   1167.8872
    360.9709	   2666.1013
    360.9774	   3591.8376
    360.9839	   2796.2188
    360.9904	   1382.1425
    360.9969	    598.9115
    361.0035	      0.0000
    361.0100	      0.0000
    361.0165	      0.0000
    361.0230	      0.0000
    361.0946	      0.0000
    361.1011	      0.0000
    361.1076	      0.0000
    361.1141	      0.0000
    361.1206	    342.2848
    361.1271	   1391.8345
    361.1336	   3409.4553
    361.1401	   5554.8066
    361.1466	   5786.3354
    361.1531	   3747.9192
    361.1597	   1773.1727
    361.1662	   1125.9156
    361.1727	   2695.0771
    361.1792	   4644.3330
    361.1857	   5741.1187
    361.1922	   4022.5977
    361.1987	   2024.0760
    361.2052	    230.5879
    361.2117	      0.0000
    361.2183	    723.0789
    361.2248	   2029.2036
    361.2313	   3489.9189
    361.2378	   3950.5510
    361.2443	   2705.5662
    361.2508	   1042.0054
    361.2573	    376.5611
    361.2638	      0.0000
    361.2704	      0.0000
    361.2769	      0.0000
    361.2834	      0.0000
    362.2101	      0.0000
    362.2166	      0.0000
    362.2232	      0.0000
    362.2297	      0.0000
    362.2363	    591.5579
    362.2428	   1035.6804
    362.2493	   1209.8231
    362.2559	    950.4713
    362.2624	    460.6024
    362.2690	      0.0000
    362.2755	      0.0000
    362.2820	      0.0000
    362.2886	      0.0000
    363.1141	      0.0000
    363.1207	      0.0000
    363.1273	      0.0000
    363.1338	      0.0000
    363.1404	    340.7107
    363.1470	   1011.8809
    363.1535	   1992.7380
    363.1601	   4253.6689
    363.1666	   3601.5422
    363.1732	   2090.6914
    363.1798	    528.7795
    363.1865	      0.0000
    363.1931	      0.0000
    363.1996	      0.0000
    363.2062	      0.0000
    382.0999	      0.0000
    382.1070	      0.0000
    382.1140	      0.0000
    382.1211	      0.0000
    382.1282	    345.3282
    382.1353	   1083.0554
    382.1424	   2845.3989
    382.1495	   4341.1099
    382.1566	   3834.6201
    382.1636	   2208.6284
    382.1707	    782.7295
    382.1778	      0.0000
    382.1849	    449.6495
    382.1920	   1665.2676
    382.1991	   3007.7979
    382.2062	   4341.5200
    382.2133	   3772.6763
    382.2203	   2211.4795
    382.2274	    822.2101
    382.2345	    279.2961
    382.2416	      0.0000
    382.2487	      0.0000
    382.2558	      0.0000
    382.2629	      0.0000
    389.2042	      0.0000
    389.2114	      0.0000
    389.2187	      0.0000
    389.2260	      0.0000
    389.2333	    543.1182
    389.2406	   1276.2877
    389.2479	   1819.0522
    389.2551	   1764.5409
    389.2624	   1166.4026
    389.2697	    486.3491
    389.2772	      0.0000
    389.2845	      0.0000
    389.2918	      0.0000
    389.2990	      0.0000
    395.1566	      0.0000
    395.1640	      0.0000
    395.1715	      0.0000
    395.1789	      0.0000
    395.1864	    717.8361
    395.1938	   1412.7196
    395.2013	   1959.7821
    395.2087	   2018.2063
    395.2162	   1557.2793
    395.2236	    880.4966
    395.2311	    347.1595
    395.2385	      0.0000
    395.2460	      0.0000
    395.2534	      0.0000
    395.2609	      0.0000
    399.1883	      0.0000
    399.1958	      0.0000
    399.2034	      0.0000
    399.2110	      0.0000
    399.2185	    741.8685
    399.2261	   1368.9088
    399.2337	   1723.8060
    399.2412	   1562.5973
    399.2488	   1010.6544
    399.2564	    439.1396
    399.2662	      0.0000
    399.2737	      0.0000
    399.2813	      0.0000
    399.2889	      0.0000
    400.0999	      0.0000
    400.1075	      0.0000
    400.1150	      0.0000
    400.1226	      0.0000
    400.1302	    329.3877
    400.1378	   1172.5013
    400.1454	   3774.7961
    400.1530	   7518.1196
    400.1606	  11451.7080
    400.1682	  11070.4639
    400.1758	   6834.9072
    400.1834	   2911.5837
    400.1910	    390.3252
    400.1963	      0.0000
    400.2039	      0.0000
    400.2115	      0.0000
    400.2191	      0.0000
    401.2082	      0.0000
    401.2159	      0.0000
    401.2235	      0.0000
    401.2311	      0.0000
    401.2387	    629.7136
    401.2464	   1118.5240
    401.2540	   1355.9116
    401.2616	   1199.9869
    401.2692	    797.2199
    401.2768	      0.0000
    401.2845	      0.0000
    401.2921	      0.0000
    401.2997	      0.0000
    417.1417	      0.0000
    417.1498	      0.0000
    417.1579	      0.0000
    417.1660	      0.0000
    417.1740	    710.8356
    417.1821	   1260.7004
    417.1902	   1499.7804
    417.1983	   1271.6647
    417.2064	    761.4405
    417.2145	      0.0000
    417.2225	      0.0000
    417.2306	      0.0000
    417.2387	      0.0000
    422.1482	      0.0000
    422.1565	      0.0000
    422.1647	      0.0000
    422.1729	      0.0000
    422.1811	    367.7594
    422.1894	    829.9069
    422.1976	   1238.6499
    422.2058	   1316.5457
    422.2141	   1005.9185
    422.2223	    518.4420
    422.2307	      0.0000
    422.2389	      0.0000
    422.2472	      0.0000
    422.2554	      0.0000
    439.1228	      0.0000
    439.1315	      0.0000
    439.1403	      0.0000
    439.1490	      0.0000
    439.1577	      0.0000
    439.1665	      0.0000
    439.1752	      0.0000
    439.1855	   2369.4248
    439.1942	   3793.5969
    439.2030	  10498.9980
    439.2117	  32516.5313
    439.2204	  60634.2266
    439.2292	  87386.3906
    439.2379	  77982.6094
    439.2466	  47586.8711
    439.2554	  19437.4883
    439.2641	   4183.3916
    439.2728	    715.4260
    439.2800	      0.0000
    439.2887	      0.0000
    439.2974	   1113.9215
    439.3062	    178.7477
    439.3152	      0.0000
    439.3239	      0.0000
    439.3326	      0.0000
    439.3414	      0.0000
    440.1636	      0.0000
    440.1724	      0.0000
    440.1811	      0.0000
    440.1899	      0.0000
    440.1986	    667.9532
    440.2074	   2527.2190
    440.2162	   7632.2261
    440.2249	  13097.0830
    440.2337	  17150.8359
    440.2425	  13505.8965
    440.2512	   7884.3965
    440.2600	   2653.7385
    440.2687	    453.0350
    440.2772	      0.0000
    440.2860	      0.0000
    440.2948	      0.0000
    440.3035	      0.0000
    441.0582	      0.0000
    441.0669	      0.0000
    441.0757	      0.0000
    441.0845	      0.0000
    441.0933	    404.6348
    441.1021	    935.4485
    441.1109	   1456.0294
    441.1197	   1624.9327
    441.1285	   1330.7042
    441.1372	    786.9666
    441.1460	      0.0000
    441.1548	      0.0000
    441.1636	      0.0000
    441.1724	      0.0000
    446.2165	      0.0000
    446.2254	      0.0000
    446.2344	      0.0000
    446.2433	      0.0000
    446.2523	    389.5554
    446.2612	    991.9660
    446.2701	   1514.0776
    446.2791	   1552.3220
    446.2880	   1086.8745
    446.2970	    482.3163
    446.3064	      0.0000
    446.3153	      0.0000
    446.3243	      0.0000
    446.3332	      0.0000
    510.1946	      0.0000
    510.2055	      0.0000
    510.2165	      0.0000
    510.2274	      0.0000
    510.2383	    689.0695
    510.2493	   1482.3820
    510.2602	   2112.3882
    510.2711	   2112.2834
    510.2821	   1478.1665
    510.2930	    684.9152
    510.3039	      0.0000
    510.3149	      0.0000
    510.3258	      0.0000
    510.3367	      0.0000
    528.2594	      0.0000
    528.2709	      0.0000
    528.2824	      0.0000
    528.2940	      0.0000
    528.3055	    499.7972
    528.3170	    811.2006
    528.3285	    958.5762
    528.3400	    823.5652
    528.3515	    488.6928
    528.3631	      0.0000
    528.3746	      0.0000
    528.3861	      0.0000
    528.3976	      0.0000
    532.1154	      0.0000
    532.1271	      0.0000
    532.1387	      0.0000
    532.1503	      0.0000
    532.1620	    235.0433
    532.1736	    864.9762
    532.1853	   1610.0798
    532.1969	   2002.1388
    532.2086	   1780.4208
    532.2202	   1140.7406
    532.2319	    518.8406
    532.2453	      0.0000
    532.2569	      0.0000
    532.2686	      0.0000
    532.2802	      0.0000
    552.2178	      0.0000
    552.2301	      0.0000
    552.2424	      0.0000
    552.2547	      0.0000
    552.2670	    439.4475
    552.2793	   1913.5195
    552.2916	   4972.5679
    552.3039	   8315.3154
    552.3162	   9880.8330
    552.3286	   7129.5903
    552.3409	   3887.7810
    552.3532	   1029.6473
    552.3655	    155.9407
    552.3775	      0.0000
    552.3899	      0.0000
    552.4022	      0.0000
    552.4145	      0.0000
    564.2136	      0.0000
    564.2264	      0.0000
    564.2391	      0.0000
    564.2518	      0.0000
    564.2645	    595.6583
    564.2772	   2328.0161
    564.2899	   6851.9443
    564.3026	  11686.6338
    564.3153	  15144.7871
    564.3281	  11811.8408
    564.3408	   6825.6260
    564.3535	   2123.6196
    564.3662	    199.3414
    564.3775	      0.0000
    564.3902	      0.0000
    564.4029	      0.0000
    564.4156	      0.0000
    565.2178	      0.0000
    565.2305	      0.0000
    565.2433	      0.0000
    565.2560	      0.0000
    565.2688	    459.9711
    565.2815	   1257.2174
    565.2943	   3210.6863
    565.3070	   5351.6655
    565.3198	   5977.3091
    565.3325	   3992.3120
    565.3453	   1941.9801
    565.3580	    312.3104
    565.3738	      0.0000
    565.3865	      0.0000
    565.3993	      0.0000
    565.4120	      0.0000
    609.2103	      0.0000
    609.2246	      0.0000
    609.2388	      0.0000
    609.2531	      0.0000
    609.2674	    693.4015
    609.2816	   1366.8809
    609.2959	   3671.0720
    609.3102	   9451.7246
    609.3244	  15815.1758
    609.3387	  19408.6973
    609.3530	  14284.3613
    609.3672	   7888.3760
    609.3815	   2108.5708
    609.3958	    303.7849
    609.4071	      0.0000
    609.4214	      0.0000
    609.4356	      0.0000
    609.4499	      0.0000
    610.2356	      0.0000
    610.2499	      0.0000
    610.2642	      0.0000
    610.2785	      0.0000
    610.2928	    452.3548
    610.3071	   2070.9438
    610.3214	   3641.6892
    610.3357	   5033.2119
    610.3500	   4372.2329
    610.3643	   2569.6609
    610.3786	    927.5012
    610.3929	    432.7390
    610.4072	      0.0000
    610.4215	      0.0000
    610.4358	      0.0000
    610.4501	      0.0000
    621.2495	      0.0000
    621.2642	      0.0000
    621.2789	      0.0000
    621.2936	      0.0000
    621.3083	    741.5925
    621.3230	   1113.5609
    621.3377	   1206.9774
    621.3524	    943.1530
    621.3671	    490.7526
    621.3818	      0.0000
    621.3964	      0.0000
    621.4111	      0.0000
    621.4258	      0.0000
    767.6708	      0.0000
    767.6909	      0.0000
    767.7111	      0.0000
    767.7313	      0.0000
