# ljz_20131022_MR_Chym1_ELUTE.mzML
#
# index: 4354
# id: controllerType=0 controllerNumber=1 scan=10523
# scanNumber: 10523
# massAnalyzerType: quadrupole
# scanEvent: 2
# msLevel: 2
# retentionTime: 2615.9
# filterString: FTMS + p NSI d Full ms2 566.27@hcd28.00 [100.00-1175.00]
# mzLow: 99.0036
# mzHigh: 1186.97
# basePeakMZ: 245.187
# basePeakIntensity: 372610
# totalIonCurrent: 3.09282e+006
# precursorCount: 1
# precursor 0: 566.266 652978
# binary (2126): 
     99.0036	      0.0000
     99.0045	      0.0000
     99.0054	      0.0000
     99.0064	      0.0000
    101.0647	      0.0000
    101.0657	      0.0000
    101.0667	      0.0000
    101.0676	      0.0000
    101.0686	    816.8344
    101.0696	   1838.2157
    101.0705	   2938.0913
    101.0715	   5136.3765
    101.0725	   3656.2351
    101.0734	   1887.0377
    101.0744	    903.2412
    101.0753	      0.0000
    101.0763	      0.0000
    101.0773	      0.0000
    101.0782	      0.0000
    102.0491	      0.0000
    102.0501	      0.0000
    102.0511	      0.0000
    102.0520	      0.0000
    102.0530	    465.6068
    102.0540	    971.6955
    102.0550	   1357.2844
    102.0559	   1349.2904
    102.0569	    930.0759
    102.0579	      0.0000
    102.0589	      0.0000
    102.0598	      0.0000
    102.0608	      0.0000
    103.0152	      0.0000
    103.0162	      0.0000
    103.0172	      0.0000
    103.0181	      0.0000
    103.0191	    541.0413
    103.0201	   1002.9524
    103.0211	   1230.7179
    103.0221	   1017.5399
    103.0231	    488.0629
    103.0240	      0.0000
    103.0250	      0.0000
    103.0260	      0.0000
    103.0270	      0.0000
    110.0637	      0.0000
    110.0648	      0.0000
    110.0659	      0.0000
    110.0670	      0.0000
    110.0681	    598.0972
    110.0692	   1823.5970
    110.0703	   4429.1318
    110.0714	   7262.1016
    110.0725	   7595.2695
    110.0736	   4871.6104
    110.0747	   2270.5022
    110.0758	    755.8430
    110.0768	      0.0000
    110.0779	      0.0000
    110.0790	      0.0000
    110.0801	      0.0000
    115.0787	      0.0000
    115.0799	      0.0000
    115.0810	      0.0000
    115.0822	      0.0000
    115.0834	    699.8096
    115.0845	   2695.4019
    115.0857	   4803.0537
    115.0869	   6465.8506
    115.0881	   5152.2354
    115.0892	   2869.5605
    115.0904	    584.7604
    115.0915	      0.0000
    115.0927	      0.0000
    115.0939	      0.0000
    115.0950	      0.0000
    120.0716	      0.0000
    120.0729	      0.0000
    120.0741	      0.0000
    120.0754	      0.0000
    120.0766	    379.0280
    120.0779	   1211.0217
    120.0791	   3801.0269
    120.0804	   6087.3701
    120.0816	   6771.9351
    120.0829	   4525.8589
    120.0841	   2193.5112
    120.0854	    897.8056
    120.0865	      0.0000
    120.0878	      0.0000
    120.0890	      0.0000
    120.0903	      0.0000
    126.0465	      0.0000
    126.0479	      0.0000
    126.0492	      0.0000
    126.0506	      0.0000
    126.0519	    463.4416
    126.0532	   1104.5621
    126.0546	   1574.1719
    126.0559	   1536.9332
    126.0573	   1028.4158
    126.0586	    403.3936
    126.0599	      0.0000
    126.0613	      0.0000
    126.0626	      0.0000
    126.0640	      0.0000
    129.0941	      0.0000
    129.0954	      0.0000
    129.0968	      0.0000
    129.0982	      0.0000
    129.0996	    864.0016
    129.1010	   1814.4501
    129.1024	   2594.2725
    129.1038	   2656.6750
    129.1052	   1950.1670
    129.1066	    985.7813
    129.1080	    346.0581
    129.1093	      0.0000
    129.1107	      0.0000
    129.1121	      0.0000
    129.1135	      0.0000
    131.0741	      0.0000
    131.0755	      0.0000
    131.0769	      0.0000
    131.0783	      0.0000
    131.0798	    963.1408
    131.0812	   1490.7084
    131.0826	   1696.1383
    131.0840	   1461.7885
    131.0855	    935.7983
    131.0872	      0.0000
    131.0886	      0.0000
    131.0900	      0.0000
    131.0914	      0.0000
    132.0894	      0.0000
    132.0909	      0.0000
    132.0923	      0.0000
    132.0937	      0.0000
    132.0952	    453.9994
    132.0966	   1184.9017
    132.0981	   3769.0015
    132.0995	  11596.7295
    132.1009	  21037.4199
    132.1024	  29299.9238
    132.1038	  24862.2871
    132.1053	  14868.0225
    132.1067	   5420.9429
    132.1081	    993.4612
    132.1096	    102.5219
    132.1107	      0.0000
    132.1122	      0.0000
    132.1136	      0.0000
    132.1150	      0.0000
    133.0971	      0.0000
    133.0985	      0.0000
    133.1000	      0.0000
    133.1015	      0.0000
    133.1029	    590.1606
    133.1044	   1163.4937
    133.1058	   1391.4941
    133.1073	   1054.0309
    133.1087	    426.3764
    133.1102	      0.0000
    133.1116	      0.0000
    133.1131	      0.0000
    133.1145	      0.0000
    134.9841	      0.0000
    134.9856	      0.0000
    134.9871	      0.0000
    134.9886	      0.0000
    134.9901	    630.6069
    134.9916	   1452.1743
    134.9931	   2194.0081
    134.9946	   2351.5955
    134.9960	   1801.6730
    134.9975	    938.5206
    134.9990	    326.5786
    135.0005	      0.0000
    135.0020	      0.0000
    135.0035	      0.0000
    135.0050	      0.0000
    136.0676	      0.0000
    136.0691	      0.0000
    136.0706	      0.0000
    136.0721	      0.0000
    136.0736	    808.2700
    136.0752	   1392.6379
    136.0767	   1691.8121
    136.0782	   1517.4280
    136.0797	    998.4557
    136.0812	    447.0767
    136.0827	      0.0000
    136.0842	      0.0000
    136.0857	      0.0000
    136.0872	      0.0000
    136.4554	      0.0000
    136.4569	      0.0000
    136.4584	      0.0000
    136.4599	      0.0000
    136.4614	    686.7760
    136.4629	    957.3044
    136.4644	   1055.7959
    136.4660	    929.3994
    136.4675	    604.3513
    136.4693	      0.0000
    136.4708	      0.0000
    136.4723	      0.0000
    136.4738	      0.0000
    141.0532	      0.0000
    141.0548	      0.0000
    141.0564	      0.0000
    141.0580	      0.0000
    141.0596	    778.2504
    141.0612	   2997.1194
    141.0628	   9747.0107
    141.0643	  18543.9961
    141.0659	  27162.7969
    141.0675	  24783.2793
    141.0691	  15244.1270
    141.0707	   6357.6753
    141.0723	   1184.3711
    141.0739	      2.7300
    141.0752	      0.0000
    141.0768	      0.0000
    141.0783	      0.0000
    141.0799	      0.0000
    142.2571	      0.0000
    142.2587	      0.0000
    142.2603	      0.0000
    142.2619	      0.0000
    142.2636	    729.7077
    142.2652	   1197.2708
    142.2668	   1398.7886
    142.2684	   1191.4984
    142.2700	    705.2344
    142.2716	      0.0000
    142.2732	      0.0000
    142.2748	      0.0000
    142.2764	      0.0000
    148.0995	      0.0000
    148.1012	      0.0000
    148.1029	      0.0000
    148.1046	      0.0000
    148.1063	    723.6608
    148.1080	   1116.7899
    148.1097	   1232.4574
    148.1114	    979.4579
    148.1131	    496.6878
    148.1149	      0.0000
    148.1166	      0.0000
    148.1183	      0.0000
    148.1200	      0.0000
    151.5363	      0.0000
    151.5381	      0.0000
    151.5399	      0.0000
    151.5416	      0.0000
    151.5434	    713.3241
    151.5452	   1158.0032
    151.5469	   1277.2378
    151.5487	    999.4901
    151.5505	    529.4767
    151.5524	      0.0000
    151.5542	      0.0000
    151.5560	      0.0000
    151.5577	      0.0000
    159.0602	      0.0000
    159.0621	      0.0000
    159.0640	      0.0000
    159.0659	      0.0000
    159.0678	    681.2121
    159.0697	   2239.9211
    159.0716	   7565.4004
    159.0735	  17946.9648
    159.0754	  29269.0352
    159.0773	  33650.0078
    159.0792	  23716.9688
    159.0812	  12753.7461
    159.0831	   3460.1960
    159.0850	    202.0250
    159.0867	      0.0000
    159.0886	      0.0000
    159.0905	      0.0000
    159.0924	      0.0000
    160.0311	      0.0000
    160.0330	      0.0000
    160.0349	      0.0000
    160.0369	      0.0000
    160.0388	    747.2426
    160.0407	   1277.5564
    160.0426	   1552.3350
    160.0446	   1389.0776
    160.0465	    889.2929
    160.0484	      0.0000
    160.0503	      0.0000
    160.0523	      0.0000
    160.0542	      0.0000
    166.0731	      0.0000
    166.0751	      0.0000
    166.0771	      0.0000
    166.0792	      0.0000
    166.0812	    725.3602
    166.0832	   1708.0632
    166.0853	   2614.1274
    166.0873	   2772.5945
    166.0893	   2029.2350
    166.0914	    934.4376
    166.0934	      0.0000
    166.0954	      0.0000
    166.0975	      0.0000
    166.0995	      0.0000
    173.0799	      0.0000
    173.0820	      0.0000
    173.0842	      0.0000
    173.0863	      0.0000
    173.0885	    864.9709
    173.0907	   1548.2140
    173.0928	   1830.9020
    173.0950	   1498.0479
    173.0971	    796.7274
    173.0996	      0.0000
    173.1018	      0.0000
    173.1039	      0.0000
    173.1061	      0.0000
    173.1126	      0.0000
    173.1147	      0.0000
    173.1169	      0.0000
    173.1191	      0.0000
    173.1212	    942.9628
    173.1234	   3370.8037
    173.1255	   7828.6284
    173.1277	  12742.1738
    173.1299	  14244.2578
    173.1320	   9718.9443
    173.1342	   4975.0317
    173.1364	   1172.5980
    173.1385	     37.8591
    173.1404	      0.0000
    173.1425	      0.0000
    173.1447	      0.0000
    173.1469	      0.0000
    183.0600	      0.0000
    183.0623	      0.0000
    183.0647	      0.0000
    183.0670	      0.0000
    183.0694	    375.5395
    183.0717	   1073.7247
    183.0741	   1867.2302
    183.0764	   2233.4700
    183.0788	   1886.7473
    183.0811	   1070.4491
    183.0835	    342.8107
    183.0858	      0.0000
    183.0882	      0.0000
    183.0905	      0.0000
    183.0929	      0.0000
    183.0952	      0.0000
    183.0976	      0.0000
    183.0999	      0.0000
    183.1023	      0.0000
    183.1046	    439.5942
    183.1070	   1225.8792
    183.1093	   3123.2202
    183.1117	   5329.2378
    183.1140	   5685.6128
    183.1164	   3526.5310
    183.1187	   1482.3983
    183.1211	    566.5038
    183.1234	      0.0000
    183.1257	      0.0000
    183.1281	      0.0000
    183.1304	      0.0000
    186.0709	      0.0000
    186.0733	      0.0000
    186.0757	      0.0000
    186.0781	      0.0000
    186.0805	    509.4511
    186.0829	   1471.6351
    186.0853	   2685.7070
    186.0877	   5039.4209
    186.0901	   2902.4395
    186.0925	   1683.6174
    186.0949	    557.1390
    186.0975	      0.0000
    186.0999	      0.0000
    186.1023	      0.0000
    186.1047	      0.0000
    187.0426	      0.0000
    187.0450	      0.0000
    187.0475	      0.0000
    187.0499	      0.0000
    187.0523	    153.6164
    187.0547	   1394.3785
    187.0572	   1973.8986
    187.0596	   2155.8401
    187.0620	   4096.6221
    187.0645	  14124.5918
    187.0669	  44900.1289
    187.0693	  80664.8828
    187.0717	 111373.2656
    187.0742	  93531.6875
    187.0766	  56127.6875
    187.0790	  21410.0254
    187.0814	   5335.7690
    187.0839	   1410.1160
    187.0863	   1127.5540
    187.0887	    268.4442
    187.0910	      0.0000
    187.0934	      0.0000
    187.0959	      0.0000
    187.0983	      0.0000
    187.1007	      0.0000
    187.1032	      0.0000
    187.1056	      0.0000
    187.1080	      0.0000
    187.1104	      0.0000
    187.1129	      0.0000
    187.1153	      0.0000
    187.1177	      0.0000
    187.1201	      0.0000
    187.1226	      0.0000
    188.0560	      0.0000
    188.0584	      0.0000
    188.0609	      0.0000
    188.0633	      0.0000
    188.0657	    687.4611
    188.0682	   1777.1117
    188.0706	   4309.2876
    188.0731	   7011.3311
    188.0755	   8018.1943
    188.0780	   5854.3550
    188.0804	   3339.0193
    188.0829	   1108.5999
    188.0853	    484.2824
    188.0878	      0.0000
    188.0903	      0.0000
    188.0927	      0.0000
    188.0952	      0.0000
    194.1006	      0.0000
    194.1031	      0.0000
    194.1057	      0.0000
    194.1083	      0.0000
    194.1108	    448.3387
    194.1134	   1178.3064
    194.1160	   1658.0914
    194.1185	   1513.1809
    194.1211	    902.0318
    194.1238	      0.0000
    194.1263	      0.0000
    194.1289	      0.0000
    194.1315	      0.0000
    199.1609	      0.0000
    199.1636	      0.0000
    199.1662	      0.0000
    199.1689	      0.0000
    199.1716	    524.7400
    199.1742	   2341.1963
    199.1769	   5688.7427
    199.1796	   9388.7500
    199.1822	  10535.5010
    199.1849	   7177.1816
    199.1876	   3660.8059
    199.1902	    813.8667
    199.1928	      0.0000
    199.1954	      0.0000
    199.1981	      0.0000
    199.2008	      0.0000
    200.0837	      0.0000
    200.0864	      0.0000
    200.0891	      0.0000
    200.0918	      0.0000
    200.0945	    727.6721
    200.0972	   1511.0770
    200.0998	   2327.3821
    200.1025	   2681.7053
    200.1052	   2291.5693
    200.1079	   1383.9799
    200.1106	    521.0600
    200.1134	      0.0000
    200.1161	      0.0000
    200.1188	      0.0000
    200.1215	      0.0000
    201.0998	      0.0000
    201.1026	      0.0000
    201.1053	      0.0000
    201.1080	      0.0000
    201.1107	    446.4222
    201.1134	   1597.3936
    201.1161	   5789.1021
    201.1188	  16477.4063
    201.1215	  27981.8516
    201.1242	  35439.3438
    201.1269	  26899.9746
    201.1296	  15476.8906
    201.1323	   4778.5552
    201.1350	    910.3064
    201.1375	      0.0000
    201.1402	      0.0000
    201.1429	      0.0000
    201.1456	      0.0000
    202.1070	      0.0000
    202.1097	      0.0000
    202.1124	      0.0000
    202.1152	      0.0000
    202.1179	    520.6575
    202.1206	   1492.8563
    202.1233	   3480.2332
    202.1261	   4928.0337
    202.1288	   4048.5374
    202.1315	   1867.5526
    202.1343	    719.0842
    202.1370	      0.0000
    202.1398	      0.0000
    202.1425	      0.0000
    202.1452	      0.0000
    210.0897	      0.0000
    210.0926	      0.0000
    210.0955	      0.0000
    210.0984	      0.0000
    210.1013	    269.2117
    210.1042	   1023.5178
    210.1071	   2108.9678
    210.1100	   2812.9668
    210.1129	   2591.9299
    210.1157	   1630.3030
    210.1186	    632.7935
    210.1215	      0.0000
    210.1244	      0.0000
    210.1273	      0.0000
    210.1302	      0.0000
    227.1552	      0.0000
    227.1585	      0.0000
    227.1617	      0.0000
    227.1650	      0.0000
    227.1682	    939.2149
    227.1715	   1963.8009
    227.1747	   2682.4980
    227.1780	   2602.5090
    227.1812	   1824.0641
    227.1845	    895.6057
    227.1877	      0.0000
    227.1909	      0.0000
    227.1942	      0.0000
    227.1974	      0.0000
    229.0899	      0.0000
    229.0932	      0.0000
    229.0965	      0.0000
    229.0998	      0.0000
    229.1031	    383.1322
    229.1064	   1750.1927
    229.1097	   7222.6572
    229.1130	  18504.4160
    229.1163	  30688.3926
    229.1195	  36134.1289
    229.1228	  25979.4883
    229.1261	  14312.4287
    229.1294	   4319.6851
    229.1327	    991.6310
    229.1361	      0.0000
    229.1394	      0.0000
    229.1427	      0.0000
    229.1460	      0.0000
    230.0999	      0.0000
    230.1032	      0.0000
    230.1065	      0.0000
    230.1098	      0.0000
    230.1131	    933.0081
    230.1164	   1658.2943
    230.1197	   2248.0461
    230.1230	   2303.5833
    230.1263	   1720.3750
    230.1297	    877.6702
    230.1329	      0.0000
    230.1362	      0.0000
    230.1396	      0.0000
    230.1429	      0.0000
    237.1024	      0.0000
    237.1059	      0.0000
    237.1093	      0.0000
    237.1128	      0.0000
    237.1163	    847.6052
    237.1197	   1763.5751
    237.1232	   2456.9778
    237.1266	   2391.2166
    237.1301	   1623.9126
    237.1336	    707.8699
    237.1370	      0.0000
    237.1405	      0.0000
    237.1439	      0.0000
    237.1474	      0.0000
    241.9761	      0.0000
    241.9796	      0.0000
    241.9832	      0.0000
    241.9868	      0.0000
    241.9903	    879.4747
    241.9939	   1742.2498
    241.9975	   2229.1177
    242.0011	   2003.9688
    242.0046	   1290.6296
    242.0082	    580.7072
    242.0120	      0.0000
    242.0156	      0.0000
    242.0192	      0.0000
    242.0227	      0.0000
    245.1418	      0.0000
    245.1455	      0.0000
    245.1491	      0.0000
    245.1528	      0.0000
    245.1564	    461.1417
    245.1600	   3455.6394
    245.1637	   6272.3853
    245.1673	   8415.2188
    245.1710	  11708.8281
    245.1746	  36710.3984
    245.1783	 124491.2422
    245.1819	 243455.4063
    245.1855	 363941.7813
    245.1892	 342618.8125
    245.1928	 215331.0313
    245.1965	  97434.6797
    245.2001	  26902.5176
    245.2037	   8650.7090
    245.2074	   7009.3823
    245.2110	   3404.4707
    245.2147	      0.0000
    245.2182	      0.0000
    245.2218	      0.0000
    245.2254	      0.0000
    245.2291	      0.0000
    245.2655	      0.0000
    245.2692	      0.0000
    245.2728	      0.0000
    245.2764	      0.0000
    245.2801	      0.0000
    245.2837	      0.0000
    245.2874	      0.0000
    245.2910	      0.0000
    245.2947	      0.0000
    245.2985	      0.0000
    245.3022	      0.0000
    245.3058	      0.0000
    245.3095	      0.0000
    246.1572	      0.0000
    246.1608	      0.0000
    246.1645	      0.0000
    246.1681	      0.0000
    246.1718	    888.2468
    246.1755	   2546.1716
    246.1791	   9052.4355
    246.1828	  27213.9004
    246.1865	  46915.8984
    246.1901	  61952.9844
    246.1938	  49338.3281
    246.1975	  29024.4141
    246.2011	   9930.7002
    246.2048	   2266.0510
    246.2085	    376.9137
    246.2119	      0.0000
    246.2155	      0.0000
    246.2192	      0.0000
    246.2229	      0.0000
    247.1674	      0.0000
    247.1711	      0.0000
    247.1748	      0.0000
    247.1785	      0.0000
    247.1822	    897.5964
    247.1859	   1938.2034
    247.1896	   2873.1333
    247.1932	   3049.5886
    247.1969	   2316.8940
    247.2006	   1213.9502
    247.2043	    435.0938
    247.2080	      0.0000
    247.2116	      0.0000
    247.2153	      0.0000
    247.2190	      0.0000
    254.1031	      0.0000
    254.1070	      0.0000
    254.1108	      0.0000
    254.1147	      0.0000
    254.1185	    387.5370
    254.1224	   2076.4829
    254.1262	   2642.1904
    254.1300	   2723.4871
    254.1339	   2684.9412
    254.1380	   6219.2822
    254.1419	  20495.1230
    254.1457	  40293.9180
    254.1495	  60175.0898
    254.1534	  56352.7305
    254.1572	  35140.7461
    254.1611	  15395.5752
    254.1649	   4012.1782
    254.1688	   1365.1138
    254.1726	   1334.6025
    254.1764	    710.0401
    254.1800	      0.0000
    254.1838	      0.0000
    254.1877	      0.0000
    254.1915	      0.0000
    255.1089	      0.0000
    255.1128	      0.0000
    255.1166	      0.0000
    255.1205	      0.0000
    255.1244	    858.0233
    255.1282	   1734.8883
    255.1321	   2127.6843
    255.1360	   1499.1425
    255.1398	    595.9867
    255.1437	    713.8195
    255.1476	   3286.7505
    255.1514	   5650.0474
    255.1553	   6637.5742
    255.1592	   4395.5825
    255.1630	   2186.5432
    255.1669	    608.0507
    255.1708	      0.0000
    255.1747	      0.0000
    255.1786	      0.0000
    255.1824	      0.0000
    271.1230	      0.0000
    271.1273	      0.0000
    271.1315	      0.0000
    271.1357	      0.0000
    271.1400	    897.8770
    271.1442	   1429.2932
    271.1484	   1722.7173
    271.1527	   1609.1179
    271.1569	   1144.0378
    271.1611	    573.2477
    271.1654	      0.0000
    271.1696	      0.0000
    271.1739	      0.0000
    271.1781	      0.0000
    272.1252	      0.0000
    272.1294	      0.0000
    272.1337	      0.0000
    272.1380	      0.0000
    272.1422	   1060.5331
    272.1465	   3932.3479
    272.1507	  14615.0361
    272.1550	  30818.9141
    272.1592	  48226.2578
    272.1635	  49284.8164
    272.1678	  32041.6504
    272.1720	  15649.3828
    272.1763	   4123.9277
    272.1805	    798.6631
    272.1848	      0.0000
    272.1890	      0.0000
    272.1933	      0.0000
    272.1975	      0.0000
    273.1328	      0.0000
    273.1371	      0.0000
    273.1414	      0.0000
    273.1457	      0.0000
    273.1499	    274.6645
    273.1542	   2113.5911
    273.1585	   4812.2119
    273.1628	   7723.2456
    273.1671	   7929.0083
    273.1714	   5208.5957
    273.1756	   2620.8435
    273.1799	    700.2736
    273.1843	      0.0000
    273.1886	      0.0000
    273.1929	      0.0000
    273.1972	      0.0000
    277.0145	      0.0000
    277.0189	      0.0000
    277.0233	      0.0000
    277.0276	      0.0000
    277.0320	    623.0089
    277.0364	   1356.9271
    277.0408	   4099.0425
    277.0451	   7090.1357
    277.0495	   8700.3506
    277.0539	   6259.5269
    277.0583	   3317.4868
    277.0626	    827.8019
    277.0670	      0.0000
    277.0714	      0.0000
    277.0757	      0.0000
    277.0801	      0.0000
    278.0275	      0.0000
    278.0319	      0.0000
    278.0363	      0.0000
    278.0407	      0.0000
    278.0451	    551.3193
    278.0495	   1150.7665
    278.0539	   1413.3285
    278.0583	   1138.6490
    278.0627	    558.2255
    278.0661	      0.0000
    278.0705	      0.0000
    278.0749	      0.0000
    278.0793	      0.0000
    282.1077	      0.0000
    282.1122	      0.0000
    282.1167	      0.0000
    282.1212	      0.0000
    282.1257	    114.9073
    282.1301	   1328.5925
    282.1346	   5628.5522
    282.1391	  10964.5840
    282.1436	  16040.9609
    282.1481	  14453.4326
    282.1526	   8947.1338
    282.1571	   3952.5857
    282.1616	   1128.4478
    282.1661	    199.5161
    282.1715	      0.0000
    282.1760	      0.0000
    282.1805	      0.0000
    282.1850	      0.0000
    284.1012	      0.0000
    284.1057	      0.0000
    284.1103	      0.0000
    284.1148	      0.0000
    284.1193	    780.1548
    284.1239	   1471.4286
    284.1284	   1953.9087
    284.1330	   1886.9650
    284.1375	   1305.5065
    284.1421	    595.9522
    284.1467	      0.0000
    284.1512	      0.0000
    284.1558	      0.0000
    284.1603	      0.0000
    296.1687	      0.0000
    296.1736	      0.0000
    296.1784	      0.0000
    296.1832	      0.0000
    296.1881	    923.2419
    296.1929	   1595.5829
    296.1977	   2033.8051
    296.2026	   1963.5536
    296.2074	   1417.3606
    296.2122	    732.8024
    296.2168	      0.0000
    296.2217	      0.0000
    296.2265	      0.0000
    296.2313	      0.0000
    300.0941	      0.0000
    300.0991	      0.0000
    300.1040	      0.0000
    300.1089	      0.0000
    300.1139	    384.6251
    300.1188	   2671.5344
    300.1237	   4136.1074
    300.1286	   5751.7739
    300.1336	   6414.3218
    300.1385	  18983.1055
    300.1434	  69056.4297
    300.1484	 151045.0625
    300.1533	 239574.8906
    300.1582	 252333.8125
    300.1632	 167794.4531
    300.1681	  85007.0313
    300.1730	  24999.1758
    300.1780	   7896.0024
    300.1829	   5280.9717
    300.1878	   2970.1121
    300.1928	    119.2255
    300.2005	      0.0000
    300.2055	      0.0000
    300.2104	      0.0000
    300.2153	      0.0000
    301.1153	      0.0000
    301.1203	      0.0000
    301.1252	      0.0000
    301.1302	      0.0000
    301.1352	      0.0000
    301.1401	   2180.4456
    301.1451	   6450.1362
    301.1500	  15639.8516
    301.1550	  27066.6191
    301.1599	  37768.6289
    301.1649	  34329.8555
    301.1699	  21376.2891
    301.1748	   9060.9805
    301.1798	   1464.6111
    301.1847	      0.0000
    301.1871	      0.0000
    301.1921	      0.0000
    301.1970	      0.0000
    301.2020	      0.0000
    302.1264	      0.0000
    302.1313	      0.0000
    302.1363	      0.0000
    302.1413	      0.0000
    302.1463	    613.3668
    302.1513	   1307.8077
    302.1562	   1933.2053
    302.1612	   2054.2922
    302.1662	   1570.4188
    302.1712	    833.7622
    302.1763	      0.0000
    302.1813	      0.0000
    302.1863	      0.0000
    302.1912	      0.0000
    318.1327	      0.0000
    318.1380	      0.0000
    318.1434	      0.0000
    318.1488	      0.0000
    318.1542	   1088.7921
    318.1596	   1692.9222
    318.1650	   1887.4017
    318.1703	   1543.4564
    318.1757	    876.9694
    318.1804	      0.0000
    318.1858	      0.0000
    318.1912	      0.0000
    318.1966	      0.0000
    319.1138	      0.0000
    319.1192	      0.0000
    319.1246	      0.0000
    319.1300	      0.0000
    319.1354	    922.4866
    319.1408	   3977.0596
    319.1463	   8538.0723
    319.1517	  13412.4268
    319.1571	  13648.0615
    319.1625	   8950.6045
    319.1679	   4438.4307
    319.1733	   1254.9332
    319.1787	    311.8965
    319.1848	      0.0000
    319.1902	      0.0000
    319.1956	      0.0000
    319.2010	      0.0000
    320.1281	      0.0000
    320.1335	      0.0000
    320.1389	      0.0000
    320.1444	      0.0000
    320.1498	    594.4515
    320.1552	   1342.8326
    320.1607	   1819.2119
    320.1661	   1637.2869
    320.1715	    944.2375
    320.1769	      0.0000
    320.1824	      0.0000
    320.1878	      0.0000
    320.1933	      0.0000
    324.1590	      0.0000
    324.1645	      0.0000
    324.1701	      0.0000
    324.1756	      0.0000
    324.1811	    623.7939
    324.1867	   1187.2286
    324.1922	   1528.1274
    324.1977	   1408.3276
    324.2033	    889.3174
    324.2088	      0.0000
    324.2143	      0.0000
    324.2199	      0.0000
    324.2254	      0.0000
    328.0748	      0.0000
    328.0804	      0.0000
    328.0861	      0.0000
    328.0917	      0.0000
    328.0973	    429.0836
    328.1030	   1255.3802
    328.1086	   3243.7134
    328.1143	   5218.9355
    328.1199	   5697.6646
    328.1255	   4035.9814
    328.1312	   1532.4147
    328.1368	    561.8345
    328.1426	      0.0000
    328.1482	      0.0000
    328.1539	      0.0000
    328.1595	      0.0000
    340.1090	      0.0000
    340.1149	      0.0000
    340.1209	      0.0000
    340.1268	      0.0000
    340.1328	    548.6456
    340.1387	   1118.3617
    340.1447	   1597.3722
    340.1506	   1714.3130
    340.1566	   1384.3445
    340.1625	    794.4119
    340.1686	      0.0000
    340.1745	      0.0000
    340.1805	      0.0000
    340.1864	      0.0000
    342.1590	      0.0000
    342.1650	      0.0000
    342.1710	      0.0000
    342.1770	      0.0000
    342.1830	    766.0236
    342.1890	   3415.3059
    342.1950	   7359.3760
    342.2010	  11539.6689
    342.2070	  11464.2695
    342.2130	   7250.8145
    342.2190	   3322.1609
    342.2250	    656.8566
    342.2309	      0.0000
    342.2369	      0.0000
    342.2429	      0.0000
    342.2489	      0.0000
    356.0708	      0.0000
    356.0772	      0.0000
    356.0836	      0.0000
    356.0899	      0.0000
    356.0963	    780.6707
    356.1027	   1493.5602
    356.1091	   1969.1288
    356.1154	   1888.3984
    356.1218	   1313.5195
    356.1282	    593.9124
    356.1346	      0.0000
    356.1409	      0.0000
    356.1473	      0.0000
    356.1537	      0.0000
    358.0998	      0.0000
    358.1062	      0.0000
    358.1126	      0.0000
    358.1190	      0.0000
    358.1255	    870.5641
    358.1319	   1249.3730
    358.1383	   1353.8354
    358.1448	   1106.6580
    358.1512	    625.3310
    358.1572	      0.0000
    358.1637	      0.0000
    358.1701	      0.0000
    358.1765	      0.0000
    360.1652	      0.0000
    360.1716	      0.0000
    360.1781	      0.0000
    360.1846	      0.0000
    360.1911	    572.9243
    360.1976	   3141.5095
    360.2041	   7030.0093
    360.2106	  11277.6602
    360.2170	  11952.9199
    360.2235	   7963.3213
    360.2300	   4038.0281
    360.2365	   1002.4522
    360.2433	      0.0000
    360.2498	      0.0000
    360.2563	      0.0000
    360.2628	      0.0000
    361.1726	      0.0000
    361.1791	      0.0000
    361.1856	      0.0000
    361.1921	      0.0000
    361.1986	    535.9326
    361.2051	   1300.7889
    361.2116	   2022.9930
    361.2182	   2272.7009
    361.2247	   1899.1700
    361.2312	   1144.6383
    361.2379	      0.0000
    361.2444	      0.0000
    361.2509	      0.0000
    361.2574	      0.0000
    367.1645	      0.0000
    367.1712	      0.0000
    367.1778	      0.0000
    367.1845	      0.0000
    367.1912	    611.8193
    367.1979	   1561.2515
    367.2045	   2036.5782
    367.2112	   5666.4341
    367.2179	  19569.1660
    367.2246	  43327.2227
    367.2312	  68881.7969
    367.2379	  73740.0547
    367.2446	  49552.9180
    367.2513	  25303.3926
    367.2579	   7123.7505
    367.2646	   1793.6227
    367.2713	    966.1999
    367.2807	      0.0000
    367.2874	      0.0000
    367.2941	      0.0000
    367.3008	      0.0000
    368.1837	      0.0000
    368.1904	      0.0000
    368.1971	      0.0000
    368.2038	      0.0000
    368.2105	    614.0660
    368.2172	   1812.9025
    368.2239	   4836.7769
    368.2306	   9421.4541
    368.2373	  14338.6426
    368.2440	  14644.1689
    368.2507	   9411.8623
    368.2574	   4405.7866
    368.2641	    574.8843
    368.2686	      0.0000
    368.2753	      0.0000
    368.2820	      0.0000
    368.2887	      0.0000
    370.1460	      0.0000
    370.1527	      0.0000
    370.1595	      0.0000
    370.1663	      0.0000
    370.1730	    617.5718
    370.1798	   2809.4058
    370.1865	   8121.0762
    370.1933	  13865.1357
    370.2000	  16980.9824
    370.2068	  12319.4961
    370.2136	   6634.4360
    370.2203	   1684.8013
    370.2271	    278.5149
    370.2333	      0.0000
    370.2401	      0.0000
    370.2468	      0.0000
    370.2536	      0.0000
    371.1540	      0.0000
    371.1608	      0.0000
    371.1676	      0.0000
    371.1744	      0.0000
    371.1811	    660.0247
    371.1879	   1561.9567
    371.1947	   2448.1582
    371.2015	   2727.1204
    371.2083	   2162.2048
    371.2151	   1161.3276
    371.2228	      0.0000
    371.2296	      0.0000
    371.2364	      0.0000
    371.2432	      0.0000
    381.0826	      0.0000
    381.0896	      0.0000
    381.0967	      0.0000
    381.1038	      0.0000
    381.1108	    911.5973
    381.1179	   3872.4492
    381.1249	   8972.1475
    381.1320	  14516.0938
    381.1390	  15418.1846
    381.1461	  10036.5205
    381.1532	   4743.0942
    381.1602	    894.4789
    381.1663	      0.0000
    381.1734	      0.0000
    381.1804	      0.0000
    381.1875	      0.0000
    385.1932	      0.0000
    385.2003	      0.0000
    385.2075	      0.0000
    385.2147	      0.0000
    385.2219	    800.0504
    385.2290	   2002.7144
    385.2362	   4441.2500
    385.2434	   6953.0557
    385.2505	   6501.1816
    385.2577	   3934.1299
    385.2649	   1601.9467
    385.2721	    617.6860
    385.2792	      0.0000
    385.2864	      0.0000
    385.2936	      0.0000
    385.3007	      0.0000
    393.6407	      0.0000
    393.6481	      0.0000
    393.6555	      0.0000
    393.6629	      0.0000
    393.6703	    693.8089
    393.6777	   1228.8138
    393.6851	   1477.5853
    393.6925	   1252.3414
    393.6999	    707.9760
    393.7089	      0.0000
    393.7164	      0.0000
    393.7238	      0.0000
    393.7312	      0.0000
    395.1728	      0.0000
    395.1802	      0.0000
    395.1877	      0.0000
    395.1951	      0.0000
    395.2026	    679.9059
    395.2100	   2499.9460
    395.2175	   6657.5923
    395.2249	  11204.5869
    395.2324	  13677.2109
    395.2398	  10025.0986
    395.2473	   5542.7280
    395.2548	   1523.9097
    395.2622	    238.9497
    395.2682	      0.0000
    395.2757	      0.0000
    395.2831	      0.0000
    395.2906	      0.0000
    396.1867	      0.0000
    396.1942	      0.0000
    396.2016	      0.0000
    396.2091	      0.0000
    396.2166	   1128.9637
    396.2241	   2145.8740
    396.2316	   2801.4153
    396.2390	   2627.7603
    396.2465	   1759.7357
    396.2540	    789.4788
    396.2615	      0.0000
    396.2690	      0.0000
    396.2765	      0.0000
    396.2839	      0.0000
    398.1085	      0.0000
    398.1161	      0.0000
    398.1236	      0.0000
    398.1311	      0.0000
    398.1387	    620.2140
    398.1462	   1538.9156
    398.1537	   2498.8279
    398.1613	   2791.5471
    398.1688	   2193.3950
    398.1764	   1153.3943
    398.1838	      0.0000
    398.1914	      0.0000
    398.1989	      0.0000
    398.2064	      0.0000
    399.0898	      0.0000
    399.0973	      0.0000
    399.1049	      0.0000
    399.1124	      0.0000
    399.1200	   1154.9843
    399.1276	   4836.4526
    399.1351	   9811.6934
    399.1427	  14909.0176
    399.1503	  14037.4385
    399.1578	   8639.0508
    399.1654	   3726.4053
    399.1730	    859.6268
    399.1806	      0.0000
    399.1882	      0.0000
    399.1957	      0.0000
    399.2033	      0.0000
    402.0785	      0.0000
    402.0862	      0.0000
    402.0938	      0.0000
    402.1015	      0.0000
    402.1091	    714.3163
    402.1168	   1315.8564
    402.1244	   1594.1320
    402.1321	   1279.1230
    402.1397	    589.3253
    402.1474	      0.0000
    402.1550	      0.0000
    402.1627	      0.0000
    402.1703	      0.0000
    403.0746	      0.0000
    403.0822	      0.0000
    403.0899	      0.0000
    403.0976	      0.0000
    403.1053	    942.5795
    403.1129	   1407.4434
    403.1206	   1492.1481
    403.1283	   1196.2635
    403.1360	    746.0225
    403.1443	      0.0000
    403.1520	      0.0000
    403.1597	      0.0000
    403.1674	      0.0000
    408.1191	      0.0000
    408.1270	      0.0000
    408.1348	      0.0000
    408.1426	      0.0000
    408.1504	    796.8005
    408.1583	   1498.9703
    408.1661	   4615.4849
    408.1739	  11023.0928
    408.1817	  17948.5547
    408.1895	  20262.5586
    408.1974	  13923.3525
    408.2052	   7148.0522
    408.2130	   1785.7300
    408.2208	    355.5777
    408.2280	      0.0000
    408.2358	      0.0000
    408.2436	      0.0000
    408.2514	      0.0000
    409.1370	      0.0000
    409.1449	      0.0000
    409.1527	      0.0000
    409.1606	      0.0000
    409.1684	    499.3260
    409.1763	   1431.0302
    409.1841	   2296.5305
    409.1920	   2448.2986
    409.1998	   1757.9097
    409.2077	    774.1336
    409.2150	      0.0000
    409.2229	      0.0000
    409.2307	      0.0000
    409.2386	      0.0000
    413.1695	      0.0000
    413.1774	      0.0000
    413.1854	      0.0000
    413.1934	      0.0000
    413.2013	    361.4761
    413.2093	   1334.1913
    413.2173	   5576.5005
    413.2252	  15510.6592
    413.2332	  26176.7266
    413.2412	  32193.4316
    413.2491	  23858.1191
    413.2571	  13464.1504
    413.2651	   4276.7700
    413.2730	   1079.8093
    413.2815	      0.0000
    413.2895	      0.0000
    413.2975	      0.0000
    413.3054	      0.0000
    414.0077	      0.0000
    414.0157	      0.0000
    414.0237	      0.0000
    414.0317	      0.0000
    414.0396	    707.3305
    414.0476	   1442.6642
    414.0556	   1818.7666
    414.0636	   1571.3629
    414.0716	    926.0868
    414.0796	      0.0000
    414.0876	      0.0000
    414.0956	      0.0000
    414.1036	      0.0000
    414.1915	      0.0000
    414.1995	      0.0000
    414.2075	      0.0000
    414.2155	      0.0000
    414.2235	    901.1769
    414.2315	   2222.0977
    414.2395	   4871.1431
    414.2475	   5119.5225
    414.2555	   3220.3528
    414.2635	   1417.4172
    414.2715	    509.0030
    414.2791	      0.0000
    414.2871	      0.0000
    414.2951	      0.0000
    414.3031	      0.0000
    425.1418	      0.0000
    425.1501	      0.0000
    425.1584	      0.0000
    425.1667	      0.0000
    425.1750	    334.0518
    425.1834	   2033.8629
    425.1917	   6109.5820
    425.2000	  10489.5752
    425.2083	  12956.7178
    425.2166	   9495.0313
    425.2249	   5233.7153
    425.2333	   1521.4718
    425.2416	    213.4997
    425.2531	      0.0000
    425.2615	      0.0000
    425.2698	      0.0000
    425.2781	      0.0000
    426.0945	      0.0000
    426.1028	      0.0000
    426.1112	      0.0000
    426.1195	      0.0000
    426.1279	    520.0612
    426.1362	   1592.3838
    426.1446	   4441.7207
    426.1529	   7630.1538
    426.1613	   9664.0752
    426.1696	   7276.6289
    426.1779	   4089.6602
    426.1863	   1088.0287
    426.1920	      0.0000
    426.2004	      0.0000
    426.2087	      0.0000
    426.2170	      0.0000
    427.1115	      0.0000
    427.1199	      0.0000
    427.1283	      0.0000
    427.1366	      0.0000
    427.1450	    802.5548
    427.1534	   1382.9764
    427.1618	   1667.4763
    427.1701	   1409.8379
    427.1785	    753.4695
    427.1864	      0.0000
    427.1948	      0.0000
    427.2032	      0.0000
    427.2116	      0.0000
    431.1840	      0.0000
    431.1925	      0.0000
    431.2010	      0.0000
    431.2095	      0.0000
    431.2180	   1151.3186
    431.2265	   5412.3037
    431.2350	  16535.0684
    431.2434	  28358.1563
    431.2519	  35779.7930
    431.2604	  26865.8359
    431.2689	  15264.7891
    431.2774	   4719.6211
    431.2859	   1138.3787
    431.2949	      0.0000
    431.3034	      0.0000
    431.3119	      0.0000
    431.3204	      0.0000
    432.1969	      0.0000
    432.2054	      0.0000
    432.2139	      0.0000
    432.2224	      0.0000
    432.2309	   1163.7756
    432.2395	   2999.7273
    432.2480	   5106.2871
    432.2565	   5796.8926
    432.2650	   3933.9045
    432.2736	   1643.6555
    432.2821	    579.0637
    432.2906	      0.0000
    432.2991	      0.0000
    432.3077	      0.0000
    432.3162	      0.0000
    438.1729	      0.0000
    438.1816	      0.0000
    438.1903	      0.0000
    438.1990	      0.0000
    438.2077	    739.9215
    438.2164	   1979.7445
    438.2251	   4620.7627
    438.2338	   5674.0103
    438.2425	   4084.9597
    438.2512	   1686.7798
    438.2599	    581.5322
    438.2686	      0.0000
    438.2773	      0.0000
    438.2860	      0.0000
    438.2947	      0.0000
    439.1838	      0.0000
    439.1925	      0.0000
    439.2013	      0.0000
    439.2100	      0.0000
    439.2187	    933.1149
    439.2275	   1617.7271
    439.2362	   1962.6364
    439.2449	   1657.3285
    439.2537	    905.1031
    439.2624	      0.0000
    439.2711	      0.0000
    439.2799	      0.0000
    439.2886	      0.0000
    441.7089	      0.0000
    441.7177	      0.0000
    441.7265	      0.0000
    441.7354	      0.0000
    441.7442	    791.2403
    441.7530	   1368.0344
    441.7618	   1638.5040
    441.7706	   1414.8567
    441.7794	    846.8437
    441.7882	      0.0000
    441.7970	      0.0000
    441.8058	      0.0000
    441.8146	      0.0000
    450.1583	      0.0000
    450.1674	      0.0000
    450.1765	      0.0000
    450.1855	      0.0000
    450.1946	    759.2064
    450.2036	   1481.7306
    450.2127	   3474.6272
    450.2218	   5557.2534
    450.2308	   5459.8760
    450.2399	   2477.7078
    450.2489	   1143.0577
    450.2558	      0.0000
    450.2648	      0.0000
    450.2739	      0.0000
    450.2829	      0.0000
    451.1179	      0.0000
    451.1270	      0.0000
    451.1361	      0.0000
    451.1452	      0.0000
    451.1543	    523.6877
    451.1634	   4191.6958
    451.1725	   9134.0059
    451.1816	  14169.2695
    451.1906	  13220.3398
    451.1997	   8260.6113
    451.2088	   3764.3022
    451.2179	   1490.9927
    451.2270	    941.9312
    451.2441	      0.0000
    451.2532	      0.0000
    451.2623	      0.0000
    451.2713	      0.0000
    452.1455	      0.0000
    452.1547	      0.0000
    452.1638	      0.0000
    452.1729	      0.0000
    452.1820	    627.3152
    452.1911	   3890.6443
    452.2003	   8572.6113
    452.2094	  14123.3252
    452.2185	  17985.0273
    452.2276	  13740.1934
    452.2367	   7760.7725
    452.2459	   1884.1371
    452.2550	      0.0000
    452.2589	      0.0000
    452.2680	      0.0000
    452.2771	      0.0000
    452.2863	      0.0000
    453.1543	      0.0000
    453.1634	      0.0000
    453.1726	      0.0000
    453.1817	      0.0000
    453.1909	    433.0508
    453.2000	   2795.6533
    453.2092	   8975.6416
    453.2183	  16563.0039
    453.2275	  24017.4180
    453.2366	  22301.9473
    453.2458	  14165.9785
    453.2549	   6594.7188
    453.2641	   1697.7584
    453.2732	      0.0000
    453.2819	      0.0000
    453.2910	      0.0000
    453.3002	      0.0000
    453.3094	      0.0000
    454.1711	      0.0000
    454.1803	      0.0000
    454.1895	      0.0000
    454.1987	      0.0000
    454.2078	    705.2406
    454.2170	   1773.5997
    454.2262	   2809.0547
    454.2354	   3085.3723
    454.2446	   2453.6558
    454.2538	   1414.1882
    454.2629	    570.3408
    454.2721	      0.0000
    454.2813	      0.0000
    454.2905	      0.0000
    454.2997	      0.0000
    457.0306	      0.0000
    457.0399	      0.0000
    457.0492	      0.0000
    457.0584	      0.0000
    457.0677	    988.3022
    457.0770	   3263.8438
    457.0862	   5756.9839
    457.0955	   7758.3335
    457.1048	   6250.5322
    457.1140	   3556.6262
    457.1233	   1146.8799
    457.1326	      0.0000
    457.1419	      0.0000
    457.1511	      0.0000
    457.1604	      0.0000
    457.1697	    379.6354
    457.1789	   1253.4561
    457.1882	   3366.1660
    457.1975	   5771.4214
    457.2068	   6351.6499
    457.2160	   4092.4998
    457.2253	   1842.3633
    457.2346	    754.3328
    457.2443	      0.0000
    457.2535	      0.0000
    457.2628	      0.0000
    457.2721	      0.0000
    469.0805	      0.0000
    469.0901	      0.0000
    469.0997	      0.0000
    469.1094	      0.0000
    469.1190	    613.1113
    469.1287	   2169.5452
    469.1383	   4618.7910
    469.1479	   6245.4482
    469.1576	  10046.3291
    469.1672	  35260.5039
    469.1769	 119299.4609
    469.1865	 226954.3281
    469.1961	 331354.9688
    469.2058	 300869.4375
    469.2154	 186797.4844
    469.2251	  81630.5313
    469.2347	  23277.4355
    469.2443	   8054.8950
    469.2540	   6100.8828
    469.2636	   2293.2869
    469.2733	   2041.1206
    469.2829	      0.0000
    469.2928	      0.0000
    469.3025	      0.0000
    469.3121	      0.0000
    469.3218	      0.0000
    470.1136	      0.0000
    470.1232	      0.0000
    470.1329	      0.0000
    470.1426	      0.0000
    470.1523	    596.4266
    470.1619	   1992.6167
    470.1716	   7631.8076
    470.1813	  24823.9375
    470.1909	  45086.9492
    470.2006	  62509.5703
    470.2103	  52530.0273
    470.2199	  31591.4766
    470.2296	  12116.6426
    470.2393	   3378.4619
    470.2490	   1423.4646
    470.2586	   1349.9844
    470.2678	   2711.2930
    470.2775	    281.7279
    470.2872	      0.0000
    470.2969	      0.0000
    470.3065	      0.0000
    470.3162	      0.0000
    471.1300	      0.0000
    471.1397	      0.0000
    471.1494	      0.0000
    471.1591	      0.0000
    471.1688	    758.2228
    471.1785	   1694.6837
    471.1882	   4268.8828
    471.1979	   7049.1675
    471.2076	   8195.7617
    471.2173	   6203.5811
    471.2270	   3712.2305
    471.2367	   1001.2997
    471.2464	      0.0000
    471.2561	      0.0000
    471.2658	      0.0000
    471.2755	      0.0000
    473.1150	      0.0000
    473.1247	      0.0000
    473.1345	      0.0000
    473.1443	      0.0000
    473.1540	    635.8616
    473.1638	   1241.5837
    473.1735	   1809.4076
    473.1833	   2013.6201
    473.1931	   1731.1112
    473.2028	   1129.2654
    473.2153	      0.0000
    473.2250	      0.0000
    473.2348	      0.0000
    473.2446	      0.0000
    475.0367	      0.0000
    475.0465	      0.0000
    475.0563	      0.0000
    475.0661	      0.0000
    475.0759	    460.7357
    475.0858	   2526.8579
    475.0956	   5772.9448
    475.1054	   9415.0293
    475.1152	   9505.1250
    475.1251	   6029.2261
    475.1349	   2620.1792
    475.1447	    221.0608
    475.1541	      0.0000
    475.1639	      0.0000
    475.1737	    310.3649
    475.1836	   1937.7694
    475.1934	   6204.8345
    475.2032	  11714.6221
    475.2130	  17348.5371
    475.2229	  16069.6641
    475.2327	   9798.8418
    475.2425	   4040.1890
    475.2524	    586.2952
    475.2599	      0.0000
    475.2697	      0.0000
    475.2796	      0.0000
    475.2894	      0.0000
    487.1233	      0.0000
    487.1335	      0.0000
    487.1437	      0.0000
    487.1539	      0.0000
    487.1641	   1103.3920
    487.1743	   4462.0811
    487.1845	  15843.9766
    487.1947	  31652.0020
    487.2049	  48177.4375
    487.2151	  46902.9531
    487.2253	  29981.8555
    487.2355	  14224.4326
    487.2457	   3964.0566
    487.2559	    876.2635
    487.2661	      0.0000
    487.2763	      0.0000
    487.2865	      0.0000
    487.2967	      0.0000
    488.1345	      0.0000
    488.1447	      0.0000
    488.1549	      0.0000
    488.1652	      0.0000
    488.1754	    673.8673
    488.1856	   1365.9198
    488.1959	   3778.6487
    488.2061	   6401.2544
    488.2163	   6789.2373
    488.2265	   4366.3677
    488.2368	   1998.5278
    488.2470	    617.0396
    488.2579	      0.0000
    488.2681	      0.0000
    488.2783	      0.0000
    488.2886	      0.0000
    491.0946	      0.0000
    491.1050	      0.0000
    491.1153	      0.0000
    491.1256	      0.0000
    491.1359	    949.3073
    491.1463	   3370.1648
    491.1566	  11675.5879
    491.1669	  22791.4590
    491.1772	  34056.5781
    491.1876	  31995.9922
    491.1979	  20011.2285
    491.2082	   8941.0664
    491.2185	   2249.0613
    491.2289	    457.0322
    491.2386	      0.0000
    491.2489	      0.0000
    491.2592	      0.0000
    491.2695	      0.0000
    492.1176	      0.0000
    492.1279	      0.0000
    492.1383	      0.0000
    492.1486	      0.0000
    492.1590	    823.3489
    492.1694	   1771.9940
    492.1797	   2395.4824
    492.1901	   2208.6470
    492.2004	   1356.7297
    492.2108	    487.0166
    492.2199	      0.0000
    492.2302	      0.0000
    492.2406	      0.0000
    492.2509	      0.0000
    497.1142	      0.0000
    497.1247	      0.0000
    497.1352	      0.0000
    497.1457	      0.0000
    497.1562	    246.9161
    497.1667	   1471.6687
    497.1772	   4561.2886
    497.1878	   7903.3081
    497.1983	   9636.7363
    497.2088	   6860.0308
    497.2193	   3646.7241
    497.2298	    936.9490
    497.2419	      0.0000
    497.2524	      0.0000
    497.2629	      0.0000
    497.2734	      0.0000
    509.1140	      0.0000
    509.1249	      0.0000
    509.1358	      0.0000
    509.1467	      0.0000
    509.1576	    453.9848
    509.1685	   1214.3789
    509.1794	   2072.8630
    509.1903	   2492.1672
    509.2012	   2133.5806
    509.2121	   1248.4799
    509.2230	    493.2069
    509.2338	      0.0000
    509.2447	      0.0000
    509.2556	      0.0000
    509.2665	      0.0000
    515.1269	      0.0000
    515.1380	      0.0000
    515.1491	      0.0000
    515.1602	      0.0000
    515.1713	    408.9510
    515.1824	   2488.3896
    515.1935	   6294.8564
    515.2045	  10510.1680
    515.2156	  11548.9082
    515.2267	   7674.6289
    515.2378	   3801.9458
    515.2489	    841.4143
    515.2605	      0.0000
    515.2716	      0.0000
    515.2827	      0.0000
    515.2938	      0.0000
    521.1686	      0.0000
    521.1798	      0.0000
    521.1911	      0.0000
    521.2024	      0.0000
    521.2137	   1110.8112
    521.2250	   2091.5544
    521.2363	   7107.1030
    521.2476	  22554.6328
    521.2588	  40283.3984
    521.2701	  55026.8867
    521.2814	  45624.0664
    521.2927	  27167.0879
    521.3040	  10116.4316
    521.3153	   2368.9768
    521.3266	    244.6996
    521.3377	      0.0000
    521.3490	      0.0000
    521.3603	      0.0000
    521.3716	      0.0000
    522.1856	      0.0000
    522.1969	      0.0000
    522.2082	      0.0000
    522.2196	      0.0000
    522.2309	    496.4573
    522.2422	   3031.6675
    522.2535	   8563.7891
    522.2648	  14574.8291
    522.2762	  17414.6133
    522.2875	  12413.0410
    522.2988	   6595.4604
    522.3101	   1672.7030
    522.3215	    248.3053
    522.3325	      0.0000
    522.3438	      0.0000
    522.3551	      0.0000
    522.3665	      0.0000
    523.1941	      0.0000
    523.2055	      0.0000
    523.2168	      0.0000
    523.2282	      0.0000
    523.2395	    385.4908
    523.2509	   1186.1932
    523.2622	   2087.7891
    523.2736	   2508.9141
    523.2850	   2145.0923
    523.2963	   1268.3879
    523.3077	    453.5904
    523.3190	      0.0000
    523.3304	      0.0000
    523.3417	      0.0000
    523.3531	      0.0000
    531.0690	      0.0000
    531.0806	      0.0000
    531.0922	      0.0000
    531.1038	      0.0000
    531.1154	    883.9730
    531.1270	   1496.3212
    531.1386	   1648.8401
    531.1502	   1210.1154
    531.1618	    515.5416
    531.1735	      0.0000
    531.1851	      0.0000
    531.1967	      0.0000
    531.2083	      0.0000
    546.9973	      0.0000
    547.0094	      0.0000
    547.0215	      0.0000
    547.0337	      0.0000
    547.0458	    859.3085
    547.0580	   1508.7162
    547.0701	   1717.7024
    547.0822	   1375.2085
    547.0944	    772.0787
    547.1065	      0.0000
    547.1186	      0.0000
    547.1308	      0.0000
    547.1429	      0.0000
    548.2128	      0.0000
    548.2250	      0.0000
    548.2371	      0.0000
    548.2493	      0.0000
    548.2615	    746.9958
    548.2737	   1302.3298
    548.2858	   1532.8868
    548.2980	   1286.8071
    548.3102	    739.3567
    548.3224	      0.0000
    548.3346	      0.0000
    548.3468	      0.0000
    548.3589	      0.0000
    564.9628	      0.0000
    564.9755	      0.0000
    564.9883	      0.0000
    565.0010	      0.0000
    565.0138	    932.1492
    565.0265	   1540.1190
    565.0392	   1846.1438
    565.0520	   1664.6952
    565.0647	   1084.0311
    565.0773	      0.0000
    565.0901	      0.0000
    565.1028	      0.0000
    565.1156	      0.0000
    565.1793	      0.0000
    565.1920	      0.0000
    565.2048	      0.0000
    565.2175	      0.0000
    565.2303	   1171.3695
    565.2430	   2356.0859
    565.2558	   9106.3408
    565.2685	  30502.7969
    565.2813	  59042.7734
    565.2940	  87927.4531
    565.3068	  83938.0859
    565.3195	  53751.0156
    565.3323	  25635.5508
    565.3450	   7509.6040
    565.3578	   1790.5566
    565.3705	    410.2000
    565.3834	      0.0000
    565.3961	      0.0000
    565.4089	      0.0000
    565.4216	      0.0000
    565.9449	      0.0000
    565.9576	      0.0000
    565.9704	      0.0000
    565.9832	      0.0000
    565.9960	   1151.2640
    566.0087	   1865.9572
    566.0215	   2386.8206
    566.0343	   2487.1462
    566.0470	   2115.0186
    566.0598	   1420.2512
    566.0726	    698.8741
    566.0856	      0.0000
    566.0983	      0.0000
    566.1111	      0.0000
    566.1239	      0.0000
    566.1878	      0.0000
    566.2006	      0.0000
    566.2133	      0.0000
    566.2261	      0.0000
    566.2389	    283.4213
    566.2517	   2254.4688
    566.2645	   8044.7476
    566.2772	  20661.3672
    566.2900	  34151.2188
    566.3028	  41841.0430
    566.3156	  31709.1816
    566.3284	  18485.8867
    566.3412	   6308.2144
    566.3539	   1181.6947
    566.3665	      0.0000
    566.3793	      0.0000
    566.3921	      0.0000
    566.4049	      0.0000
    567.1857	      0.0000
    567.1985	      0.0000
    567.2113	      0.0000
    567.2241	      0.0000
    567.2369	    724.3625
    567.2497	   2040.3121
    567.2625	   4647.5938
    567.2754	   7363.2832
    567.2882	   8410.1563
    567.3010	   6419.3853
    567.3138	   3884.5042
    567.3266	   1149.3453
    567.3394	      0.0000
    567.3523	      0.0000
    567.3651	      0.0000
    567.3779	      0.0000
    570.1054	      0.0000
    570.1183	      0.0000
    570.1312	      0.0000
    570.1441	      0.0000
    570.1570	    924.8278
    570.1699	   1548.0676
    570.1829	   1805.4329
    570.1958	   1535.6907
    570.2087	    920.3019
    570.2225	      0.0000
    570.2354	      0.0000
    570.2483	      0.0000
    570.2612	      0.0000
    588.0534	      0.0000
    588.0669	      0.0000
    588.0804	      0.0000
    588.0939	      0.0000
    588.1075	   1074.1427
    588.1210	   1602.1530
    588.1345	   2766.5876
    588.1481	   9580.7871
    588.1616	  31980.2383
    588.1751	  60308.5938
    588.1886	  87476.4766
    588.2022	  78696.6953
    588.2157	  48393.1172
    588.2292	  20498.4727
    588.2428	   5159.3027
    588.2563	   1124.4744
    588.2715	      0.0000
    588.2850	      0.0000
    588.2986	      0.0000
    588.3121	      0.0000
    589.0844	      0.0000
    589.0979	      0.0000
    589.1115	      0.0000
    589.1250	      0.0000
    589.1386	    770.6846
    589.1522	   2245.6047
    589.1657	   7143.3291
    589.1793	  13534.4482
    589.1929	  19708.8320
    589.2064	  17867.7148
    589.2200	  10972.2188
    589.2336	   4468.0830
    589.2471	   1019.2476
    589.2582	      0.0000
    589.2718	      0.0000
    589.2853	      0.0000
    589.2989	      0.0000
    590.1139	      0.0000
    590.1275	      0.0000
    590.1411	      0.0000
    590.1547	      0.0000
    590.1683	   1188.8658
    590.1819	   1834.2058
    590.1955	   2022.8241
    590.2091	   1663.5382
    590.2227	   1016.9837
    590.2363	      0.0000
    590.2499	      0.0000
    590.2635	      0.0000
    590.2772	      0.0000
    630.1416	      0.0000
    630.1566	      0.0000
    630.1716	      0.0000
    630.1866	      0.0000
    630.2016	    876.7701
    630.2167	   1709.8300
    630.2317	   2260.2695
    630.2467	   2111.2849
    630.2617	   1354.9437
    630.2767	    535.5549
    630.2921	      0.0000
    630.3072	      0.0000
    630.3222	      0.0000
    630.3372	      0.0000
    701.0657	      0.0000
    701.0833	      0.0000
    701.1009	      0.0000
    701.1185	      0.0000
    701.1361	    185.9008
    701.1537	   1373.7562
    701.1713	   4642.8613
    701.1890	   5863.7505
    701.2066	  15530.3633
    701.2242	  53498.0508
    701.2418	 149337.2656
    701.2594	 252108.0781
    701.2770	 315840.4063
    701.2946	 238177.2500
    701.3123	 136673.4375
    701.3299	  43656.6523
    701.3475	  11410.3018
    701.3651	   3928.7322
    701.3827	   3061.4753
    701.4004	      0.0000
    701.4172	      0.0000
    701.4348	      0.0000
    701.4524	      0.0000
    701.4700	      0.0000
    702.1049	      0.0000
    702.1225	      0.0000
    702.1402	      0.0000
    702.1578	      0.0000
    702.1755	    983.3619
    702.1931	   1463.4502
    702.2108	   5565.0239
    702.2284	  21169.6738
    702.2461	  53797.8398
    702.2637	  89210.6484
    702.2814	 104983.1406
    702.2990	  75401.8672
    702.3167	  41506.5820
    702.3343	  12742.1572
    702.3520	   3491.5203
    702.3696	   1674.5890
    702.3873	   1226.2085
    702.4055	      0.0000
    702.4232	      0.0000
    702.4409	      0.0000
    702.4585	      0.0000
    703.1301	      0.0000
    703.1478	      0.0000
    703.1654	      0.0000
    703.1831	      0.0000
    703.2008	    575.9944
    703.2185	   2007.6957
    703.2362	   7285.0645
    703.2539	  15111.0469
    703.2716	  23371.8633
    703.2893	  23279.4414
    703.3070	  14913.6602
    703.3246	   7099.4922
    703.3423	   1721.8101
    703.3600	    129.8722
    703.3779	      0.0000
    703.3956	      0.0000
    703.4133	      0.0000
    703.4310	      0.0000
    955.7047	      0.0000
    955.7327	      0.0000
    955.7607	      0.0000
    955.7888	      0.0000
    955.8168	    777.7604
    955.8448	   1324.6024
    955.8729	   1560.4958
    955.9009	   1316.3271
    955.9289	    757.4980
    955.9570	      0.0000
    955.9850	      0.0000
    956.0130	      0.0000
    956.0411	      0.0000
    959.1892	      0.0000
    959.2174	      0.0000
    959.2456	      0.0000
    959.2738	      0.0000
    959.3020	    824.3450
    959.3301	   1416.2716
    959.3583	   1637.2499
    959.3865	   1312.1084
    959.4147	    676.2023
    959.4429	      0.0000
    959.4711	      0.0000
    959.4993	      0.0000
    959.5275	      0.0000
   1186.8530	      0.0000
   1186.8918	      0.0000
   1186.9306	      0.0000
   1186.9694	      0.0000
