# ljz_20131022_MR_Chym1_ELUTE.mzML
#
# index: 2539
# id: controllerType=0 controllerNumber=1 scan=8145
# scanNumber: 8145
# massAnalyzerType: quadrupole
# scanEvent: 2
# msLevel: 2
# retentionTime: 2186.7
# filterString: FTMS + p NSI d Full ms2 977.08@hcd28.00 [100.00-3010.00]
# mzLow: 99.0036
# mzHigh: 3040.99
# basePeakMZ: 138.055
# basePeakIntensity: 225775
# totalIonCurrent: 1.9803e+006
# precursorCount: 1
# precursor 0: 976.414 2.04128e+006
# binary (1736): 
     99.0036	      0.0000
     99.0045	      0.0000
     99.0054	      0.0000
     99.0064	      0.0000
    109.0209	      0.0000
    109.0219	      0.0000
    109.0230	      0.0000
    109.0241	      0.0000
    109.0252	    880.4260
    109.0263	   3736.6960
    109.0273	   7479.4023
    109.0284	  11181.1973
    109.0295	  10409.7500
    109.0306	   6456.2310
    109.0317	   2758.7671
    109.0327	    586.0582
    109.0338	      0.0000
    109.0348	      0.0000
    109.0359	      0.0000
    109.0370	      0.0000
    111.0384	      0.0000
    111.0395	      0.0000
    111.0406	      0.0000
    111.0417	      0.0000
    111.0428	    870.0302
    111.0439	   1640.7247
    111.0450	   2031.8665
    111.0461	   1773.7780
    111.0472	   1077.1085
    111.0486	      0.0000
    111.0497	      0.0000
    111.0509	      0.0000
    111.0520	      0.0000
    115.0299	      0.0000
    115.0310	      0.0000
    115.0322	      0.0000
    115.0334	      0.0000
    115.0345	    538.5259
    115.0357	   1810.7242
    115.0369	   5956.8394
    115.0380	  11857.8223
    115.0392	  17964.7480
    115.0404	  17203.7148
    115.0416	  10608.7148
    115.0427	   4538.5645
    115.0439	    541.7148
    115.0447	      0.0000
    115.0459	      0.0000
    115.0471	      0.0000
    115.0482	      0.0000
    117.0462	      0.0000
    117.0474	      0.0000
    117.0486	      0.0000
    117.0498	      0.0000
    117.0510	      0.0000
    117.0522	      0.0000
    117.0534	      0.0000
    117.0546	      0.0000
    117.0558	      0.0000
    117.0570	      0.0000
    117.0582	      0.0000
    117.0594	      0.0000
    117.0606	      0.0000
    117.0618	      0.0000
    117.1027	      0.0000
    117.1039	      0.0000
    117.1051	      0.0000
    117.1063	      0.0000
    117.1075	      0.0000
    117.1087	      0.0000
    117.1099	      0.0000
    117.1111	      0.0000
    117.1123	      0.0000
    117.1135	      0.0000
    117.1147	      0.0000
    117.1159	      0.0000
    117.1171	      0.0000
    117.1183	      0.0000
    117.1568	      0.0000
    117.1580	      0.0000
    117.1592	      0.0000
    117.1604	      0.0000
    117.1616	      0.0000
    117.1628	      0.0000
    117.1640	      0.0000
    117.1652	      0.0000
    117.1664	      0.0000
    117.1676	      0.0000
    117.1688	      0.0000
    117.1700	      0.0000
    117.1712	      0.0000
    117.1724	      0.0000
    117.1736	      0.0000
    126.0398	      0.0000
    126.0412	      0.0000
    126.0425	      0.0000
    126.0439	      0.0000
    126.0452	      0.0000
    126.0466	   2645.7527
    126.0479	   1229.4457
    126.0494	   2430.9319
    126.0508	   6497.3525
    126.0521	  20221.0117
    126.0535	  42529.2344
    126.0548	  66562.4063
    126.0562	  69413.6641
    126.0575	  45681.1953
    126.0588	  22547.2461
    126.0602	   5511.8560
    126.0615	    739.5707
    126.0629	      0.0000
    126.0643	      0.0000
    126.0656	      0.0000
    126.0670	      0.0000
    127.0270	      0.0000
    127.0284	      0.0000
    127.0297	      0.0000
    127.0311	      0.0000
    127.0324	    789.2435
    127.0338	   2246.6248
    127.0352	   7480.4956
    127.0365	  23290.9082
    127.0379	  43144.1484
    127.0392	  62189.5586
    127.0406	  55852.9688
    127.0420	  34200.2148
    127.0433	  14184.9434
    127.0447	   2759.4995
    127.0460	      0.0000
    127.0471	      0.0000
    127.0485	      0.0000
    127.0498	      0.0000
    127.0512	      0.0000
    127.0526	      0.0000
    127.0539	      0.0000
    127.0553	    470.1689
    127.0566	   1361.2823
    127.0580	   2373.0195
    127.0594	   2702.1531
    127.0607	   2031.6509
    127.0621	    952.0143
    127.0634	      0.0000
    127.0648	      0.0000
    127.0661	      0.0000
    127.0675	      0.0000
    128.0349	      0.0000
    128.0363	      0.0000
    128.0377	      0.0000
    128.0390	      0.0000
    128.0404	   1115.8134
    128.0418	   2016.6710
    128.0432	   2466.4805
    128.0445	   2142.2039
    128.0459	   1288.5627
    128.0473	    470.2653
    128.0487	      0.0000
    128.0500	      0.0000
    128.0514	      0.0000
    128.0528	      0.0000
    128.3819	      0.0000
    128.3833	      0.0000
    128.3847	      0.0000
    128.3861	      0.0000
    128.3874	      0.0000
    128.3888	      0.0000
    128.3902	      0.0000
    128.3916	      0.0000
    128.3930	      0.0000
    128.3943	      0.0000
    128.3957	      0.0000
    128.3971	      0.0000
    128.3984	      0.0000
    128.3998	      0.0000
    131.0727	      0.0000
    131.0741	      0.0000
    131.0755	      0.0000
    131.0769	      0.0000
    131.0784	    462.4527
    131.0798	   1221.4283
    131.0812	   1858.7042
    131.0826	   1923.9393
    131.0841	   1391.5911
    131.0855	    652.5275
    131.0869	      0.0000
    131.0883	      0.0000
    131.0897	      0.0000
    131.0912	      0.0000
    132.0690	      0.0000
    132.0704	      0.0000
    132.0719	      0.0000
    132.0733	      0.0000
    132.0748	    613.7962
    132.0762	   1196.2499
    132.0776	   1479.9557
    132.0791	   1297.8145
    132.0805	    817.3967
    132.0821	      0.0000
    132.0835	      0.0000
    132.0850	      0.0000
    132.0864	      0.0000
    138.0386	      0.0000
    138.0402	      0.0000
    138.0417	      0.0000
    138.0433	      0.0000
    138.0448	    269.1692
    138.0463	   3331.7500
    138.0479	   5510.7700
    138.0494	  13533.2461
    138.0510	  41749.7695
    138.0525	 109460.2578
    138.0540	 183050.5625
    138.0556	 225476.4531
    138.0571	 167561.2031
    138.0586	  94627.0547
    138.0602	  28130.1914
    138.0617	   5493.5229
    138.0633	   1496.1838
    138.0646	   2410.3208
    138.0662	   1295.9276
    138.0677	    458.3174
    138.0692	      0.0000
    138.0708	      0.0000
    138.0723	      0.0000
    138.0738	      0.0000
    138.0877	      0.0000
    138.0892	      0.0000
    138.0908	      0.0000
    138.0923	      0.0000
    138.0939	      0.0000
    138.0954	      0.0000
    138.0969	      0.0000
    138.0985	      0.0000
    138.1000	      0.0000
    138.1018	      0.0000
    138.1034	      0.0000
    138.1049	      0.0000
    138.1065	      0.0000
    139.0472	      0.0000
    139.0488	      0.0000
    139.0504	      0.0000
    139.0519	      0.0000
    139.0535	   1182.3405
    139.0550	   3436.1545
    139.0566	   7506.5684
    139.0581	  11984.3311
    139.0597	  12942.0879
    139.0612	   8598.9883
    139.0628	   4259.8154
    139.0644	    870.3799
    139.0660	      0.0000
    139.0676	      0.0000
    139.0691	      0.0000
    139.0707	      0.0000
    144.0527	      0.0000
    144.0544	      0.0000
    144.0560	      0.0000
    144.0577	      0.0000
    144.0593	    556.3957
    144.0609	   2459.8376
    144.0626	   8078.8462
    144.0642	  14675.7207
    144.0659	  20513.7285
    144.0675	  17359.7109
    144.0691	  10227.4004
    144.0708	   3585.4075
    144.0724	    288.6551
    144.0740	      0.0000
    144.0756	      0.0000
    144.0773	      0.0000
    144.0789	      0.0000
    145.0351	      0.0000
    145.0367	      0.0000
    145.0384	      0.0000
    145.0401	      0.0000
    145.0417	    841.2086
    145.0434	   2004.8341
    145.0450	   6181.3667
    145.0467	  18781.4121
    145.0483	  32962.2539
    145.0500	  44028.1563
    145.0517	  35125.8633
    145.0533	  20544.5098
    145.0550	   6590.7993
    145.0566	   1310.9536
    145.0583	    634.3216
    145.0596	      0.0000
    145.0613	      0.0000
    145.0629	      0.0000
    145.0646	      0.0000
    146.0440	      0.0000
    146.0457	      0.0000
    146.0474	      0.0000
    146.0490	      0.0000
    146.0507	   1111.2654
    146.0524	   1731.5925
    146.0541	   1856.2977
    146.0557	   1379.3048
    146.0574	    640.8619
    146.0591	      0.0000
    146.0608	      0.0000
    146.0624	      0.0000
    146.0641	      0.0000
    146.3878	      0.0000
    146.3895	      0.0000
    146.3912	      0.0000
    146.3928	      0.0000
    146.3945	      0.0000
    146.3962	      0.0000
    146.3979	      0.0000
    146.3996	      0.0000
    146.4013	      0.0000
    146.4030	      0.0000
    146.4047	      0.0000
    146.4063	      0.0000
    146.4080	      0.0000
    159.0639	      0.0000
    159.0658	      0.0000
    159.0677	      0.0000
    159.0696	      0.0000
    159.0715	   1049.3798
    159.0734	   2445.4399
    159.0753	   5090.7236
    159.0772	   5731.6670
    159.0791	   3853.6965
    159.0810	   1596.6414
    159.0829	    556.7405
    159.0850	      0.0000
    159.0869	      0.0000
    159.0889	      0.0000
    159.0908	      0.0000
    163.0439	      0.0000
    163.0459	      0.0000
    163.0479	      0.0000
    163.0498	      0.0000
    163.0518	   1073.7322
    163.0538	   4210.7124
    163.0558	  14358.1113
    163.0577	  28752.7285
    163.0597	  43857.7539
    163.0617	  42584.1211
    163.0637	  26920.1777
    163.0656	  12371.1621
    163.0676	   2929.5393
    163.0696	    382.7300
    163.0713	      0.0000
    163.0733	      0.0000
    163.0753	      0.0000
    163.0772	      0.0000
    164.0515	      0.0000
    164.0535	      0.0000
    164.0555	      0.0000
    164.0575	      0.0000
    164.0595	   1021.5766
    164.0615	   1643.1683
    164.0634	   1809.5758
    164.0654	   1375.8010
    164.0674	    658.4031
    164.0696	      0.0000
    164.0716	      0.0000
    164.0736	      0.0000
    164.0756	      0.0000
    168.0435	      0.0000
    168.0456	      0.0000
    168.0476	      0.0000
    168.0497	      0.0000
    168.0518	   1140.7109
    168.0538	   1324.0192
    168.0559	   1680.1420
    168.0580	   4727.0718
    168.0600	  16401.7852
    168.0621	  42873.7852
    168.0642	  71656.0859
    168.0662	  87149.0156
    168.0683	  64086.1680
    168.0704	  35910.3867
    168.0724	  10746.6289
    168.0745	   2331.7397
    168.0766	    754.4056
    168.0785	      0.0000
    168.0806	      0.0000
    168.0826	      0.0000
    168.0847	      0.0000
    169.0542	      0.0000
    169.0563	      0.0000
    169.0583	      0.0000
    169.0604	      0.0000
    169.0625	    922.7737
    169.0646	   2740.1084
    169.0667	   5337.0059
    169.0688	   7774.4229
    169.0709	   6827.8784
    169.0729	   4009.2507
    169.0750	   1424.1593
    169.0771	    588.9277
    169.0793	      0.0000
    169.0813	      0.0000
    169.0834	      0.0000
    169.0855	      0.0000
    185.1498	      0.0000
    185.1522	      0.0000
    185.1546	      0.0000
    185.1570	      0.0000
    185.1594	    848.3859
    185.1618	   1544.3763
    185.1642	   2012.4856
    185.1666	   1911.4606
    185.1690	   1266.3876
    185.1713	    531.6439
    185.1739	      0.0000
    185.1763	      0.0000
    185.1787	      0.0000
    185.1811	      0.0000
    186.0542	      0.0000
    186.0567	      0.0000
    186.0591	      0.0000
    186.0615	      0.0000
    186.0639	    825.8405
    186.0663	   1203.9714
    186.0687	   4381.5117
    186.0711	  15217.6582
    186.0735	  29884.0332
    186.0759	  44819.9766
    186.0783	  42253.4727
    186.0807	  26388.0781
    186.0831	  11757.6885
    186.0855	   2692.2559
    186.0879	    333.1504
    186.0901	      0.0000
    186.0926	      0.0000
    186.0950	      0.0000
    186.0974	      0.0000
    187.0619	      0.0000
    187.0643	      0.0000
    187.0668	      0.0000
    187.0692	      0.0000
    187.0716	    611.9852
    187.0741	   1539.6772
    187.0765	   2609.5347
    187.0789	   3202.9751
    187.0813	   2915.1409
    187.0838	   1938.7959
    187.0862	    908.9626
    187.0886	      0.0000
    187.0910	      0.0000
    187.0935	      0.0000
    187.0959	      0.0000
    202.0634	      0.0000
    202.0662	      0.0000
    202.0689	      0.0000
    202.0716	      0.0000
    202.0743	    542.6885
    202.0771	   1602.5980
    202.0798	   2871.2644
    202.0825	   3517.1335
    202.0852	   3089.2620
    202.0880	   1942.5637
    202.0907	    856.6702
    202.0939	      0.0000
    202.0966	      0.0000
    202.0993	      0.0000
    202.1020	      0.0000
    204.0565	      0.0000
    204.0593	      0.0000
    204.0620	      0.0000
    204.0648	      0.0000
    204.0676	      0.0000
    204.0703	   2038.9144
    204.0731	   3888.0952
    204.0759	   8142.5205
    204.0786	  25254.9922
    204.0814	  77449.6328
    204.0842	 139629.0781
    204.0869	 194042.7656
    204.0897	 164524.7031
    204.0924	  98949.2891
    204.0952	  37907.7500
    204.0980	   8892.2451
    204.1007	   2437.2822
    204.1031	   3088.4277
    204.1059	   2034.3230
    204.1087	   1798.9430
    204.1114	    470.5408
    204.1144	      0.0000
    204.1172	      0.0000
    204.1200	      0.0000
    204.1227	      0.0000
    205.0665	      0.0000
    205.0693	      0.0000
    205.0721	      0.0000
    205.0749	      0.0000
    205.0777	     20.1510
    205.0805	   1204.1686
    205.0833	   4988.5918
    205.0860	  11198.5088
    205.0888	  17894.0625
    205.0916	  19216.2910
    205.0944	  12962.2793
    205.0972	   6689.0586
    205.1000	   1745.7903
    205.1028	    247.6498
    205.1053	      0.0000
    205.1081	      0.0000
    205.1109	      0.0000
    205.1136	      0.0000
    206.0727	      0.0000
    206.0755	      0.0000
    206.0784	      0.0000
    206.0812	      0.0000
    206.0840	    473.4633
    206.0868	   1360.2708
    206.0896	   2286.4153
    206.0924	   2601.7402
    206.0952	   2072.0215
    206.0980	   1111.8262
    206.1008	      0.0000
    206.1036	      0.0000
    206.1064	      0.0000
    206.1092	      0.0000
    214.1006	      0.0000
    214.1035	      0.0000
    214.1065	      0.0000
    214.1095	      0.0000
    214.1125	    714.4952
    214.1154	   1492.6747
    214.1184	   2005.6194
    214.1214	   1901.4771
    214.1243	   1270.6390
    214.1273	    540.1189
    214.1303	      0.0000
    214.1333	      0.0000
    214.1362	      0.0000
    214.1392	      0.0000
    214.9560	      0.0000
    214.9589	      0.0000
    214.9619	      0.0000
    214.9649	      0.0000
    214.9679	    774.4063
    214.9709	   1242.8445
    214.9739	   1407.2343
    214.9769	   1195.5605
    214.9799	    772.2737
    214.9830	      0.0000
    214.9860	      0.0000
    214.9890	      0.0000
    214.9920	      0.0000
    228.1524	      0.0000
    228.1556	      0.0000
    228.1589	      0.0000
    228.1622	      0.0000
    228.1654	    841.1870
    228.1687	   1506.8665
    228.1720	   1715.4664
    228.1753	   1299.7163
    228.1785	    591.3500
    228.1818	      0.0000
    228.1850	      0.0000
    228.1883	      0.0000
    228.1916	      0.0000
    232.1060	      0.0000
    232.1094	      0.0000
    232.1127	      0.0000
    232.1161	      0.0000
    232.1194	    727.6181
    232.1228	   1324.5741
    232.1261	   1835.8892
    232.1295	   1945.3444
    232.1328	   1537.4702
    232.1362	    839.8177
    232.1395	      0.0000
    232.1429	      0.0000
    232.1462	      0.0000
    232.1496	      0.0000
    241.0434	      0.0000
    241.0469	      0.0000
    241.0505	      0.0000
    241.0540	      0.0000
    241.0576	    421.5757
    241.0611	   1252.6895
    241.0647	   3744.7839
    241.0682	   6347.6172
    241.0718	   7715.0547
    241.0753	   5620.3667
    241.0789	   3048.7163
    241.0824	    955.1599
    241.0861	      0.0000
    241.0896	      0.0000
    241.0932	      0.0000
    241.0967	      0.0000
    246.0874	      0.0000
    246.0910	      0.0000
    246.0947	      0.0000
    246.0984	      0.0000
    246.1020	    632.8283
    246.1057	   1518.2942
    246.1094	   2084.0469
    246.1130	   1935.3014
    246.1167	   1245.0071
    246.1203	    511.1861
    246.1241	      0.0000
    246.1277	      0.0000
    246.1314	      0.0000
    246.1351	      0.0000
    259.9819	      0.0000
    259.9859	      0.0000
    259.9899	      0.0000
    259.9938	      0.0000
    259.9978	    878.4023
    260.0018	   1498.5713
    260.0058	   1685.2709
    260.0098	   1326.8756
    260.0137	    703.0765
    260.0177	      0.0000
    260.0216	      0.0000
    260.0256	      0.0000
    260.0296	      0.0000
    271.1146	      0.0000
    271.1188	      0.0000
    271.1231	      0.0000
    271.1273	      0.0000
    271.1315	    998.6130
    271.1358	   1788.9418
    271.1400	   2187.1479
    271.1442	   1913.7759
    271.1485	   1172.7010
    271.1527	    445.3047
    271.1569	      0.0000
    271.1612	      0.0000
    271.1654	      0.0000
    271.1696	      0.0000
    273.0901	      0.0000
    273.0943	      0.0000
    273.0986	      0.0000
    273.1029	      0.0000
    273.1072	   1067.2361
    273.1115	   2439.1382
    273.1157	   4919.4141
    273.1200	   5770.7290
    273.1243	   3825.0632
    273.1286	   1817.6489
    273.1329	    700.1207
    273.1374	      0.0000
    273.1416	      0.0000
    273.1459	      0.0000
    273.1502	      0.0000
    295.0744	      0.0000
    295.0792	      0.0000
    295.0840	      0.0000
    295.0888	      0.0000
    295.0936	   1026.6743
    295.0984	   1602.9095
    295.1032	   1729.4349
    295.1080	   1281.7603
    295.1128	    578.7043
    295.1176	      0.0000
    295.1224	      0.0000
    295.1272	      0.0000
    295.1320	      0.0000
    301.1227	      0.0000
    301.1277	      0.0000
    301.1326	      0.0000
    301.1376	      0.0000
    301.1425	    909.2706
    301.1475	   1542.1052
    301.1524	   1754.4523
    301.1574	   1376.2450
    301.1624	    675.3113
    301.1690	      0.0000
    301.1739	      0.0000
    301.1789	      0.0000
    301.1838	      0.0000
    366.0871	      0.0000
    366.0938	      0.0000
    366.1004	      0.0000
    366.1071	      0.0000
    366.1137	    851.1249
    366.1204	   3019.0520
    366.1270	   9254.7422
    366.1336	  16453.4395
    366.1403	  22419.5820
    366.1469	  18406.5977
    366.1536	  10817.7305
    366.1602	   3701.8826
    366.1669	    672.2596
    366.1722	      0.0000
    366.1789	      0.0000
    366.1855	      0.0000
    366.1922	      0.0000
    367.0978	      0.0000
    367.1045	      0.0000
    367.1112	      0.0000
    367.1178	      0.0000
    367.1245	    502.4883
    367.1312	   1434.4304
    367.1379	   2319.2266
    367.1445	   2509.0994
    367.1512	   1844.5372
    367.1579	    861.3157
    367.1646	      0.0000
    367.1712	      0.0000
    367.1779	      0.0000
    367.1846	      0.0000
    370.1321	      0.0000
    370.1388	      0.0000
    370.1456	      0.0000
    370.1523	      0.0000
    370.1591	    846.0378
    370.1658	   1771.9752
    370.1726	   2238.0801
    370.1793	   1848.3596
    370.1861	    938.3102
    370.1928	      0.0000
    370.1996	      0.0000
    370.2063	      0.0000
    370.2131	      0.0000
    384.1913	      0.0000
    384.1984	      0.0000
    384.2056	      0.0000
    384.2127	      0.0000
    384.2198	    924.5463
    384.2270	   1497.4877
    384.2341	   1712.2203
    384.2413	   1383.0844
    384.2484	    728.6522
    384.2556	      0.0000
    384.2627	      0.0000
    384.2699	      0.0000
    384.2770	      0.0000
    388.1357	      0.0000
    388.1430	      0.0000
    388.1502	      0.0000
    388.1575	      0.0000
    388.1647	    701.1979
    388.1720	   1448.9186
    388.1792	   1966.4553
    388.1865	   1855.1627
    388.1937	   1175.4961
    388.2012	      0.0000
    388.2084	      0.0000
    388.2157	      0.0000
    388.2229	      0.0000
    400.0976	      0.0000
    400.1052	      0.0000
    400.1128	      0.0000
    400.1204	      0.0000
    400.1280	   1166.2097
    400.1356	   2257.1709
    400.1432	   2945.7881
    400.1508	   2716.7527
    400.1583	   1736.0897
    400.1659	    677.6684
    400.1739	      0.0000
    400.1815	      0.0000
    400.1891	      0.0000
    400.1967	      0.0000
    477.1723	      0.0000
    477.1822	      0.0000
    477.1921	      0.0000
    477.2020	      0.0000
    477.2119	    823.9106
    477.2218	   1542.0568
    477.2317	   1955.0100
    477.2416	   1788.6556
    477.2514	   1178.9479
    477.2613	      0.0000
    477.2712	      0.0000
    477.2811	      0.0000
    477.2910	      0.0000
    479.0763	      0.0000
    479.0863	      0.0000
    479.0962	      0.0000
    479.1062	      0.0000
    479.1161	    582.3966
    479.1261	   1316.3101
    479.1360	   1769.5031
    479.1460	   1575.6678
    479.1559	    891.7252
    479.1659	      0.0000
    479.1758	      0.0000
    479.1858	      0.0000
    479.1957	      0.0000
    500.9859	      0.0000
    500.9965	      0.0000
    501.0071	      0.0000
    501.0178	      0.0000
    501.0284	    677.8571
    501.0390	   1345.7671
    501.0497	   1672.9547
    501.0603	   1428.1478
    501.0710	    839.5052
    501.0819	      0.0000
    501.0925	      0.0000
    501.1031	      0.0000
    501.1138	      0.0000
    528.1097	      0.0000
    528.1212	      0.0000
    528.1327	      0.0000
    528.1442	      0.0000
    528.1557	    500.9190
    528.1672	   1454.3025
    528.1788	   2727.4319
    528.1903	   3523.9829
    528.2018	   3238.5962
    528.2133	   2076.7651
    528.2248	    859.9099
    528.2364	      0.0000
    528.2479	      0.0000
    528.2594	      0.0000
    528.2709	      0.0000
    565.2305	      0.0000
    565.2432	      0.0000
    565.2560	      0.0000
    565.2687	      0.0000
    565.2815	   1175.2543
    565.2942	   1862.7249
    565.3070	   2191.1040
    565.3197	   1893.8224
    565.3325	   1124.2871
    565.3452	      0.0000
    565.3580	      0.0000
    565.3707	      0.0000
    565.3835	      0.0000
    596.1289	      0.0000
    596.1427	      0.0000
    596.1565	      0.0000
    596.1703	      0.0000
    596.1841	    895.0522
    596.1979	   1991.1228
    596.2117	   3980.5342
    596.2255	   5806.9126
    596.2393	   3500.6558
    596.2531	   2215.3005
    596.2670	    915.8514
    596.2808	      0.0000
    596.2946	      0.0000
    596.3084	      0.0000
    596.3223	      0.0000
    641.0852	      0.0000
    641.1006	      0.0000
    641.1160	      0.0000
    641.1314	      0.0000
    641.1468	    737.2133
    641.1622	   1937.3787
    641.1776	   4139.9009
    641.1930	   5916.2446
    641.2084	   3334.6799
    641.2238	   1908.6766
    641.2392	    646.0293
    641.2542	      0.0000
    641.2696	      0.0000
    641.2850	      0.0000
    641.3004	      0.0000
    678.2714	      0.0000
    678.2882	      0.0000
    678.3050	      0.0000
    678.3217	      0.0000
    678.3385	    942.6702
    678.3552	   3984.8904
    678.3720	   7769.3086
    678.3887	  11352.2500
    678.4055	  10073.9941
    678.4223	   6089.5991
    678.4390	   2423.3691
    678.4558	    469.1279
    678.4730	      0.0000
    678.4898	      0.0000
    678.5066	      0.0000
    678.5233	      0.0000
    679.2784	      0.0000
    679.2952	      0.0000
    679.3120	      0.0000
    679.3288	      0.0000
    679.3456	    856.3174
    679.3624	   1767.9740
    679.3792	   2556.9949
    679.3960	   2713.3496
    679.4128	   2091.1970
    679.4296	   1091.0347
    679.4467	      0.0000
    679.4635	      0.0000
    679.4803	      0.0000
    679.4971	      0.0000
    943.7673	      0.0000
    943.7948	      0.0000
    943.8223	      0.0000
    943.8498	      0.0000
    943.8773	   1142.3713
    943.9048	   1787.8093
    943.9323	   1968.2638
    943.9598	   1605.3198
    943.9873	    951.8930
    944.0148	      0.0000
    944.0424	      0.0000
    944.0699	      0.0000
    944.0974	      0.0000
    944.2900	      0.0000
    944.3175	      0.0000
    944.3451	      0.0000
    944.3726	      0.0000
    944.4001	    737.9501
    944.4277	   1534.3849
    944.4552	   2050.9453
    944.4827	   1940.8569
    944.5103	   1286.6312
    944.5378	      0.0000
    944.5653	      0.0000
    944.5929	      0.0000
    944.6204	      0.0000
    951.7656	      0.0000
    951.7935	      0.0000
    951.8213	      0.0000
    951.8492	      0.0000
    951.8770	    852.0117
    951.9049	   1622.8322
    951.9327	   1918.7063
    951.9606	   1498.0768
    951.9885	    724.0555
    952.0163	      0.0000
    952.0442	      0.0000
    952.0720	      0.0000
    952.0999	      0.0000
    952.7691	      0.0000
    952.7969	      0.0000
    952.8248	      0.0000
    952.8527	      0.0000
    952.8806	    921.5349
    952.9085	   1671.5223
    952.9364	   1980.7913
    952.9644	   1636.1910
    952.9923	    907.9162
    953.0202	      0.0000
    953.0481	      0.0000
    953.0760	      0.0000
    953.1039	      0.0000
    974.2423	      0.0000
    974.2711	      0.0000
    974.3000	      0.0000
    974.3288	      0.0000
    974.3577	   1141.4011
    974.3865	   1902.1838
    974.4154	   2412.8230
    974.4442	   2291.2397
    974.4731	   1564.1240
    974.5019	    692.8391
    974.5308	      0.0000
    974.5597	      0.0000
    974.5885	      0.0000
    974.6174	      0.0000
    992.2562	      0.0000
    992.2858	      0.0000
    992.3155	      0.0000
    992.3451	      0.0000
    992.3748	   1008.2028
    992.4044	   1641.8478
    992.4341	   1943.9048
    992.4637	   1729.8979
    992.4934	   1140.7201
    992.5231	      0.0000
    992.5527	      0.0000
    992.5824	      0.0000
    992.6120	      0.0000
    993.2353	      0.0000
    993.2650	      0.0000
    993.2947	      0.0000
    993.3243	      0.0000
    993.3540	   1128.4117
    993.3837	   2540.7935
    993.4134	   5686.3989
    993.4431	   5884.6953
    993.4728	   3801.1587
    993.5025	   1766.5670
    993.5322	    712.0748
    993.5620	      0.0000
    993.5917	      0.0000
    993.6214	      0.0000
    993.6511	      0.0000
    993.7402	      0.0000
    993.7699	      0.0000
    993.7996	      0.0000
    993.8294	      0.0000
    993.8591	   1094.6013
    993.8888	   3491.9255
    993.9185	   6142.8213
    993.9482	   8091.9854
    993.9780	   6124.3462
    994.0077	   3278.6187
    994.0374	    497.2356
    994.0672	      0.0000
    994.0969	      0.0000
    994.1266	      0.0000
    994.1564	      0.0000
   1001.2407	      0.0000
   1001.2707	      0.0000
   1001.3008	      0.0000
   1001.3308	      0.0000
   1001.3609	   1167.2472
   1001.3909	   4074.9824
   1001.4210	   6543.8242
   1001.4511	   7353.9482
   1001.4811	   4963.7578
   1001.5112	   2379.4478
   1001.5412	   1025.6385
   1001.5713	      0.0000
   1001.6014	      0.0000
   1001.6314	      0.0000
   1001.6615	      0.0000
   1002.2632	      0.0000
   1002.2933	      0.0000
   1002.3234	      0.0000
   1002.3535	      0.0000
   1002.3836	    804.6854
   1002.4137	   1764.6061
   1002.4438	   2393.8584
   1002.4739	   2234.8132
   1002.5040	   1419.3242
   1002.5341	      0.0000
   1002.5642	      0.0000
   1002.5944	      0.0000
   1002.6245	      0.0000
   1031.7620	      0.0000
   1031.7935	      0.0000
   1031.8249	      0.0000
   1031.8563	      0.0000
   1031.8878	   1193.3424
   1031.9192	   2454.7188
   1031.9507	   3276.9036
   1031.9821	   3085.0322
   1032.0136	   2053.0544
   1032.0450	    929.6549
   1032.0765	      0.0000
   1032.1079	      0.0000
   1032.1394	      0.0000
   1032.1708	      0.0000
   1035.2919	      0.0000
   1035.3235	      0.0000
   1035.3551	      0.0000
   1035.3867	      0.0000
   1035.4183	    824.9451
   1035.4499	   1609.7030
   1035.4815	   1939.7255
   1035.5131	   1567.2760
   1035.5447	    795.5274
   1035.5763	      0.0000
   1035.6079	      0.0000
   1035.6395	      0.0000
   1035.6711	      0.0000
   1035.7660	      0.0000
   1035.7976	      0.0000
   1035.8292	      0.0000
   1035.8608	      0.0000
   1035.8925	    846.3407
   1035.9241	   1935.6635
   1035.9557	   2666.1558
   1035.9873	   2524.9705
   1036.0190	   1670.5793
   1036.0506	    737.7840
   1036.0822	      0.0000
   1036.1139	      0.0000
   1036.1455	      0.0000
   1036.1772	      0.0000
   1043.2685	      0.0000
   1043.3005	      0.0000
   1043.3325	      0.0000
   1043.3644	      0.0000
   1043.3964	    748.5349
   1043.4284	   1741.1129
   1043.4604	   2394.8423
   1043.4923	   2217.2935
   1043.5243	   1360.3013
   1043.5563	      0.0000
   1043.5883	      0.0000
   1043.6202	      0.0000
   1043.6522	      0.0000
   1044.2281	      0.0000
   1044.2601	      0.0000
   1044.2921	      0.0000
   1044.3241	      0.0000
   1044.3561	    797.3193
   1044.3882	   2970.6211
   1044.4202	   5776.0723
   1044.4522	   8536.8008
   1044.4842	   7840.1812
   1044.5162	   4640.4023
   1044.5482	   1626.4441
   1044.5803	      0.0000
   1044.6214	      0.0000
   1044.6534	      0.0000
   1044.6854	      0.0000
   1044.7175	      0.0000
   1044.7495	      0.0000
   1044.7815	      0.0000
   1044.8135	      0.0000
   1044.8456	    633.0182
   1044.8776	   2104.0420
   1044.9097	   5987.2163
   1044.9417	  10373.2432
   1044.9737	  13730.2012
   1045.0058	  11054.1943
   1045.0378	   6435.6646
   1045.0699	   2036.2769
   1045.1019	      0.0000
   1045.1249	      0.0000
   1045.1569	      0.0000
   1045.1890	      0.0000
   1045.2210	      0.0000
   1045.2531	      0.0000
   1045.2851	      0.0000
   1045.3172	      0.0000
   1045.3493	      0.0000
   1045.3813	   1380.2979
   1045.4134	   2811.6001
   1045.4454	   5799.7651
   1045.4775	   5820.7598
   1045.5096	   3632.2275
   1045.5416	   1423.3315
   1045.5849	      0.0000
   1045.6170	      0.0000
   1045.6491	      0.0000
   1045.6812	      0.0000
   1053.1297	      0.0000
   1053.1621	      0.0000
   1053.1945	      0.0000
   1053.2269	      0.0000
   1053.2594	    145.7011
   1053.2918	   2882.5989
   1053.3242	   5441.9673
   1053.3566	  11361.0508
   1053.3891	  30712.0273
   1053.4215	  66558.6953
   1053.4539	 105996.2422
   1053.4864	 116940.9219
   1053.5188	  79078.9219
   1053.5512	  39737.1484
   1053.5837	   8137.5464
   1053.6161	      0.0000
   1053.6478	      0.0000
   1053.6802	      0.0000
   1053.7127	      0.0000
   1053.7451	      0.0000
   1053.7775	      0.0000
   1053.8100	   1973.3015
   1053.8424	   7627.2451
   1053.8749	  18703.8418
   1053.9073	  49820.6484
   1053.9398	  86673.5625
   1053.9723	 116991.1328
   1054.0047	  95560.6641
   1054.0372	  55960.3086
   1054.0696	  18546.6641
   1054.1021	   1765.6088
   1054.1346	      0.0000
   1054.1662	      0.0000
   1054.1987	      0.0000
   1054.2311	      0.0000
   1054.2636	      0.0000
   1054.2961	    350.9667
   1054.3286	   3598.5022
   1054.3610	   8140.3022
   1054.3935	  21250.0508
   1054.4260	  42503.8438
   1054.4585	  65637.8906
   1054.4909	  66030.6328
   1054.5234	  41950.3906
   1054.5559	  19383.5273
   1054.5884	   3387.6692
   1054.6209	      0.0000
   1054.6572	      0.0000
   1054.6897	      0.0000
   1054.7221	      0.0000
   1054.7546	      0.0000
   1054.7871	      0.0000
   1054.8196	    658.4562
   1054.8521	   2924.0444
   1054.8846	   6388.3540
   1054.9171	  13959.2588
   1054.9496	  22935.2539
   1054.9821	  27662.5176
   1055.0146	  20114.9355
   1055.0471	  11128.1719
   1055.0796	   2660.4536
   1055.1121	      0.0000
   1055.1312	      0.0000
   1055.1637	      0.0000
   1055.1962	      0.0000
   1055.2287	      0.0000
   1055.2612	      0.0000
   1055.2937	      0.0000
   1055.3263	      0.0000
   1055.3588	    868.5116
   1055.3913	   2679.0742
   1055.4238	   5099.6479
   1055.4563	   7573.2969
   1055.4889	   6648.7466
   1055.5214	   3893.8103
   1055.5539	   1419.4071
   1055.5865	      0.0000
   1055.6190	      0.0000
   1055.6515	      0.0000
   1055.6841	      0.0000
   1061.2369	      0.0000
   1061.2697	      0.0000
   1061.3024	      0.0000
   1061.3352	      0.0000
   1061.3680	   1388.3114
   1061.4008	   3847.8555
   1061.4336	   6141.0273
   1061.4664	   6053.9087
   1061.4992	   3754.0229
   1061.5321	   1481.8499
   1061.5649	      0.0000
   1061.5977	      0.0000
   1061.6305	      0.0000
   1061.6633	      0.0000
   1061.7289	      0.0000
   1061.7617	      0.0000
   1061.7946	      0.0000
   1061.8274	      0.0000
   1061.8602	   1415.5957
   1061.8930	   2596.0942
   1061.9258	   3488.4592
   1061.9587	   3489.4954
   1061.9915	   2566.8223
   1062.0243	   1332.0164
   1062.0571	      0.0000
   1062.0900	      0.0000
   1062.1228	      0.0000
   1062.1556	      0.0000
   1062.2542	      0.0000
   1062.2870	      0.0000
   1062.3198	      0.0000
   1062.3527	      0.0000
   1062.3855	   1193.5383
   1062.4184	   2261.3352
   1062.4512	   2858.4688
   1062.4841	   2525.4253
   1062.5169	   1516.3191
   1062.5498	      0.0000
   1062.5827	      0.0000
   1062.6155	      0.0000
   1062.6484	      0.0000
   1066.7675	      0.0000
   1066.8006	      0.0000
   1066.8336	      0.0000
   1066.8667	      0.0000
   1066.8997	   1354.5831
   1066.9328	   2340.9690
   1066.9659	   2824.5774
   1066.9989	   2429.7729
   1067.0320	   1412.1384
   1067.0651	      0.0000
   1067.0982	      0.0000
   1067.1312	      0.0000
   1067.1643	      0.0000
   1133.2776	      0.0000
   1133.3138	      0.0000
   1133.3500	      0.0000
   1133.3862	      0.0000
   1133.4224	    987.5022
   1133.4586	   1712.9340
   1133.4948	   2017.1606
   1133.5310	   1722.8840
   1133.5672	   1074.6261
   1133.6034	      0.0000
   1133.6396	      0.0000
   1133.6758	      0.0000
   1133.7120	      0.0000
   1134.2191	      0.0000
   1134.2553	      0.0000
   1134.2916	      0.0000
   1134.3278	      0.0000
   1134.3640	    784.1920
   1134.4003	   2186.9463
   1134.4365	   4502.1606
   1134.4728	   6674.3271
   1134.5090	   6036.3633
   1134.5453	   3603.6172
   1134.5815	   1388.8192
   1134.6178	      0.0000
   1134.6540	      0.0000
   1134.6903	      0.0000
   1134.7265	      0.0000
   1134.7628	      0.0000
   1134.7990	      0.0000
   1134.8353	      0.0000
   1134.8716	      0.0000
   1134.9078	   1381.4563
   1134.9441	   2471.7642
   1134.9804	   3015.7295
   1135.0166	   2617.9294
   1135.0529	   1590.3492
   1135.0892	    601.3909
   1135.1255	      0.0000
   1135.1617	      0.0000
   1135.1980	      0.0000
   1135.2343	      0.0000
   1135.2706	      0.0000
   1135.3069	      0.0000
   1135.3431	      0.0000
   1135.3794	    661.0421
   1135.4157	   1606.6787
   1135.4520	   2547.4189
   1135.4883	   2851.4749
   1135.5246	   2271.2712
   1135.5609	   1221.4996
   1135.5972	      0.0000
   1135.6335	      0.0000
   1135.6698	      0.0000
   1135.7061	      0.0000
   1145.7559	      0.0000
   1145.7927	      0.0000
   1145.8294	      0.0000
   1145.8662	      0.0000
   1145.9030	   1014.1431
   1145.9398	   2305.6938
   1145.9766	   3285.2561
   1146.0134	   3282.9224
   1146.0502	   2340.6816
   1146.0870	   1148.9156
   1146.1238	      0.0000
   1146.1606	      0.0000
   1146.1974	      0.0000
   1146.2342	      0.0000
   1146.2711	      0.0000
   1146.3079	      0.0000
   1146.3447	      0.0000
   1146.3815	   1121.5403
   1146.4183	   3680.9695
   1146.4551	   6439.0815
   1146.4920	   8520.4492
   1146.5288	   6665.8828
   1146.5656	   3643.9343
   1146.6024	    707.8932
   1146.6393	      0.0000
   1146.6761	      0.0000
   1146.7129	      0.0000
   1146.7498	      0.0000
   1146.7866	      0.0000
   1146.8234	      0.0000
   1146.8603	      0.0000
   1146.8971	    702.3115
   1146.9340	   1847.5868
   1146.9708	   2850.0823
   1147.0076	   2950.6677
   1147.0445	   2037.3854
   1147.0813	    835.5743
   1147.1313	      0.0000
   1147.1682	      0.0000
   1147.2050	      0.0000
   1147.2419	      0.0000
   1154.6491	      0.0000
   1154.6863	      0.0000
   1154.7236	      0.0000
   1154.7608	      0.0000
   1154.7980	    569.8934
   1154.8352	   1980.6036
   1154.8725	   4841.3330
   1154.9097	  13591.1621
   1154.9469	  32220.7324
   1154.9841	  52860.3047
   1155.0214	  61928.3320
   1155.0586	  43963.1016
   1155.0958	  23580.8262
   1155.1331	   4590.8804
   1155.1703	      0.0000
   1155.1944	      0.0000
   1155.2317	      0.0000
   1155.2689	   3446.1145
   1155.3062	   2631.8323
   1155.3606	   4536.3838
   1155.3979	  10063.7275
   1155.4351	  27536.4746
   1155.4724	  49992.1953
   1155.5096	  70865.6016
   1155.5469	  63822.6992
   1155.5841	  38834.7539
   1155.6214	  14818.5977
   1155.6587	   1204.9447
   1155.6868	      0.0000
   1155.7240	      0.0000
   1155.7613	      0.0000
   1155.7986	      0.0000
   1155.8359	   1210.3036
   1155.8731	   2859.1714
   1155.9104	   9682.8174
   1155.9477	  22781.9063
   1155.9850	  36133.4688
   1156.0222	  41512.8984
   1156.0595	  29251.7344
   1156.0968	  15117.5469
   1156.1341	   3155.7014
   1156.1714	      0.0000
   1156.2092	      0.0000
   1156.2464	      0.0000
   1156.2837	      0.0000
   1156.3210	      0.0000
   1156.3583	    807.9030
   1156.3956	   2460.9932
   1156.4329	   7740.8237
   1156.4702	  13710.5820
   1156.5075	  18718.2734
   1156.5448	  16287.8906
   1156.5822	   9633.7510
   1156.6195	   3299.4480
   1156.6568	     93.4174
   1156.6856	      0.0000
   1156.7229	      0.0000
   1156.7602	      0.0000
   1156.7975	      0.0000
   1156.8348	      0.0000
   1156.8722	      0.0000
   1156.9095	    990.4887
   1156.9468	   2151.4451
   1156.9841	   3362.0625
   1157.0215	   5586.1064
   1157.0588	   3699.1479
   1157.0961	   1782.3156
   1157.1335	    694.8814
   1157.1709	      0.0000
   1157.2082	      0.0000
   1157.2455	      0.0000
   1157.2829	      0.0000
   1214.2744	      0.0000
   1214.3145	      0.0000
   1214.3547	      0.0000
   1214.3948	      0.0000
   1214.4350	    624.8071
   1214.4751	   1584.5044
   1214.5152	   2321.2622
   1214.5554	   2271.5959
   1214.5955	   1486.4316
   1214.6357	      0.0000
   1214.6759	      0.0000
   1214.7161	      0.0000
   1214.7562	      0.0000
   1226.7720	      0.0000
   1226.8127	      0.0000
   1226.8535	      0.0000
   1226.8943	      0.0000
   1226.9350	   1052.6155
   1226.9758	   2217.5801
   1227.0166	   3039.9421
   1227.0573	   2961.0623
   1227.0981	   2061.8499
   1227.1389	    989.8390
   1227.1796	      0.0000
   1227.2204	      0.0000
   1227.2612	      0.0000
   1227.3020	      0.0000
   1227.7507	      0.0000
   1227.7915	      0.0000
   1227.8323	      0.0000
   1227.8732	      0.0000
   1227.9140	   1132.2424
   1227.9548	   2691.0771
   1227.9956	   6313.3359
   1228.0364	   6100.3882
   1228.0772	   3525.0017
   1228.1181	   1138.4613
   1228.1807	      0.0000
   1228.2215	      0.0000
   1228.2624	      0.0000
   1228.3032	      0.0000
   1235.6861	      0.0000
   1235.7273	      0.0000
   1235.7685	      0.0000
   1235.8097	      0.0000
   1235.8509	    695.2259
   1235.8921	   2465.6445
   1235.9333	   7172.3296
   1235.9745	  15827.9756
   1236.0157	  25319.8848
   1236.0570	  28686.0645
   1236.0982	  19707.9180
   1236.1394	   9808.0664
   1236.1806	   1654.7268
   1236.2218	      0.0000
   1236.2600	      0.0000
   1236.3012	      0.0000
   1236.3425	    792.8957
   1236.3837	   2129.9934
   1236.4249	   6294.8901
   1236.4662	  14960.1875
   1236.5074	  24717.2852
   1236.5487	  30137.1309
   1236.5899	  22512.7305
   1236.6311	  12422.0303
   1236.6724	   3050.7473
   1236.7136	      0.0000
   1236.7527	      0.0000
   1236.7940	      0.0000
   1236.8353	      0.0000
   1236.8765	    866.1953
   1236.9178	   3087.7366
   1236.9590	   8714.9893
   1237.0003	  15720.6992
   1237.0416	  20911.8691
   1237.0828	  16990.2012
   1237.1241	   9607.2383
   1237.1654	   2825.3877
   1237.2067	      0.0000
   1237.2520	      0.0000
   1237.2933	      0.0000
   1237.3346	      0.0000
   1237.3758	      0.0000
   1237.4171	   1596.6932
   1237.4584	   4555.7144
   1237.4997	   8701.0752
   1237.5410	  11953.4648
   1237.5823	  10304.7520
   1237.6236	   5942.5142
   1237.6649	   1849.5714
   1237.7062	      0.0000
   1237.7269	      0.0000
   1237.7682	      0.0000
   1237.8095	      0.0000
   1237.8508	      0.0000
   1258.7673	      0.0000
   1258.8096	      0.0000
   1258.8520	      0.0000
   1258.8944	      0.0000
   1258.9367	   1360.4502
   1258.9791	   1917.7786
   1259.0215	   2258.7610
   1259.0638	   2208.4900
   1259.1062	   1707.5597
   1259.1486	    955.2020
   1259.1910	      0.0000
   1259.2334	      0.0000
   1259.2758	      0.0000
   1259.3182	      0.0000
   1301.7324	      0.0000
   1301.7769	      0.0000
   1301.8215	      0.0000
   1301.8661	      0.0000
   1301.9106	    611.1892
   1301.9552	   1868.5039
   1301.9997	   3293.3862
   1302.0443	   5530.7671
   1302.0889	   3719.3174
   1302.1334	   1764.3210
   1302.1780	    609.2777
   1302.2226	      0.0000
   1302.2671	      0.0000
   1302.3117	      0.0000
   1302.3563	      0.0000
   1302.4009	      0.0000
   1302.4455	   1228.6564
   1302.4901	   2833.6240
   1302.5346	   6066.9507
   1302.5792	   5898.4756
   1302.6238	   3579.9829
   1302.6684	   1607.6675
   1302.7130	    596.0176
   1302.7576	      0.0000
   1302.8022	      0.0000
   1302.8468	      0.0000
   1302.8914	    730.4988
   1302.9360	   1874.4349
   1302.9807	   4060.3201
   1303.0253	   6345.9258
   1303.0699	   5911.2026
   1303.1145	   3529.6499
   1303.1591	   1256.6588
   1303.2356	      0.0000
   1303.2802	      0.0000
   1303.3248	      0.0000
   1303.3695	      0.0000
   1316.6814	      0.0000
   1316.7268	      0.0000
   1316.7721	      0.0000
   1316.8174	      0.0000
   1316.8627	    956.5543
   1316.9081	   2016.8474
   1316.9534	   4817.8101
   1316.9987	  11305.4492
   1317.0441	  18726.9961
   1317.0894	  22632.9941
   1317.1347	  15742.7451
   1317.1801	   8238.2490
   1317.2254	   1342.0210
   1317.2586	      0.0000
   1317.3040	      0.0000
   1317.3493	      0.0000
   1317.3947	    715.9733
   1317.4400	   4382.7236
   1317.4854	  11947.5459
   1317.5307	  20271.8770
   1317.5761	  26379.8027
   1317.6215	  19542.6855
   1317.6668	  10886.7520
   1317.7122	   2607.9248
   1317.7576	      0.0000
   1317.7962	      0.0000
   1317.8416	      0.0000
   1317.8870	    837.4374
   1317.9324	   4861.7666
   1317.9777	  12927.9922
   1318.0231	  21720.4961
   1318.0685	  28579.7012
   1318.1139	  21927.5996
   1318.1593	  12501.0400
   1318.2047	   3514.8289
   1318.2501	      0.0000
   1318.2761	      0.0000
   1318.3215	      0.0000
   1318.3669	      0.0000
   1318.4123	    735.9290
   1318.4577	   4152.9424
   1318.5031	   8245.7295
   1318.5486	  11581.3711
   1318.5940	   9024.8652
   1318.6394	   4777.7056
   1318.6848	   1093.5959
   1318.7367	      0.0000
   1318.7821	      0.0000
   1318.8275	      0.0000
   1318.8730	      0.0000
   1318.9184	      0.0000
   1318.9638	    727.5961
   1319.0093	   1758.2374
   1319.0547	   2512.6633
   1319.1001	   2456.6987
   1319.1456	   1667.9303
   1319.1910	    725.5779
   1319.2365	      0.0000
   1319.2820	      0.0000
   1319.3275	      0.0000
   1319.3729	      0.0000
   1382.7058	      0.0000
   1382.7545	      0.0000
   1382.8033	      0.0000
   1382.8521	      0.0000
   1382.9009	    645.1788
   1382.9496	   2031.7877
   1382.9984	   6101.3638
   1383.0472	   8578.4551
   1383.0960	   7654.4468
   1383.1448	   4484.3169
   1383.1936	   1437.3011
   1383.2424	      0.0000
   1383.2912	      0.0000
   1383.3400	      0.0000
   1383.3888	    675.4190
   1383.4376	   1668.6890
   1383.4864	   4644.9390
   1383.5352	   7368.8374
   1383.5840	   8043.2334
   1383.6328	   5420.4600
   1383.6817	   2628.4119
   1383.7305	    234.8081
   1383.7793	      0.0000
   1383.8281	      0.0000
   1383.8770	    739.4750
   1383.9258	   1680.5277
   1383.9746	   4446.5786
   1384.0235	   7333.7324
   1384.0723	   8421.9893
   1384.1212	   5836.9399
   1384.1700	   2877.0017
   1384.2189	    124.3691
   1384.2677	      0.0000
   1384.3166	      0.0000
   1384.3654	      0.0000
   1384.4143	   1038.5358
   1384.4631	   3184.4998
   1384.5120	   5648.8110
   1384.5609	   7285.7832
   1384.6097	   5415.8896
   1384.6586	   2724.2998
   1384.7075	    318.5827
   1384.7564	      0.0000
   1384.8052	      0.0000
   1384.8541	      0.0000
   1384.9030	      0.0000
   1390.2962	      0.0000
   1390.3453	      0.0000
   1390.3945	      0.0000
   1390.4437	      0.0000
   1390.4929	   1055.1835
   1390.5420	   1804.7909
   1390.5912	   2100.1709
   1390.6404	   1764.0325
   1390.6896	   1057.4597
   1390.7627	      0.0000
   1390.8119	      0.0000
   1390.8611	      0.0000
   1390.9103	      0.0000
   1397.7253	      0.0000
   1397.7749	      0.0000
   1397.8244	      0.0000
   1397.8740	      0.0000
   1397.9236	   1281.9644
   1397.9731	   3870.3928
   1398.0227	   7482.2153
   1398.0723	  11226.0049
   1398.1219	  10572.7939
   1398.1715	   6367.2705
   1398.2211	   2418.1614
   1398.2707	      0.0000
   1398.2963	      0.0000
   1398.3459	      0.0000
   1398.3955	      0.0000
   1398.4451	   1388.1921
   1398.4947	   4214.1553
   1398.5443	   6393.1284
   1398.5940	   6841.0386
   1398.6436	   4514.5610
   1398.6932	   2015.1824
   1398.7428	    814.7778
   1398.7924	      0.0000
   1398.8421	      0.0000
   1398.8917	      0.0000
   1398.9413	   1491.9778
   1398.9909	   3910.8621
   1399.0406	   6333.1895
   1399.0902	   6455.7041
   1399.1399	   3945.8000
   1399.1895	   1496.1475
   1399.2391	      0.0000
   1399.2888	      0.0000
   1399.3384	      0.0000
   1399.3881	      0.0000
   1399.4378	   1116.7637
   1399.4874	   3098.1594
   1399.5371	   5459.1157
   1399.5867	   6812.5166
   1399.6364	   4908.2378
   1399.6861	   2529.8103
   1399.7357	    792.4402
   1399.7854	      0.0000
   1399.8351	      0.0000
   1399.8848	      0.0000
   1399.9345	      0.0000
   3040.5169	      0.0000
   3040.6760	      0.0000
   3040.8350	      0.0000
   3040.9941	      0.0000
