# ljz_20131022_MR_Chym1_ELUTE.mzML
#
# index: 4436
# id: controllerType=0 controllerNumber=1 scan=10624
# scanNumber: 10624
# massAnalyzerType: quadrupole
# scanEvent: 2
# msLevel: 2
# retentionTime: 2633.78
# filterString: FTMS + p NSI d Full ms2 330.18@hcd28.00 [100.00-695.00]
# mzLow: 99.0036
# mzHigh: 702.07
# basePeakMZ: 120.081
# basePeakIntensity: 71380.6
# totalIonCurrent: 651686
# precursorCount: 1
# precursor 0: 330.181 897416
# binary (1178): 
     99.0036	      0.0000
     99.0045	      0.0000
     99.0055	      0.0000
     99.0064	      0.0000
    100.9993	      0.0000
    101.0002	      0.0000
    101.0012	      0.0000
    101.0022	      0.0000
    101.0031	    220.2346
    101.0041	    702.3834
    101.0050	   1450.8783
    101.0060	   2045.4164
    101.0070	   2076.8916
    101.0079	   1523.3783
    101.0089	    772.8625
    101.0099	    275.6128
    101.0108	      0.0000
    101.0118	      0.0000
    101.0127	      0.0000
    101.0137	      0.0000
    101.0542	      0.0000
    101.0551	      0.0000
    101.0561	      0.0000
    101.0571	      0.0000
    101.0580	    668.7813
    101.0590	   1394.5321
    101.0600	   2005.2181
    101.0609	   2102.4927
    101.0619	   1617.1320
    101.0628	    877.8760
    101.0638	    307.2129
    101.0648	      0.0000
    101.0657	      0.0000
    101.0667	      0.0000
    101.0676	      0.0000
    103.0479	      0.0000
    103.0489	      0.0000
    103.0499	      0.0000
    103.0509	      0.0000
    103.0519	    593.5430
    103.0529	   2147.2847
    103.0539	   3811.5776
    103.0549	   4999.1851
    103.0559	   3822.3630
    103.0569	   2137.8640
    103.0579	    500.9605
    103.0590	      0.0000
    103.0600	      0.0000
    103.0610	      0.0000
    103.0620	      0.0000
    109.0567	      0.0000
    109.0578	      0.0000
    109.0589	      0.0000
    109.0599	      0.0000
    109.0610	    671.3021
    109.0621	   1643.3290
    109.0632	   5179.3052
    109.0643	   9797.1514
    109.0653	  14198.2500
    109.0664	  12643.8027
    109.0675	   7561.1128
    109.0686	   2907.6248
    109.0697	    324.1182
    109.0705	      0.0000
    109.0716	      0.0000
    109.0727	      0.0000
    109.0738	      0.0000
    109.0943	      0.0000
    109.0954	      0.0000
    109.0965	      0.0000
    109.0975	      0.0000
    109.0986	    326.1555
    109.0997	    706.4187
    109.1008	    968.4118
    109.1019	    914.5161
    109.1029	    573.6108
    109.1040	      0.0000
    109.1051	      0.0000
    109.1062	      0.0000
    109.1072	      0.0000
    111.0362	      0.0000
    111.0373	      0.0000
    111.0384	      0.0000
    111.0395	      0.0000
    111.0406	    313.1849
    111.0417	    852.0309
    111.0428	   2157.4521
    111.0439	   3576.8594
    111.0450	   3943.6125
    111.0461	   2679.4531
    111.0473	   1062.0012
    111.0484	    361.6314
    111.0494	      0.0000
    111.0505	      0.0000
    111.0517	      0.0000
    111.0528	      0.0000
    115.0295	      0.0000
    115.0307	      0.0000
    115.0319	      0.0000
    115.0331	      0.0000
    115.0342	    407.3050
    115.0354	    970.1534
    115.0366	   1472.9045
    115.0377	   1563.4424
    115.0389	   1161.5208
    115.0401	    560.4007
    115.0414	      0.0000
    115.0425	      0.0000
    115.0437	      0.0000
    115.0449	      0.0000
    120.0681	      0.0000
    120.0693	      0.0000
    120.0706	      0.0000
    120.0718	      0.0000
    120.0730	    163.4865
    120.0743	   1436.6005
    120.0755	   2294.1563
    120.0768	   5601.3267
    120.0780	  17525.9238
    120.0793	  39609.0313
    120.0805	  63637.7070
    120.0818	  70331.2891
    120.0830	  48039.3125
    120.0843	  24892.1855
    120.0855	   6498.7397
    120.0868	   1086.0612
    120.0880	    682.2545
    120.0891	    895.5143
    120.0904	    562.1443
    120.0916	      0.0000
    120.0929	      0.0000
    120.0941	      0.0000
    120.0954	      0.0000
    121.0751	      0.0000
    121.0763	      0.0000
    121.0776	      0.0000
    121.0788	      0.0000
    121.0801	    471.8634
    121.0814	   1498.9222
    121.0826	   3406.6260
    121.0839	   5480.9136
    121.0852	   5993.2710
    121.0864	   4028.6182
    121.0877	   1984.6935
    121.0890	    346.9297
    121.0902	      0.0000
    121.0915	      0.0000
    121.0927	      0.0000
    121.0940	      0.0000
    123.0707	      0.0000
    123.0720	      0.0000
    123.0733	      0.0000
    123.0746	      0.0000
    123.0759	    362.9921
    123.0772	    900.4454
    123.0785	   2204.3486
    123.0798	   3752.9561
    123.0811	   4488.8833
    123.0824	   3271.2026
    123.0837	   1802.5378
    123.0850	    556.9406
    123.0862	      0.0000
    123.0875	      0.0000
    123.0888	      0.0000
    123.0901	      0.0000
    127.0675	      0.0000
    127.0689	      0.0000
    127.0702	      0.0000
    127.0716	      0.0000
    127.0729	    316.8101
    127.0743	    856.0216
    127.0757	   1285.9285
    127.0770	   1303.3008
    127.0784	    913.8314
    127.0797	    420.4555
    127.0811	      0.0000
    127.0825	      0.0000
    127.0838	      0.0000
    127.0852	      0.0000
    127.8208	      0.0000
    127.8222	      0.0000
    127.8236	      0.0000
    127.8249	      0.0000
    127.8263	    434.1747
    127.8277	    800.4808
    127.8290	    955.1791
    127.8304	    775.4520
    127.8318	    398.5530
    127.8331	      0.0000
    127.8345	      0.0000
    127.8358	      0.0000
    127.8372	      0.0000
    134.9842	      0.0000
    134.9857	      0.0000
    134.9871	      0.0000
    134.9886	      0.0000
    134.9901	    288.3120
    134.9916	    756.8879
    134.9931	   1112.1042
    134.9946	   1072.8357
    134.9961	    690.2986
    134.9976	    261.6730
    134.9990	      0.0000
    135.0005	      0.0000
    135.0020	      0.0000
    135.0035	      0.0000
    141.0815	      0.0000
    141.0831	      0.0000
    141.0847	      0.0000
    141.0863	      0.0000
    141.0879	    518.3470
    141.0895	    862.9781
    141.0910	   1003.5831
    141.0926	    850.5253
    141.0942	    515.8704
    141.0959	      0.0000
    141.0975	      0.0000
    141.0990	      0.0000
    141.1006	      0.0000
    143.0718	      0.0000
    143.0734	      0.0000
    143.0750	      0.0000
    143.0766	      0.0000
    143.0783	    551.1206
    143.0799	   1163.8896
    143.0815	   1559.0042
    143.0831	   1448.0175
    143.0848	    943.0256
    143.0864	    405.2381
    143.0882	      0.0000
    143.0898	      0.0000
    143.0915	      0.0000
    143.0931	      0.0000
    149.0083	      0.0000
    149.0100	      0.0000
    149.0117	      0.0000
    149.0135	      0.0000
    149.0152	    601.8167
    149.0169	   1508.9384
    149.0186	   4701.3115
    149.0204	  13707.3223
    149.0221	  23623.3418
    149.0238	  31202.5820
    149.0255	  24952.9395
    149.0273	  14658.5117
    149.0290	   5003.5498
    149.0307	    956.4727
    149.0324	      0.0000
    149.0340	      0.0000
    149.0357	      0.0000
    149.0374	      0.0000
    149.0391	      0.0000
    150.0156	      0.0000
    150.0173	      0.0000
    150.0191	      0.0000
    150.0208	      0.0000
    150.0226	    380.0015
    150.0243	    726.1297
    150.0260	    877.4121
    150.0278	    708.2845
    150.0295	    341.3380
    150.0312	      0.0000
    150.0330	      0.0000
    150.0347	      0.0000
    150.0365	      0.0000
    154.0860	      0.0000
    154.0878	      0.0000
    154.0896	      0.0000
    154.0914	      0.0000
    154.0932	    483.5220
    154.0950	   1038.4442
    154.0969	   1413.3661
    154.0987	   1326.4852
    154.1005	    845.1914
    154.1023	    314.3362
    154.1041	      0.0000
    154.1059	      0.0000
    154.1077	      0.0000
    154.1095	      0.0000
    155.0704	      0.0000
    155.0722	      0.0000
    155.0740	      0.0000
    155.0759	      0.0000
    155.0777	    384.4911
    155.0795	    825.8754
    155.0813	   1160.6244
    155.0832	   1153.1858
    155.0850	    822.3536
    155.0868	    394.9722
    155.0887	      0.0000
    155.0906	      0.0000
    155.0924	      0.0000
    155.0942	      0.0000
    157.0696	      0.0000
    157.0715	      0.0000
    157.0733	      0.0000
    157.0752	      0.0000
    157.0771	    286.4357
    157.0789	    884.4841
    157.0808	   2456.2942
    157.0827	   4022.1375
    157.0845	   4453.5552
    157.0864	   3019.1265
    157.0883	   1515.8925
    157.0901	    565.0079
    157.0921	      0.0000
    157.0940	      0.0000
    157.0958	      0.0000
    157.0977	      0.0000
    166.0712	      0.0000
    166.0732	      0.0000
    166.0752	      0.0000
    166.0772	      0.0000
    166.0793	    478.9369
    166.0813	   2564.9736
    166.0833	   6357.7939
    166.0854	  10498.1982
    166.0874	  11945.8906
    166.0894	   8391.2334
    166.0915	   4482.8862
    166.0935	   1264.0569
    166.0955	    314.7202
    166.0976	      0.0000
    166.0997	      0.0000
    166.1017	      0.0000
    166.1037	      0.0000
    169.0669	      0.0000
    169.0689	      0.0000
    169.0710	      0.0000
    169.0731	      0.0000
    169.0752	    615.5776
    169.0773	    976.7101
    169.0794	   3067.0945
    169.0815	  10452.9873
    169.0835	  20979.7227
    169.0856	  31874.5547
    169.0877	  30717.3984
    169.0898	  19402.6680
    169.0919	   8905.7266
    169.0940	   2246.2969
    169.0961	    600.9193
    169.0980	      0.0000
    169.1000	      0.0000
    169.1021	      0.0000
    169.1042	      0.0000
    171.0864	      0.0000
    171.0885	      0.0000
    171.0906	      0.0000
    171.0927	      0.0000
    171.0949	    419.1795
    171.0970	    892.4177
    171.0991	   1265.6102
    171.1012	   1235.0973
    171.1034	    795.9740
    171.1055	    374.9747
    171.1076	    478.8751
    171.1097	   1148.8818
    171.1119	   1840.1105
    171.1140	   1933.7124
    171.1161	   1348.2426
    171.1182	    566.6120
    171.1210	      0.0000
    171.1232	      0.0000
    171.1253	      0.0000
    171.1274	      0.0000
    182.0755	      0.0000
    182.0778	      0.0000
    182.0802	      0.0000
    182.0825	      0.0000
    182.0848	    509.1759
    182.0872	   1709.3088
    182.0895	   4042.4136
    182.0918	   6627.4844
    182.0942	   7504.5889
    182.0965	   5107.7310
    182.0988	   2550.2876
    182.1012	    500.1467
    182.1029	      0.0000
    182.1052	      0.0000
    182.1075	      0.0000
    182.1099	      0.0000
    185.1021	      0.0000
    185.1044	      0.0000
    185.1068	      0.0000
    185.1092	      0.0000
    185.1116	    447.0607
    185.1140	    883.3399
    185.1164	   1079.8713
    185.1188	    855.6393
    185.1212	    380.8493
    185.1235	      0.0000
    185.1259	      0.0000
    185.1283	      0.0000
    185.1307	      0.0000
    187.0813	      0.0000
    187.0838	      0.0000
    187.0862	      0.0000
    187.0886	      0.0000
    187.0911	    385.5816
    187.0935	    823.4766
    187.0959	   1134.1428
    187.0983	   1068.9131
    187.1008	    655.9951
    187.1032	      0.0000
    187.1057	      0.0000
    187.1081	      0.0000
    187.1105	      0.0000
    194.0647	      0.0000
    194.0673	      0.0000
    194.0698	      0.0000
    194.0724	      0.0000
    194.0750	    519.3740
    194.0775	   1011.2748
    194.0801	   1332.1550
    194.0827	   1249.5553
    194.0852	    831.8578
    194.0878	    367.1183
    194.0903	      0.0000
    194.0929	      0.0000
    194.0955	      0.0000
    194.0980	      0.0000
    195.1023	      0.0000
    195.1049	      0.0000
    195.1074	      0.0000
    195.1100	      0.0000
    195.1126	    334.3337
    195.1152	    779.4699
    195.1178	   1009.5202
    195.1204	    859.9999
    195.1230	    472.1145
    195.1255	      0.0000
    195.1281	      0.0000
    195.1307	      0.0000
    195.1333	      0.0000
    197.0634	      0.0000
    197.0660	      0.0000
    197.0686	      0.0000
    197.0713	      0.0000
    197.0739	    734.4882
    197.0765	   1243.3416
    197.0791	   1468.1534
    197.0818	   1213.0028
    197.0844	    647.2199
    197.0870	      0.0000
    197.0896	      0.0000
    197.0922	      0.0000
    197.0949	      0.0000
    200.0838	      0.0000
    200.0865	      0.0000
    200.0892	      0.0000
    200.0918	      0.0000
    200.0945	    255.8495
    200.0972	    771.3100
    200.0999	   1534.6681
    200.1026	   2070.2290
    200.1053	   1961.4825
    200.1079	   1279.9016
    200.1106	    518.3134
    200.1134	      0.0000
    200.1161	      0.0000
    200.1188	      0.0000
    200.1214	      0.0000
    205.0691	      0.0000
    205.0719	      0.0000
    205.0747	      0.0000
    205.0774	      0.0000
    205.0802	    390.4184
    205.0830	    832.6494
    205.0858	   1089.6659
    205.0886	    972.9093
    205.0914	    589.7281
    205.0942	      0.0000
    205.0970	      0.0000
    205.0998	      0.0000
    205.1026	      0.0000
    216.1387	      0.0000
    216.1418	      0.0000
    216.1448	      0.0000
    216.1478	      0.0000
    216.1508	    410.1658
    216.1538	    792.8305
    216.1568	   1051.5675
    216.1598	   1000.6467
    216.1629	    662.1382
    216.1657	      0.0000
    216.1687	      0.0000
    216.1717	      0.0000
    216.1747	      0.0000
    221.0586	      0.0000
    221.0617	      0.0000
    221.0648	      0.0000
    221.0680	      0.0000
    221.0711	      0.0000
    221.0742	    850.6898
    221.0773	   3642.2170
    221.0804	   7449.4814
    221.0836	  11405.2061
    221.0867	  10957.1572
    221.0898	   6917.4624
    221.0929	   3185.4827
    221.0960	    890.2629
    221.0991	    252.6395
    221.1022	      0.0000
    221.1053	      0.0000
    221.1085	      0.0000
    221.1116	      0.0000
    222.0596	      0.0000
    222.0627	      0.0000
    222.0659	      0.0000
    222.0690	      0.0000
    222.0721	     16.3366
    222.0753	   1896.5197
    222.0784	   7161.9878
    222.0816	  13717.7930
    222.0847	  20272.7813
    222.0878	  19048.0215
    222.0910	  12139.9922
    222.0941	   5757.1763
    222.0972	   1612.7634
    222.1004	    230.4472
    222.1037	      0.0000
    222.1069	      0.0000
    222.1100	      0.0000
    222.1131	      0.0000
    223.0392	      0.0000
    223.0423	      0.0000
    223.0455	      0.0000
    223.0486	      0.0000
    223.0518	      0.0000
    223.0550	   1670.2208
    223.0581	   6249.8027
    223.0613	  11099.0957
    223.0644	  13376.4590
    223.0676	   9219.3887
    223.0708	   4969.2842
    223.0739	   2785.4497
    223.0771	   5652.6670
    223.0802	   9561.8682
    223.0834	  11947.7217
    223.0866	   8980.5098
    223.0897	   4775.0547
    223.0929	   1134.4250
    223.0960	      0.0000
    223.0992	      0.0000
    223.1024	      0.0000
    223.1055	      0.0000
    223.1087	      0.0000
    224.0409	      0.0000
    224.0441	      0.0000
    224.0473	      0.0000
    224.0505	      0.0000
    224.0537	    297.3633
    224.0568	    802.5974
    224.0600	   1612.5006
    224.0632	   3108.6685
    224.0664	   3215.5369
    224.0696	   1527.6481
    224.0727	    658.5091
    224.0761	      0.0000
    224.0792	      0.0000
    224.0824	      0.0000
    224.0856	      0.0000
    225.0176	      0.0000
    225.0208	      0.0000
    225.0240	      0.0000
    225.0272	      0.0000
    225.0304	    502.7854
    225.0336	   2151.8430
    225.0368	   6977.0864
    225.0400	  12536.7803
    225.0432	  17176.3496
    225.0464	  14227.6826
    225.0496	   8475.3770
    225.0528	   3183.8420
    225.0560	    775.0921
    225.0592	    147.0980
    225.0624	      0.0000
    225.0656	      0.0000
    225.0688	      0.0000
    225.0720	      0.0000
    226.0167	      0.0000
    226.0199	      0.0000
    226.0231	      0.0000
    226.0263	      0.0000
    226.0295	    248.1847
    226.0328	   1671.4523
    226.0360	   5740.6992
    226.0392	  11365.8740
    226.0424	  17223.5527
    226.0457	  17007.3320
    226.0489	  11026.7959
    226.0521	   5403.8687
    226.0553	   1361.0803
    226.0586	      0.0000
    226.0612	      0.0000
    226.0644	      0.0000
    226.0676	      0.0000
    226.0708	      0.0000
    227.0153	      0.0000
    227.0185	      0.0000
    227.0217	      0.0000
    227.0250	      0.0000
    227.0282	    609.9673
    227.0315	   2000.6003
    227.0347	   5607.1455
    227.0380	   9414.8965
    227.0412	  11310.8926
    227.0445	   8241.2910
    227.0477	   4594.0820
    227.0509	   1421.0454
    227.0542	    406.9026
    227.0583	      0.0000
    227.0615	      0.0000
    227.0648	      0.0000
    227.0680	      0.0000
    239.0646	      0.0000
    239.0681	      0.0000
    239.0716	      0.0000
    239.0751	      0.0000
    239.0786	    443.8448
    239.0821	   2215.6616
    239.0856	   7548.8047
    239.0891	  18721.1406
    239.0926	  30930.9395
    239.0962	  37067.5625
    239.0997	  27173.6719
    239.1032	  15274.4551
    239.1067	   4625.0195
    239.1102	    761.4772
    239.1137	      0.0000
    239.1170	      0.0000
    239.1205	      0.0000
    239.1240	      0.0000
    239.1276	      0.0000
    239.1346	      0.0000
    239.1381	      0.0000
    239.1416	      0.0000
    239.1451	      0.0000
    239.1486	    394.4626
    239.1521	   1503.0767
    239.1556	   4824.4165
    239.1591	   8488.9346
    239.1626	  11131.5039
    239.1661	   8560.9355
    239.1696	   4849.6421
    239.1732	   1376.6910
    239.1767	     14.2122
    239.1803	      0.0000
    239.1838	      0.0000
    239.1873	      0.0000
    239.1908	      0.0000
    240.0634	      0.0000
    240.0669	      0.0000
    240.0704	      0.0000
    240.0740	      0.0000
    240.0775	    275.3922
    240.0810	   1554.3687
    240.0845	   6472.5122
    240.0881	  20660.5352
    240.0916	  39502.0508
    240.0951	  58819.5742
    240.0987	  56718.5625
    240.1022	  36479.7852
    240.1057	  17634.9141
    240.1093	   4689.0020
    240.1128	    399.4783
    240.1157	      0.0000
    240.1193	      0.0000
    240.1228	      0.0000
    240.1263	      0.0000
    241.0608	      0.0000
    241.0644	      0.0000
    241.0679	      0.0000
    241.0715	      0.0000
    241.0750	     25.9324
    241.0786	   1397.7980
    241.0821	   6235.1357
    241.0857	  17577.3906
    241.0892	  29548.1816
    241.0928	  37746.6914
    241.0963	  29842.1074
    241.0999	  17826.9570
    241.1034	   6764.2739
    241.1070	   1704.8375
    241.1105	      0.0000
    241.1144	      0.0000
    241.1179	      0.0000
    241.1215	      0.0000
    241.1250	      0.0000
    242.0690	      0.0000
    242.0725	      0.0000
    242.0761	      0.0000
    242.0797	      0.0000
    242.0833	    281.5881
    242.0868	    830.8602
    242.0904	   1542.7197
    242.0940	   1999.1832
    242.0976	   1870.6292
    242.1011	   1254.3048
    242.1047	    569.5995
    242.1084	      0.0000
    242.1120	      0.0000
    242.1155	      0.0000
    242.1191	      0.0000
    244.0857	      0.0000
    244.0894	      0.0000
    244.0930	      0.0000
    244.0966	      0.0000
    244.1002	    552.6689
    244.1038	    877.0619
    244.1074	    975.4255
    244.1111	    746.4359
    244.1147	    348.5267
    244.1183	      0.0000
    244.1219	      0.0000
    244.1255	      0.0000
    244.1291	      0.0000
    249.0879	      0.0000
    249.0916	      0.0000
    249.0954	      0.0000
    249.0991	      0.0000
    249.1028	    614.1636
    249.1065	    995.6661
    249.1103	   1066.3468
    249.1140	    778.2667
    249.1177	    353.3647
    249.1214	      0.0000
    249.1252	      0.0000
    249.1289	      0.0000
    249.1326	      0.0000
    254.1263	      0.0000
    254.1301	      0.0000
    254.1339	      0.0000
    254.1378	      0.0000
    254.1416	    649.8856
    254.1455	   1284.1816
    254.1493	   1731.0172
    254.1532	   1659.0538
    254.1570	   1123.6320
    254.1608	    507.7692
    254.1656	      0.0000
    254.1694	      0.0000
    254.1733	      0.0000
    254.1771	      0.0000
    255.0365	      0.0000
    255.0403	      0.0000
    255.0442	      0.0000
    255.0481	      0.0000
    255.0519	    457.7875
    255.0558	   1024.5679
    255.0597	   3357.7361
    255.0635	   5951.1187
    255.0674	   7900.9404
    255.0712	   6210.0386
    255.0751	   3561.9644
    255.0790	   1009.1053
    255.0828	    188.0706
    255.0858	      0.0000
    255.0897	      0.0000
    255.0935	      0.0000
    255.0974	      0.0000
    255.1012	      0.0000
    255.1051	      0.0000
    255.1090	    549.5177
    255.1128	   1026.7604
    255.1167	   1465.9642
    255.1206	   1588.3866
    255.1244	   1263.2261
    255.1283	    689.5090
    255.1322	      0.0000
    255.1360	      0.0000
    255.1399	      0.0000
    255.1438	      0.0000
    257.2246	      0.0000
    257.2285	      0.0000
    257.2324	      0.0000
    257.2363	      0.0000
    257.2402	    717.4524
    257.2441	   1058.6179
    257.2481	   1179.4272
    257.2520	   1000.8959
    257.2559	    634.3461
    257.2599	      0.0000
    257.2638	      0.0000
    257.2677	      0.0000
    257.2716	      0.0000
    267.0991	      0.0000
    267.1032	      0.0000
    267.1074	      0.0000
    267.1115	      0.0000
    267.1156	    479.3492
    267.1198	    754.4113
    267.1239	    893.8517
    267.1281	    783.5641
    267.1322	    486.3520
    267.1363	      0.0000
    267.1405	      0.0000
    267.1446	      0.0000
    267.1488	      0.0000
    271.0088	      0.0000
    271.0130	      0.0000
    271.0173	      0.0000
    271.0215	      0.0000
    271.0257	    705.5060
    271.0300	    969.0962
    271.0342	   1034.6744
    271.0384	    890.7546
    271.0427	    625.6486
    271.0469	      0.0000
    271.0511	      0.0000
    271.0553	      0.0000
    271.0596	      0.0000
    271.0934	      0.0000
    271.0977	      0.0000
    271.1019	      0.0000
    271.1062	      0.0000
    271.1104	    409.0031
    271.1146	    780.7214
    271.1189	    946.0551
    271.1231	    833.9353
    271.1273	    573.4547
    271.1316	      0.0000
    271.1358	    400.6843
    271.1400	   1584.6289
    271.1443	   3369.9893
    271.1485	   5362.9482
    271.1527	   6035.6519
    271.1570	   4411.3906
    271.1612	   2548.5559
    271.1654	    760.0375
    271.1697	    241.9146
    271.1740	      0.0000
    271.1783	      0.0000
    271.1825	      0.0000
    271.1867	      0.0000
    277.1152	      0.0000
    277.1196	      0.0000
    277.1239	      0.0000
    277.1283	      0.0000
    277.1327	    714.5518
    277.1371	   1034.3156
    277.1415	   1107.5503
    277.1458	    892.3518
    277.1502	    517.1025
    277.1546	      0.0000
    277.1589	      0.0000
    277.1633	      0.0000
    277.1677	      0.0000
    281.1314	      0.0000
    281.1359	      0.0000
    281.1404	      0.0000
    281.1449	      0.0000
    281.1493	    631.4067
    281.1538	   2026.8439
    281.1583	   3390.4341
    281.1627	   3719.1523
    281.1672	   2454.4067
    281.1717	    981.0625
    281.1762	    328.8377
    281.1806	      0.0000
    281.1851	      0.0000
    281.1896	      0.0000
    281.1940	      0.0000
    282.1132	      0.0000
    282.1177	      0.0000
    282.1222	      0.0000
    282.1267	      0.0000
    282.1312	    352.2195
    282.1357	   1895.6345
    282.1402	   3769.8933
    282.1446	   5540.7666
    282.1491	   4973.8340
    282.1536	   3040.7468
    282.1581	   1288.5735
    282.1626	    489.2768
    282.1668	      0.0000
    282.1713	      0.0000
    282.1758	      0.0000
    282.1803	      0.0000
    289.0055	      0.0000
    289.0102	      0.0000
    289.0149	      0.0000
    289.0195	      0.0000
    289.0242	    786.1278
    289.0288	   3328.4509
    289.0335	   9230.1641
    289.0382	  15548.8066
    289.0428	  18787.4023
    289.0475	  13598.2070
    289.0521	   7451.1553
    289.0568	   2166.5618
    289.0615	    397.3886
    289.0664	      0.0000
    289.0711	      0.0000
    289.0757	      0.0000
    289.0804	      0.0000
    290.0151	      0.0000
    290.0197	      0.0000
    290.0244	      0.0000
    290.0291	      0.0000
    290.0338	    667.7207
    290.0385	   1154.0150
    290.0432	   1417.6886
    290.0479	   1266.7927
    290.0525	    786.9171
    290.0573	      0.0000
    290.0620	      0.0000
    290.0667	      0.0000
    290.0714	      0.0000
    299.1401	      0.0000
    299.1450	      0.0000
    299.1499	      0.0000
    299.1548	      0.0000
    299.1597	    476.8481
    299.1646	    891.0347
    299.1695	   1072.3167
    299.1744	    875.4116
    299.1794	    455.6610
    299.1846	      0.0000
    299.1895	      0.0000
    299.1944	      0.0000
    299.1993	      0.0000
    307.0019	      0.0000
    307.0070	      0.0000
    307.0121	      0.0000
    307.0172	      0.0000
    307.0223	    343.0244
    307.0274	    839.5206
    307.0325	   2321.9221
    307.0376	   7948.0820
    307.0427	  24195.0059
    307.0478	  42413.6758
    307.0529	  56831.1875
    307.0580	  45974.2344
    307.0631	  27194.7461
    307.0682	   9678.3408
    307.0733	   2218.8950
    307.0784	    312.7289
    307.0832	      0.0000
    307.0883	      0.0000
    307.0934	      0.0000
    307.0985	      0.0000
    308.0194	      0.0000
    308.0245	      0.0000
    308.0296	      0.0000
    308.0348	      0.0000
    308.0399	    631.2745
    308.0450	   2586.1572
    308.0501	   4593.1377
    308.0553	   6039.5479
    308.0604	   4663.3428
    308.0655	   2662.7087
    308.0707	    810.8606
    308.0758	    373.7794
    308.0810	      0.0000
    308.0862	      0.0000
    308.0913	      0.0000
    308.0964	      0.0000
    325.0244	      0.0000
    325.0300	      0.0000
    325.0355	      0.0000
    325.0411	      0.0000
    325.0466	    600.5950
    325.0522	   1703.4629
    325.0577	   3082.3379
    325.0633	   4040.6060
    325.0689	   3128.5793
    325.0744	   1796.7599
    325.0800	    486.0565
    325.0855	      0.0000
    325.0911	      0.0000
    325.0967	      0.0000
    325.1022	      0.0000
    325.1523	      0.0000
    325.1578	      0.0000
    325.1634	      0.0000
    325.1690	      0.0000
    325.1745	    639.8255
    325.1801	   1428.6260
    325.1856	   2021.2850
    325.1912	   1958.8940
    325.1968	   1304.2885
    325.2023	    544.5994
    325.2079	      0.0000
    325.2134	      0.0000
    325.2190	      0.0000
    325.2246	      0.0000
    328.8994	      0.0000
    328.9050	      0.0000
    328.9107	      0.0000
    328.9163	      0.0000
    328.9220	    650.5432
    328.9277	   1014.2312
    328.9333	   1126.8307
    328.9390	    917.7549
    328.9446	    526.8298
    328.9503	      0.0000
    328.9559	      0.0000
    328.9616	      0.0000
    328.9673	      0.0000
    329.0805	      0.0000
    329.0861	      0.0000
    329.0918	      0.0000
    329.0975	      0.0000
    329.1031	    276.9937
    329.1088	    968.0970
    329.1145	   1906.7111
    329.1201	   3259.0535
    329.1258	   2432.2634
    329.1315	   1205.9971
    329.1371	    298.9940
    329.1428	    869.0854
    329.1484	   2439.4739
    329.1541	   4091.7795
    329.1598	   4270.5400
    329.1654	   2563.9539
    329.1711	    949.5927
    329.1768	    434.6760
    329.1824	      0.0000
    329.1881	      0.0000
    329.1938	      0.0000
    329.1994	      0.0000
    330.0339	      0.0000
    330.0395	      0.0000
    330.0452	      0.0000
    330.0509	      0.0000
    330.0566	    625.7579
    330.0623	   1194.7991
    330.0680	   1530.4261
    330.0737	   1384.4478
    330.0794	    869.5565
    330.0850	    344.9086
    330.0907	      0.0000
    330.0964	      0.0000
    330.1021	      0.0000
    330.1078	      0.0000
    330.1135	      0.0000
    330.1192	      0.0000
    330.1249	      0.0000
    330.1306	    714.0677
    330.1362	    826.3296
    330.1419	    839.4674
    330.1476	    792.5928
    330.1533	    701.0401
    330.1590	      0.0000
    330.1647	      0.0000
    330.1704	      0.0000
    330.1761	    692.7567
    330.1818	   1166.3464
    330.1875	   2396.0483
    330.1931	   3391.8765
    330.1988	   1838.2305
    330.2045	    936.0536
    330.2102	    227.3866
    330.2159	      0.0000
    330.2216	      0.0000
    330.2273	      0.0000
    330.2330	      0.0000
    331.0999	      0.0000
    331.1056	      0.0000
    331.1113	      0.0000
    331.1171	      0.0000
    331.1228	    281.5995
    331.1285	   1001.4109
    331.1342	   1714.5164
    331.1399	   1809.9348
    331.1456	   1236.9198
    331.1514	    588.7434
    331.1571	    537.1620
    331.1628	   1181.1792
    331.1685	   1947.5706
    331.1742	   2132.1260
    331.1799	   1566.0321
    331.1857	    886.0248
    331.1914	    576.7800
    331.1971	   1621.6854
    331.2028	   3098.0225
    331.2085	   4560.2666
    331.2142	   4458.6006
    331.2200	   2752.1404
    331.2257	   1097.0876
    331.2314	    579.0156
    331.2373	      0.0000
    331.2430	      0.0000
    331.2487	      0.0000
    331.2544	      0.0000
    342.1409	      0.0000
    342.1469	      0.0000
    342.1529	      0.0000
    342.1589	      0.0000
    342.1650	    409.3288
    342.1710	    759.8365
    342.1770	    931.3779
    342.1830	    795.2515
    342.1890	    447.3469
    342.1959	      0.0000
    342.2019	      0.0000
    342.2079	      0.0000
    342.2139	      0.0000
    352.1468	      0.0000
    352.1531	      0.0000
    352.1593	      0.0000
    352.1656	      0.0000
    352.1719	    184.7766
    352.1781	    798.0521
    352.1844	   2790.6479
    352.1907	   5383.0112
    352.1969	   7969.2632
    352.2032	   7293.0742
    352.2095	   4441.9839
    352.2158	   1801.9204
    352.2220	    292.9389
    352.2274	      0.0000
    352.2337	      0.0000
    352.2399	      0.0000
    352.2462	      0.0000
    353.1383	      0.0000
    353.1446	      0.0000
    353.1509	      0.0000
    353.1572	      0.0000
    353.1635	    224.1083
    353.1698	   1683.2629
    353.1761	   3278.1626
    353.1824	   4732.8594
    353.1887	   4518.8984
    353.1950	   3129.4092
    353.2013	   1165.2054
    353.2076	    555.5633
    353.2160	      0.0000
    353.2223	      0.0000
    353.2285	      0.0000
    353.2348	      0.0000
    423.1720	      0.0000
    423.1803	      0.0000
    423.1885	      0.0000
    423.1968	      0.0000
    423.2051	    256.6729
    423.2133	   1252.1145
    423.2216	   3438.6880
    423.2298	   5845.3408
    423.2381	   7031.0669
    423.2463	   5018.0620
    423.2546	   2647.6040
    423.2629	    569.5987
    423.2693	      0.0000
    423.2776	      0.0000
    423.2859	      0.0000
    423.2941	      0.0000
    424.1794	      0.0000
    424.1877	      0.0000
    424.1960	      0.0000
    424.2043	      0.0000
    424.2126	    599.7582
    424.2208	    994.1943
    424.2291	   1172.4374
    424.2374	   1024.2910
    424.2457	    645.3263
    424.2548	      0.0000
    424.2631	      0.0000
    424.2714	      0.0000
    424.2797	      0.0000
    616.3873	      0.0000
    616.4018	      0.0000
    616.4163	      0.0000
    616.4308	      0.0000
    616.4453	    407.7905
    616.4599	    781.3419
    616.4744	    986.3104
    616.4889	    879.3560
    616.5034	    538.6517
    616.5179	      0.0000
    616.5325	      0.0000
    616.5470	      0.0000
    616.5615	      0.0000
    702.0172	      0.0000
    702.0348	      0.0000
    702.0525	      0.0000
    702.0701	      0.0000
