# ljz_20131022_MR_Chym1_ELUTE.mzML
#
# index: 1727
# id: controllerType=0 controllerNumber=1 scan=7090
# scanNumber: 7090
# massAnalyzerType: quadrupole
# scanEvent: 2
# msLevel: 2
# retentionTime: 1994.8
# filterString: FTMS + p NSI d Full ms2 648.26@hcd28.00 [100.00-2670.00]
# mzLow: 99.0036
# mzHigh: 2697.43
# basePeakMZ: 138.056
# basePeakIntensity: 147937
# totalIonCurrent: 2.11169e+006
# precursorCount: 1
# precursor 0: 648.03 927310
# binary (2608): 
     99.0036	      0.0000
     99.0045	      0.0000
     99.0055	      0.0000
     99.0064	      0.0000
    101.4262	      0.0000
    101.4271	      0.0000
    101.4281	      0.0000
    101.4291	      0.0000
    101.4300	      0.0000
    101.4310	      0.0000
    101.4320	      0.0000
    101.4329	      0.0000
    101.4339	      0.0000
    101.4349	      0.0000
    101.4358	      0.0000
    101.4368	      0.0000
    101.4378	      0.0000
    101.4388	      0.0000
    101.4824	      0.0000
    101.4833	      0.0000
    101.4843	      0.0000
    101.4853	      0.0000
    101.4863	      0.0000
    101.4872	      0.0000
    101.4882	      0.0000
    101.4892	      0.0000
    101.4901	      0.0000
    101.4913	      0.0000
    101.4923	      0.0000
    101.4933	      0.0000
    101.4942	      0.0000
    109.0200	      0.0000
    109.0211	      0.0000
    109.0222	      0.0000
    109.0233	      0.0000
    109.0244	    566.0810
    109.0254	   1039.5265
    109.0265	   3241.1616
    109.0276	   6795.9204
    109.0287	  10602.7695
    109.0298	  10590.5176
    109.0308	   6615.6704
    109.0319	   2910.2661
    109.0330	    437.9543
    109.0338	      0.0000
    109.0349	      0.0000
    109.0359	      0.0000
    109.0370	      0.0000
    110.0648	      0.0000
    110.0659	      0.0000
    110.0670	      0.0000
    110.0681	      0.0000
    110.0692	    501.9236
    110.0703	   1116.8124
    110.0714	   1583.8934
    110.0725	   1604.5663
    110.0736	   1191.5648
    110.0747	    622.7844
    110.0758	      0.0000
    110.0769	      0.0000
    110.0779	      0.0000
    110.0790	      0.0000
    111.0361	      0.0000
    111.0373	      0.0000
    111.0384	      0.0000
    111.0395	      0.0000
    111.0406	    497.3066
    111.0417	   1468.9833
    111.0428	   3844.1233
    111.0439	   5794.7666
    111.0450	   5424.3926
    111.0461	   3207.6682
    111.0472	   1146.4885
    111.0484	    553.4764
    111.0494	      0.0000
    111.0505	      0.0000
    111.0516	      0.0000
    111.0528	      0.0000
    114.7270	      0.0000
    114.7282	      0.0000
    114.7294	      0.0000
    114.7305	      0.0000
    114.7317	    608.9475
    114.7329	   1092.5280
    114.7340	   1304.9175
    114.7352	   1087.1488
    114.7364	    587.4960
    114.7378	      0.0000
    114.7390	      0.0000
    114.7401	      0.0000
    114.7413	      0.0000
    115.0286	      0.0000
    115.0298	      0.0000
    115.0310	      0.0000
    115.0321	      0.0000
    115.0333	    794.1512
    115.0345	   1172.5602
    115.0356	   2790.7996
    115.0368	   8538.5068
    115.0380	  17002.2012
    115.0392	  25948.9238
    115.0403	  25453.0781
    115.0415	  16007.1826
    115.0427	   7228.5850
    115.0438	   1420.0903
    115.0450	      0.0000
    115.0459	      0.0000
    115.0470	      0.0000
    115.0482	      0.0000
    115.0494	      0.0000
    122.0527	      0.0000
    122.0540	      0.0000
    122.0552	      0.0000
    122.0565	      0.0000
    122.0578	    840.1323
    122.0591	   1579.4943
    122.0604	   1872.0044
    122.0616	   1504.5464
    122.0629	    782.8964
    122.0644	      0.0000
    122.0657	      0.0000
    122.0669	      0.0000
    122.0682	      0.0000
    126.0427	      0.0000
    126.0441	      0.0000
    126.0454	      0.0000
    126.0468	      0.0000
    126.0481	    621.2521
    126.0495	   1603.7213
    126.0508	   4553.6499
    126.0521	  14212.8945
    126.0535	  29856.5469
    126.0548	  46709.3242
    126.0562	  48669.7773
    126.0575	  32020.2520
    126.0589	  15794.8066
    126.0602	   3741.8201
    126.0615	    339.5981
    126.0629	      0.0000
    126.0643	      0.0000
    126.0656	      0.0000
    126.0670	      0.0000
    127.0257	      0.0000
    127.0270	      0.0000
    127.0284	      0.0000
    127.0298	      0.0000
    127.0311	    873.0410
    127.0325	   2441.0505
    127.0338	   4636.6729
    127.0352	  12486.7168
    127.0366	  37203.4648
    127.0379	  69536.0547
    127.0393	 101007.0156
    127.0406	  92052.5625
    127.0420	  56790.3125
    127.0433	  24132.7168
    127.0447	   5096.2656
    127.0461	    357.1883
    127.0471	      0.0000
    127.0485	      0.0000
    127.0498	      0.0000
    127.0512	      0.0000
    128.0335	      0.0000
    128.0349	      0.0000
    128.0363	      0.0000
    128.0377	      0.0000
    128.0390	    987.4519
    128.0404	   1988.1836
    128.0418	   2877.3330
    128.0432	   3111.2109
    128.0445	   2519.6946
    128.0459	   1494.3372
    128.0473	    636.9937
    128.0486	      0.0000
    128.0500	      0.0000
    128.0514	      0.0000
    128.0528	      0.0000
    129.0454	      0.0000
    129.0468	      0.0000
    129.0482	      0.0000
    129.0496	      0.0000
    129.0509	    794.6877
    129.0523	   1765.9272
    129.0537	   2826.6575
    129.0551	   3284.1719
    129.0565	   2845.9319
    129.0579	   1836.8461
    129.0593	    862.7355
    129.0606	      0.0000
    129.0620	      0.0000
    129.0634	      0.0000
    129.0648	      0.0000
    133.0403	      0.0000
    133.0418	      0.0000
    133.0432	      0.0000
    133.0447	      0.0000
    133.0461	    661.0082
    133.0476	   1667.8596
    133.0491	   2680.2505
    133.0505	   2976.9277
    133.0520	   2355.7439
    133.0534	   1305.9124
    133.0549	    485.2665
    133.0565	      0.0000
    133.0580	      0.0000
    133.0594	      0.0000
    133.0609	      0.0000
    138.0387	      0.0000
    138.0402	      0.0000
    138.0418	      0.0000
    138.0433	      0.0000
    138.0448	      0.0000
    138.0464	   1639.8561
    138.0479	   3354.6731
    138.0495	   8892.6221
    138.0510	  27084.1680
    138.0525	  71106.6094
    138.0541	 119069.3281
    138.0556	 147801.3750
    138.0571	 110598.2969
    138.0587	  62859.3359
    138.0602	  18688.7383
    138.0618	   3264.3347
    138.0633	    569.2138
    138.0646	      0.0000
    138.0661	      0.0000
    138.0677	      0.0000
    138.0692	      0.0000
    139.0469	      0.0000
    139.0485	      0.0000
    139.0501	      0.0000
    139.0516	      0.0000
    139.0532	    685.1080
    139.0547	   2700.6680
    139.0563	   5269.7998
    139.0578	   7935.0034
    139.0594	   7691.4956
    139.0609	   4774.0596
    139.0625	   2065.9695
    139.0641	    174.9807
    139.0660	      0.0000
    139.0676	      0.0000
    139.0692	      0.0000
    139.0707	      0.0000
    144.0528	      0.0000
    144.0544	      0.0000
    144.0560	      0.0000
    144.0577	      0.0000
    144.0593	    674.3436
    144.0610	   1456.0900
    144.0626	   4705.9351
    144.0642	   8813.5391
    144.0659	  12650.9316
    144.0675	  11108.6846
    144.0692	   6633.9209
    144.0708	   2476.7739
    144.0724	    323.8656
    144.0740	      0.0000
    144.0756	      0.0000
    144.0772	      0.0000
    144.0789	      0.0000
    145.0334	      0.0000
    145.0351	      0.0000
    145.0367	      0.0000
    145.0384	      0.0000
    145.0400	    455.5284
    145.0417	   1102.8275
    145.0434	   3289.3496
    145.0450	  10281.6396
    145.0467	  29814.4668
    145.0483	  51675.0547
    145.0500	  68995.5781
    145.0516	  55717.1250
    145.0533	  32817.7891
    145.0550	  11225.2588
    145.0566	   1935.7397
    145.0583	      0.0000
    145.0596	      0.0000
    145.0613	      0.0000
    145.0629	      0.0000
    145.0646	      0.0000
    146.0423	      0.0000
    146.0440	      0.0000
    146.0457	      0.0000
    146.0474	      0.0000
    146.0490	    524.2034
    146.0507	   1199.9010
    146.0524	   1658.4746
    146.0541	   1557.7366
    146.0557	    982.2013
    146.0576	      0.0000
    146.0593	      0.0000
    146.0610	      0.0000
    146.0627	      0.0000
    163.0419	      0.0000
    163.0439	      0.0000
    163.0459	      0.0000
    163.0478	      0.0000
    163.0498	   1040.7355
    163.0518	   1576.4996
    163.0538	   4667.5376
    163.0557	  15592.0234
    163.0577	  31449.2637
    163.0597	  48195.8984
    163.0617	  47328.3125
    163.0636	  30067.8320
    163.0656	  14010.1484
    163.0676	   3324.5310
    163.0696	    536.0115
    163.0713	      0.0000
    163.0733	      0.0000
    163.0753	      0.0000
    163.0772	      0.0000
    164.0495	      0.0000
    164.0515	      0.0000
    164.0535	      0.0000
    164.0555	      0.0000
    164.0575	    358.5941
    164.0595	   1059.3528
    164.0614	   2027.3037
    164.0634	   2559.0942
    164.0654	   2227.5195
    164.0674	   1317.5359
    164.0694	    493.7310
    164.0715	      0.0000
    164.0735	      0.0000
    164.0754	      0.0000
    164.0774	      0.0000
    168.0413	      0.0000
    168.0434	      0.0000
    168.0454	      0.0000
    168.0475	      0.0000
    168.0496	    341.3088
    168.0516	   2783.6111
    168.0537	   1357.6820
    168.0559	   1666.7821
    168.0580	   3839.8369
    168.0601	  12548.3760
    168.0621	  32532.4238
    168.0642	  54274.0117
    168.0663	  65556.6328
    168.0683	  47701.5938
    168.0704	  26329.1758
    168.0725	   7555.1865
    168.0745	   1570.2556
    168.0766	    794.9668
    168.0785	      0.0000
    168.0805	      0.0000
    168.0826	      0.0000
    168.0847	      0.0000
    169.0542	      0.0000
    169.0563	      0.0000
    169.0583	      0.0000
    169.0604	      0.0000
    169.0625	    398.7632
    169.0646	   1269.1741
    169.0667	   2445.8086
    169.0688	   3192.2039
    169.0708	   2958.4629
    169.0729	   1936.0330
    169.0750	    853.7117
    169.0772	      0.0000
    169.0793	      0.0000
    169.0813	      0.0000
    169.0834	      0.0000
    183.0976	      0.0000
    183.0999	      0.0000
    183.1023	      0.0000
    183.1046	      0.0000
    183.1070	    394.1147
    183.1093	   1024.8173
    183.1117	   1548.1489
    183.1140	   1567.7056
    183.1164	   1055.9697
    183.1187	    405.8141
    183.1215	      0.0000
    183.1239	      0.0000
    183.1262	      0.0000
    183.1286	      0.0000
    186.0545	      0.0000
    186.0569	      0.0000
    186.0593	      0.0000
    186.0617	      0.0000
    186.0641	    504.3940
    186.0665	   1084.9371
    186.0689	   3615.5164
    186.0714	  11788.9775
    186.0738	  22669.4023
    186.0762	  33539.1445
    186.0786	  31170.1484
    186.0810	  19312.6289
    186.0834	   8344.7197
    186.0858	   1698.5038
    186.0882	    159.2642
    186.0902	      0.0000
    186.0926	      0.0000
    186.0950	      0.0000
    186.0974	      0.0000
    200.1240	      0.0000
    200.1267	      0.0000
    200.1294	      0.0000
    200.1321	      0.0000
    200.1348	    968.8179
    200.1375	   1834.5284
    200.1401	   2304.8667
    200.1428	   2018.6439
    200.1455	   1196.8973
    200.1482	    424.0426
    200.1514	      0.0000
    200.1541	      0.0000
    200.1567	      0.0000
    200.1594	      0.0000
    204.0565	      0.0000
    204.0593	      0.0000
    204.0621	      0.0000
    204.0648	      0.0000
    204.0676	    733.8815
    204.0704	   1919.4513
    204.0731	   2822.6145
    204.0759	   5126.6475
    204.0786	  14866.6885
    204.0814	  45356.7148
    204.0842	  81945.6484
    204.0869	 114313.2891
    204.0897	  97489.5391
    204.0925	  58565.0391
    204.0952	  22404.7715
    204.0980	   5005.7134
    204.1008	   1112.2213
    204.1031	   1490.4559
    204.1059	    820.7479
    204.1091	      0.0000
    204.1119	      0.0000
    204.1146	      0.0000
    204.1174	      0.0000
    205.0695	      0.0000
    205.0723	      0.0000
    205.0751	      0.0000
    205.0778	      0.0000
    205.0806	    777.3013
    205.0834	   2412.1792
    205.0862	   5526.2290
    205.0890	   8934.0381
    205.0918	   9593.2510
    205.0946	   6364.0122
    205.0973	   3119.0701
    205.1001	    699.7044
    205.1025	      0.0000
    205.1053	      0.0000
    205.1081	      0.0000
    205.1109	      0.0000
    241.0469	      0.0000
    241.0505	      0.0000
    241.0540	      0.0000
    241.0576	      0.0000
    241.0611	    842.2050
    241.0647	   2008.7959
    241.0682	   4455.8335
    241.0718	   5126.9180
    241.0753	   3511.9568
    241.0789	   1553.2921
    241.0824	    585.6277
    241.0876	      0.0000
    241.0911	      0.0000
    241.0947	      0.0000
    241.0982	      0.0000
    366.0868	      0.0000
    366.0934	      0.0000
    366.1001	      0.0000
    366.1067	      0.0000
    366.1134	    614.6037
    366.1200	   2078.5391
    366.1267	   6430.2271
    366.1333	  11436.9053
    366.1400	  15615.9658
    366.1466	  12935.7227
    366.1533	   7607.2578
    366.1599	   2639.8921
    366.1665	    361.2900
    366.1722	      0.0000
    366.1789	      0.0000
    366.1855	      0.0000
    366.1922	      0.0000
    367.1045	      0.0000
    367.1112	      0.0000
    367.1178	      0.0000
    367.1245	      0.0000
    367.1312	   1040.2810
    367.1378	   1798.9666
    367.1445	   2292.9785
    367.1512	   2184.6887
    367.1579	   1525.8691
    367.1645	    728.6727
    367.1712	      0.0000
    367.1779	      0.0000
    367.1845	      0.0000
    367.1912	      0.0000
    388.3534	      0.0000
    388.3606	      0.0000
    388.3679	      0.0000
    388.3752	      0.0000
    388.3824	    712.8514
    388.3897	   1244.2052
    388.3969	   1546.1807
    388.4042	   1439.4438
    388.4115	    986.4446
    388.4191	      0.0000
    388.4263	      0.0000
    388.4336	      0.0000
    388.4409	      0.0000
    428.5048	      0.0000
    428.5133	      0.0000
    428.5217	      0.0000
    428.5301	      0.0000
    428.5385	   1031.7423
    428.5469	   1451.4147
    428.5553	   1471.1808
    428.5637	   1077.3053
    428.5722	    530.4418
    428.5808	      0.0000
    428.5892	      0.0000
    428.5976	      0.0000
    428.6060	      0.0000
    471.2755	      0.0000
    471.2852	      0.0000
    471.2950	      0.0000
    471.3047	      0.0000
    471.3144	    545.7532
    471.3241	   1090.1652
    471.3338	   1373.4258
    471.3435	   1208.3722
    471.3532	    734.7529
    471.3631	      0.0000
    471.3729	      0.0000
    471.3826	      0.0000
    471.3923	      0.0000
    510.2055	      0.0000
    510.2164	      0.0000
    510.2273	      0.0000
    510.2383	      0.0000
    510.2492	   1023.8793
    510.2601	   1695.8501
    510.2711	   1983.9883
    510.2820	   1700.6069
    510.2929	   1047.4458
    510.3039	    398.0484
    510.3148	      0.0000
    510.3257	      0.0000
    510.3367	      0.0000
    510.3476	      0.0000
    526.5132	      0.0000
    526.5246	      0.0000
    526.5361	      0.0000
    526.5475	      0.0000
    526.5590	    770.1613
    526.5705	   1311.5912
    526.5819	   1567.8527
    526.5934	   1350.8678
    526.6048	    792.2340
    526.6163	      0.0000
    526.6278	      0.0000
    526.6392	      0.0000
    526.6507	      0.0000
    528.4321	      0.0000
    528.4436	      0.0000
    528.4552	      0.0000
    528.4667	      0.0000
    528.4782	    487.7690
    528.4897	   1111.4368
    528.5013	   1595.8141
    528.5128	   1553.4453
    528.5243	   1038.6267
    528.5358	      0.0000
    528.5474	      0.0000
    528.5589	      0.0000
    528.5704	      0.0000
    541.1353	      0.0000
    541.1472	      0.0000
    541.1591	      0.0000
    541.1711	      0.0000
    541.1830	    426.5132
    541.1950	   1069.6044
    541.2069	   3568.3567
    541.2189	   6308.3921
    541.2308	   8335.1113
    541.2427	   6496.8613
    541.2547	   3646.4285
    541.2666	    955.4465
    541.2786	      0.0000
    541.2905	      0.0000
    541.3025	      0.0000
    541.3144	      0.0000
    541.4817	      0.0000
    541.4936	      0.0000
    541.5056	      0.0000
    541.5175	      0.0000
    541.5295	    485.7872
    541.5415	   1465.4619
    541.5534	   2728.9353
    541.5654	   5362.4663
    541.5773	   4650.4395
    541.5893	   2263.5283
    541.6012	   1112.9757
    541.6132	    419.8195
    541.6251	      0.0000
    541.6371	      0.0000
    541.6491	      0.0000
    541.6610	      0.0000
    541.8165	      0.0000
    541.8285	      0.0000
    541.8404	      0.0000
    541.8524	      0.0000
    541.8643	    503.2099
    541.8763	   1368.6309
    541.8883	   2403.0623
    541.9002	   2998.4763
    541.9122	   2755.7483
    541.9242	   1851.2899
    541.9361	    858.2315
    541.9481	      0.0000
    541.9601	      0.0000
    541.9720	      0.0000
    541.9840	      0.0000
    549.1882	      0.0000
    549.2004	      0.0000
    549.2126	      0.0000
    549.2248	      0.0000
    549.2370	    954.3901
    549.2492	   1614.0726
    549.2614	   1895.8473
    549.2736	   1574.3580
    549.2858	    875.4382
    549.2981	      0.0000
    549.3103	      0.0000
    549.3225	      0.0000
    549.3347	      0.0000
    549.5179	      0.0000
    549.5301	      0.0000
    549.5424	      0.0000
    549.5546	      0.0000
    549.5668	    780.4069
    549.5790	   1873.4376
    549.5912	   2802.0999
    549.6035	   2894.5034
    549.6157	   2115.0854
    549.6279	   1070.5956
    549.6401	    384.8201
    549.6524	      0.0000
    549.6646	      0.0000
    549.6769	      0.0000
    549.6891	      0.0000
    589.1362	      0.0000
    589.1497	      0.0000
    589.1633	      0.0000
    589.1769	      0.0000
    589.1904	    519.1331
    589.2040	   1173.6189
    589.2176	   3816.0002
    589.2311	   6620.5239
    589.2447	   8500.4902
    589.2583	   6478.4023
    589.2718	   3687.8774
    589.2854	   1140.4547
    589.2990	      0.0000
    589.3125	      0.0000
    589.3261	      0.0000
    589.3397	      0.0000
    589.6383	      0.0000
    589.6519	      0.0000
    589.6655	      0.0000
    589.6791	      0.0000
    589.6927	    609.6660
    589.7063	   1439.2257
    589.7198	   4044.7402
    589.7334	   6829.0947
    589.7470	   8180.0884
    589.7606	   6040.4692
    589.7742	   3424.3953
    589.7878	   1061.7583
    589.8014	      0.0000
    589.8149	      0.0000
    589.8285	      0.0000
    589.8421	      0.0000
    590.1684	      0.0000
    590.1820	      0.0000
    590.1956	      0.0000
    590.2092	      0.0000
    590.2228	    652.6885
    590.2364	   1302.5172
    590.2500	   1593.0156
    590.2636	   1299.3235
    590.2772	    669.1440
    590.2908	      0.0000
    590.3044	      0.0000
    590.3180	      0.0000
    590.3316	      0.0000
    595.2049	      0.0000
    595.2187	      0.0000
    595.2325	      0.0000
    595.2462	      0.0000
    595.2600	    936.9552
    595.2738	   1555.1272
    595.2876	   1750.4078
    595.3014	   1362.3016
    595.3151	    675.5449
    595.3289	      0.0000
    595.3427	      0.0000
    595.3565	      0.0000
    595.3703	      0.0000
    608.8081	      0.0000
    608.8223	      0.0000
    608.8366	      0.0000
    608.8508	      0.0000
    608.8651	    466.1918
    608.8793	   1232.1508
    608.8936	   3393.5127
    608.9078	   5797.7676
    608.9221	   7232.3145
    608.9363	   5500.4639
    608.9506	   3122.3828
    608.9649	    756.8801
    608.9791	      0.0000
    608.9934	      0.0000
    609.0076	      0.0000
    609.0219	      0.0000
    609.1502	      0.0000
    609.1645	      0.0000
    609.1787	      0.0000
    609.1930	      0.0000
    609.2073	    444.3202
    609.2215	   1402.9225
    609.2358	   3726.5552
    609.2501	   5819.3135
    609.2643	   5633.6396
    609.2786	   3526.9019
    609.2929	   1188.0425
    609.3071	    325.3406
    609.3214	      0.0000
    609.3357	      0.0000
    609.3499	      0.0000
    609.3642	      0.0000
    614.2156	      0.0000
    614.2301	      0.0000
    614.2445	      0.0000
    614.2589	      0.0000
    614.2734	    820.5438
    614.2878	   1288.5886
    614.3023	   1444.3029
    614.3167	   1223.8798
    614.3311	    778.2299
    614.3456	      0.0000
    614.3601	      0.0000
    614.3745	      0.0000
    614.3889	      0.0000
    647.2260	      0.0000
    647.2417	      0.0000
    647.2573	      0.0000
    647.2729	      0.0000
    647.2885	    505.1217
    647.3041	   1189.9492
    647.3198	   1757.7585
    647.3354	   1805.3435
    647.3510	   1276.7155
    647.3666	    569.1318
    647.3823	      0.0000
    647.3979	      0.0000
    647.4135	      0.0000
    647.4291	      0.0000
    648.7280	      0.0000
    648.7437	      0.0000
    648.7594	      0.0000
    648.7750	      0.0000
    648.7907	    772.8948
    648.8064	   1474.1321
    648.8221	   1887.9214
    648.8377	   1743.3398
    648.8534	   1147.0713
    648.8691	      0.0000
    648.8848	      0.0000
    648.9005	      0.0000
    648.9162	      0.0000
    662.8565	      0.0000
    662.8727	      0.0000
    662.8889	      0.0000
    662.9051	      0.0000
    662.9213	    520.1425
    662.9374	   1305.4707
    662.9536	   2105.1238
    662.9698	   2430.5303
    662.9860	   2057.5981
    663.0022	   1240.8334
    663.0184	    480.0183
    663.0346	      0.0000
    663.0508	      0.0000
    663.0670	      0.0000
    663.0832	      0.0000
    670.1520	      0.0000
    670.1685	      0.0000
    670.1850	      0.0000
    670.2014	      0.0000
    670.2179	    905.5457
    670.2343	   2705.9675
    670.2508	   5128.1338
    670.2672	   6897.9551
    670.2837	   5137.3447
    670.3002	   2697.5627
    670.3166	    513.8149
    670.3331	      0.0000
    670.3495	      0.0000
    670.3660	      0.0000
    670.3825	      0.0000
    670.6625	      0.0000
    670.6789	      0.0000
    670.6954	      0.0000
    670.7119	      0.0000
    670.7284	    868.5197
    670.7448	   1748.4111
    670.7613	   2349.5972
    670.7778	   2210.0967
    670.7943	   1405.4890
    670.8107	    518.4352
    670.8273	      0.0000
    670.8438	      0.0000
    670.8602	      0.0000
    670.8767	      0.0000
    708.2332	      0.0000
    708.2511	      0.0000
    708.2690	      0.0000
    708.2869	      0.0000
    708.3048	    761.8636
    708.3226	   1331.5852
    708.3405	   1587.5513
    708.3584	   1344.8374
    708.3763	    767.4429
    708.3942	      0.0000
    708.4121	      0.0000
    708.4299	      0.0000
    708.4478	      0.0000
    709.6656	      0.0000
    709.6836	      0.0000
    709.7015	      0.0000
    709.7194	      0.0000
    709.7374	    203.5021
    709.7553	   2092.0674
    709.7733	   4796.9399
    709.7912	   7644.6343
    709.8091	   8295.5146
    709.8271	   5888.4258
    709.8450	   3308.6213
    709.8629	   1035.7678
    709.8809	      0.0000
    709.8988	      0.0000
    709.9168	      0.0000
    709.9347	      0.0000
    710.1680	      0.0000
    710.1860	      0.0000
    710.2039	      0.0000
    710.2219	      0.0000
    710.2398	    745.4721
    710.2578	   1430.3979
    710.2757	   2248.7986
    710.2937	   2819.2336
    710.3116	   2782.9976
    710.3296	   2135.3079
    710.3476	   1243.4866
    710.3655	    532.5620
    710.3835	      0.0000
    710.4014	      0.0000
    710.4194	      0.0000
    710.4374	      0.0000
    710.6889	      0.0000
    710.7069	      0.0000
    710.7248	      0.0000
    710.7428	      0.0000
    710.7608	   1087.8352
    710.7788	   2100.2588
    710.7967	   2849.7346
    710.8147	   2856.5225
    710.8327	   2132.1050
    710.8507	   1142.5763
    710.8687	      0.0000
    710.8866	      0.0000
    710.9046	      0.0000
    710.9226	      0.0000
    737.6714	      0.0000
    737.6904	      0.0000
    737.7094	      0.0000
    737.7284	      0.0000
    737.7474	    606.1063
    737.7664	   1416.1770
    737.7854	   2173.5078
    737.8044	   2382.0481
    737.8235	   1872.2548
    737.8425	    974.4040
    737.8615	      0.0000
    737.8805	      0.0000
    737.8995	      0.0000
    737.9186	      0.0000
    749.2269	      0.0000
    749.2464	      0.0000
    749.2658	      0.0000
    749.2853	      0.0000
    749.3047	    407.4939
    749.3242	   1228.3947
    749.3437	   2192.5498
    749.3631	   2646.6658
    749.3826	   2237.3896
    749.4020	   1269.8021
    749.4215	    403.5387
    749.4409	      0.0000
    749.4604	      0.0000
    749.4799	      0.0000
    749.4993	      0.0000
    750.7270	      0.0000
    750.7465	      0.0000
    750.7660	      0.0000
    750.7855	      0.0000
    750.8051	    475.8309
    750.8246	   1455.3083
    750.8441	   2580.6738
    750.8636	   3123.2627
    750.8831	   2659.8467
    750.9026	   1554.7449
    750.9222	    603.0302
    750.9328	      0.0000
    750.9524	      0.0000
    750.9719	      0.0000
    750.9914	      0.0000
    751.1671	      0.0000
    751.1867	      0.0000
    751.2062	      0.0000
    751.2257	      0.0000
    751.2452	    845.8085
    751.2648	   3236.5107
    751.2843	   6138.4077
    751.3038	   9131.2393
    751.3234	   9419.2080
    751.3429	   8184.3813
    751.3624	   5377.7451
    751.3820	   2822.1509
    751.4015	    972.1487
    751.4369	      0.0000
    751.4564	      0.0000
    751.4760	      0.0000
    751.4955	      0.0000
    751.6714	      0.0000
    751.6910	      0.0000
    751.7105	      0.0000
    751.7301	      0.0000
    751.7496	   1009.2137
    751.7692	   3127.3384
    751.7887	   6727.6997
    751.8083	  10654.6064
    751.8278	  12560.0254
    751.8474	   9445.4756
    751.8669	   5472.5615
    751.8865	   1652.5963
    751.9060	     32.8740
    751.9186	      0.0000
    751.9381	      0.0000
    751.9577	      0.0000
    751.9773	      0.0000
    752.1729	      0.0000
    752.1925	      0.0000
    752.2120	      0.0000
    752.2316	      0.0000
    752.2512	    724.8015
    752.2707	   2672.6138
    752.2903	   5130.7842
    752.3099	   7544.7383
    752.3295	   7104.2583
    752.3490	   4498.4155
    752.3686	   2059.5471
    752.3882	    682.0642
    752.4078	      0.0000
    752.4274	      0.0000
    752.4469	      0.0000
    752.4665	      0.0000
    766.2002	      0.0000
    766.2203	      0.0000
    766.2404	      0.0000
    766.2605	      0.0000
    766.2806	    816.1601
    766.3008	   2689.0208
    766.3209	   5091.3433
    766.3410	   7332.5908
    766.3611	   6565.3540
    766.3812	   3957.6223
    766.4014	   1474.7985
    766.4215	    689.6321
    766.4416	      0.0000
    766.4617	      0.0000
    766.4819	      0.0000
    766.5020	      0.0000
    766.7033	      0.0000
    766.7235	      0.0000
    766.7436	      0.0000
    766.7637	      0.0000
    766.7839	    530.3758
    766.8040	   1601.4969
    766.8242	   4249.8042
    766.8443	   6194.3911
    766.8645	   5625.2622
    766.8846	   3407.7839
    766.9047	   1319.0883
    766.9249	    492.8481
    766.9450	      0.0000
    766.9652	      0.0000
    766.9853	      0.0000
    767.0055	      0.0000
    767.2070	      0.0000
    767.2272	      0.0000
    767.2473	      0.0000
    767.2675	      0.0000
    767.2876	    722.2451
    767.3078	   1623.7330
    767.3280	   2623.8582
    767.3481	   3074.2051
    767.3683	   2624.9966
    767.3885	   1571.1434
    767.4086	    574.6014
    767.4288	      0.0000
    767.4489	      0.0000
    767.4691	      0.0000
    767.4893	      0.0000
    767.7314	      0.0000
    767.7515	      0.0000
    767.7717	      0.0000
    767.7919	      0.0000
    767.8121	    671.0799
    767.8323	   1240.7976
    767.8524	   1577.0020
    767.8726	   1449.7087
    767.8928	    950.6028
    767.9130	      0.0000
    767.9332	      0.0000
    767.9534	      0.0000
    767.9736	      0.0000
    793.7158	      0.0000
    793.7371	      0.0000
    793.7583	      0.0000
    793.7795	      0.0000
    793.8007	    932.8776
    793.8219	   1612.3345
    793.8431	   1884.0311
    793.8643	   1528.8928
    793.8856	    803.6059
    793.9068	      0.0000
    793.9280	      0.0000
    793.9492	      0.0000
    793.9704	      0.0000
    803.1962	      0.0000
    803.2178	      0.0000
    803.2394	      0.0000
    803.2610	      0.0000
    803.2826	   1205.3195
    803.3042	   1976.8987
    803.3258	   2304.5876
    803.3474	   1988.4817
    803.3690	   1247.5671
    803.3906	      0.0000
    803.4122	      0.0000
    803.4338	      0.0000
    803.4554	      0.0000
    809.2325	      0.0000
    809.2543	      0.0000
    809.2762	      0.0000
    809.2980	      0.0000
    809.3198	   1040.1921
    809.3417	   1924.6003
    809.3635	   2435.4116
    809.3854	   2279.1914
    809.4072	   1589.1234
    809.4290	    788.5936
    809.4509	      0.0000
    809.4727	      0.0000
    809.4946	      0.0000
    809.5164	      0.0000
    809.7349	      0.0000
    809.7568	      0.0000
    809.7787	      0.0000
    809.8005	      0.0000
    809.8224	    937.9011
    809.8442	   2272.0525
    809.8661	   5717.1685
    809.8880	   6050.7427
    809.9098	   3961.4250
    809.9317	   1814.1113
    809.9535	    605.1390
    809.9915	      0.0000
    810.0133	      0.0000
    810.0352	      0.0000
    810.0571	      0.0000
    810.2102	      0.0000
    810.2320	      0.0000
    810.2539	      0.0000
    810.2758	      0.0000
    810.2977	    451.7574
    810.3195	   2491.9990
    810.3414	   5543.8389
    810.3633	   9175.8857
    810.3852	  12294.4785
    810.4071	  10714.3389
    810.4290	   6441.8804
    810.4508	   2312.8713
    810.4727	      0.0000
    810.4850	      0.0000
    810.5068	      0.0000
    810.5287	      0.0000
    810.5506	      0.0000
    810.7039	      0.0000
    810.7257	      0.0000
    810.7476	      0.0000
    810.7695	      0.0000
    810.7914	   1142.9305
    810.8133	   2422.5417
    810.8352	   6913.4683
    810.8571	  15571.4961
    810.8790	  24984.2891
    810.9009	  27880.5000
    810.9228	  19097.5645
    810.9448	   9761.4375
    810.9667	   2109.5278
    810.9886	      0.0000
    811.0032	      0.0000
    811.0251	      0.0000
    811.0471	      0.0000
    811.0690	      0.0000
    811.1347	      0.0000
    811.1566	      0.0000
    811.1785	      0.0000
    811.2004	      0.0000
    811.2224	      0.0000
    811.2443	   1669.5957
    811.2662	   9617.3594
    811.2881	  30915.3418
    811.3100	  59092.5508
    811.3319	  88063.4297
    811.3539	  87349.3359
    811.3758	  58273.0039
    811.3977	  30469.7266
    811.4196	   9586.8184
    811.4416	    661.7328
    811.4655	      0.0000
    811.4875	      0.0000
    811.5094	      0.0000
    811.5313	      0.0000
    811.6410	      0.0000
    811.6629	      0.0000
    811.6848	      0.0000
    811.7068	      0.0000
    811.7287	    327.2604
    811.7506	   2538.1633
    811.7726	   8979.0088
    811.7945	  25864.1621
    811.8165	  47143.3281
    811.8384	  67843.6484
    811.8603	  63797.3516
    811.8823	  41190.7305
    811.9042	  20074.5215
    811.9262	   5568.3931
    811.9481	      0.0000
    811.9713	      0.0000
    811.9932	      0.0000
    812.0152	      0.0000
    812.0371	      0.0000
    812.1469	      0.0000
    812.1688	      0.0000
    812.1908	      0.0000
    812.2128	      0.0000
    812.2347	    972.4542
    812.2567	   2621.6384
    812.2786	   7478.4346
    812.3006	  19811.7012
    812.3225	  33205.1055
    812.3445	  43604.9961
    812.3665	  35878.7070
    812.3884	  21494.1094
    812.4104	   8212.3301
    812.4324	   1218.9309
    812.4535	      0.0000
    812.4755	      0.0000
    812.4974	      0.0000
    812.5194	      0.0000
    812.6732	      0.0000
    812.6952	      0.0000
    812.7172	      0.0000
    812.7391	      0.0000
    812.7611	    745.4036
    812.7831	   3110.4055
    812.8051	   7939.3882
    812.8271	  13224.5850
    812.8490	  15966.0186
    812.8710	  11807.5986
    812.8930	   6630.9639
    812.9150	   1939.5001
    812.9370	     31.4957
    812.9620	      0.0000
    812.9840	      0.0000
    813.0060	      0.0000
    813.0280	      0.0000
    813.1819	      0.0000
    813.2039	      0.0000
    813.2259	      0.0000
    813.2479	      0.0000
    813.2699	   1212.7087
    813.2919	   4078.7371
    813.3139	   8776.4385
    813.3359	  13877.6504
    813.3579	  15115.4277
    813.3799	  10354.4775
    813.4019	   5435.2236
    813.4239	   1294.1394
    813.4413	      0.0000
    813.4633	      0.0000
    813.4853	      0.0000
    813.5073	      0.0000
    813.7274	      0.0000
    813.7494	      0.0000
    813.7715	      0.0000
    813.7935	      0.0000
    813.8155	   1108.3082
    813.8375	   1630.7601
    813.8595	   1901.3713
    813.8816	   1807.8383
    813.9036	   1373.7367
    813.9256	    761.3235
    813.9476	      0.0000
    813.9697	      0.0000
    813.9917	      0.0000
    814.0137	      0.0000
    814.2120	      0.0000
    814.2341	      0.0000
    814.2561	      0.0000
    814.2781	      0.0000
    814.3002	    489.1467
    814.3222	   1398.0208
    814.3443	   2551.8999
    814.3663	   5173.8506
    814.3883	   4572.8027
    814.4104	   2042.3289
    814.4324	    846.5479
    814.4545	      0.0000
    814.4765	      0.0000
    814.4986	      0.0000
    814.5206	      0.0000
    823.2335	      0.0000
    823.2559	      0.0000
    823.2783	      0.0000
    823.3007	      0.0000
    823.3231	   1018.3602
    823.3455	   2207.9202
    823.3679	   4603.2705
    823.3903	   4596.7998
    823.4127	   2399.3220
    823.4352	   1185.5057
    823.4576	      0.0000
    823.4800	      0.0000
    823.5024	      0.0000
    823.5248	      0.0000
    824.1977	      0.0000
    824.2202	      0.0000
    824.2426	      0.0000
    824.2651	      0.0000
    824.2875	    988.3472
    824.3100	   2019.1376
    824.3324	   2827.9700
    824.3549	   2862.2959
    824.3773	   2061.8152
    824.3998	    965.2237
    824.4222	      0.0000
    824.4447	      0.0000
    824.4671	      0.0000
    824.4896	      0.0000
    832.2235	      0.0000
    832.2463	      0.0000
    832.2691	      0.0000
    832.2918	      0.0000
    832.3146	    990.9608
    832.3374	   2240.1006
    832.3602	   5415.2012
    832.3829	   5654.8193
    832.4057	   3683.7397
    832.4285	   1666.3391
    832.4513	      0.0000
    832.4741	      0.0000
    832.4968	      0.0000
    832.5196	      0.0000
    832.5424	      0.0000
    832.7247	      0.0000
    832.7475	      0.0000
    832.7703	      0.0000
    832.7931	      0.0000
    832.8159	    880.4171
    832.8387	   1416.5609
    832.8615	   1717.2703
    832.8843	   1602.3933
    832.9071	   1084.4797
    832.9299	      0.0000
    832.9527	      0.0000
    832.9755	      0.0000
    832.9984	      0.0000
    839.2129	      0.0000
    839.2360	      0.0000
    839.2590	      0.0000
    839.2821	      0.0000
    839.3052	    563.0739
    839.3282	   1522.6813
    839.3513	   2541.6587
    839.3744	   3015.7156
    839.3974	   2659.1924
    839.4205	   1748.3380
    839.4436	    840.6223
    839.4666	      0.0000
    839.4897	      0.0000
    839.5128	      0.0000
    839.5359	      0.0000
    851.7582	      0.0000
    851.7818	      0.0000
    851.8054	      0.0000
    851.8289	      0.0000
    851.8525	   1111.2008
    851.8761	   2109.6990
    851.8997	   2697.5935
    851.9233	   2456.2478
    851.9469	   1580.3217
    851.9705	    664.1553
    851.9941	      0.0000
    852.0176	      0.0000
    852.0412	      0.0000
    852.0648	      0.0000
    867.7060	      0.0000
    867.7303	      0.0000
    867.7545	      0.0000
    867.7787	      0.0000
    867.8030	    635.7009
    867.8272	   1472.4845
    867.8515	   2336.4785
    867.8757	   2733.1145
    867.9000	   2390.1721
    867.9243	   1505.6224
    867.9485	    602.6465
    867.9728	      0.0000
    867.9970	      0.0000
    868.0213	      0.0000
    868.0455	      0.0000
    868.2154	      0.0000
    868.2396	      0.0000
    868.2639	      0.0000
    868.2882	      0.0000
    868.3124	    657.8268
    868.3367	   2298.0474
    868.3610	   4469.8916
    868.3853	   6441.7271
    868.4095	   5443.3120
    868.4338	   3097.4238
    868.4581	   1054.0737
    868.4824	      0.0000
    868.5066	      0.0000
    868.5309	      0.0000
    868.5552	      0.0000
    877.2392	      0.0000
    877.2638	      0.0000
    877.2885	      0.0000
    877.3131	      0.0000
    877.3378	   1139.1816
    877.3624	   1624.0309
    877.3871	   1777.6628
    877.4117	   1504.0688
    877.4364	    936.9968
    877.4610	      0.0000
    877.4857	      0.0000
    877.5104	      0.0000
    877.5350	      0.0000
    883.2339	      0.0000
    883.2588	      0.0000
    883.2837	      0.0000
    883.3086	      0.0000
    883.3335	    683.8607
    883.3584	   3152.7458
    883.3833	   5787.7554
    883.4082	   7694.6367
    883.4331	   5994.9692
    883.4580	   3440.4712
    883.4829	   1037.4318
    883.5232	      0.0000
    883.5481	      0.0000
    883.5730	      0.0000
    883.5980	      0.0000
    883.7225	      0.0000
    883.7475	      0.0000
    883.7724	      0.0000
    883.7973	      0.0000
    883.8222	    414.2368
    883.8471	   1888.0106
    883.8721	   4839.9829
    883.8970	   8329.3057
    883.9219	  10888.3770
    883.9468	   8511.0586
    883.9718	   4794.5933
    883.9967	   1130.4658
    884.0082	      0.0000
    884.0332	      0.0000
    884.0581	      0.0000
    884.0830	      0.0000
    884.1578	      0.0000
    884.1828	      0.0000
    884.2077	      0.0000
    884.2327	      0.0000
    884.2576	    565.6107
    884.2825	   2289.5212
    884.3075	   7234.1519
    884.3324	  15432.9404
    884.3574	  24183.7402
    884.3823	  26379.2969
    884.4073	  18321.6953
    884.4322	   9800.0859
    884.4572	   2663.7339
    884.4821	      0.0000
    884.5053	      0.0000
    884.5302	      0.0000
    884.5552	      0.0000
    884.5801	      0.0000
    884.6800	      0.0000
    884.7049	      0.0000
    884.7299	      0.0000
    884.7548	      0.0000
    884.7798	    943.2091
    884.8048	   4072.8464
    884.8297	   9629.2998
    884.8547	  15589.0332
    884.8797	  18809.5703
    884.9046	  14670.1523
    884.9296	   8770.4824
    884.9546	   3307.4443
    884.9795	    427.5359
    885.0047	      0.0000
    885.0297	      0.0000
    885.0547	      0.0000
    885.0796	      0.0000
    885.1795	      0.0000
    885.2045	      0.0000
    885.2295	      0.0000
    885.2545	      0.0000
    885.2795	    831.4641
    885.3045	   3427.7385
    885.3294	   7404.0449
    885.3544	  11726.2178
    885.3794	  12472.9990
    885.4044	   8358.7021
    885.4294	   4253.9980
    885.4544	    952.7459
    885.4790	      0.0000
    885.5040	      0.0000
    885.5290	      0.0000
    885.5540	      0.0000
    885.7040	      0.0000
    885.7290	      0.0000
    885.7540	      0.0000
    885.7790	      0.0000
    885.8040	    892.5453
    885.8290	   1968.3562
    885.8540	   4279.3101
    885.8790	   5214.8130
    885.9040	   2744.2847
    885.9290	   1631.6099
    885.9540	    637.0841
    885.9790	      0.0000
    886.0041	      0.0000
    886.0291	      0.0000
    886.0541	      0.0000
    886.2042	      0.0000
    886.2292	      0.0000
    886.2543	      0.0000
    886.2793	      0.0000
    886.3043	    913.9814
    886.3294	   3422.1660
    886.3544	   6129.9375
    886.3794	   8227.5400
    886.4044	   6450.8696
    886.4295	   3635.0183
    886.4545	    993.2458
    886.4836	      0.0000
    886.5087	      0.0000
    886.5337	      0.0000
    886.5587	      0.0000
    892.2194	      0.0000
    892.2447	      0.0000
    892.2700	      0.0000
    892.2952	      0.0000
    892.3205	    652.2878
    892.3458	   2214.5405
    892.3711	   6076.8848
    892.3964	  10349.0801
    892.4217	  12569.3438
    892.4470	   8981.4434
    892.4723	   4672.0156
    892.4975	   1068.6388
    892.5188	      0.0000
    892.5440	      0.0000
    892.5693	      0.0000
    892.5946	      0.0000
    892.7211	      0.0000
    892.7464	      0.0000
    892.7717	      0.0000
    892.7970	      0.0000
    892.8223	    766.2061
    892.8476	   3380.4622
    892.8729	   6183.0532
    892.8983	   8888.8613
    892.9236	   8066.1567
    892.9489	   4855.4263
    892.9742	   1868.6868
    892.9995	    126.3480
    893.0248	      0.0000
    893.0501	      0.0000
    893.0754	      0.0000
    893.1008	      0.0000
    893.2780	      0.0000
    893.3033	      0.0000
    893.3286	      0.0000
    893.3540	      0.0000
    893.3793	   1276.4364
    893.4046	   1945.4990
    893.4300	   1999.9171
    893.4553	   1403.8093
    893.4806	    601.8091
    893.5060	      0.0000
    893.5313	      0.0000
    893.5566	      0.0000
    893.5820	      0.0000
    911.7421	      0.0000
    911.7682	      0.0000
    911.7943	      0.0000
    911.8204	      0.0000
    911.8466	    899.9525
    911.8727	   2980.3105
    911.8988	   5030.6426
    911.9249	   5850.5059
    911.9510	   4058.5210
    911.9772	   2037.4283
    912.0033	    724.1202
    912.0352	      0.0000
    912.0613	      0.0000
    912.0875	      0.0000
    912.1136	      0.0000
    912.2181	      0.0000
    912.2442	      0.0000
    912.2704	      0.0000
    912.2965	      0.0000
    912.3227	    227.1433
    912.3488	   1599.5320
    912.3749	   5721.8452
    912.4011	  10560.6113
    912.4272	  14660.6084
    912.4534	  12187.5449
    912.4795	   7192.3730
    912.5056	   2471.4604
    912.5318	    115.0987
    912.5550	      0.0000
    912.5812	      0.0000
    912.6073	      0.0000
    912.6335	      0.0000
    912.6596	      0.0000
    912.6858	      0.0000
    912.7120	      0.0000
    912.7381	      0.0000
    912.7643	    702.2368
    912.7904	   4040.9106
    912.8166	  12940.2539
    912.8427	  27211.4316
    912.8689	  42592.9609
    912.8951	  47058.4063
    912.9212	  33265.2930
    912.9474	  18368.1309
    912.9736	   5508.8193
    912.9997	    150.8611
    913.0277	      0.0000
    913.0539	      0.0000
    913.0800	      0.0000
    913.1062	      0.0000
    913.1586	      0.0000
    913.1847	      0.0000
    913.2109	      0.0000
    913.2371	      0.0000
    913.2633	   1084.5668
    913.2894	   3732.3003
    913.3156	  10681.5557
    913.3418	  23174.3047
    913.3680	  36736.9258
    913.3942	  41510.0742
    913.4204	  29435.4336
    913.4465	  16055.1367
    913.4727	   4421.1138
    913.4989	      0.0000
    913.5198	      0.0000
    913.5460	      0.0000
    913.5722	      0.0000
    913.5984	      0.0000
    913.6508	      0.0000
    913.6770	      0.0000
    913.7032	      0.0000
    913.7294	      0.0000
    913.7556	    197.8406
    913.7818	   1666.4323
    913.8080	   5747.9561
    913.8342	  13378.3730
    913.8604	  21637.5215
    913.8866	  25308.4883
    913.9128	  18630.0879
    913.9390	  10653.0078
    913.9652	   3453.6318
    913.9914	    217.7676
    914.0208	      0.0000
    914.0470	      0.0000
    914.0732	      0.0000
    914.0994	      0.0000
    914.1781	      0.0000
    914.2043	      0.0000
    914.2305	      0.0000
    914.2567	      0.0000
    914.2829	    615.4329
    914.3092	   2281.2915
    914.3354	   5554.5806
    914.3616	   9162.9395
    914.3878	  10954.3584
    914.4141	   8041.7280
    914.4403	   4459.7612
    914.4665	   1199.5200
    914.4937	      0.0000
    914.5199	      0.0000
    914.5462	      0.0000
    914.5724	      0.0000
    914.7036	      0.0000
    914.7298	      0.0000
    914.7561	      0.0000
    914.7823	      0.0000
    914.8086	   1150.9717
    914.8348	   3945.7109
    914.8611	   7148.6479
    914.8873	   9860.9805
    914.9136	   8273.9727
    914.9398	   4837.4585
    914.9661	   1672.5981
    914.9923	     25.3052
    915.0151	      0.0000
    915.0413	      0.0000
    915.0676	      0.0000
    915.0938	      0.0000
    930.1923	      0.0000
    930.2192	      0.0000
    930.2462	      0.0000
    930.2731	      0.0000
    930.3000	    555.5402
    930.3269	   1538.2147
    930.3538	   2449.1719
    930.3807	   2649.3362
    930.4077	   2008.6902
    930.4346	   1037.4447
    930.4615	      0.0000
    930.4884	      0.0000
    930.5153	      0.0000
    930.5423	      0.0000
    932.7541	      0.0000
    932.7811	      0.0000
    932.8081	      0.0000
    932.8351	      0.0000
    932.8622	    667.2197
    932.8892	   1497.5513
    932.9162	   2063.8848
    932.9432	   1931.4404
    932.9703	   1201.2294
    932.9973	      0.0000
    933.0243	      0.0000
    933.0514	      0.0000
    933.0784	      0.0000
    933.7546	      0.0000
    933.7817	      0.0000
    933.8088	      0.0000
    933.8358	      0.0000
    933.8629	    758.5991
    933.8900	   1391.2853
    933.9171	   1718.6542
    933.9441	   1508.5951
    933.9712	    913.9824
    933.9983	      0.0000
    934.0254	      0.0000
    934.0525	      0.0000
    934.0796	      0.0000
    965.2480	      0.0000
    965.2765	      0.0000
    965.3049	      0.0000
    965.3334	      0.0000
    965.3618	   1178.7828
    965.3903	   2266.9900
    965.4187	   3038.8821
    965.4472	   2950.7292
    965.4756	   2067.3789
    965.5041	    990.7172
    965.5325	      0.0000
    965.5610	      0.0000
    965.5894	      0.0000
    965.6179	      0.0000
    965.7602	      0.0000
    965.7887	      0.0000
    965.8172	      0.0000
    965.8456	      0.0000
    965.8741	    536.8768
    965.9026	   1337.2188
    965.9311	   1798.1364
    965.9595	   1543.6527
    965.9880	    800.5059
    966.0165	      0.0000
    966.0450	      0.0000
    966.0735	      0.0000
    966.1019	      0.0000
    966.2444	      0.0000
    966.2729	      0.0000
    966.3014	      0.0000
    966.3298	      0.0000
    966.3583	   1105.0913
    966.3868	   2023.5427
    966.4153	   2730.3811
    966.4438	   2763.3147
    966.4723	   2053.5073
    966.5008	   1051.4393
    966.5293	      0.0000
    966.5578	      0.0000
    966.5863	      0.0000
    966.6148	      0.0000
    974.1846	      0.0000
    974.2134	      0.0000
    974.2422	      0.0000
    974.2711	      0.0000
    974.2999	    720.7264
    974.3288	   1767.6041
    974.3576	   4196.6694
    974.3865	   5428.8594
    974.4153	   4217.2842
    974.4442	   1979.1788
    974.4730	    852.3629
    974.5019	      0.0000
    974.5308	      0.0000
    974.5596	      0.0000
    974.5885	      0.0000
    984.7097	      0.0000
    984.7390	      0.0000
    984.7683	      0.0000
    984.7976	      0.0000
    984.8269	    689.7708
    984.8562	   2146.1040
    984.8855	   4500.9653
    984.9149	   6985.7993
    984.9442	   7326.1055
    984.9735	   4959.4976
    985.0028	   2543.1353
    985.0321	    849.0267
    985.0802	      0.0000
    985.1095	      0.0000
    985.1388	      0.0000
    985.1682	      0.0000
    985.2268	      0.0000
    985.2562	      0.0000
    985.2855	      0.0000
    985.3148	      0.0000
    985.3442	    362.4697
    985.3735	   1828.9435
    985.4029	   4484.3364
    985.4322	   7438.0273
    985.4615	   9192.9766
    985.4909	   6809.9888
    985.5202	   3648.5920
    985.5496	    543.6125
    985.5679	      0.0000
    985.5973	      0.0000
    985.6266	      0.0000
    985.6560	      0.0000
    985.6853	      0.0000
    985.7147	      0.0000
    985.7440	      0.0000
    985.7734	      0.0000
    985.8027	    919.4637
    985.8321	   2971.5200
    985.8615	   7716.2114
    985.8908	  12832.0898
    985.9202	  15940.8594
    985.9496	  12121.8447
    985.9789	   6921.1421
    986.0083	   1876.0442
    986.0377	      0.0000
    986.0648	      0.0000
    986.0942	      0.0000
    986.1235	      0.0000
    986.1529	      0.0000
    986.1823	      0.0000
    986.2117	      0.0000
    986.2410	      0.0000
    986.2704	      0.0000
    986.2998	    780.4269
    986.3292	   2551.9351
    986.3586	   6966.0684
    986.3880	  11639.5508
    986.4173	  14777.8135
    986.4467	  11383.1396
    986.4761	   6530.4941
    986.5055	   1810.4132
    986.5349	      0.0000
    986.5661	      0.0000
    986.5955	      0.0000
    986.6249	      0.0000
    986.6543	      0.0000
    986.6837	      0.0000
    986.7131	      0.0000
    986.7425	      0.0000
    986.7719	      0.0000
    986.8013	    666.9066
    986.8307	   2265.0996
    986.8601	   6191.0786
    986.8895	  10401.6104
    986.9189	  12731.8057
    986.9483	   9190.4941
    986.9777	   4871.8110
    987.0071	    918.5559
    987.0292	      0.0000
    987.0587	      0.0000
    987.0881	      0.0000
    987.1175	      0.0000
    987.2352	      0.0000
    987.2646	      0.0000
    987.2940	      0.0000
    987.3234	      0.0000
    987.3529	   1077.0081
    987.3823	   1744.1810
    987.4117	   1978.2529
    987.4412	   1635.2196
    987.4706	    948.2784
    987.5000	      0.0000
    987.5295	      0.0000
    987.5589	      0.0000
    987.5883	      0.0000
    988.2363	      0.0000
    988.2658	      0.0000
    988.2952	      0.0000
    988.3247	      0.0000
    988.3542	    747.7130
    988.3837	   1500.0787
    988.4131	   1872.7583
    988.4426	   1590.1097
    988.4721	    866.5315
    988.5016	      0.0000
    988.5311	      0.0000
    988.5605	      0.0000
    988.5900	      0.0000
    992.2561	      0.0000
    992.2858	      0.0000
    992.3154	      0.0000
    992.3451	      0.0000
    992.3747	    562.8607
    992.4044	   1451.0344
    992.4340	   2184.1289
    992.4637	   2265.2749
    992.4933	   1664.4603
    992.5230	    830.7731
    992.5527	      0.0000
    992.5823	      0.0000
    992.6120	      0.0000
    992.6417	      0.0000
    992.7307	      0.0000
    992.7603	      0.0000
    992.7900	      0.0000
    992.8197	      0.0000
    992.8493	    565.6577
    992.8790	   1589.7845
    992.9087	   2708.5093
    992.9384	   3170.7825
    992.9680	   2617.9102
    992.9977	   1466.7347
    993.0356	      0.0000
    993.0653	      0.0000
    993.0950	      0.0000
    993.1247	      0.0000
    993.2434	      0.0000
    993.2731	      0.0000
    993.3028	      0.0000
    993.3325	      0.0000
    993.3622	   1262.0175
    993.3919	   4456.2983
    993.4216	   8745.5547
    993.4513	  12946.8955
    993.4810	  11808.8604
    993.5107	   7145.4644
    993.5404	   2722.8552
    993.5701	    228.7464
    993.5987	      0.0000
    993.6284	      0.0000
    993.6581	      0.0000
    993.6878	      0.0000
    993.7175	      0.0000
    993.7473	      0.0000
    993.7770	      0.0000
    993.8067	   2841.8042
    993.8364	   9407.8164
    993.8661	  21560.3633
    993.8958	  34590.0703
    993.9256	  41337.1836
    993.9553	  31579.1484
    993.9850	  18607.8105
    994.0147	   6129.4277
    994.0445	     95.7849
    994.0736	      0.0000
    994.1033	      0.0000
    994.1330	      0.0000
    994.1628	      0.0000
    994.1925	      0.0000
    994.2222	      0.0000
    994.2520	      0.0000
    994.2817	   1364.6354
    994.3114	   4722.6616
    994.3412	  13625.3770
    994.3709	  27749.8730
    994.4007	  42817.3203
    994.4304	  46535.1719
    994.4601	  32389.9492
    994.4899	  17449.0254
    994.5196	   4523.7104
    994.5494	      0.0000
    994.5774	      0.0000
    994.6071	      0.0000
    994.6369	      0.0000
    994.6666	      0.0000
    994.6964	      0.0000
    994.7261	      0.0000
    994.7559	      0.0000
    994.7857	   1091.8047
    994.8154	   3561.3101
    994.8452	  10440.8779
    994.8749	  19504.6953
    994.9047	  28603.0391
    994.9345	  27511.8203
    994.9642	  17663.7949
    994.9940	   8413.0898
    995.0238	   1918.1970
    995.0536	      0.0000
    995.0807	      0.0000
    995.1105	      0.0000
    995.1403	      0.0000
    995.1701	      0.0000
    995.1998	      0.0000
    995.2296	      0.0000
    995.2594	      0.0000
    995.2892	    618.6949
    995.3190	   1488.9093
    995.3487	   4473.8545
    995.3785	   7802.8374
    995.4083	  10827.2412
    995.4381	  10068.0674
    995.4679	   6537.0498
    995.4977	   3106.0879
    995.5275	    552.9467
    995.5608	      0.0000
    995.5906	      0.0000
    995.6204	      0.0000
    995.6502	      0.0000
    995.7098	      0.0000
    995.7396	      0.0000
    995.7694	      0.0000
    995.7992	      0.0000
    995.8290	   1265.2283
    995.8589	   3965.4653
    995.8887	   7009.2788
    995.9185	   9304.7402
    995.9483	   7236.7954
    995.9781	   4035.1199
    996.0079	    978.2342
    996.0321	      0.0000
    996.0619	      0.0000
    996.0918	      0.0000
    996.1216	      0.0000
    996.2409	      0.0000
    996.2707	      0.0000
    996.3005	      0.0000
    996.3304	      0.0000
    996.3602	   1308.3414
    996.3900	   2382.1453
    996.4198	   3058.1067
    996.4497	   2893.3396
    996.4795	   2005.2914
    996.5094	    964.3802
    996.5392	      0.0000
    996.5690	      0.0000
    996.5989	      0.0000
    996.6287	      0.0000
    996.7481	      0.0000
    996.7780	      0.0000
    996.8078	      0.0000
    996.8377	      0.0000
    996.8675	    887.2358
    996.8974	   1481.0652
    996.9272	   1838.8032
    996.9571	   1740.2949
    996.9869	   1226.4668
    997.0168	      0.0000
    997.0467	      0.0000
    997.0766	      0.0000
    997.1064	      0.0000
   1022.2405	      0.0000
   1022.2715	      0.0000
   1022.3025	      0.0000
   1022.3335	      0.0000
   1022.3645	   1019.6954
   1022.3955	   1749.9224
   1022.4265	   2133.8232
   1022.4575	   1924.9792
   1022.4886	   1277.0417
   1022.5196	      0.0000
   1022.5506	      0.0000
   1022.5816	      0.0000
   1022.6127	      0.0000
   1058.7490	      0.0000
   1058.7817	      0.0000
   1058.8143	      0.0000
   1058.8470	      0.0000
   1058.8797	    864.6059
   1058.9124	   1644.9332
   1058.9451	   2190.4880
   1058.9778	   2119.2034
   1059.0104	   1465.9867
   1059.0431	      0.0000
   1059.0758	      0.0000
   1059.1085	      0.0000
   1059.1412	      0.0000
   1059.2393	      0.0000
   1059.2720	      0.0000
   1059.3047	      0.0000
   1059.3374	      0.0000
   1059.3701	    904.9656
   1059.4028	   1709.3379
   1059.4355	   2415.7695
   1059.4682	   2619.4316
   1059.5009	   2153.8635
   1059.5337	   1288.7638
   1059.5773	      0.0000
   1059.6100	      0.0000
   1059.6427	      0.0000
   1059.6755	      0.0000
   1059.7082	      0.0000
   1059.7409	      0.0000
   1059.7736	      0.0000
   1059.8064	    616.6187
   1059.8391	   1535.4117
   1059.8718	   4277.8115
   1059.9045	   7196.3120
   1059.9373	   9790.6016
   1059.9700	   8433.7383
   1060.0027	   4989.0820
   1060.0355	   1837.0703
   1060.0682	      0.0000
   1060.0989	      0.0000
   1060.1316	      0.0000
   1060.1644	      0.0000
   1060.1971	      0.0000
   1060.2298	      0.0000
   1060.2626	      0.0000
   1060.2953	      0.0000
   1060.3281	    978.2310
   1060.3608	   2980.2593
   1060.3936	   6119.1582
   1060.4263	   9498.1152
   1060.4591	  10240.7061
   1060.4919	   6900.0352
   1060.5246	   3502.1726
   1060.5574	    636.3212
   1060.5813	      0.0000
   1060.6140	      0.0000
   1060.6468	      0.0000
   1060.6796	      0.0000
   1060.7123	      0.0000
   1060.7451	      0.0000
   1060.7779	      0.0000
   1060.8106	      0.0000
   1060.8434	    696.6205
   1060.8762	   1592.3264
   1060.9090	   2359.0789
   1060.9417	   2452.0220
   1060.9745	   1797.4451
   1061.0073	    862.3336
   1061.0401	      0.0000
   1061.0729	      0.0000
   1061.1057	      0.0000
   1061.1385	      0.0000
   1065.7437	      0.0000
   1065.7767	      0.0000
   1065.8097	      0.0000
   1065.8427	      0.0000
   1065.8757	    747.4213
   1065.9087	   1692.9810
   1065.9417	   2488.4702
   1065.9748	   2613.6182
   1066.0078	   1981.3652
   1066.0408	   1037.8755
   1066.0897	      0.0000
   1066.1227	      0.0000
   1066.1557	      0.0000
   1066.1887	      0.0000
   1066.2217	      0.0000
   1066.2548	      0.0000
   1066.2878	      0.0000
   1066.3208	      0.0000
   1066.3538	    605.0416
   1066.3869	   2007.0005
   1066.4199	   5062.2363
   1066.4529	   8501.3633
   1066.4860	  10355.4922
   1066.5190	   7550.4526
   1066.5520	   4069.6516
   1066.5851	    658.1500
   1066.6130	      0.0000
   1066.6461	      0.0000
   1066.6791	      0.0000
   1066.7121	      0.0000
   1066.7452	      0.0000
   1066.7782	      0.0000
   1066.8113	    701.9903
   1066.8443	   3355.6006
   1066.8774	   9447.3896
   1066.9104	  16904.2891
   1066.9435	  24076.8555
   1066.9766	  22002.8379
   1067.0096	  13728.1992
   1067.0427	   6057.0371
   1067.0757	   1052.4386
   1067.0955	      0.0000
   1067.1286	      0.0000
   1067.1617	      0.0000
   1067.1947	      0.0000
   1067.2278	      0.0000
   1067.2609	      0.0000
   1067.2939	      0.0000
   1067.3270	   1920.7570
   1067.3601	   7008.4990
   1067.3932	  13786.0869
   1067.4262	  21030.6387
   1067.4593	  21390.0117
   1067.4924	  14321.8604
   1067.5255	   7504.8315
   1067.5586	   2126.6218
   1067.5917	      0.0000
   1067.6358	      0.0000
   1067.6688	      0.0000
   1067.7019	      0.0000
   1067.7350	      0.0000
   1067.7681	      0.0000
   1067.8012	      0.0000
   1067.8343	   1338.3861
   1067.8674	   4686.1470
   1067.9005	   9412.3799
   1067.9336	  14462.5967
   1067.9667	  15048.7139
   1067.9998	   9925.4160
   1068.0329	   4883.7710
   1068.0660	    759.0886
   1068.0907	      0.0000
   1068.1238	      0.0000
   1068.1569	      0.0000
   1068.1900	      0.0000
   1068.2231	      0.0000
   1068.2562	      0.0000
   1068.2894	      0.0000
   1068.3225	    535.7336
   1068.3556	   1611.8253
   1068.3887	   4738.9409
   1068.4219	   7054.8823
   1068.4550	   7166.3672
   1068.4881	   4588.2236
   1068.5212	   2076.0916
   1068.5544	    832.0544
   1068.5875	      0.0000
   1068.6206	      0.0000
   1068.6538	      0.0000
   1068.6869	      0.0000
   1073.7418	      0.0000
   1073.7752	      0.0000
   1073.8085	      0.0000
   1073.8419	      0.0000
   1073.8753	   1152.7690
   1073.9087	   2243.4817
   1073.9421	   4909.2480
   1073.9754	   5377.6484
   1074.0088	   3753.2461
   1074.0422	   1671.3966
   1074.0756	    721.5157
   1074.1260	      0.0000
   1074.1594	      0.0000
   1074.1928	      0.0000
   1074.2262	      0.0000
   1074.2596	      0.0000
   1074.2930	      0.0000
   1074.3264	      0.0000
   1074.3598	    677.2995
   1074.3932	   2313.6438
   1074.4266	   5603.7354
   1074.4600	   9243.7041
   1074.4934	  10778.5146
   1074.5268	   7582.1157
   1074.5602	   3967.4766
   1074.5936	    448.8929
   1074.6210	      0.0000
   1074.6544	      0.0000
   1074.6878	      0.0000
   1074.7212	      0.0000
   1074.7547	      0.0000
   1074.7881	    209.6792
   1074.8215	   2029.8113
   1074.8549	   6610.9902
   1074.8883	  15752.7715
   1074.9218	  25574.6953
   1074.9552	  31633.4727
   1074.9886	  24369.6582
   1075.0221	  14014.7354
   1075.0555	   4163.0601
   1075.0889	      0.0000
   1075.1238	      0.0000
   1075.1573	      0.0000
   1075.1907	      0.0000
   1075.2242	      0.0000
   1075.2576	      0.0000
   1075.2910	     71.4563
   1075.3245	   2653.1301
   1075.3579	   7219.5195
   1075.3914	  16431.6504
   1075.4248	  26528.6230
   1075.4583	  32685.1699
   1075.4917	  25028.9434
   1075.5252	  14434.3828
   1075.5587	   4303.9019
   1075.5921	      0.0000
   1075.6204	      0.0000
   1075.6539	      0.0000
   1075.6874	      0.0000
   1075.7208	      0.0000
   1075.7543	      0.0000
   1075.7878	      0.0000
   1075.8212	   1829.4780
   1075.8547	   5583.1250
   1075.8882	  12491.4219
   1075.9216	  20007.4219
   1075.9551	  23620.4570
   1075.9886	  17194.7129
   1076.0221	   9507.6221
   1076.0556	   2532.5747
   1076.0890	      0.0000
   1076.1161	      0.0000
   1076.1496	      0.0000
   1076.1831	      0.0000
   1076.2166	      0.0000
   1076.2501	      0.0000
   1076.2836	      0.0000
   1076.3170	    940.1087
   1076.3505	   3248.3188
   1076.3840	   6384.5825
   1076.4175	   9689.3252
   1076.4510	   9731.7510
   1076.4845	   6227.7681
   1076.5180	   2867.6492
   1076.5515	    414.5296
   1076.5842	      0.0000
   1076.6177	      0.0000
   1076.6512	      0.0000
   1076.6847	      0.0000
   1076.7182	      0.0000
   1076.7517	      0.0000
   1076.7853	      0.0000
   1076.8188	    349.6382
   1076.8523	   2042.4774
   1076.8858	   4496.1182
   1076.9193	   7198.8867
   1076.9529	   7758.6997
   1076.9864	   4954.6094
   1077.0199	   2187.2915
   1077.0534	      0.0000
   1077.0870	      0.0000
   1077.1205	      0.0000
   1077.1540	      0.0000
   1077.1876	      0.0000
   1077.2211	      0.0000
   1077.2546	      0.0000
   1077.2882	      0.0000
   1077.3217	      0.0000
   1077.3552	    643.8459
   1077.3888	   1551.2096
   1077.4223	   2372.0237
   1077.4559	   2584.9058
   1077.4894	   2075.6182
   1077.5230	   1222.9810
   1077.5565	      0.0000
   1077.5901	      0.0000
   1077.6237	      0.0000
   1077.6572	      0.0000
   1096.2497	      0.0000
   1096.2841	      0.0000
   1096.3186	      0.0000
   1096.3530	      0.0000
   1096.3874	   1338.8158
   1096.4219	   1963.8956
   1096.4563	   2082.6331
   1096.4907	   1581.9645
   1096.5252	    797.4189
   1096.5597	      0.0000
   1096.5941	      0.0000
   1096.6285	      0.0000
   1096.6630	      0.0000
   1132.7350	      0.0000
   1132.7711	      0.0000
   1132.8073	      0.0000
   1132.8435	      0.0000
   1132.8796	    773.1399
   1132.9158	   1688.3776
   1132.9520	   2593.7617
   1132.9881	   2984.8232
   1133.0243	   2592.3489
   1133.0605	   1649.4263
   1133.0967	    712.7066
   1133.1328	      0.0000
   1133.1690	      0.0000
   1133.2052	      0.0000
   1133.2414	      0.0000
   1133.2776	      0.0000
   1133.3138	      0.0000
   1133.3500	    681.0001
   1133.3862	   1814.1621
   1133.4223	   3872.2356
   1133.4585	   5948.9297
   1133.4947	   6094.5913
   1133.5309	   4137.9497
   1133.5671	   1632.9668
   1133.6033	    613.9654
   1133.6395	      0.0000
   1133.6757	      0.0000
   1133.7120	      0.0000
   1133.7482	      0.0000
   1133.7844	      0.0000
   1133.8206	      0.0000
   1133.8568	      0.0000
   1133.8930	    902.1768
   1133.9292	   1542.9088
   1133.9655	   1854.1432
   1134.0017	   1602.5789
   1134.0379	    943.0714
   1134.0741	      0.0000
   1134.1104	      0.0000
   1134.1466	      0.0000
   1134.1828	      0.0000
   1140.2577	      0.0000
   1140.2942	      0.0000
   1140.3307	      0.0000
   1140.3672	      0.0000
   1140.4038	   1130.1716
   1140.4403	   2283.0947
   1140.4768	   4409.0737
   1140.5134	   4801.2285
   1140.5499	   2599.9097
   1140.5864	   1463.4240
   1140.6388	      0.0000
   1140.6754	      0.0000
   1140.7119	      0.0000
   1140.7485	      0.0000
   1140.7850	      0.0000
   1140.8215	      0.0000
   1140.8581	   1073.6108
   1140.8947	   4088.2034
   1140.9312	   6990.8496
   1140.9678	   9288.8330
   1141.0043	   7780.4028
   1141.0409	   4559.3574
   1141.0774	   1502.3385
   1141.1140	      0.0000
   1141.1347	      0.0000
   1141.1713	      0.0000
   1141.2078	      0.0000
   1141.2444	      0.0000
   1141.2810	      0.0000
   1141.3175	      0.0000
   1141.3541	   1217.4358
   1141.3907	   4040.2117
   1141.4273	   6863.0195
   1141.4639	   8934.1504
   1141.5004	   7250.3550
   1141.5370	   4200.6270
   1141.5736	   1091.6992
   1141.6102	      0.0000
   1141.6468	      0.0000
   1141.6834	      0.0000
   1141.7200	      0.0000
   1141.7566	      0.0000
   1141.7931	      0.0000
   1141.8297	      0.0000
   1141.8663	   1068.4032
   1141.9029	   2201.7859
   1141.9395	   3074.5454
   1141.9762	   3088.8938
   1142.0128	   2236.7944
   1142.0494	   1122.7025
   1142.0860	      0.0000
   1142.1226	      0.0000
   1142.1592	      0.0000
   1142.1958	      0.0000
   1142.7452	      0.0000
   1142.7819	      0.0000
   1142.8185	      0.0000
   1142.8552	      0.0000
   1142.8918	   1432.4269
   1142.9285	   2044.9230
   1142.9651	   2197.0474
   1143.0018	   1737.4058
   1143.0384	    946.7699
   1143.0751	      0.0000
   1143.1118	      0.0000
   1143.1484	      0.0000
   1143.1851	      0.0000
   1147.2656	      0.0000
   1147.3024	      0.0000
   1147.3393	      0.0000
   1147.3762	      0.0000
   1147.4130	   1235.9552
   1147.4499	   1979.5614
   1147.4868	   2273.6831
   1147.5236	   1921.7892
   1147.5605	   1181.4897
   1147.6234	      0.0000
   1147.6603	      0.0000
   1147.6971	      0.0000
   1147.7340	      0.0000
   1147.7709	      0.0000
   1147.8078	      0.0000
   1147.8447	      0.0000
   1147.8816	   1019.8857
   1147.9184	   3774.1521
   1147.9553	   6683.7222
   1147.9922	   9304.0449
   1148.0291	   8346.5205
   1148.0660	   5012.1787
   1148.1029	   1823.0992
   1148.1398	      0.0000
   1148.1671	      0.0000
   1148.2040	      0.0000
   1148.2409	      0.0000
   1148.2779	      0.0000
   1148.3148	      0.0000
   1148.3517	    501.7160
   1148.3886	   1987.3546
   1148.4255	   4905.2222
   1148.4624	   8020.4414
   1148.4993	   9679.4951
   1148.5363	   7149.2310
   1148.5732	   3931.7808
   1148.6101	    716.0765
   1148.6306	      0.0000
   1148.6675	      0.0000
   1148.7044	      0.0000
   1148.7414	      0.0000
   1148.7783	      0.0000
   1148.8152	      0.0000
   1148.8522	    557.1138
   1148.8891	   2618.8706
   1148.9260	   5499.2090
   1148.9630	   8418.4170
   1148.9999	   8817.2471
   1149.0369	   5865.9653
   1149.0738	   2801.4087
   1149.1108	    353.6375
   1149.1477	      0.0000
   1149.1847	      0.0000
   1149.2216	      0.0000
   1149.2586	      0.0000
   1149.2955	      0.0000
   1149.3325	      0.0000
   1149.3694	    931.2571
   1149.4064	   1872.2863
   1149.4434	   2678.3289
   1149.4803	   2890.4561
   1149.5173	   2383.5388
   1149.5543	   1480.6989
   1149.5912	    671.4366
   1149.6282	      0.0000
   1149.6652	      0.0000
   1149.7022	      0.0000
   1149.7391	      0.0000
   1149.7761	      0.0000
   1149.8131	      0.0000
   1149.8501	      0.0000
   1149.8871	    555.7999
   1149.9241	   1481.9091
   1149.9611	   2318.0605
   1149.9980	   2488.1106
   1150.0350	   1876.0974
   1150.0720	    943.4488
   1150.1090	      0.0000
   1150.1460	      0.0000
   1150.1830	      0.0000
   1150.2200	      0.0000
   1155.3061	      0.0000
   1155.3434	      0.0000
   1155.3806	      0.0000
   1155.4179	      0.0000
   1155.4551	   1089.3466
   1155.4924	   1804.0416
   1155.5296	   1971.9203
   1155.5669	   1495.6570
   1155.6041	    747.5770
   1155.6414	      0.0000
   1155.6787	      0.0000
   1155.7159	      0.0000
   1155.7532	      0.0000
   1155.7905	      0.0000
   1155.8278	      0.0000
   1155.8650	   1283.6365
   1155.9023	   3555.9556
   1155.9396	   5993.5293
   1155.9769	   7240.9438
   1156.0141	   5457.5630
   1156.0514	   3086.5728
   1156.0887	   1091.5966
   1156.1260	      0.0000
   1156.1633	      0.0000
   1156.2006	      0.0000
   1156.2379	      0.0000
   1156.2752	      0.0000
   1156.3125	      0.0000
   1156.3498	    940.0671
   1156.3870	   2764.0381
   1156.4244	   5077.2217
   1156.4617	   7063.5430
   1156.4990	   6162.8218
   1156.5363	   3698.5632
   1156.5736	   1311.2177
   1156.6109	      0.0000
   1156.6482	      0.0000
   1156.6855	      0.0000
   1156.7228	      0.0000
   1156.7601	      0.0000
   1156.7975	      0.0000
   1156.8348	   1014.8300
   1156.8721	   3022.2637
   1156.9094	   5375.1646
   1156.9468	   7219.9497
   1156.9841	   5985.7480
   1157.0214	   3487.6838
   1157.0587	   1102.9406
   1157.0961	      0.0000
   1157.1334	      0.0000
   1157.1708	      0.0000
   1157.2081	      0.0000
   1177.2549	      0.0000
   1177.2932	      0.0000
   1177.3315	      0.0000
   1177.3699	      0.0000
   1177.4082	   1111.4011
   1177.4465	   1893.7646
   1177.4848	   2172.0571
   1177.5232	   1738.9048
   1177.5615	    940.7398
   1177.5989	      0.0000
   1177.6372	      0.0000
   1177.6755	      0.0000
   1177.7139	      0.0000
   1586.6143	      0.0000
   1586.6743	      0.0000
   1586.7342	      0.0000
   1586.7942	      0.0000
   1586.8541	   1063.7454
   1586.9141	   1727.4355
   1586.9741	   1944.6160
   1587.0340	   1553.6941
   1587.0940	    826.9893
   1587.1540	      0.0000
   1587.2139	      0.0000
   1587.2739	      0.0000
   1587.3339	      0.0000
   1608.2336	      0.0000
   1608.2948	      0.0000
   1608.3559	      0.0000
   1608.4171	      0.0000
   1608.4783	   1056.9600
   1608.5395	   1705.1848
   1608.6007	   2040.9609
   1608.6619	   1848.2352
   1608.7231	   1232.4846
   1608.7843	      0.0000
   1608.8455	      0.0000
   1608.9067	      0.0000
   1608.9679	      0.0000
   1855.0086	      0.0000
   1855.0844	      0.0000
   1855.1601	      0.0000
   1855.2359	      0.0000
   1855.3117	   1265.1097
   1855.3875	   1793.9448
   1855.4633	   1841.0167
   1855.5392	   1379.9562
   1855.6150	    713.5745
   1855.6908	      0.0000
   1855.7666	      0.0000
   1855.8425	      0.0000
   1855.9183	      0.0000
   2697.0320	      0.0000
   2697.1649	      0.0000
   2697.2977	      0.0000
   2697.4306	      0.0000
