# ljz_20131022_MR_Chym1_ELUTE.mzML
#
# index: 2473
# id: controllerType=0 controllerNumber=1 scan=8054
# scanNumber: 8054
# massAnalyzerType: quadrupole
# scanEvent: 2
# msLevel: 2
# retentionTime: 2169.63
# filterString: FTMS + p NSI d Full ms2 616.57@hcd28.00 [100.00-1910.00]
# mzLow: 99.0036
# mzHigh: 1929.56
# basePeakMZ: 138.055
# basePeakIntensity: 71588.3
# totalIonCurrent: 1.24597e+006
# precursorCount: 1
# precursor 0: 616.234 1.62778e+006
# binary (2277): 
     99.0036	      0.0000
     99.0045	      0.0000
     99.0055	      0.0000
     99.0064	      0.0000
    101.0002	      0.0000
    101.0012	      0.0000
    101.0022	      0.0000
    101.0031	      0.0000
    101.0041	    513.1475
    101.0050	    999.0388
    101.0060	   1257.9958
    101.0070	   1096.0111
    101.0079	    628.8864
    101.0089	      0.0000
    101.0099	      0.0000
    101.0108	      0.0000
    101.0118	      0.0000
    101.0648	      0.0000
    101.0657	      0.0000
    101.0667	      0.0000
    101.0677	      0.0000
    101.0686	    802.7918
    101.0696	   2650.1680
    101.0705	   4566.6089
    101.0715	   5883.6460
    101.0725	   4490.2056
    101.0734	   2468.5942
    101.0744	   1014.5063
    101.0754	    422.4552
    101.0762	      0.0000
    101.0772	      0.0000
    101.0782	      0.0000
    101.0791	      0.0000
    109.0208	      0.0000
    109.0219	      0.0000
    109.0230	      0.0000
    109.0240	      0.0000
    109.0251	    593.8740
    109.0262	   2814.4893
    109.0273	   6056.5610
    109.0284	   9551.9424
    109.0294	   9609.3672
    109.0305	   6147.6147
    109.0316	   2897.2126
    109.0327	    644.4027
    109.0338	      0.0000
    109.0349	      0.0000
    109.0359	      0.0000
    109.0370	      0.0000
    110.0648	      0.0000
    110.0659	      0.0000
    110.0670	      0.0000
    110.0681	      0.0000
    110.0692	    549.8199
    110.0703	   1486.1416
    110.0714	   2275.8687
    110.0725	   2330.3550
    110.0736	   1643.9554
    110.0747	    782.5706
    110.0758	      0.0000
    110.0769	      0.0000
    110.0780	      0.0000
    110.0791	      0.0000
    111.0373	      0.0000
    111.0384	      0.0000
    111.0395	      0.0000
    111.0406	      0.0000
    111.0417	    347.5066
    111.0428	    951.5715
    111.0439	   1506.4520
    111.0450	   1610.7579
    111.0461	   1188.5134
    111.0473	    550.7360
    111.0484	      0.0000
    111.0495	      0.0000
    111.0506	      0.0000
    111.0517	      0.0000
    115.0296	      0.0000
    115.0308	      0.0000
    115.0320	      0.0000
    115.0331	      0.0000
    115.0343	    431.1992
    115.0355	   1573.9366
    115.0366	   5944.6709
    115.0378	  12116.3369
    115.0390	  18519.7676
    115.0402	  17886.5449
    115.0413	  11252.3711
    115.0425	   5043.6611
    115.0437	   1132.4121
    115.0448	    167.5742
    115.0459	      0.0000
    115.0470	      0.0000
    115.0482	      0.0000
    115.0494	      0.0000
    120.0741	      0.0000
    120.0754	      0.0000
    120.0766	      0.0000
    120.0779	      0.0000
    120.0791	    665.6025
    120.0804	   1086.9768
    120.0816	   1209.7190
    120.0829	    923.6376
    120.0841	    427.4632
    120.0854	      0.0000
    120.0866	      0.0000
    120.0879	      0.0000
    120.0891	      0.0000
    126.0439	      0.0000
    126.0453	      0.0000
    126.0466	      0.0000
    126.0480	      0.0000
    126.0493	    786.3088
    126.0507	   1765.0773
    126.0520	   6006.3120
    126.0533	  13447.9580
    126.0547	  21480.3535
    126.0560	  23196.3965
    126.0574	  15526.1475
    126.0587	   7825.7847
    126.0601	   1928.3619
    126.0614	    206.8317
    126.0629	      0.0000
    126.0642	      0.0000
    126.0655	      0.0000
    126.0669	      0.0000
    127.0256	      0.0000
    127.0269	      0.0000
    127.0283	      0.0000
    127.0297	      0.0000
    127.0310	    414.4225
    127.0324	   1289.0076
    127.0337	   2526.5591
    127.0351	   7824.5098
    127.0365	  24818.4785
    127.0378	  47170.6250
    127.0392	  69232.0547
    127.0405	  63845.7188
    127.0419	  39707.4883
    127.0432	  17347.4219
    127.0446	   4102.3896
    127.0460	    664.3931
    127.0471	      0.0000
    127.0485	      0.0000
    127.0498	      0.0000
    127.0512	      0.0000
    128.0335	      0.0000
    128.0349	      0.0000
    128.0363	      0.0000
    128.0377	      0.0000
    128.0390	    554.0865
    128.0404	   1385.9673
    128.0418	   2222.5625
    128.0432	   2483.1875
    128.0445	   1973.7686
    128.0459	   1077.8818
    128.0473	    363.7427
    128.0487	      0.0000
    128.0500	      0.0000
    128.0514	      0.0000
    128.0528	      0.0000
    129.0468	      0.0000
    129.0482	      0.0000
    129.0496	      0.0000
    129.0510	      0.0000
    129.0523	    505.1745
    129.0537	    960.3387
    129.0551	   1143.2327
    129.0565	    953.0077
    129.0579	    564.6287
    129.0593	      0.0000
    129.0607	      0.0000
    129.0621	      0.0000
    129.0635	      0.0000
    129.0927	      0.0000
    129.0941	      0.0000
    129.0955	      0.0000
    129.0969	      0.0000
    129.0983	    545.3596
    129.0996	   1505.1421
    129.1010	   3566.8940
    129.1024	   5133.6157
    129.1038	   4228.0151
    129.1052	   2377.2163
    129.1066	    949.6298
    129.1080	    415.0771
    129.1094	      0.0000
    129.1108	      0.0000
    129.1122	      0.0000
    129.1135	      0.0000
    130.0412	      0.0000
    130.0426	      0.0000
    130.0440	      0.0000
    130.0454	      0.0000
    130.0468	    866.4348
    130.0482	   1810.7079
    130.0496	   2640.5327
    130.0510	   2792.3403
    130.0524	   2158.8608
    130.0538	   1198.3813
    130.0552	    458.8382
    130.0566	      0.0000
    130.0580	      0.0000
    130.0594	      0.0000
    130.0608	      0.0000
    132.4441	      0.0000
    132.4456	      0.0000
    132.4470	      0.0000
    132.4484	      0.0000
    132.4499	    594.3423
    132.4513	    976.3116
    132.4528	   1111.9448
    132.4542	    911.3197
    132.4557	    512.8126
    132.4571	      0.0000
    132.4586	      0.0000
    132.4600	      0.0000
    132.4615	      0.0000
    133.0331	      0.0000
    133.0345	      0.0000
    133.0360	      0.0000
    133.0374	      0.0000
    133.0389	    303.6403
    133.0403	   1016.3966
    133.0418	   1941.5901
    133.0432	   2318.6384
    133.0447	   1739.9078
    133.0462	    666.1262
    133.0476	      0.0000
    133.0491	    286.7758
    133.0505	   1021.9378
    133.0520	   1273.1702
    133.0534	    898.8027
    133.0549	    370.1608
    133.0563	      0.0000
    133.0578	      0.0000
    133.0592	      0.0000
    133.0607	      0.0000
    136.0646	      0.0000
    136.0661	      0.0000
    136.0677	      0.0000
    136.0692	      0.0000
    136.0707	    403.6264
    136.0722	   2084.0247
    136.0737	   4585.0562
    136.0752	   7307.0137
    136.0767	   7613.8799
    136.0782	   4979.8262
    136.0797	   2411.3350
    136.0812	    481.4110
    136.0828	      0.0000
    136.0843	      0.0000
    136.0858	      0.0000
    136.0874	      0.0000
    138.0401	      0.0000
    138.0417	      0.0000
    138.0432	      0.0000
    138.0448	      0.0000
    138.0463	    542.5897
    138.0478	   1091.3342
    138.0494	   3491.0466
    138.0509	  11850.2412
    138.0525	  33327.3828
    138.0540	  56480.9766
    138.0555	  71572.1016
    138.0571	  54435.6328
    138.0586	  31369.7715
    138.0601	   9711.4111
    138.0617	   2009.6442
    138.0632	    402.0041
    138.0646	      0.0000
    138.0661	      0.0000
    138.0677	      0.0000
    138.0692	      0.0000
    139.0485	      0.0000
    139.0501	      0.0000
    139.0516	      0.0000
    139.0532	      0.0000
    139.0547	    719.9167
    139.0563	   1476.4480
    139.0578	   2081.9626
    139.0594	   2127.8508
    139.0610	   1576.5306
    139.0625	    812.1846
    139.0641	      0.0000
    139.0657	      0.0000
    139.0672	      0.0000
    139.0688	      0.0000
    143.1075	      0.0000
    143.1091	      0.0000
    143.1107	      0.0000
    143.1124	      0.0000
    143.1140	    381.2827
    143.1156	    957.6975
    143.1172	   1429.9854
    143.1189	   1445.2688
    143.1205	    977.2757
    143.1221	    371.0166
    143.1237	      0.0000
    143.1253	      0.0000
    143.1270	      0.0000
    143.1286	      0.0000
    144.0540	      0.0000
    144.0556	      0.0000
    144.0573	      0.0000
    144.0589	      0.0000
    144.0606	    515.4181
    144.0622	   1307.5706
    144.0638	   2380.4575
    144.0655	   4325.9048
    144.0671	   2818.4624
    144.0688	   1826.2369
    144.0704	    777.3596
    144.0722	      0.0000
    144.0738	      0.0000
    144.0754	      0.0000
    144.0771	      0.0000
    145.0349	      0.0000
    145.0366	      0.0000
    145.0382	      0.0000
    145.0399	      0.0000
    145.0415	    217.4516
    145.0432	    914.2195
    145.0448	   3755.8542
    145.0465	  12051.4688
    145.0482	  21397.7422
    145.0498	  28916.1406
    145.0515	  23393.8086
    145.0531	  13783.9766
    145.0548	   4766.4585
    145.0564	   1122.5258
    145.0581	    327.8137
    145.0596	      0.0000
    145.0612	      0.0000
    145.0629	      0.0000
    145.0646	      0.0000
    147.0638	      0.0000
    147.0655	      0.0000
    147.0672	      0.0000
    147.0689	      0.0000
    147.0706	    345.6296
    147.0723	   2192.6772
    147.0740	   5614.7573
    147.0756	   9369.2178
    147.0773	  10727.3447
    147.0790	   7468.4043
    147.0807	   3970.0022
    147.0824	   1046.2241
    147.0841	     32.1377
    147.0859	      0.0000
    147.0876	      0.0000
    147.0893	      0.0000
    147.0910	      0.0000
    157.0715	      0.0000
    157.0733	      0.0000
    157.0752	      0.0000
    157.0771	      0.0000
    157.0789	    520.5782
    157.0808	   1095.3953
    157.0827	   1578.6046
    157.0845	   1625.3708
    157.0864	   1168.0048
    157.0883	    538.5348
    157.0901	      0.0000
    157.0920	      0.0000
    157.0939	    845.9198
    157.0957	   1286.1060
    157.0976	   1407.4257
    157.0995	   1153.2063
    157.1013	    678.4199
    157.1032	      0.0000
    157.1050	      0.0000
    157.1069	      0.0000
    157.1088	      0.0000
    161.2439	      0.0000
    161.2459	      0.0000
    161.2478	      0.0000
    161.2497	      0.0000
    161.2517	    574.3196
    161.2536	   1096.3085
    161.2556	   1382.8798
    161.2575	   1259.0854
    161.2595	    831.7891
    161.2615	      0.0000
    161.2635	      0.0000
    161.2654	      0.0000
    161.2674	      0.0000
    163.0438	      0.0000
    163.0458	      0.0000
    163.0478	      0.0000
    163.0497	      0.0000
    163.0517	    281.3629
    163.0537	   1384.2142
    163.0557	   5467.3340
    163.0576	  11696.8750
    163.0596	  18407.1680
    163.0616	  18782.7539
    163.0636	  12093.9199
    163.0655	   5775.9492
    163.0675	   1246.0205
    163.0695	      2.0639
    163.0717	      0.0000
    163.0736	      0.0000
    163.0756	      0.0000
    163.0776	      0.0000
    168.0478	      0.0000
    168.0499	      0.0000
    168.0519	      0.0000
    168.0540	      0.0000
    168.0561	    783.6031
    168.0581	   2039.2147
    168.0602	   6763.0981
    168.0623	  17681.8555
    168.0643	  29616.5723
    168.0664	  36018.8164
    168.0685	  26358.7363
    168.0705	  14639.6074
    168.0726	   4147.0415
    168.0747	    751.7466
    168.0764	      0.0000
    168.0785	      0.0000
    168.0806	      0.0000
    168.0826	      0.0000
    169.0542	      0.0000
    169.0563	      0.0000
    169.0583	      0.0000
    169.0604	      0.0000
    169.0625	    470.6027
    169.0646	   1132.3124
    169.0667	   1991.0688
    169.0688	   2474.7793
    169.0709	   2220.1138
    169.0729	   1414.9294
    169.0750	    599.2690
    169.0772	      0.0000
    169.0793	      0.0000
    169.0814	      0.0000
    169.0835	      0.0000
    182.0656	      0.0000
    182.0679	      0.0000
    182.0703	      0.0000
    182.0726	      0.0000
    182.0749	    917.3930
    182.0773	   3115.8838
    182.0796	   5321.5918
    182.0819	   6497.8130
    182.0842	   4612.1836
    182.0866	   2379.5967
    182.0889	    347.3291
    182.0912	      0.0000
    182.0936	      0.0000
    182.0959	      0.0000
    182.0982	      0.0000
    183.0600	      0.0000
    183.0623	      0.0000
    183.0647	      0.0000
    183.0670	      0.0000
    183.0694	    576.8911
    183.0717	   1738.1157
    183.0741	   3707.2368
    183.0764	   5586.0625
    183.0788	   4836.2456
    183.0811	   2742.9919
    183.0835	    804.3461
    183.0857	      0.0000
    183.0881	      0.0000
    183.0904	      0.0000
    183.0928	      0.0000
    186.0564	      0.0000
    186.0588	      0.0000
    186.0612	      0.0000
    186.0636	      0.0000
    186.0660	    435.7319
    186.0684	   1693.2863
    186.0708	   6238.9326
    186.0732	  12425.8164
    186.0756	  18548.2090
    186.0780	  17211.7910
    186.0804	  10767.3887
    186.0828	   4762.4751
    186.0853	   1547.8619
    186.0877	    824.9232
    186.0904	      0.0000
    186.0928	      0.0000
    186.0952	      0.0000
    186.0976	      0.0000
    200.0813	      0.0000
    200.0840	      0.0000
    200.0867	      0.0000
    200.0894	      0.0000
    200.0921	    470.6058
    200.0948	   1706.1835
    200.0974	   6267.3154
    200.1001	  12279.7139
    200.1028	  18192.8008
    200.1055	  16578.4160
    200.1082	  10097.3008
    200.1109	   4126.1309
    200.1135	    771.1789
    200.1160	      0.0000
    200.1187	      0.0000
    200.1214	      0.0000
    200.1240	      0.0000
    201.0889	      0.0000
    201.0916	      0.0000
    201.0943	      0.0000
    201.0970	      0.0000
    201.0997	    555.0264
    201.1024	   1239.3848
    201.1051	   1799.1166
    201.1078	   1840.3566
    201.1105	   1300.5439
    201.1132	    574.0280
    201.1159	      0.0000
    201.1186	      0.0000
    201.1213	      0.0000
    201.1240	      0.0000
    202.0062	      0.0000
    202.0090	      0.0000
    202.0117	      0.0000
    202.0144	      0.0000
    202.0171	    531.5812
    202.0199	    958.9777
    202.0226	   1154.5717
    202.0253	   1006.2253
    202.0280	    632.7745
    202.0311	      0.0000
    202.0338	      0.0000
    202.0365	      0.0000
    202.0393	      0.0000
    204.0591	      0.0000
    204.0619	      0.0000
    204.0647	      0.0000
    204.0674	      0.0000
    204.0702	    816.9026
    204.0730	   1388.4373
    204.0757	   2486.5410
    204.0785	   7944.1948
    204.0813	  25536.7188
    204.0840	  46914.6250
    204.0868	  66076.8203
    204.0896	  56721.3594
    204.0923	  34155.7773
    204.0951	  13297.9951
    204.0979	   3297.6816
    204.1006	    933.3514
    204.1031	      0.0000
    204.1059	      0.0000
    204.1087	      0.0000
    204.1114	      0.0000
    205.0691	      0.0000
    205.0719	      0.0000
    205.0747	      0.0000
    205.0774	      0.0000
    205.0802	    338.7033
    205.0830	   1090.9076
    205.0858	   2981.8037
    205.0886	   4942.3354
    205.0914	   5447.6396
    205.0942	   3653.7703
    205.0969	   1498.0966
    205.0997	    525.8893
    205.1025	      0.0000
    205.1053	      0.0000
    205.1080	      0.0000
    205.1108	      0.0000
    212.1205	      0.0000
    212.1234	      0.0000
    212.1264	      0.0000
    212.1293	      0.0000
    212.1322	    578.8382
    212.1352	   1408.9656
    212.1381	   2124.8584
    212.1410	   2184.2747
    212.1440	   1538.7833
    212.1469	    688.4634
    212.1499	      0.0000
    212.1528	      0.0000
    212.1558	      0.0000
    212.1587	      0.0000
    241.0469	      0.0000
    241.0505	      0.0000
    241.0540	      0.0000
    241.0576	      0.0000
    241.0611	    429.3701
    241.0647	   1224.0847
    241.0682	   2086.4534
    241.0718	   2479.2668
    241.0753	   2135.5112
    241.0789	   1317.5293
    241.0824	    567.6933
    241.0860	      0.0000
    241.0895	      0.0000
    241.0931	      0.0000
    241.0966	      0.0000
    242.1261	      0.0000
    242.1297	      0.0000
    242.1333	      0.0000
    242.1369	      0.0000
    242.1404	    775.7101
    242.1440	   1474.1796
    242.1476	   2094.4407
    242.1511	   2250.3745
    242.1547	   1814.0203
    242.1583	   1058.6188
    242.1619	    413.3525
    242.1656	      0.0000
    242.1692	      0.0000
    242.1728	      0.0000
    242.1763	      0.0000
    258.1192	      0.0000
    258.1231	      0.0000
    258.1271	      0.0000
    258.1310	      0.0000
    258.1349	    658.5897
    258.1389	   1497.3026
    258.1428	   2198.8108
    258.1467	   2271.4668
    258.1507	   1667.6969
    258.1546	    831.5037
    258.1585	      0.0000
    258.1625	      0.0000
    258.1664	      0.0000
    258.1703	      0.0000
    260.1331	      0.0000
    260.1371	      0.0000
    260.1410	      0.0000
    260.1450	      0.0000
    260.1490	    473.5088
    260.1530	   1273.1541
    260.1570	   2118.4155
    260.1609	   2450.6934
    260.1649	   2051.2480
    260.1689	   1222.5804
    260.1729	    482.0292
    260.1771	      0.0000
    260.1810	      0.0000
    260.1850	      0.0000
    260.1890	      0.0000
    271.1064	      0.0000
    271.1106	      0.0000
    271.1148	      0.0000
    271.1191	      0.0000
    271.1233	    353.0490
    271.1276	   1025.9957
    271.1318	   3876.7307
    271.1360	   7524.4033
    271.1403	  10992.8350
    271.1445	   9797.3711
    271.1487	   5822.0977
    271.1530	   2202.1355
    271.1572	    192.0542
    271.1613	      0.0000
    271.1655	      0.0000
    271.1698	      0.0000
    271.1740	      0.0000
    276.6170	      0.0000
    276.6214	      0.0000
    276.6258	      0.0000
    276.6301	      0.0000
    276.6345	    734.9396
    276.6389	   1209.8918
    276.6432	   1378.2758
    276.6476	   1123.3811
    276.6519	    621.9034
    276.6563	      0.0000
    276.6607	      0.0000
    276.6650	      0.0000
    276.6694	      0.0000
    283.1046	      0.0000
    283.1091	      0.0000
    283.1136	      0.0000
    283.1181	      0.0000
    283.1227	    565.8802
    283.1272	   1247.4115
    283.1317	   1671.9111
    283.1362	   1560.1417
    283.1407	   1024.5754
    283.1453	    430.0970
    283.1498	      0.0000
    283.1543	      0.0000
    283.1588	      0.0000
    283.1633	      0.0000
    285.1306	      0.0000
    285.1351	      0.0000
    285.1397	      0.0000
    285.1443	      0.0000
    285.1488	    546.4254
    285.1534	   1132.4133
    285.1580	   1419.4670
    285.1625	   1200.4276
    285.1671	    663.3237
    285.1719	      0.0000
    285.1765	      0.0000
    285.1811	      0.0000
    285.1857	      0.0000
    356.1920	      0.0000
    356.1984	      0.0000
    356.2048	      0.0000
    356.2111	      0.0000
    356.2175	    601.5875
    356.2239	   1163.8936
    356.2303	   1389.0128
    356.2367	   1091.7668
    356.2430	    519.1403
    356.2528	      0.0000
    356.2592	      0.0000
    356.2656	      0.0000
    356.2720	      0.0000
    366.0891	      0.0000
    366.0958	      0.0000
    366.1024	      0.0000
    366.1091	      0.0000
    366.1157	    598.5718
    366.1224	   1637.1071
    366.1290	   4616.2075
    366.1357	   8251.0449
    366.1423	  11355.4385
    366.1490	   9487.1465
    366.1556	   5499.6768
    366.1622	   1751.5488
    366.1689	      0.0000
    366.1723	      0.0000
    366.1789	      0.0000
    366.1855	      0.0000
    366.1922	      0.0000
    367.1045	      0.0000
    367.1112	      0.0000
    367.1179	      0.0000
    367.1245	      0.0000
    367.1312	    940.1737
    367.1379	   1746.2314
    367.1446	   2137.3152
    367.1512	   1852.8158
    367.1579	   1141.2927
    367.1646	    500.1890
    367.1718	      0.0000
    367.1785	      0.0000
    367.1852	      0.0000
    367.1918	      0.0000
    380.1033	      0.0000
    380.1104	      0.0000
    380.1174	      0.0000
    380.1244	      0.0000
    380.1315	    974.5338
    380.1385	   3356.1494
    380.1455	   6305.2407
    380.1525	   8984.5479
    380.1596	   7614.1484
    380.1666	   4452.4111
    380.1736	   1516.3340
    380.1807	    257.0399
    380.1871	      0.0000
    380.1941	      0.0000
    380.2012	      0.0000
    380.2082	      0.0000
    380.6023	      0.0000
    380.6094	      0.0000
    380.6164	      0.0000
    380.6234	      0.0000
    380.6305	    553.0005
    380.6375	   1566.1982
    380.6446	   3472.9353
    380.6516	   5532.6206
    380.6587	   5428.7910
    380.6657	   3242.4951
    380.6728	   1227.7562
    380.6798	    612.2673
    380.6868	      0.0000
    380.6939	      0.0000
    380.7009	      0.0000
    380.7080	      0.0000
    381.0746	      0.0000
    381.0817	      0.0000
    381.0888	      0.0000
    381.0958	      0.0000
    381.1029	    691.2823
    381.1099	   1223.6520
    381.1170	   1423.2805
    381.1240	   1134.5221
    381.1311	    561.2538
    381.1381	      0.0000
    381.1452	      0.0000
    381.1523	      0.0000
    381.1593	      0.0000
    386.0984	      0.0000
    386.1056	      0.0000
    386.1128	      0.0000
    386.1200	      0.0000
    386.1272	    853.1975
    386.1344	   1812.1565
    386.1416	   2736.5034
    386.1487	   4690.1855
    386.1559	   3436.7952
    386.1631	   1815.6346
    386.1703	    398.6433
    386.1775	      0.0000
    386.1847	    936.8773
    386.1919	   3208.2661
    386.1991	   5595.5664
    386.2063	   6884.4668
    386.2135	   4914.5444
    386.2207	   2588.2197
    386.2279	    879.6108
    386.2361	      0.0000
    386.2433	      0.0000
    386.2505	      0.0000
    386.2577	      0.0000
    440.0939	      0.0000
    440.1026	      0.0000
    440.1114	      0.0000
    440.1202	      0.0000
    440.1289	    720.5649
    440.1377	   1296.8972
    440.1464	   3975.3811
    440.1552	  12837.8633
    440.1639	  24359.7656
    440.1727	  35335.4727
    440.1815	  31845.6738
    440.1902	  19599.2402
    440.1990	   8287.6621
    440.2077	   2107.9246
    440.2165	    478.2845
    440.2256	      0.0000
    440.2344	      0.0000
    440.2431	      0.0000
    440.2519	      0.0000
    440.6026	      0.0000
    440.6114	      0.0000
    440.6201	      0.0000
    440.6289	      0.0000
    440.6377	    144.9232
    440.6465	   1468.8936
    440.6552	   5739.0713
    440.6640	  12021.2148
    440.6728	  18722.4746
    440.6816	  18659.5508
    440.6903	  11875.3389
    440.6991	   5520.7993
    440.7079	   1133.1188
    440.7167	      0.0000
    440.7245	      0.0000
    440.7332	      0.0000
    440.7420	      0.0000
    440.7508	      0.0000
    441.1196	      0.0000
    441.1284	      0.0000
    441.1372	      0.0000
    441.1460	      0.0000
    441.1548	   1002.5378
    441.1636	   1984.0477
    441.1724	   2734.0112
    441.1812	   2733.9832
    441.1900	   1987.6863
    441.1987	   1015.5577
    441.2075	    364.1728
    441.2163	      0.0000
    441.2251	      0.0000
    441.2339	      0.0000
    441.2427	      0.0000
    444.1672	      0.0000
    444.1761	      0.0000
    444.1850	      0.0000
    444.1938	      0.0000
    444.2027	    750.5644
    444.2116	   1249.0205
    444.2205	   1377.1292
    444.2294	   1039.6509
    444.2382	    484.4372
    444.2471	      0.0000
    444.2560	      0.0000
    444.2649	      0.0000
    444.2738	      0.0000
    449.1184	      0.0000
    449.1274	      0.0000
    449.1365	      0.0000
    449.1455	      0.0000
    449.1545	    385.8111
    449.1635	   1073.7532
    449.1726	   2203.7131
    449.1816	   2913.8279
    449.1906	   2599.2087
    449.1997	   1522.6031
    449.2087	    502.1735
    449.2177	      0.0000
    449.2268	      0.0000
    449.2358	      0.0000
    449.2448	      0.0000
    454.1988	      0.0000
    454.2079	      0.0000
    454.2171	      0.0000
    454.2263	      0.0000
    454.2355	    356.2574
    454.2447	   1041.4286
    454.2539	   1934.3586
    454.2630	   2549.9836
    454.2722	   2450.9280
    454.2814	   1688.4767
    454.2906	    787.7728
    454.2998	      0.0000
    454.3090	      0.0000
    454.3181	      0.0000
    454.3273	      0.0000
    460.1232	      0.0000
    460.1326	      0.0000
    460.1419	      0.0000
    460.1513	      0.0000
    460.1606	    505.4185
    460.1700	   1287.1375
    460.1794	   1907.9076
    460.1887	   1890.0751
    460.1981	   1256.9208
    460.2075	    513.4452
    460.2171	      0.0000
    460.2264	      0.0000
    460.2358	      0.0000
    460.2451	      0.0000
    472.2183	      0.0000
    472.2280	      0.0000
    472.2378	      0.0000
    472.2475	      0.0000
    472.2572	    710.9003
    472.2670	   2280.7800
    472.2767	   4385.3242
    472.2865	   6344.9858
    472.2962	   5404.5142
    472.3059	   3090.8804
    472.3157	    868.1639
    472.3254	      0.0000
    472.3351	      0.0000
    472.3449	      0.0000
    472.3546	      0.0000
    473.2322	      0.0000
    473.2420	      0.0000
    473.2518	      0.0000
    473.2615	      0.0000
    473.2713	    471.7581
    473.2811	   1153.0413
    473.2908	   1669.7439
    473.3006	   1654.6549
    473.3104	   1125.4526
    473.3201	    490.5319
    473.3299	      0.0000
    473.3397	      0.0000
    473.3494	      0.0000
    473.3592	      0.0000
    499.2143	      0.0000
    499.2249	      0.0000
    499.2355	      0.0000
    499.2461	      0.0000
    499.2566	    512.1907
    499.2672	   1399.0702
    499.2778	   2442.8467
    499.2884	   2927.7739
    499.2990	   2493.9875
    499.3096	   1482.6027
    499.3201	    572.8535
    499.3310	      0.0000
    499.3416	      0.0000
    499.3521	      0.0000
    499.3627	      0.0000
    526.7769	      0.0000
    526.7883	      0.0000
    526.7998	      0.0000
    526.8113	      0.0000
    526.8227	    627.6442
    526.8342	   1065.5728
    526.8457	   1256.8904
    526.8571	   1063.6093
    526.8686	    602.6473
    526.8801	      0.0000
    526.8916	      0.0000
    526.9030	      0.0000
    526.9145	      0.0000
    528.1097	      0.0000
    528.1212	      0.0000
    528.1327	      0.0000
    528.1442	      0.0000
    528.1557	    473.5280
    528.1673	   1406.7091
    528.1788	   2509.8035
    528.1903	   4478.2690
    528.2018	   3193.0981
    528.2133	   1618.6864
    528.2248	    685.8597
    528.2387	      0.0000
    528.2503	      0.0000
    528.2618	      0.0000
    528.2733	      0.0000
    534.1143	      0.0000
    534.1260	      0.0000
    534.1377	      0.0000
    534.1494	      0.0000
    534.1612	    658.2146
    534.1729	   2521.5537
    534.1846	   5367.8872
    534.1963	   8397.3115
    534.2080	   8375.6768
    534.2197	   5322.8608
    534.2314	   2448.6409
    534.2431	    452.3480
    534.2525	      0.0000
    534.2642	      0.0000
    534.2759	      0.0000
    534.2876	      0.0000
    535.2025	      0.0000
    535.2142	      0.0000
    535.2260	      0.0000
    535.2377	      0.0000
    535.2495	    643.4075
    535.2612	   1201.3766
    535.2730	   1371.0961
    535.2847	   1078.2070
    535.2965	    576.8564
    535.3099	      0.0000
    535.3216	      0.0000
    535.3334	      0.0000
    535.3451	      0.0000
    541.5910	      0.0000
    541.6030	      0.0000
    541.6149	      0.0000
    541.6269	      0.0000
    541.6388	    683.4564
    541.6508	   1435.5316
    541.6627	   2315.6150
    541.6747	   6469.5713
    541.6867	  20897.5449
    541.6986	  41575.2773
    541.7106	  63116.1953
    541.7225	  61245.3320
    541.7345	  38832.2617
    541.7465	  17919.7988
    541.7584	   4387.6177
    541.7704	    925.4714
    541.7830	      0.0000
    541.7949	      0.0000
    541.8069	      0.0000
    541.8189	      0.0000
    542.1061	      0.0000
    542.1181	      0.0000
    542.1300	      0.0000
    542.1420	      0.0000
    542.1540	    902.0150
    542.1659	   1388.1084
    542.1779	   3879.4626
    542.1899	  12136.2422
    542.2019	  22622.6543
    542.2138	  32483.0410
    542.2258	  28785.4063
    542.2378	  17432.4922
    542.2498	   6853.4561
    542.2618	   1351.0115
    542.2737	    202.9477
    542.2861	      0.0000
    542.2981	      0.0000
    542.3101	      0.0000
    542.3221	      0.0000
    542.6217	      0.0000
    542.6337	      0.0000
    542.6457	      0.0000
    542.6577	      0.0000
    542.6696	    389.1267
    542.6816	   1485.2646
    542.6936	   4686.1655
    542.7056	   8395.6953
    542.7176	  11492.4658
    542.7296	   9506.0645
    542.7416	   5562.8848
    542.7536	   1817.7858
    542.7656	     81.0834
    542.7748	      0.0000
    542.7868	      0.0000
    542.7988	      0.0000
    542.8108	      0.0000
    543.1469	      0.0000
    543.1589	      0.0000
    543.1709	      0.0000
    543.1829	      0.0000
    543.1949	    633.7858
    543.2069	   1357.2355
    543.2189	   1831.4159
    543.2309	   1716.9884
    543.2429	   1112.1063
    543.2549	    428.1563
    543.2670	      0.0000
    543.2790	      0.0000
    543.2910	      0.0000
    543.3030	      0.0000
    570.1055	      0.0000
    570.1184	      0.0000
    570.1313	      0.0000
    570.1442	      0.0000
    570.1571	    860.6590
    570.1701	   1470.1831
    570.1830	   1766.6549
    570.1959	   1501.7266
    570.2088	    830.2538
    570.2217	      0.0000
    570.2346	      0.0000
    570.2476	      0.0000
    570.2605	      0.0000
    582.2392	      0.0000
    582.2525	      0.0000
    582.2659	      0.0000
    582.2792	      0.0000
    582.2925	    648.7886
    582.3058	   1384.3215
    582.3192	   1891.9037
    582.3325	   1809.9215
    582.3458	   1222.0186
    582.3592	    540.1306
    582.3725	      0.0000
    582.3859	      0.0000
    582.3992	      0.0000
    582.4125	      0.0000
    614.1435	      0.0000
    614.1579	      0.0000
    614.1724	      0.0000
    614.1868	      0.0000
    614.2012	    843.6622
    614.2157	   1482.1835
    614.2301	   1725.4930
    614.2445	   1373.5770
    614.2590	    680.1078
    614.2734	      0.0000
    614.2879	      0.0000
    614.3023	      0.0000
    614.3168	      0.0000
    614.6346	      0.0000
    614.6491	      0.0000
    614.6635	      0.0000
    614.6780	      0.0000
    614.6924	    820.4664
    614.7069	   1727.9104
    614.7213	   3624.1904
    614.7358	   5142.3213
    614.7503	   4545.5771
    614.7647	   2822.9106
    614.7792	   1017.7188
    614.7936	      0.0000
    614.8081	      0.0000
    614.8226	      0.0000
    614.8370	      0.0000
    615.0395	      0.0000
    615.0540	      0.0000
    615.0685	      0.0000
    615.0829	      0.0000
    615.0974	    695.4824
    615.1119	   1572.2833
    615.1263	   2374.8596
    615.1408	   2311.9407
    615.1553	   1341.4967
    615.1697	    448.9268
    615.1842	    634.0484
    615.1987	   1815.8856
    615.2132	   4534.4219
    615.2276	   4976.6548
    615.2421	   2168.1453
    615.2566	    937.1209
    615.2711	      0.0000
    615.2855	      0.0000
    615.3000	      0.0000
    615.3145	      0.0000
    616.0390	      0.0000
    616.0535	      0.0000
    616.0680	      0.0000
    616.0825	      0.0000
    616.0970	    867.6623
    616.1115	   3595.9224
    616.1261	   6393.6475
    616.1406	   8141.6519
    616.1551	   5994.0688
    616.1696	   3252.3872
    616.1841	   1080.8718
    616.1986	      0.0000
    616.2131	      0.0000
    616.2276	      0.0000
    616.2421	      0.0000
    617.0264	      0.0000
    617.0410	      0.0000
    617.0555	      0.0000
    617.0700	      0.0000
    617.0846	    616.9494
    617.0991	   2076.6440
    617.1137	   4540.7637
    617.1282	   7189.2959
    617.1428	   7660.9668
    617.1573	   5067.3018
    617.1718	   2453.4365
    617.1864	    531.0456
    617.2057	      0.0000
    617.2202	      0.0000
    617.2348	      0.0000
    617.2493	      0.0000
    622.6077	      0.0000
    622.6225	      0.0000
    622.6372	      0.0000
    622.6519	      0.0000
    622.6667	    559.4332
    622.6814	   1216.2385
    622.6962	   3455.2346
    622.7109	  10380.2715
    622.7256	  19055.1973
    622.7404	  27095.6563
    622.7551	  23736.7070
    622.7699	  14253.5742
    622.7846	   5364.3140
    622.7993	    711.2927
    622.8114	      0.0000
    622.8261	      0.0000
    622.8409	      0.0000
    622.8556	      0.0000
    623.1211	      0.0000
    623.1359	      0.0000
    623.1506	      0.0000
    623.1654	      0.0000
    623.1801	    550.5073
    623.1949	   2118.8918
    623.2096	   6987.6909
    623.2244	  13056.4521
    623.2391	  18602.7871
    623.2539	  16102.8906
    623.2687	   9688.7676
    623.2834	   3720.1897
    623.2982	    786.3203
    623.3109	      0.0000
    623.3257	      0.0000
    623.3404	      0.0000
    623.3552	      0.0000
    623.6358	      0.0000
    623.6505	      0.0000
    623.6653	      0.0000
    623.6801	      0.0000
    623.6949	    889.8832
    623.7096	   2896.4136
    623.7244	   5224.5044
    623.7392	   7301.3979
    623.7540	   6422.6982
    623.7687	   3941.9175
    623.7835	   1644.1355
    623.7983	    559.4923
    623.8131	      0.0000
    623.8279	      0.0000
    623.8426	      0.0000
    623.8574	      0.0000
    624.1531	      0.0000
    624.1679	      0.0000
    624.1827	      0.0000
    624.1975	      0.0000
    624.2123	    993.4442
    624.2271	   1890.6725
    624.2419	   2380.4844
    624.2567	   2069.8074
    624.2715	   1207.9243
    624.2863	    404.4510
    624.3011	      0.0000
    624.3159	      0.0000
    624.3307	      0.0000
    624.3455	      0.0000
    632.1270	      0.0000
    632.1421	      0.0000
    632.1571	      0.0000
    632.1722	      0.0000
    632.1873	    497.7142
    632.2024	   1274.1543
    632.2174	   2225.4761
    632.2325	   2779.6721
    632.2476	   2509.6951
    632.2627	   1599.8010
    632.2778	    672.7192
    632.2928	      0.0000
    632.3079	      0.0000
    632.3230	      0.0000
    632.3381	      0.0000
    640.4083	      0.0000
    640.4237	      0.0000
    640.4391	      0.0000
    640.4544	      0.0000
    640.4698	    640.6952
    640.4852	   1100.3956
    640.5006	   1309.6522
    640.5159	   1121.7512
    640.5313	    659.4382
    640.5467	      0.0000
    640.5621	      0.0000
    640.5775	      0.0000
    640.5928	      0.0000
    646.6330	      0.0000
    646.6486	      0.0000
    646.6642	      0.0000
    646.6798	      0.0000
    646.6954	    509.3975
    646.7110	   1085.2096
    646.7266	   1350.1232
    646.7422	   1130.6985
    646.7578	    640.3992
    646.7734	      0.0000
    646.7890	      0.0000
    646.8046	      0.0000
    646.8202	      0.0000
    654.1216	      0.0000
    654.1375	      0.0000
    654.1533	      0.0000
    654.1692	      0.0000
    654.1851	    778.3898
    654.2009	   1607.9390
    654.2168	   2466.6440
    654.2327	   2893.8198
    654.2486	   2578.9568
    654.2644	   1683.0659
    654.2803	    767.9109
    654.2962	      0.0000
    654.3121	      0.0000
    654.3279	      0.0000
    654.3438	      0.0000
    660.6444	      0.0000
    660.6605	      0.0000
    660.6766	      0.0000
    660.6927	      0.0000
    660.7088	    524.8182
    660.7249	   1173.4926
    660.7411	   1565.6638
    660.7572	   1362.1563
    660.7733	    738.8643
    660.7894	      0.0000
    660.8055	      0.0000
    660.8216	      0.0000
    660.8378	      0.0000
    676.1490	      0.0000
    676.1657	      0.0000
    676.1824	      0.0000
    676.1990	      0.0000
    676.2157	    778.5154
    676.2324	   1513.4017
    676.2491	   2087.8149
    676.2657	   2149.5496
    676.2824	   1668.1899
    676.2991	    957.9436
    676.3158	      0.0000
    676.3325	      0.0000
    676.3492	      0.0000
    676.3658	      0.0000
    677.1507	      0.0000
    677.1674	      0.0000
    677.1842	      0.0000
    677.2009	      0.0000
    677.2176	    506.7820
    677.2343	   1183.2512
    677.2510	   1625.9781
    677.2677	   1480.9629
    677.2845	    851.9956
    677.3012	      0.0000
    677.3179	      0.0000
    677.3346	      0.0000
    677.3513	      0.0000
    680.1357	      0.0000
    680.1525	      0.0000
    680.1693	      0.0000
    680.1861	      0.0000
    680.2030	    981.3546
    680.2198	   1405.5287
    680.2366	   1473.6744
    680.2534	   1210.2155
    680.2703	    831.5474
    680.2871	      0.0000
    680.3039	      0.0000
    680.3208	      0.0000
    680.3376	      0.0000
    688.6438	      0.0000
    688.6610	      0.0000
    688.6781	      0.0000
    688.6953	      0.0000
    688.7124	    670.0037
    688.7295	   1548.9333
    688.7467	   2425.0291
    688.7638	   2733.3865
    688.7810	   2227.0010
    688.7981	   1250.4659
    688.8153	    428.9777
    688.8324	      0.0000
    688.8496	      0.0000
    688.8667	      0.0000
    688.8839	      0.0000
    695.6389	      0.0000
    695.6563	      0.0000
    695.6737	      0.0000
    695.6911	      0.0000
    695.7085	    529.0696
    695.7260	   1670.0061
    695.7434	   4469.8311
    695.7608	   5734.5889
    695.7782	   4421.9038
    695.7956	   2480.5217
    695.8130	    805.0624
    695.8285	      0.0000
    695.8459	      0.0000
    695.8633	      0.0000
    695.8807	      0.0000
    696.1420	      0.0000
    696.1594	      0.0000
    696.1768	      0.0000
    696.1942	      0.0000
    696.2117	    948.6342
    696.2291	   3831.1243
    696.2465	   7005.4126
    696.2640	   9547.4229
    696.2814	   7735.7930
    696.2988	   4542.0581
    696.3162	   1612.4390
    696.3337	    302.3183
    696.3530	      0.0000
    696.3704	      0.0000
    696.3879	      0.0000
    696.4053	      0.0000
    696.6494	      0.0000
    696.6669	      0.0000
    696.6843	      0.0000
    696.7017	      0.0000
    696.7192	    958.5744
    696.7366	   1639.1514
    696.7541	   2134.1084
    696.7715	   2120.2234
    696.7890	   1575.8041
    696.8064	    829.9816
    696.8239	      0.0000
    696.8413	      0.0000
    696.8588	      0.0000
    696.8762	      0.0000
    700.2738	      0.0000
    700.2914	      0.0000
    700.3090	      0.0000
    700.3265	      0.0000
    700.3441	   1067.1062
    700.3617	   1600.9677
    700.3793	   1679.2805
    700.3969	   1242.5886
    700.4145	    598.4753
    700.4305	      0.0000
    700.4481	      0.0000
    700.4657	      0.0000
    700.4833	      0.0000
    703.6240	      0.0000
    703.6417	      0.0000
    703.6594	      0.0000
    703.6771	      0.0000
    703.6948	     45.0901
    703.7125	   1344.6185
    703.7302	   4872.8564
    703.7480	   8540.1133
    703.7657	  11114.9414
    703.7834	   8493.9912
    703.8011	   4795.2490
    703.8188	   1380.9799
    703.8365	      0.0000
    703.8563	      0.0000
    703.8741	      0.0000
    703.8918	      0.0000
    703.9095	      0.0000
    704.1398	      0.0000
    704.1575	      0.0000
    704.1753	      0.0000
    704.1930	      0.0000
    704.2107	   1069.7749
    704.2284	   3824.0308
    704.2462	   6963.7329
    704.2639	   9628.7939
    704.2816	   8025.3145
    704.2994	   4775.4751
    704.3171	   1729.2014
    704.3348	    306.3523
    704.3519	      0.0000
    704.3697	      0.0000
    704.3874	      0.0000
    704.4051	      0.0000
    704.6535	      0.0000
    704.6712	      0.0000
    704.6889	      0.0000
    704.7067	      0.0000
    704.7244	    840.2177
    704.7422	   1637.3750
    704.7599	   2232.3228
    704.7777	   2250.2727
    704.7954	   1691.9264
    704.8132	    924.3837
    704.8309	      0.0000
    704.8487	      0.0000
    704.8664	      0.0000
    704.8842	      0.0000
    709.2534	      0.0000
    709.2714	      0.0000
    709.2893	      0.0000
    709.3072	      0.0000
    709.3251	    909.2208
    709.3430	   1624.5436
    709.3610	   1946.7544
    709.3789	   1625.7963
    709.3968	    905.0489
    709.4170	      0.0000
    709.4349	      0.0000
    709.4528	      0.0000
    709.4708	      0.0000
    715.1147	      0.0000
    715.1328	      0.0000
    715.1509	      0.0000
    715.1691	      0.0000
    715.1872	    870.8594
    715.2054	   2368.6284
    715.2235	   7804.2705
    715.2417	  18689.9102
    715.2598	  30565.7520
    715.2779	  35221.3359
    715.2961	  24792.6074
    715.3142	  13229.5088
    715.3324	   3534.1736
    715.3505	    533.0132
    715.3700	      0.0000
    715.3882	      0.0000
    715.4063	      0.0000
    715.4245	      0.0000
    716.1329	      0.0000
    716.1511	      0.0000
    716.1693	      0.0000
    716.1874	      0.0000
    716.2056	    962.5400
    716.2238	   3396.7510
    716.2420	   8586.5068
    716.2602	  14264.8779
    716.2783	  17134.3555
    716.2965	  12421.2002
    716.3147	   6805.2593
    716.3329	   1748.0007
    716.3511	     40.8036
    716.3656	      0.0000
    716.3838	      0.0000
    716.4020	      0.0000
    716.4202	      0.0000
    717.1483	      0.0000
    717.1665	      0.0000
    717.1847	      0.0000
    717.2030	      0.0000
    717.2212	    539.5482
    717.2394	   1268.3770
    717.2576	   1962.2905
    717.2758	   2133.6436
    717.2941	   1624.1616
    717.3123	    793.3182
    717.3305	      0.0000
    717.3487	      0.0000
    717.3670	      0.0000
    717.3852	      0.0000
    726.1213	      0.0000
    726.1399	      0.0000
    726.1585	      0.0000
    726.1770	      0.0000
    726.1956	    535.4484
    726.2141	   1339.8475
    726.2327	   2024.7101
    726.2513	   2062.4321
    726.2698	   1422.4788
    726.2884	    607.1961
    726.3070	      0.0000
    726.3255	      0.0000
    726.3441	      0.0000
    726.3627	      0.0000
    729.9411	      0.0000
    729.9598	      0.0000
    729.9785	      0.0000
    729.9972	      0.0000
    730.0159	   1002.8643
    730.0346	   1524.9473
    730.0533	   1643.6067
    730.0720	   1289.0974
    730.0907	    707.2675
    730.1146	      0.0000
    730.1333	      0.0000
    730.1520	      0.0000
    730.1707	      0.0000
    759.1331	      0.0000
    759.1530	      0.0000
    759.1728	      0.0000
    759.1927	      0.0000
    759.2125	   1098.2408
    759.2323	   2819.0073
    759.2522	   8755.4844
    759.2720	  17552.5781
    759.2919	  26858.9590
    759.3117	  26318.5195
    759.3316	  16534.0820
    759.3514	   7420.7046
    759.3713	   1398.3627
    759.3911	      0.0000
    759.4125	      0.0000
    759.4324	      0.0000
    759.4522	      0.0000
    759.4721	      0.0000
    760.1475	      0.0000
    760.1674	      0.0000
    760.1873	      0.0000
    760.2072	      0.0000
    760.2270	    925.1012
    760.2469	   2980.8352
    760.2668	   7140.3335
    760.2867	  11795.8232
    760.3066	  13732.2773
    760.3265	   9637.7969
    760.3463	   5047.4600
    760.3662	   1133.0254
    760.3795	      0.0000
    760.3994	      0.0000
    760.4193	      0.0000
    760.4392	      0.0000
    761.1956	      0.0000
    761.2155	      0.0000
    761.2354	      0.0000
    761.2553	      0.0000
    761.2753	    871.5059
    761.2952	   1543.0798
    761.3151	   1793.7131
    761.3350	   1443.5017
    761.3550	    773.3801
    761.3749	      0.0000
    761.3948	      0.0000
    761.4147	      0.0000
    761.4347	      0.0000
    762.1726	      0.0000
    762.1926	      0.0000
    762.2125	      0.0000
    762.2325	      0.0000
    762.2525	    809.9168
    762.2724	   1445.0894
    762.2924	   1729.0419
    762.3123	   1482.9172
    762.3323	    912.4039
    762.3523	      0.0000
    762.3722	      0.0000
    762.3922	      0.0000
    762.4122	      0.0000
    769.6519	      0.0000
    769.6721	      0.0000
    769.6924	      0.0000
    769.7126	      0.0000
    769.7329	    586.8291
    769.7532	   1606.6044
    769.7734	   3810.2751
    769.7937	   4671.5454
    769.8139	   3340.0386
    769.8342	   1642.5492
    769.8544	    698.9396
    769.8747	      0.0000
    769.8950	      0.0000
    769.9152	      0.0000
    769.9355	      0.0000
    770.1382	      0.0000
    770.1585	      0.0000
    770.1787	      0.0000
    770.1990	      0.0000
    770.2193	    636.5999
    770.2396	   1529.5625
    770.2598	   3575.1016
    770.2801	   5204.0518
    770.3004	   4614.9819
    770.3207	   2839.5237
    770.3409	   1045.3890
    770.3612	      0.0000
    770.3815	      0.0000
    770.4018	      0.0000
    770.4221	      0.0000
    776.6666	      0.0000
    776.6871	      0.0000
    776.7077	      0.0000
    776.7282	      0.0000
    776.7487	    998.3633
    776.7693	   1811.3124
    776.7898	   2265.0632
    776.8103	   2059.1597
    776.8309	   1358.4568
    776.8514	    619.3539
    776.8719	      0.0000
    776.8925	      0.0000
    776.9130	      0.0000
    776.9336	      0.0000
    782.3227	      0.0000
    782.3435	      0.0000
    782.3642	      0.0000
    782.3850	      0.0000
    782.4058	    849.3535
    782.4265	   1723.4691
    782.4473	   2277.6729
    782.4680	   2101.3359
    782.4888	   1330.1151
    782.5096	    516.0611
    782.5303	      0.0000
    782.5511	      0.0000
    782.5719	      0.0000
    782.5926	      0.0000
    784.6525	      0.0000
    784.6734	      0.0000
    784.6942	      0.0000
    784.7151	      0.0000
    784.7359	    651.7488
    784.7568	   1583.9998
    784.7776	   2396.9741
    784.7985	   2498.9155
    784.8194	   1811.5610
    784.8402	    860.9032
    784.8687	      0.0000
    784.8895	      0.0000
    784.9104	      0.0000
    784.9312	      0.0000
    835.1308	      0.0000
    835.1537	      0.0000
    835.1766	      0.0000
    835.1995	      0.0000
    835.2224	    991.2521
    835.2453	   3073.5994
    835.2682	   7833.0654
    835.2911	  13239.5723
    835.3140	  17619.6094
    835.3369	  14501.9658
    835.3598	   8564.7998
    835.3827	   3007.2473
    835.4056	    324.4407
    835.4210	      0.0000
    835.4439	      0.0000
    835.4668	      0.0000
    835.4897	      0.0000
    836.1314	      0.0000
    836.1544	      0.0000
    836.1773	      0.0000
    836.2002	      0.0000
    836.2232	    481.4155
    836.2461	   1405.0432
    836.2691	   3875.5474
    836.2920	   6594.3848
    836.3149	   8000.9956
    836.3379	   5912.5654
    836.3608	   3332.8828
    836.3838	   1008.6802
    836.4067	      0.0000
    836.4297	      0.0000
    836.4526	      0.0000
    836.4755	      0.0000
    843.1702	      0.0000
    843.1934	      0.0000
    843.2167	      0.0000
    843.2399	      0.0000
    843.2631	    996.9509
    843.2863	   1697.6022
    843.3096	   2055.9321
    843.3328	   1860.0819
    843.3560	   1280.5742
    843.3793	    657.5963
    843.4025	      0.0000
    843.4257	      0.0000
    843.4490	      0.0000
    843.4722	      0.0000
    846.2908	      0.0000
    846.3141	      0.0000
    846.3375	      0.0000
    846.3608	      0.0000
    846.3842	    559.6089
    846.4076	   1426.5227
    846.4309	   2278.2668
    846.4543	   2492.6128
    846.4776	   1895.0605
    846.5010	    944.2571
    846.5307	      0.0000
    846.5541	      0.0000
    846.5774	      0.0000
    846.6008	      0.0000
    879.1216	      0.0000
    879.1463	      0.0000
    879.1711	      0.0000
    879.1958	      0.0000
    879.2205	    779.4086
    879.2453	   2536.6748
    879.2700	   7645.3989
    879.2947	  20030.4980
    879.3195	  33652.0273
    879.3442	  42067.6094
    879.3689	  31613.8320
    879.3937	  17879.7832
    879.4184	   4936.2007
    879.4431	    423.8919
    879.4702	      0.0000
    879.4950	      0.0000
    879.5197	      0.0000
    879.5445	      0.0000
    880.1386	      0.0000
    880.1633	      0.0000
    880.1881	      0.0000
    880.2129	      0.0000
    880.2376	    871.7725
    880.2624	   2168.4988
    880.2872	   6945.6045
    880.3120	  13664.6367
    880.3367	  20547.1641
    880.3615	  19455.0820
    880.3863	  11970.5801
    880.4111	   4985.0864
    880.4358	    576.7637
    880.4519	      0.0000
    880.4767	      0.0000
    880.5015	      0.0000
    880.5263	      0.0000
    881.1710	      0.0000
    881.1958	      0.0000
    881.2206	      0.0000
    881.2454	      0.0000
    881.2703	   1018.5373
    881.2951	   3151.7131
    881.3199	   5086.7886
    881.3447	   5671.2080
    881.3695	   3904.7407
    881.3943	   1923.4458
    881.4192	    595.2586
    881.4440	      0.0000
    881.4688	      0.0000
    881.4936	      0.0000
    881.5185	      0.0000
    882.1891	      0.0000
    882.2140	      0.0000
    882.2388	      0.0000
    882.2637	      0.0000
    882.2886	    697.5584
    882.3134	   1154.4623
    882.3383	   1415.8527
    882.3631	   1305.9738
    882.3880	    873.6443
    882.4129	      0.0000
    882.4377	      0.0000
    882.4626	      0.0000
    882.4875	      0.0000
    888.2598	      0.0000
    888.2849	      0.0000
    888.3100	      0.0000
    888.3352	      0.0000
    888.3603	   1022.5650
    888.3854	   1351.2921
    888.4105	   1445.5465
    888.4356	   1226.6233
    888.4607	    777.2676
    888.4859	      0.0000
    888.5110	      0.0000
    888.5361	      0.0000
    888.5612	      0.0000
    895.3837	      0.0000
    895.4091	      0.0000
    895.4345	      0.0000
    895.4599	      0.0000
    895.4853	    968.9383
    895.5108	   1429.8987
    895.5362	   1509.9070
    895.5616	   1156.3284
    895.5870	    587.0361
    895.6125	      0.0000
    895.6379	      0.0000
    895.6633	      0.0000
    895.6888	      0.0000
    931.2428	      0.0000
    931.2697	      0.0000
    931.2967	      0.0000
    931.3237	      0.0000
    931.3506	    563.0391
    931.3776	   1186.8875
    931.4045	   1638.7260
    931.4315	   1557.9326
    931.4585	    973.7206
    931.4855	      0.0000
    931.5125	      0.0000
    931.5394	      0.0000
    931.5664	      0.0000
    966.3584	      0.0000
    966.3869	      0.0000
    966.4154	      0.0000
    966.4439	      0.0000
    966.4724	    368.0988
    966.5009	   1236.5498
    966.5294	   3416.7310
    966.5579	   4886.3774
    966.5864	   4377.5459
    966.6149	   2600.1631
    966.6434	    913.3174
    966.6719	      0.0000
    966.7004	      0.0000
    966.7290	      0.0000
    966.7575	      0.0000
    967.3850	      0.0000
    967.4136	      0.0000
    967.4421	      0.0000
    967.4707	      0.0000
    967.4992	    574.8678
    967.5277	   1483.5984
    967.5563	   2223.1387
    967.5848	   2254.2595
    967.6134	   1573.7013
    967.6419	    717.9323
    967.6705	      0.0000
    967.6991	      0.0000
    967.7276	      0.0000
    967.7562	      0.0000
    970.3314	      0.0000
    970.3600	      0.0000
    970.3887	      0.0000
    970.4174	      0.0000
    970.4461	    707.9255
    970.4747	   1492.4406
    970.5034	   1893.4957
    970.5321	   1587.1183
    970.5608	    837.8666
    970.5895	      0.0000
    970.6181	      0.0000
    970.6468	      0.0000
    970.6755	      0.0000
    981.1436	      0.0000
    981.1728	      0.0000
    981.2019	      0.0000
    981.2311	      0.0000
    981.2602	    397.3545
    981.2894	   1635.1980
    981.3186	   3755.2627
    981.3477	   6075.3252
    981.3769	   6436.4321
    981.4060	   3987.3342
    981.4352	   1591.5165
    981.4644	      0.0000
    981.4936	      0.0000
    981.5227	      0.0000
    981.5519	      0.0000
    981.5811	      0.0000
   1014.2582	      0.0000
   1014.2889	      0.0000
   1014.3195	      0.0000
   1014.3502	      0.0000
   1014.3808	    989.5888
   1014.4114	   1382.9081
   1014.4421	   1499.8110
   1014.4727	   1256.8640
   1014.5034	    771.3654
   1014.5340	      0.0000
   1014.5647	      0.0000
   1014.5954	      0.0000
   1014.6260	      0.0000
   1025.1610	      0.0000
   1025.1921	      0.0000
   1025.2232	      0.0000
   1025.2544	      0.0000
   1025.2855	    812.7285
   1025.3167	   3207.4785
   1025.3478	   5589.6113
   1025.3789	   7491.3232
   1025.4101	   6076.1895
   1025.4412	   3474.1550
   1025.4724	    868.0109
   1025.5035	      0.0000
   1025.5347	      0.0000
   1025.5658	      0.0000
   1025.5970	      0.0000
   1026.1892	      0.0000
   1026.2204	      0.0000
   1026.2515	      0.0000
   1026.2827	      0.0000
   1026.3139	    900.0341
   1026.3451	   2107.4856
   1026.3763	   4684.9126
   1026.4075	   5002.8037
   1026.4387	   3367.9846
   1026.4699	   1257.4271
   1026.5011	    384.4343
   1026.5323	      0.0000
   1026.5635	      0.0000
   1026.5947	      0.0000
   1026.6259	      0.0000
   1030.3803	      0.0000
   1030.4117	      0.0000
   1030.4430	      0.0000
   1030.4744	      0.0000
   1030.5058	   1015.7393
   1030.5372	   1663.1477
   1030.5685	   1904.6442
   1030.5999	   1529.2582
   1030.6313	    801.8804
   1030.6627	      0.0000
   1030.6941	      0.0000
   1030.7255	      0.0000
   1030.7569	      0.0000
   1038.1415	      0.0000
   1038.1732	      0.0000
   1038.2050	      0.0000
   1038.2367	      0.0000
   1038.2684	    539.2736
   1038.3002	   1887.6913
   1038.3319	   4088.3076
   1038.3636	   6474.3638
   1038.3954	   6693.2236
   1038.4271	   4268.3281
   1038.4589	   1913.7460
   1038.4906	    169.0848
   1038.5223	      0.0000
   1038.5541	      0.0000
   1038.5858	      0.0000
   1038.6176	      0.0000
   1039.1575	      0.0000
   1039.1893	      0.0000
   1039.2211	      0.0000
   1039.2529	      0.0000
   1039.2846	    542.0928
   1039.3164	   1453.0752
   1039.3482	   3322.3574
   1039.3800	   4836.6128
   1039.4118	   4133.3989
   1039.4436	   2380.7678
   1039.4754	    813.7050
   1039.5190	      0.0000
   1039.5507	      0.0000
   1039.5825	      0.0000
   1039.6143	      0.0000
   1082.1459	      0.0000
   1082.1797	      0.0000
   1082.2134	      0.0000
   1082.2472	      0.0000
   1082.2810	    862.7241
   1082.3148	   2291.8789
   1082.3485	   6596.1982
   1082.3823	  11956.4629
   1082.4161	  16864.8789
   1082.4499	  14683.4414
   1082.4836	   8700.3779
   1082.5174	   3171.0029
   1082.5512	    213.4647
   1082.5864	      0.0000
   1082.6202	      0.0000
   1082.6540	      0.0000
   1082.6878	      0.0000
   1083.1610	      0.0000
   1083.1948	      0.0000
   1083.2286	      0.0000
   1083.2625	      0.0000
   1083.2963	    557.9187
   1083.3301	   2252.9854
   1083.3639	   5113.6753
   1083.3977	   8312.4180
   1083.4316	   9623.7500
   1083.4654	   6714.6953
   1083.4992	   3445.1460
   1083.5331	    642.1171
   1083.5537	      0.0000
   1083.5876	      0.0000
   1083.6214	      0.0000
   1083.6552	      0.0000
   1084.2307	      0.0000
   1084.2646	      0.0000
   1084.2984	      0.0000
   1084.3323	      0.0000
   1084.3662	   1169.8204
   1084.4000	   1973.3434
   1084.4339	   2291.9089
   1084.4678	   1915.4730
   1084.5017	   1130.9425
   1084.5356	      0.0000
   1084.5695	      0.0000
   1084.6034	      0.0000
   1084.6373	      0.0000
   1172.6707	      0.0000
   1172.7088	      0.0000
   1172.7469	      0.0000
   1172.7850	      0.0000
   1172.8231	   1106.0748
   1172.8612	   1523.5677
   1172.8993	   1579.9172
   1172.9374	   1233.7847
   1172.9755	    685.6908
   1173.0136	      0.0000
   1173.0517	      0.0000
   1173.0898	      0.0000
   1173.1280	      0.0000
   1184.1433	      0.0000
   1184.1820	      0.0000
   1184.2206	      0.0000
   1184.2593	      0.0000
   1184.2979	    550.1638
   1184.3366	   1556.4236
   1184.3753	   3583.9824
   1184.4139	   5803.5464
   1184.4526	   6216.2871
   1184.4913	   4095.7202
   1184.5299	   1945.8069
   1184.5686	    692.4995
   1184.6073	      0.0000
   1184.6460	      0.0000
   1184.6846	      0.0000
   1184.7233	      0.0000
   1185.1876	      0.0000
   1185.2263	      0.0000
   1185.2650	      0.0000
   1185.3037	      0.0000
   1185.3424	    661.3221
   1185.3811	   1301.4470
   1185.4198	   1756.7589
   1185.4586	   1707.7651
   1185.4973	   1182.8602
   1185.5360	      0.0000
   1185.5747	      0.0000
   1185.6134	      0.0000
   1185.6522	      0.0000
   1200.1902	      0.0000
   1200.2296	      0.0000
   1200.2690	      0.0000
   1200.3085	      0.0000
   1200.3479	    786.0640
   1200.3874	   1574.0576
   1200.4268	   2025.5007
   1200.4663	   1825.6898
   1200.5057	   1141.6090
   1200.5452	      0.0000
   1200.5846	      0.0000
   1200.6241	      0.0000
   1200.6636	      0.0000
   1201.2162	      0.0000
   1201.2557	      0.0000
   1201.2952	      0.0000
   1201.3347	      0.0000
   1201.3742	    767.4771
   1201.4137	   1393.0775
   1201.4532	   1611.5233
   1201.4927	   1288.8412
   1201.5322	    706.3099
   1201.5718	      0.0000
   1201.6113	      0.0000
   1201.6508	      0.0000
   1201.6903	      0.0000
   1228.1589	      0.0000
   1228.1997	      0.0000
   1228.2406	      0.0000
   1228.2814	      0.0000
   1228.3222	    717.7717
   1228.3631	   2569.9666
   1228.4039	   5021.7432
   1228.4448	   7577.1914
   1228.4856	   7357.7368
   1228.5264	   4545.5747
   1228.5673	   1880.9176
   1228.6081	     65.2458
   1228.6490	      0.0000
   1228.6898	      0.0000
   1228.7307	      0.0000
   1228.7715	      0.0000
   1229.1802	      0.0000
   1229.2211	      0.0000
   1229.2620	      0.0000
   1229.3028	      0.0000
   1229.3437	    587.8568
   1229.3846	   1536.2721
   1229.4255	   2598.0259
   1229.4664	   4652.4014
   1229.5073	   3338.6082
   1229.5482	   1743.4880
   1229.5891	    781.9871
   1229.6300	      0.0000
   1229.6709	      0.0000
   1229.7118	      0.0000
   1229.7527	      0.0000
   1244.1539	      0.0000
   1244.1956	      0.0000
   1244.2372	      0.0000
   1244.2788	      0.0000
   1244.3205	    324.8463
   1244.3621	   1356.1425
   1244.4037	   4282.4595
   1244.4454	   6066.9688
   1244.4870	   5247.5488
   1244.5287	   2876.5122
   1244.5703	    698.1550
   1244.6120	      0.0000
   1244.6536	      0.0000
   1244.6953	      0.0000
   1244.7369	      0.0000
   1245.1952	      0.0000
   1245.2369	      0.0000
   1245.2786	      0.0000
   1245.3203	      0.0000
   1245.3620	   1207.7588
   1245.4037	   3496.7825
   1245.4454	   5437.7158
   1245.4870	   5467.8857
   1245.5287	   3421.8025
   1245.5704	   1465.9585
   1245.6121	    559.6274
   1245.6539	      0.0000
   1245.6956	      0.0000
   1245.7373	      0.0000
   1245.7790	      0.0000
   1346.2324	      0.0000
   1346.2793	      0.0000
   1346.3261	      0.0000
   1346.3730	      0.0000
   1346.4199	    642.0764
   1346.4667	   1325.5765
   1346.5136	   1669.6104
   1346.5605	   1399.5380
   1346.6073	    751.3382
   1346.6542	      0.0000
   1346.7011	      0.0000
   1346.7480	      0.0000
   1346.7949	      0.0000
   1376.1938	      0.0000
   1376.2422	      0.0000
   1376.2906	      0.0000
   1376.3391	      0.0000
   1376.3875	    944.4741
   1376.4359	   1807.0436
   1376.4844	   2293.0898
   1376.5328	   2032.5375
   1376.5813	   1221.7069
   1376.6297	      0.0000
   1376.6782	      0.0000
   1376.7266	      0.0000
   1376.7751	      0.0000
   1390.2470	      0.0000
   1390.2962	      0.0000
   1390.3454	      0.0000
   1390.3945	      0.0000
   1390.4437	   1217.1539
   1390.4929	   1823.2997
   1390.5421	   1884.4316
   1390.5913	   1373.4635
   1390.6405	    668.3596
   1390.6897	      0.0000
   1390.7388	      0.0000
   1390.7880	      0.0000
   1390.8372	      0.0000
   1391.2309	      0.0000
   1391.2802	      0.0000
   1391.3294	      0.0000
   1391.3786	      0.0000
   1391.4278	    768.6394
   1391.4771	   1281.8068
   1391.5263	   1500.3962
   1391.5755	   1300.4832
   1391.6248	    816.6177
   1391.6728	      0.0000
   1391.7221	      0.0000
   1391.7713	      0.0000
   1391.8206	      0.0000
   1406.1645	      0.0000
   1406.2145	      0.0000
   1406.2645	      0.0000
   1406.3146	      0.0000
   1406.3646	    943.9131
   1406.4146	   2623.7224
   1406.4647	   4476.3970
   1406.5147	   5393.8921
   1406.5647	   3937.4497
   1406.6148	   2131.7969
   1406.6648	    659.8457
   1406.7149	      0.0000
   1406.7649	      0.0000
   1406.8150	      0.0000
   1406.8650	      0.0000
   1508.1807	      0.0000
   1508.2363	      0.0000
   1508.2919	      0.0000
   1508.3474	      0.0000
   1508.4030	    862.2305
   1508.4586	   1706.4242
   1508.5141	   2286.3943
   1508.5697	   2202.8557
   1508.6253	   1514.7219
   1508.6809	    705.1987
   1508.7365	      0.0000
   1508.7921	      0.0000
   1508.8476	      0.0000
   1508.9032	      0.0000
   1929.3148	      0.0000
   1929.3952	      0.0000
   1929.4756	      0.0000
   1929.5560	      0.0000
