# ljz_20131022_MR_Chym1_ELUTE.mzML
#
# index: 1356
# id: controllerType=0 controllerNumber=1 scan=6630
# scanNumber: 6630
# massAnalyzerType: quadrupole
# scanEvent: 2
# msLevel: 2
# retentionTime: 1912.39
# filterString: FTMS + p NSI d Full ms2 387.71@hcd28.00 [100.00-810.00]
# mzLow: 99.0035
# mzHigh: 818.237
# basePeakMZ: 355.071
# basePeakIntensity: 1.88285e+006
# totalIonCurrent: 1.90335e+007
# precursorCount: 1
# precursor 0: 387.711 7.20469e+006
# binary (2305): 
     99.0035	      0.0000
     99.0044	      0.0000
     99.0053	      0.0000
     99.0063	      0.0000
    110.0637	      0.0000
    110.0648	      0.0000
    110.0659	      0.0000
    110.0670	      0.0000
    110.0681	   2520.9639
    110.0692	   5168.3496
    110.0703	   7466.7920
    110.0714	   8032.8735
    110.0725	   6432.6807
    110.0735	   3636.0361
    110.0746	      0.0000
    110.0757	      0.0000
    110.0768	      0.0000
    110.0779	      0.0000
    111.0372	      0.0000
    111.0383	      0.0000
    111.0394	      0.0000
    111.0406	      0.0000
    111.0417	   2409.6814
    111.0428	   4326.4438
    111.0439	   5277.3301
    111.0450	   4426.7549
    111.0461	   2330.9497
    111.0476	      0.0000
    111.0487	      0.0000
    111.0498	      0.0000
    111.0509	      0.0000
    115.0779	      0.0000
    115.0791	      0.0000
    115.0802	      0.0000
    115.0814	      0.0000
    115.0826	   2899.3086
    115.0837	   9244.2061
    115.0849	  24030.9297
    115.0861	  40179.9102
    115.0873	  48480.5781
    115.0884	  34557.8867
    115.0896	  18240.7832
    115.0908	   3432.6033
    115.0915	      0.0000
    115.0927	      0.0000
    115.0938	      0.0000
    115.0950	      0.0000
    120.0729	      0.0000
    120.0741	      0.0000
    120.0753	      0.0000
    120.0766	      0.0000
    120.0778	   2802.7390
    120.0791	   5900.0381
    120.0803	   7795.9126
    120.0816	   7044.1904
    120.0828	   4296.0518
    120.0841	   1484.4554
    120.0852	      0.0000
    120.0865	      0.0000
    120.0877	      0.0000
    120.0890	      0.0000
    129.0454	      0.0000
    129.0467	      0.0000
    129.0481	      0.0000
    129.0495	      0.0000
    129.0509	   2673.6785
    129.0523	   6320.8389
    129.0537	   9785.9287
    129.0551	  10854.8916
    129.0565	   8690.4033
    129.0579	   4789.9409
    129.0593	   1722.1863
    129.0608	      0.0000
    129.0622	      0.0000
    129.0636	      0.0000
    129.0650	      0.0000
    129.0914	      0.0000
    129.0928	      0.0000
    129.0942	      0.0000
    129.0956	      0.0000
    129.0970	    837.1447
    129.0984	   6149.4956
    129.0998	  19246.4531
    129.1012	  33597.3828
    129.1026	  43629.3984
    129.1040	  33697.7109
    129.1054	  19421.8906
    129.1067	   5730.1206
    129.1081	    535.5645
    129.1098	      0.0000
    129.1112	      0.0000
    129.1126	      0.0000
    129.1140	      0.0000
    132.0867	      0.0000
    132.0882	      0.0000
    132.0896	      0.0000
    132.0910	      0.0000
    132.0925	      0.0000
    132.0939	  10260.5176
    132.0954	  24776.7910
    132.0968	  54418.1055
    132.0982	 138629.6719
    132.0997	 340564.3750
    132.1011	 564839.6875
    132.1026	 698009.4375
    132.1040	 520054.5625
    132.1054	 292417.3750
    132.1069	  78262.1875
    132.1083	   3635.3699
    132.1093	      0.0000
    132.1107	      0.0000
    132.1121	      0.0000
    132.1136	      0.0000
    133.0942	      0.0000
    133.0956	      0.0000
    133.0971	      0.0000
    133.0985	      0.0000
    133.1000	   1780.4369
    133.1014	   5932.1841
    133.1029	  20605.0859
    133.1043	  31532.8516
    133.1058	  34491.4023
    133.1073	  23287.0859
    133.1087	  11699.2217
    133.1102	   1391.7905
    133.1116	      0.0000
    133.1130	      0.0000
    133.1145	      0.0000
    133.1159	      0.0000
    141.0910	      0.0000
    141.0926	      0.0000
    141.0942	      0.0000
    141.0958	      0.0000
    141.0973	   1911.2163
    141.0989	   5023.4624
    141.1005	   8129.7529
    141.1021	   9221.5186
    141.1037	   7482.8438
    141.1053	   4169.5278
    141.1069	   1514.3411
    141.1085	      0.0000
    141.1101	      0.0000
    141.1117	      0.0000
    141.1133	      0.0000
    143.0701	      0.0000
    143.0717	      0.0000
    143.0733	      0.0000
    143.0750	      0.0000
    143.0766	      0.0000
    143.0782	      0.0000
    143.0798	      0.0000
    143.0815	      0.0000
    143.0831	      0.0000
    143.0847	      0.0000
    143.0863	      0.0000
    143.0885	      0.0000
    143.0901	      0.0000
    143.0918	      0.0000
    143.0934	      0.0000
    149.0258	      0.0000
    149.0275	      0.0000
    149.0293	      0.0000
    149.0310	      0.0000
    149.0327	   3515.1702
    149.0344	   4130.7480
    149.0362	   9762.6484
    149.0379	  16932.4805
    149.0396	  41126.7344
    149.0413	 119212.5703
    149.0431	 226236.0781
    149.0448	 334127.9063
    149.0465	 311984.0313
    149.0483	 192822.0938
    149.0500	  82288.9375
    149.0517	  15015.0176
    149.0534	      0.0000
    149.0548	      0.0000
    149.0565	      0.0000
    149.0583	      0.0000
    149.0600	      0.0000
    150.0297	      0.0000
    150.0314	      0.0000
    150.0332	      0.0000
    150.0349	      0.0000
    150.0366	    622.1781
    150.0384	   4290.4678
    150.0401	  14412.5957
    150.0419	  37177.6172
    150.0436	  61590.4219
    150.0454	  80515.1719
    150.0471	  67981.0781
    150.0488	  41961.4141
    150.0506	  18014.8867
    150.0523	   3173.3071
    150.0539	      0.0000
    150.0556	      0.0000
    150.0574	      0.0000
    150.0591	      0.0000
    151.0262	      0.0000
    151.0280	      0.0000
    151.0298	      0.0000
    151.0315	      0.0000
    151.0333	   2687.9290
    151.0350	   8198.9268
    151.0368	  28243.5742
    151.0386	  73292.1953
    151.0403	 121770.8281
    151.0421	 148831.3750
    151.0438	 111149.5156
    151.0456	  63482.9102
    151.0474	  20546.9219
    151.0491	   3630.4749
    151.0513	      0.0000
    151.0530	      0.0000
    151.0548	      0.0000
    151.0566	      0.0000
    157.1185	      0.0000
    157.1203	      0.0000
    157.1222	      0.0000
    157.1241	      0.0000
    157.1260	   1189.1293
    157.1278	   4583.7402
    157.1297	  17041.3066
    157.1316	  33814.4727
    157.1334	  50217.9219
    157.1353	  45285.2227
    157.1372	  27049.8906
    157.1390	  10142.9229
    157.1409	   1443.9493
    157.1424	      0.0000
    157.1442	      0.0000
    157.1461	      0.0000
    157.1480	      0.0000
    159.0638	      0.0000
    159.0657	      0.0000
    159.0676	      0.0000
    159.0695	      0.0000
    159.0714	   1194.1196
    159.0734	   4329.8091
    159.0753	   7819.5527
    159.0772	   9272.6895
    159.0791	   7653.5176
    159.0810	   4332.5039
    159.0829	   1845.4224
    159.0848	      0.0000
    159.0867	      0.0000
    159.0886	      0.0000
    159.0905	      0.0000
    166.0386	      0.0000
    166.0406	      0.0000
    166.0426	      0.0000
    166.0446	      0.0000
    166.0467	   3072.0144
    166.0487	   6310.1333
    166.0507	   9011.1992
    166.0528	   9604.8486
    166.0548	   7767.0327
    166.0568	   4689.1182
    166.0588	   2053.4001
    166.0609	      0.0000
    166.0629	      0.0000
    166.0649	      0.0000
    166.0670	      0.0000
    167.0313	      0.0000
    167.0333	      0.0000
    167.0354	      0.0000
    167.0374	      0.0000
    167.0395	      0.0000
    167.0415	      0.0000
    167.0436	      0.0000
    167.0461	  12738.8281
    167.0481	  27042.9707
    167.0502	  77232.1250
    167.0522	 185985.3438
    167.0543	 305432.1250
    167.0563	 358944.0625
    167.0584	 255849.3438
    167.0604	 137817.2656
    167.0624	  35990.4102
    167.0645	   5125.8604
    167.0665	   3546.9834
    167.0684	      0.0000
    167.0704	      0.0000
    167.0725	      0.0000
    167.0745	      0.0000
    168.0394	      0.0000
    168.0415	      0.0000
    168.0435	      0.0000
    168.0456	      0.0000
    168.0477	   2741.8921
    168.0497	  13801.0557
    168.0518	  38660.5117
    168.0539	  67067.5391
    168.0559	  92432.4297
    168.0580	  83659.2422
    168.0601	  53526.4531
    168.0621	  25111.9160
    168.0642	   5663.2388
    168.0663	      0.0000
    168.0682	      0.0000
    168.0702	      0.0000
    168.0723	      0.0000
    168.0744	      0.0000
    169.0333	      0.0000
    169.0354	      0.0000
    169.0375	      0.0000
    169.0396	      0.0000
    169.0417	   1237.9781
    169.0438	   6151.2778
    169.0458	  23887.2598
    169.0479	  72505.7266
    169.0500	 128895.9766
    169.0521	 178271.9063
    169.0542	 153272.8438
    169.0563	  93679.4219
    169.0584	  39036.0703
    169.0604	   9740.1807
    169.0625	      0.0000
    169.0645	      0.0000
    169.0666	      0.0000
    169.0687	      0.0000
    169.0708	      0.0000
    169.0833	      0.0000
    169.0854	      0.0000
    169.0875	      0.0000
    169.0896	      0.0000
    169.0917	   1887.3657
    169.0937	   4813.1855
    169.0958	   7800.0547
    169.0979	   8930.4424
    169.1000	   7250.1357
    169.1021	   3919.6167
    169.1042	      0.0000
    169.1062	      0.0000
    169.1083	      0.0000
    169.1104	      0.0000
    170.0425	      0.0000
    170.0446	      0.0000
    170.0467	      0.0000
    170.0488	      0.0000
    170.0509	   2798.6506
    170.0530	   5013.9907
    170.0551	   5952.5728
    170.0572	   4999.8394
    170.0594	   2958.2385
    170.0615	      0.0000
    170.0636	      0.0000
    170.0657	      0.0000
    170.0678	      0.0000
    183.0599	      0.0000
    183.0623	      0.0000
    183.0646	      0.0000
    183.0670	      0.0000
    183.0693	   3534.3362
    183.0717	  12662.7148
    183.0740	  23014.9297
    183.0764	  31319.7207
    183.0787	  25340.2441
    183.0811	  14784.3008
    183.0834	   4465.6133
    183.0858	   2343.3672
    183.0881	      0.0000
    183.0905	      0.0000
    183.0928	      0.0000
    183.0952	      0.0000
    185.1115	      0.0000
    185.1139	      0.0000
    185.1163	      0.0000
    185.1187	      0.0000
    185.1211	   1539.6577
    185.1235	   4822.3491
    185.1259	   8745.9854
    185.1283	  10814.3320
    185.1307	   9441.9893
    185.1330	   5647.2021
    185.1354	   2083.3972
    185.1378	      0.0000
    185.1402	      0.0000
    185.1426	      0.0000
    185.1450	      0.0000
    196.3985	      0.0000
    196.4011	      0.0000
    196.4037	      0.0000
    196.4063	      0.0000
    196.4089	   3803.8564
    196.4116	   5894.7178
    196.4142	   6462.1221
    196.4168	   5222.2017
    196.4194	   3001.9915
    196.4220	      0.0000
    196.4246	      0.0000
    196.4272	      0.0000
    196.4298	      0.0000
    200.0837	      0.0000
    200.0864	      0.0000
    200.0891	      0.0000
    200.0918	      0.0000
    200.0944	   2820.8013
    200.0971	  10999.9902
    200.0998	  20867.2324
    200.1025	  30270.3672
    200.1052	  26034.4160
    200.1079	  14917.2861
    200.1106	   4686.3101
    200.1132	   2722.7913
    200.1165	      0.0000
    200.1192	      0.0000
    200.1219	      0.0000
    200.1245	      0.0000
    203.1115	      0.0000
    203.1142	      0.0000
    203.1170	      0.0000
    203.1197	      0.0000
    203.1225	   3268.1245
    203.1252	   4761.6514
    203.1280	   7227.9902
    203.1307	  20824.5898
    203.1335	  67277.0781
    203.1362	 127773.3359
    203.1390	 186248.7500
    203.1417	 168193.9063
    203.1444	 102741.6172
    203.1472	  42124.5391
    203.1499	   8769.3242
    203.1527	   1270.1490
    203.1547	      0.0000
    203.1574	      0.0000
    203.1602	      0.0000
    203.1629	      0.0000
    207.0129	      0.0000
    207.0157	      0.0000
    207.0185	      0.0000
    207.0213	      0.0000
    207.0242	   3717.5869
    207.0270	  16628.3340
    207.0298	  30822.9668
    207.0326	  42387.6211
    207.0355	  34275.7031
    207.0383	  19849.1504
    207.0411	   6549.4746
    207.0439	    805.3016
    207.0470	      0.0000
    207.0498	      0.0000
    207.0526	      0.0000
    207.0555	      0.0000
    208.0168	      0.0000
    208.0197	      0.0000
    208.0225	      0.0000
    208.0254	      0.0000
    208.0282	   4007.1948
    208.0311	   6545.3774
    208.0339	   7632.4888
    208.0368	   6564.2065
    208.0396	   4115.3511
    208.0425	   1706.0378
    208.0453	      0.0000
    208.0481	      0.0000
    208.0510	      0.0000
    208.0538	      0.0000
    208.9935	      0.0000
    208.9964	      0.0000
    208.9993	      0.0000
    209.0021	      0.0000
    209.0050	   1247.6208
    209.0079	   4335.7578
    209.0107	   7978.6455
    209.0136	   9181.6826
    209.0165	   4606.4067
    209.0193	   1687.9897
    209.0222	   5430.1890
    209.0251	  19911.7871
    209.0279	  34762.7813
    209.0308	  45302.5195
    209.0337	  36696.4102
    209.0365	  22095.8281
    209.0394	   8884.2646
    209.0423	   2740.7954
    209.0451	      0.0000
    209.0480	      0.0000
    209.0508	      0.0000
    209.0537	      0.0000
    210.9909	      0.0000
    210.9938	      0.0000
    210.9967	      0.0000
    210.9996	      0.0000
    211.0025	   1927.7638
    211.0054	   5166.8232
    211.0083	   8158.9067
    211.0113	   8714.2607
    211.0142	   6480.4932
    211.0171	   3105.3743
    211.0200	      0.0000
    211.0229	      0.0000
    211.0258	      0.0000
    211.0288	      0.0000
    220.5949	      0.0000
    220.5980	      0.0000
    220.6011	      0.0000
    220.6042	      0.0000
    220.6073	   2620.6282
    220.6104	   5866.9702
    220.6135	   8826.5088
    220.6166	   9519.6621
    220.6198	   7454.2754
    220.6229	   4021.2852
    220.6265	      0.0000
    220.6296	      0.0000
    220.6328	      0.0000
    220.6359	      0.0000
    221.0530	      0.0000
    221.0561	      0.0000
    221.0592	      0.0000
    221.0624	      0.0000
    221.0655	   2707.6731
    221.0686	   5950.9819
    221.0717	  10083.9199
    221.0748	  29175.8086
    221.0780	  94550.4063
    221.0811	 182267.4844
    221.0842	 269572.4688
    221.0873	 247896.3438
    221.0904	 152557.2344
    221.0935	  64450.8203
    221.0967	  13888.8223
    221.0998	   2808.0142
    221.1023	      0.0000
    221.1054	      0.0000
    221.1086	   4804.7305
    221.1117	      0.0000
    221.1151	      0.0000
    221.1183	      0.0000
    221.1214	      0.0000
    221.1245	      0.0000
    222.0569	      0.0000
    222.0600	      0.0000
    222.0632	      0.0000
    222.0663	      0.0000
    222.0694	   1012.7275
    222.0726	   4736.0947
    222.0757	  19166.4043
    222.0789	  58795.4609
    222.0820	 104474.6875
    222.0851	 144773.4063
    222.0883	 124632.6094
    222.0914	  75541.6484
    222.0946	  30410.9316
    222.0977	   5593.8882
    222.1008	      0.0000
    222.1036	      0.0000
    222.1068	      0.0000
    222.1099	      0.0000
    222.1130	      0.0000
    223.0391	      0.0000
    223.0422	      0.0000
    223.0454	      0.0000
    223.0485	      0.0000
    223.0517	      0.0000
    223.0549	  12445.3271
    223.0580	  57590.8828
    223.0612	 101333.9375
    223.0643	 110787.9375
    223.0675	  74914.6250
    223.0707	  47601.8945
    223.0738	  76438.9609
    223.0770	 184864.3750
    223.0801	 296148.5313
    223.0833	 343393.4375
    223.0865	 245389.7344
    223.0896	 133277.5000
    223.0928	  35656.2070
    223.0959	   4679.6421
    223.0991	      0.0000
    223.1023	      0.0000
    223.1054	      0.0000
    223.1086	      0.0000
    223.1117	      0.0000
    224.0408	      0.0000
    224.0440	      0.0000
    224.0472	      0.0000
    224.0504	      0.0000
    224.0536	   2375.2393
    224.0568	   6442.3340
    224.0599	  14767.0635
    224.0631	  19680.0000
    224.0663	  16423.0605
    224.0695	   9835.4775
    224.0727	   6986.3872
    224.0758	  15473.8789
    224.0790	  29921.9844
    224.0822	  44605.9180
    224.0854	  42037.8320
    224.0886	  25978.2285
    224.0917	  10908.8379
    224.0949	   1807.0187
    224.0985	      0.0000
    224.1017	      0.0000
    224.1049	      0.0000
    224.1080	      0.0000
    225.0082	      0.0000
    225.0114	      0.0000
    225.0146	      0.0000
    225.0178	      0.0000
    225.0210	      0.0000
    225.0242	  13126.5029
    225.0274	  24997.7402
    225.0306	  58029.1953
    225.0338	 177609.4219
    225.0370	 524075.3438
    225.0402	 908493.3125
    225.0434	1202940.8750
    225.0466	 956505.3750
    225.0498	 562596.5000
    225.0530	 189512.7656
    225.0562	  44595.3281
    225.0594	  13937.2754
    225.0622	  17628.6621
    225.0654	   7073.4502
    225.0686	   3271.4590
    225.0721	      0.0000
    225.0753	      0.0000
    225.0785	      0.0000
    225.0817	      0.0000
    226.0103	      0.0000
    226.0135	      0.0000
    226.0167	      0.0000
    226.0200	      0.0000
    226.0232	   3576.4675
    226.0264	   7382.7627
    226.0296	  17856.6504
    226.0328	  62597.0273
    226.0361	 197186.4844
    226.0393	 382611.5313
    226.0425	 576894.2500
    226.0457	 567964.1250
    226.0490	 367810.7813
    226.0522	 180604.7031
    226.0554	  48015.2734
    226.0586	   5307.7686
    226.0619	      0.0000
    226.0648	      0.0000
    226.0680	      0.0000
    226.0712	      0.0000
    226.0744	      0.0000
    226.9735	      0.0000
    226.9767	      0.0000
    226.9799	      0.0000
    226.9832	      0.0000
    226.9864	      0.0000
    226.9897	      0.0000
    226.9929	      0.0000
    226.9962	      0.0000
    226.9994	      0.0000
    227.0027	      0.0000
    227.0059	      0.0000
    227.0091	      0.0000
    227.0124	      0.0000
    227.0156	  27132.3457
    227.0189	  59299.8789
    227.0221	  81720.1016
    227.0254	  75590.4688
    227.0285	 121333.9766
    227.0317	 343243.0625
    227.0350	 793592.8750
    227.0382	1271175.2500
    227.0415	1443773.3750
    227.0447	1022704.5625
    227.0480	 560387.3125
    227.0512	 175331.3594
    227.0545	  34880.5664
    227.0577	      0.0000
    227.0611	      0.0000
    227.0643	      0.0000
    227.0675	      0.0000
    227.0708	      0.0000
    227.9986	      0.0000
    228.0019	      0.0000
    228.0052	      0.0000
    228.0084	      0.0000
    228.0117	      0.0000
    228.0150	  10866.9355
    228.0182	  27663.3789
    228.0215	  36198.7539
    228.0248	  29982.7344
    228.0280	  21467.2012
    228.0313	  28518.9238
    228.0346	  72045.4063
    228.0378	 127928.9766
    228.0411	 175843.4531
    228.0444	 152546.6719
    228.0476	  92460.4453
    228.0509	  36637.8398
    228.0542	   6795.0366
    228.0574	      0.0000
    228.0608	      0.0000
    228.0641	      0.0000
    228.0673	      0.0000
    228.0706	      0.0000
    228.1458	      0.0000
    228.1490	      0.0000
    228.1523	      0.0000
    228.1556	      0.0000
    228.1588	   1977.9119
    228.1621	   5650.9961
    228.1654	  14277.4551
    228.1686	  22765.4199
    228.1719	  23513.4316
    228.1752	  15504.3057
    228.1784	   5820.0835
    228.1817	   1936.2560
    228.1850	      0.0000
    228.1883	      0.0000
    228.1915	      0.0000
    228.1948	      0.0000
    228.6041	      0.0000
    228.6073	      0.0000
    228.6106	      0.0000
    228.6139	      0.0000
    228.6172	   2537.6875
    228.6205	   5009.4814
    228.6237	   6406.6440
    228.6270	   5801.3755
    228.6303	   3636.7627
    228.6336	      0.0000
    228.6368	      0.0000
    228.6401	      0.0000
    228.6434	      0.0000
    228.9816	      0.0000
    228.9848	      0.0000
    228.9881	      0.0000
    228.9914	      0.0000
    228.9947	   1948.1157
    228.9980	   7185.9771
    229.0013	   7368.9004
    229.0046	   6868.7925
    229.0080	  11397.1123
    229.0113	  36112.1484
    229.0146	  81950.6484
    229.0179	 130813.8438
    229.0212	 137736.6563
    229.0245	  90720.0000
    229.0278	  44248.5273
    229.0310	  12377.3398
    229.0343	   6614.8657
    229.0374	   9289.9824
    229.0407	  10004.2588
    229.0440	   7461.4263
    229.0473	   2620.1555
    229.0506	      0.0000
    229.0539	      0.0000
    229.0572	      0.0000
    229.0605	      0.0000
    229.9972	      0.0000
    230.0005	      0.0000
    230.0038	      0.0000
    230.0071	      0.0000
    230.0105	   1707.4314
    230.0138	   5461.5972
    230.0171	  15365.0166
    230.0204	  22672.1563
    230.0237	  20851.0488
    230.0270	  12376.3984
    230.0303	   4893.9146
    230.0336	   1686.6550
    230.0369	      0.0000
    230.0402	      0.0000
    230.0435	      0.0000
    230.0469	      0.0000
    230.1296	      0.0000
    230.1329	      0.0000
    230.1362	      0.0000
    230.1396	      0.0000
    230.1429	   3303.4272
    230.1462	   5104.4863
    230.1495	   5602.5137
    230.1528	   4492.5742
    230.1561	   2537.0176
    230.1594	      0.0000
    230.1627	      0.0000
    230.1660	      0.0000
    230.1694	      0.0000
    230.9764	      0.0000
    230.9797	      0.0000
    230.9830	      0.0000
    230.9863	      0.0000
    230.9897	   2101.8804
    230.9930	   4717.5869
    230.9963	   7078.2310
    230.9997	   7672.8916
    231.0030	   6059.2666
    231.0063	   3285.0994
    231.0099	      0.0000
    231.0132	      0.0000
    231.0165	      0.0000
    231.0199	      0.0000
    239.0574	      0.0000
    239.0609	      0.0000
    239.0644	      0.0000
    239.0679	      0.0000
    239.0714	      0.0000
    239.0749	   9186.5508
    239.0784	  14581.5068
    239.0819	  38917.7305
    239.0854	 128680.8594
    239.0889	 334940.8750
    239.0924	 558772.8750
    239.0960	 677839.0625
    239.0995	 497813.9375
    239.1030	 278875.7188
    239.1065	  83851.2500
    239.1100	  18986.2832
    239.1135	   7446.5767
    239.1168	   9055.1396
    239.1203	   4767.1050
    239.1238	    168.9437
    239.1277	      0.0000
    239.1312	      0.0000
    239.1348	      0.0000
    239.1383	      0.0000
    240.0635	      0.0000
    240.0670	      0.0000
    240.0705	      0.0000
    240.0741	      0.0000
    240.0776	   2561.1729
    240.0811	  11329.8594
    240.0846	  42035.8906
    240.0882	 130420.8281
    240.0917	 245499.2188
    240.0952	 361211.3125
    240.0988	 341404.9688
    240.1023	 216985.9375
    240.1058	 101449.7344
    240.1093	  25307.5723
    240.1129	   1655.1653
    240.1159	      0.0000
    240.1194	      0.0000
    240.1229	      0.0000
    240.1265	      0.0000
    241.0574	      0.0000
    241.0610	      0.0000
    241.0645	      0.0000
    241.0681	      0.0000
    241.0716	      0.0000
    241.0752	   5467.3560
    241.0787	  44471.5508
    241.0823	 166518.5625
    241.0858	 445136.7813
    241.0894	 742045.5625
    241.0929	 930314.6250
    241.0965	 722031.1875
    241.1000	 428054.2188
    241.1036	 154671.2813
    241.1071	  37108.3828
    241.1107	      0.0000
    241.1143	      0.0000
    241.1179	      0.0000
    241.1214	      0.0000
    241.1250	      0.0000
    242.0618	      0.0000
    242.0654	      0.0000
    242.0689	      0.0000
    242.0725	      0.0000
    242.0761	      0.0000
    242.0796	   5279.1050
    242.0832	  21990.1680
    242.0868	  56184.7813
    242.0904	  92895.5547
    242.0939	 114472.8438
    242.0975	  87914.9297
    242.1011	  52040.8711
    242.1047	  18461.6582
    242.1082	   3558.0432
    242.1119	      0.0000
    242.1154	      0.0000
    242.1190	      0.0000
    242.1226	      0.0000
    243.0652	      0.0000
    243.0688	      0.0000
    243.0724	      0.0000
    243.0760	      0.0000
    243.0796	   2512.1167
    243.0832	   4672.7583
    243.0868	   6090.6499
    243.0904	   5979.0415
    243.0940	   4416.8921
    243.0975	      0.0000
    243.1011	      0.0000
    243.1047	      0.0000
    243.1083	      0.0000
    251.0986	      0.0000
    251.1024	      0.0000
    251.1061	      0.0000
    251.1099	      0.0000
    251.1137	   1915.1183
    251.1175	   4831.2764
    251.1212	   7821.7407
    251.1250	   8803.6465
    251.1288	   7064.5581
    251.1326	   3855.2827
    251.1363	      0.0000
    251.1401	      0.0000
    251.1439	      0.0000
    251.1476	      0.0000
    256.0701	      0.0000
    256.0740	      0.0000
    256.0779	      0.0000
    256.0817	      0.0000
    256.0856	   4510.9053
    256.0895	   7018.7871
    256.0934	   7336.8975
    256.0973	   5086.9380
    256.1012	   1973.6746
    256.1060	      0.0000
    256.1099	      0.0000
    256.1138	      0.0000
    256.1177	      0.0000
    260.1299	      0.0000
    260.1338	      0.0000
    260.1378	      0.0000
    260.1418	      0.0000
    260.1458	   1262.7773
    260.1498	   5071.5938
    260.1537	  17112.9180
    260.1577	  33342.4414
    260.1617	  49275.0430
    260.1657	  45620.4844
    260.1697	  28343.9941
    260.1736	  12012.1963
    260.1776	   2509.1721
    260.1807	      0.0000
    260.1847	      0.0000
    260.1887	      0.0000
    260.1927	      0.0000
    263.6139	      0.0000
    263.6180	      0.0000
    263.6221	      0.0000
    263.6261	      0.0000
    263.6302	   3268.4758
    263.6342	   7929.8301
    263.6383	  18269.2871
    263.6424	  20340.3984
    263.6464	  13537.3057
    263.6505	   5670.3701
    263.6545	   1969.9423
    263.6586	      0.0000
    263.6627	      0.0000
    263.6667	      0.0000
    263.6708	      0.0000
    264.1018	      0.0000
    264.1059	      0.0000
    264.1099	      0.0000
    264.1140	      0.0000
    264.1181	   1797.7058
    264.1222	   4906.4468
    264.1262	  12164.7266
    264.1303	  20181.3633
    264.1344	  23347.1172
    264.1384	  17850.6250
    264.1425	   6705.2969
    264.1466	   2762.4363
    264.1507	      0.0000
    264.1547	      0.0000
    264.1588	      0.0000
    264.1629	      0.0000
    264.6073	      0.0000
    264.6114	      0.0000
    264.6155	      0.0000
    264.6196	      0.0000
    264.6237	   2682.7197
    264.6278	   5306.4980
    264.6318	   7170.5537
    264.6359	   6823.7002
    264.6400	   4404.3511
    264.6441	      0.0000
    264.6482	      0.0000
    264.6522	      0.0000
    264.6563	      0.0000
    266.9707	      0.0000
    266.9748	      0.0000
    266.9789	      0.0000
    266.9831	      0.0000
    266.9872	    484.8520
    266.9913	  10532.3164
    266.9955	  22925.4043
    266.9996	  35046.5664
    267.0038	  31808.1074
    267.0079	  19675.4824
    267.0120	   8881.7373
    267.0162	   1933.9108
    267.0201	      0.0000
    267.0243	      0.0000
    267.0284	      0.0000
    267.0325	      0.0000
    268.9468	      0.0000
    268.9509	      0.0000
    268.9551	      0.0000
    268.9593	      0.0000
    268.9635	   4145.5054
    268.9677	  15751.0723
    268.9719	  36369.0234
    268.9760	  58513.2539
    268.9802	  63418.6914
    268.9844	  42376.6367
    268.9886	  21031.5645
    268.9928	   5475.0693
    268.9970	   1041.8512
    269.0013	      0.0000
    269.0055	      0.0000
    269.0097	      0.0000
    269.0139	      0.0000
    272.5984	      0.0000
    272.6026	      0.0000
    272.6069	      0.0000
    272.6112	      0.0000
    272.6154	   2097.1917
    272.6197	   6040.0762
    272.6240	   4930.2993
    272.6291	   6058.8433
    272.6334	  13638.5127
    272.6377	  40990.8320
    272.6419	  75791.0469
    272.6462	 107252.3984
    272.6505	  92587.3594
    272.6548	  55162.6211
    272.6590	  20455.7148
    272.6633	   3404.2251
    272.6667	      0.0000
    272.6709	      0.0000
    272.6752	      0.0000
    272.6795	      0.0000
    273.1157	      0.0000
    273.1199	      0.0000
    273.1242	      0.0000
    273.1285	      0.0000
    273.1328	   2404.7119
    273.1371	   8747.4316
    273.1413	  18050.4297
    273.1456	  27596.6758
    273.1499	  25841.4336
    273.1542	  15341.7607
    273.1585	   5786.6758
    273.1628	   2310.6094
    273.1670	      0.0000
    273.1713	      0.0000
    273.1756	      0.0000
    273.1799	      0.0000
    274.1288	      0.0000
    274.1332	      0.0000
    274.1375	      0.0000
    274.1418	      0.0000
    274.1461	   3568.6875
    274.1504	   8395.2344
    274.1547	  19169.2637
    274.1590	  22633.1699
    274.1633	  15806.3730
    274.1676	   7788.0737
    274.1719	   2972.0654
    274.1756	      0.0000
    274.1799	      0.0000
    274.1842	      0.0000
    274.1885	      0.0000
    281.0189	      0.0000
    281.0233	      0.0000
    281.0278	      0.0000
    281.0323	      0.0000
    281.0367	   3823.5400
    281.0412	  18250.4531
    281.0457	  36825.5469
    281.0501	  55102.7500
    281.0546	  50529.4258
    281.0591	  31450.8301
    281.0636	  13911.1475
    281.0680	   4263.2515
    281.0732	      0.0000
    281.0777	      0.0000
    281.0822	      0.0000
    281.0866	      0.0000
    282.0232	      0.0000
    282.0277	      0.0000
    282.0322	      0.0000
    282.0367	      0.0000
    282.0412	   3519.2217
    282.0457	   7054.8481
    282.0502	   9572.8203
    282.0547	   9285.8701
    282.0591	   6380.5991
    282.0636	   2874.6682
    282.0681	      0.0000
    282.0726	      0.0000
    282.0771	      0.0000
    282.0816	      0.0000
    282.1311	      0.0000
    282.1355	      0.0000
    282.1400	      0.0000
    282.1445	      0.0000
    282.1490	   3055.1665
    282.1535	   5508.5483
    282.1580	   6790.8511
    282.1625	   6007.1875
    282.1670	   3715.3018
    282.1732	      0.0000
    282.1777	      0.0000
    282.1822	      0.0000
    282.1867	      0.0000
    283.0113	      0.0000
    283.0158	      0.0000
    283.0203	      0.0000
    283.0249	      0.0000
    283.0294	   2759.2419
    283.0339	   5648.3228
    283.0384	  11103.8018
    283.0429	  27581.9219
    283.0474	  46801.6328
    283.0520	  61047.6016
    283.0565	  48502.3945
    283.0610	  27952.5527
    283.0655	   8229.5547
    283.0700	      0.0000
    283.0729	      0.0000
    283.0774	      0.0000
    283.0819	      0.0000
    283.0864	      0.0000
    283.1361	      0.0000
    283.1406	      0.0000
    283.1452	      0.0000
    283.1497	      0.0000
    283.1542	   3588.7681
    283.1587	   6755.7095
    283.1632	   8140.7119
    283.1678	   6570.6206
    283.1723	   3287.0010
    283.1768	      0.0000
    283.1813	      0.0000
    283.1858	      0.0000
    283.1903	      0.0000
    284.9524	      0.0000
    284.9570	      0.0000
    284.9616	      0.0000
    284.9661	      0.0000
    284.9707	      0.0000
    284.9752	      0.0000
    284.9798	      0.0000
    284.9842	  14929.8936
    284.9888	  19350.3262
    284.9933	  59131.5273
    284.9979	 212709.9219
    285.0025	 491533.6875
    285.0070	 794250.0625
    285.0116	 881318.1250
    285.0162	 607797.0000
    285.0207	 321933.5000
    285.0253	  97359.1719
    285.0298	  28487.0098
    285.0344	  15535.1455
    285.0390	   8526.1025
    285.0435	      0.0000
    285.0483	      0.0000
    285.0528	      0.0000
    285.0574	      0.0000
    285.0620	      0.0000
    285.6243	      0.0000
    285.6289	      0.0000
    285.6335	      0.0000
    285.6381	      0.0000
    285.6426	   2484.7922
    285.6472	   4821.3716
    285.6518	   6149.2314
    285.6564	   5365.4121
    285.6610	   2967.0229
    285.6654	      0.0000
    285.6699	      0.0000
    285.6745	      0.0000
    285.6791	      0.0000
    285.9725	      0.0000
    285.9770	      0.0000
    285.9816	      0.0000
    285.9862	      0.0000
    285.9908	   2091.0117
    285.9954	   6889.4438
    286.0000	  23751.6563
    286.0046	  46124.4180
    286.0092	  67830.5078
    286.0137	  62649.8906
    286.0183	  39185.5000
    286.0229	  17561.4961
    286.0275	   4403.7710
    286.0323	      0.0000
    286.0368	      0.0000
    286.0414	      0.0000
    286.0460	      0.0000
    289.0896	      0.0000
    289.0943	      0.0000
    289.0989	      0.0000
    289.1036	      0.0000
    289.1082	   2704.3440
    289.1129	   4924.8193
    289.1176	   5991.6860
    289.1222	   5165.6885
    289.1269	   3044.8713
    289.1316	      0.0000
    289.1362	      0.0000
    289.1409	      0.0000
    289.1455	      0.0000
    290.6155	      0.0000
    290.6202	      0.0000
    290.6249	      0.0000
    290.6296	      0.0000
    290.6343	   2790.2493
    290.6390	   5867.1206
    290.6437	   8804.0859
    290.6484	   9765.0391
    290.6531	   8096.7954
    290.6578	   4882.6284
    290.6625	   1975.3198
    290.6672	      0.0000
    290.6719	      0.0000
    290.6766	      0.0000
    290.6813	      0.0000
    292.1252	      0.0000
    292.1299	      0.0000
    292.1346	      0.0000
    292.1394	      0.0000
    292.1441	   2242.5930
    292.1488	   6073.6641
    292.1536	  14989.8828
    292.1583	  23674.2578
    292.1630	  24039.1465
    292.1678	  15653.1367
    292.1725	   6181.0020
    292.1773	   2306.4895
    292.1820	      0.0000
    292.1867	      0.0000
    292.1915	      0.0000
    292.1962	      0.0000
    294.1149	      0.0000
    294.1197	      0.0000
    294.1245	      0.0000
    294.1292	      0.0000
    294.1340	   3938.0266
    294.1388	  14844.9082
    294.1436	  26434.6816
    294.1484	  35591.6055
    294.1532	  28794.1660
    294.1580	  16756.5547
    294.1627	   5734.5776
    294.1675	   2468.5093
    294.1724	      0.0000
    294.1771	      0.0000
    294.1819	      0.0000
    294.1867	      0.0000
    295.0646	      0.0000
    295.0694	      0.0000
    295.0742	      0.0000
    295.0790	      0.0000
    295.0838	   1988.4138
    295.0886	   9856.1826
    295.0934	  34514.0391
    295.0982	  63724.9023
    295.1030	  88537.8984
    295.1078	  74336.3359
    295.1126	  44593.0820
    295.1174	  16877.4473
    295.1223	   4446.1006
    295.1266	      0.0000
    295.1314	      0.0000
    295.1362	      0.0000
    295.1410	      0.0000
    296.0666	      0.0000
    296.0714	      0.0000
    296.0762	      0.0000
    296.0811	      0.0000
    296.0859	   1486.1234
    296.0907	  10627.5322
    296.0956	  29281.7031
    296.1004	  49587.1406
    296.1052	  59313.6523
    296.1101	  42812.4648
    296.1149	  23602.5098
    296.1197	   7282.7515
    296.1246	   1518.4934
    296.1299	      0.0000
    296.1347	      0.0000
    296.1395	      0.0000
    296.1444	      0.0000
    297.0553	      0.0000
    297.0601	      0.0000
    297.0650	      0.0000
    297.0698	      0.0000
    297.0747	   1581.5513
    297.0795	   5416.9653
    297.0844	  25607.9707
    297.0893	  89881.9219
    297.0941	 189162.7031
    297.0990	 295504.1875
    297.1038	 310967.4063
    297.1087	 209675.3750
    297.1135	 109659.4922
    297.1184	  32795.9648
    297.1233	   6186.7832
    297.1281	      0.0000
    297.1333	      0.0000
    297.1381	      0.0000
    297.1430	      0.0000
    297.1478	      0.0000
    298.0634	      0.0000
    298.0683	      0.0000
    298.0731	      0.0000
    298.0780	      0.0000
    298.0829	   2449.7012
    298.0878	   9280.7969
    298.0927	  28054.1445
    298.0975	  49066.2852
    298.1024	  66089.0938
    298.1073	  55089.7930
    298.1122	  32997.0703
    298.1171	  12633.8945
    298.1220	   1971.8340
    298.1271	      0.0000
    298.1320	      0.0000
    298.1369	      0.0000
    298.1417	      0.0000
    299.0128	      0.0000
    299.0177	      0.0000
    299.0226	      0.0000
    299.0275	      0.0000
    299.0324	   4105.1714
    299.0374	   7276.6001
    299.0423	  15066.9639
    299.0472	  50219.4219
    299.0521	 159560.5156
    299.0570	 291665.5313
    299.0619	 409861.8750
    299.0668	 352451.2188
    299.0717	 213672.3906
    299.0766	  85067.9219
    299.0815	  21989.3203
    299.0864	   7880.1704
    299.0909	   9107.6563
    299.0958	   7618.8247
    299.1007	   5811.8828
    299.1056	      0.0000
    299.1110	      0.0000
    299.1160	      0.0000
    299.1209	      0.0000
    299.1258	      0.0000
    299.1454	      0.0000
    299.1503	      0.0000
    299.1552	      0.0000
    299.1601	      0.0000
    299.1650	   2392.6311
    299.1699	  10440.3633
    299.1748	  25827.5254
    299.1798	  42374.6211
    299.1847	  50153.7344
    299.1896	  36615.9492
    299.1945	  20287.1270
    299.1994	   5325.6011
    299.2043	      0.0000
    299.2087	      0.0000
    299.2136	      0.0000
    299.2185	      0.0000
    299.2234	      0.0000
    299.6215	      0.0000
    299.6264	      0.0000
    299.6313	      0.0000
    299.6363	      0.0000
    299.6412	   4551.0513
    299.6461	   8420.8584
    299.6510	  10821.2959
    299.6559	   9940.1846
    299.6609	   6400.3706
    299.6658	   2649.9309
    299.6706	      0.0000
    299.6755	      0.0000
    299.6804	      0.0000
    299.6853	      0.0000
    300.0203	      0.0000
    300.0252	      0.0000
    300.0301	      0.0000
    300.0350	      0.0000
    300.0400	   3659.3489
    300.0449	  11552.6982
    300.0498	  42163.2305
    300.0548	  93285.5313
    300.0597	 148435.9063
    300.0646	 159410.2813
    300.0696	 107002.7813
    300.0745	  54752.7734
    300.0794	  14952.5332
    300.0843	   2152.9998
    300.0895	      0.0000
    300.0944	      0.0000
    300.0993	      0.0000
    300.1043	      0.0000
    301.0137	      0.0000
    301.0186	      0.0000
    301.0236	      0.0000
    301.0285	      0.0000
    301.0335	   3483.2920
    301.0385	  10870.1523
    301.0434	  49115.5898
    301.0484	 167252.0781
    301.0533	 325207.5000
    301.0583	 488428.2813
    301.0632	 472202.2813
    301.0682	 303348.5313
    301.0731	 146517.7188
    301.0781	  40725.4414
    301.0831	   6663.8892
    301.0880	      0.0000
    301.0924	      0.0000
    301.0973	      0.0000
    301.1023	      0.0000
    301.1073	      0.0000
    302.0213	      0.0000
    302.0262	      0.0000
    302.0312	      0.0000
    302.0362	      0.0000
    302.0412	   3530.7261
    302.0461	  18084.5859
    302.0511	  44671.9922
    302.0561	  73217.4297
    302.0611	  86972.7656
    302.0661	  65249.7227
    302.0710	  38153.9414
    302.0760	  13561.7715
    302.0810	   2628.7920
    302.0865	      0.0000
    302.0914	      0.0000
    302.0964	      0.0000
    302.1014	      0.0000
    302.9849	      0.0000
    302.9899	      0.0000
    302.9949	      0.0000
    302.9999	      0.0000
    303.0049	   2928.6101
    303.0099	  11674.4014
    303.0149	  21535.3730
    303.0199	  29765.1543
    303.0249	  24541.0996
    303.0299	  14394.8828
    303.0349	   4685.9551
    303.0399	   2384.9089
    303.0444	      0.0000
    303.0494	      0.0000
    303.0544	      0.0000
    303.0594	      0.0000
    308.1264	      0.0000
    308.1315	      0.0000
    308.1367	      0.0000
    308.1418	      0.0000
    308.1469	   3351.6128
    308.1521	  13476.1895
    308.1572	  28272.5703
    308.1623	  43577.5234
    308.1675	  44093.4414
    308.1726	  28644.9004
    308.1777	  13831.3184
    308.1829	   3240.4731
    308.1885	      0.0000
    308.1937	      0.0000
    308.1988	      0.0000
    308.2039	      0.0000
    313.0750	      0.0000
    313.0803	      0.0000
    313.0855	      0.0000
    313.0908	      0.0000
    313.0960	   1753.7844
    313.1013	   4987.1680
    313.1065	  12678.3262
    313.1118	  21687.3008
    313.1171	  23957.2012
    313.1223	  15911.3779
    313.1276	   7692.4878
    313.1328	   2319.4919
    313.1381	      0.0000
    313.1433	      0.0000
    313.1486	      0.0000
    313.1538	      0.0000
    314.0758	      0.0000
    314.0810	      0.0000
    314.0863	      0.0000
    314.0916	      0.0000
    314.0969	      0.0000
    314.1022	   5378.1655
    314.1074	  15411.7979
    314.1127	  26016.6582
    314.1180	  27944.4766
    314.1233	  18865.0039
    314.1286	   9843.9033
    314.1338	   2677.2844
    314.1383	      0.0000
    314.1436	      0.0000
    314.1488	      0.0000
    314.1541	      0.0000
    315.0698	      0.0000
    315.0751	      0.0000
    315.0805	      0.0000
    315.0858	      0.0000
    315.0911	   4086.5466
    315.0964	  23750.3633
    315.1017	  67859.9453
    315.1070	 114304.8281
    315.1123	 141118.0625
    315.1176	 106197.2031
    315.1229	  61648.9844
    315.1282	  21100.0898
    315.1335	   5135.2710
    315.1388	    229.4598
    315.1451	      0.0000
    315.1504	      0.0000
    315.1557	      0.0000
    315.1610	      0.0000
    316.0758	      0.0000
    316.0812	      0.0000
    316.0865	      0.0000
    316.0918	      0.0000
    316.0972	   3152.9575
    316.1025	  12075.2246
    316.1078	  21562.6484
    316.1132	  26752.6660
    316.1185	  19916.4492
    316.1238	  11074.0264
    316.1291	   3381.4949
    316.1345	      0.0000
    316.1398	      0.0000
    316.1451	      0.0000
    316.1505	      0.0000
    317.1553	      0.0000
    317.1606	      0.0000
    317.1660	      0.0000
    317.1714	      0.0000
    317.1767	   3886.3394
    317.1821	   8464.3096
    317.1874	  18781.8359
    317.1928	  24048.2656
    317.1982	  18689.7285
    317.2035	  10655.8496
    317.2089	   3844.0532
    317.2143	      0.0000
    317.2197	      0.0000
    317.2251	      0.0000
    317.2304	      0.0000
    338.9991	      0.0000
    339.0050	      0.0000
    339.0109	      0.0000
    339.0168	      0.0000
    339.0228	   2997.7112
    339.0287	   6935.8130
    339.0346	  11030.9258
    339.0405	  12534.5127
    339.0464	  10327.7715
    339.0524	   5996.0415
    339.0583	   2248.1721
    339.0642	      0.0000
    339.0701	      0.0000
    339.0760	      0.0000
    339.0820	      0.0000
    348.1497	      0.0000
    348.1558	      0.0000
    348.1620	      0.0000
    348.1682	      0.0000
    348.1743	   3659.8601
    348.1805	   6001.9878
    348.1867	   6803.0166
    348.1928	   5317.5449
    348.1990	   2532.3420
    348.2051	      0.0000
    348.2113	      0.0000
    348.2175	      0.0000
    348.2236	      0.0000
    351.1325	      0.0000
    351.1387	      0.0000
    351.1450	      0.0000
    351.1512	      0.0000
    351.1575	   2461.2864
    351.1637	   4652.7778
    351.1700	   5631.9990
    351.1762	   4588.8501
    351.1824	   2301.1409
    351.1884	      0.0000
    351.1947	      0.0000
    351.2009	      0.0000
    351.2072	      0.0000
    354.9895	      0.0000
    354.9959	      0.0000
    355.0022	      0.0000
    355.0086	      0.0000
    355.0149	    264.3135
    355.0213	  11288.4883
    355.0276	  12794.6143
    355.0340	  31039.7969
    355.0403	  36181.6797
    355.0467	 106511.2188
    355.0530	 392382.1250
    355.0593	 976245.9375
    355.0657	1609447.3750
    355.0720	1870729.1250
    355.0784	1330645.0000
    355.0847	 727049.8750
    355.0911	 224505.8906
    355.0974	  65386.2422
    355.1038	  34933.4531
    355.1101	  25783.1289
    355.1165	   7582.5498
    355.1228	   1533.5398
    355.1293	      0.0000
    355.1357	      0.0000
    355.1420	      0.0000
    355.1484	      0.0000
    356.0133	      0.0000
    356.0197	      0.0000
    356.0261	      0.0000
    356.0324	      0.0000
    356.0388	   4275.7939
    356.0452	   6758.4897
    356.0516	  26106.2324
    356.0579	  86420.6797
    356.0643	 154362.3750
    356.0707	 209158.0313
    356.0770	 170556.1875
    356.0834	 101412.6016
    356.0898	  36804.7539
    356.0962	   9558.0283
    356.1025	   3581.4663
    356.1101	      0.0000
    356.1165	      0.0000
    356.1229	      0.0000
    356.1293	      0.0000
    356.6462	      0.0000
    356.6526	      0.0000
    356.6590	      0.0000
    356.6653	      0.0000
    356.6717	   1641.2482
    356.6781	   5835.3999
    356.6845	  20041.7617
    356.6909	  40692.1328
    356.6973	  62660.7227
    356.7037	  60767.7422
    356.7101	  37729.5000
    356.7165	  16429.2500
    356.7229	   3133.2456
    356.7281	      0.0000
    356.7345	      0.0000
    356.7409	      0.0000
    356.7473	      0.0000
    357.1567	      0.0000
    357.1631	      0.0000
    357.1695	      0.0000
    357.1759	      0.0000
    357.1823	   3774.8940
    357.1887	   7603.6294
    357.1951	  10748.2031
    357.2015	  11042.4268
    357.2079	   8235.0801
    357.2143	   4287.3955
    357.2215	      0.0000
    357.2279	      0.0000
    357.2343	      0.0000
    357.2407	      0.0000
    371.0460	      0.0000
    371.0528	      0.0000
    371.0596	      0.0000
    371.0664	      0.0000
    371.0732	   1081.4561
    371.0799	   8217.0156
    371.0867	  28459.2363
    371.0935	  55462.4922
    371.1003	  83056.3516
    371.1071	  78514.0938
    371.1138	  49241.1484
    371.1206	  22186.0742
    371.1274	   5644.5977
    371.1342	    974.7767
    371.1387	      0.0000
    371.1455	      0.0000
    371.1523	      0.0000
    371.1591	      0.0000
    373.0245	      0.0000
    373.0313	      0.0000
    373.0382	      0.0000
    373.0450	      0.0000
    373.0518	      0.0000
    373.0587	   6079.8252
    373.0655	  25285.8066
    373.0723	  46991.8203
    373.0792	  65801.2031
    373.0860	  55395.2969
    373.0928	  33292.9688
    373.0997	  13445.5117
    373.1065	   3998.0667
    373.1150	      0.0000
    373.1219	      0.0000
    373.1287	      0.0000
    373.1355	      0.0000
    388.6511	      0.0000
    388.6583	      0.0000
    388.6656	      0.0000
    388.6729	      0.0000
    388.6801	   4385.8711
    388.6874	   8732.2148
    388.6947	  11898.6758
    388.7019	  11488.3428
    388.7092	   7693.1377
    388.7165	   3257.9106
    388.7238	      0.0000
    388.7310	      0.0000
    388.7383	      0.0000
    388.7456	      0.0000
    393.1743	      0.0000
    393.1817	      0.0000
    393.1891	      0.0000
    393.1965	      0.0000
    393.2039	   4000.7598
    393.2113	   7099.3706
    393.2187	   8282.3867
    393.2261	   6590.9614
    393.2335	   3316.8958
    393.2421	      0.0000
    393.2495	      0.0000
    393.2568	      0.0000
    393.2642	      0.0000
    414.1525	      0.0000
    414.1605	      0.0000
    414.1685	      0.0000
    414.1765	      0.0000
    414.1845	   4106.3726
    414.1925	  15665.5078
    414.2005	  30853.1250
    414.2085	  46189.8711
    414.2165	  43177.0039
    414.2245	  26580.3008
    414.2325	  11268.6270
    414.2405	   1999.6780
    414.2479	      0.0000
    414.2558	      0.0000
    414.2638	      0.0000
    414.2718	      0.0000
    465.5159	      0.0000
    465.5254	      0.0000
    465.5349	      0.0000
    465.5444	      0.0000
    465.5540	   2773.2654
    465.5635	   5334.3315
    465.5730	   6901.1709
    465.5825	   6297.2363
    465.5921	   3968.7539
    465.6035	      0.0000
    465.6131	      0.0000
    465.6226	      0.0000
    465.6321	      0.0000
    473.1754	      0.0000
    473.1852	      0.0000
    473.1949	      0.0000
    473.2047	      0.0000
    473.2144	   3622.2588
    473.2242	  10996.7842
    473.2340	  25942.6172
    473.2437	  42326.8086
    473.2535	  47018.0508
    473.2633	  31689.0664
    473.2730	  15666.1709
    473.2828	   3670.0054
    473.2907	      0.0000
    473.3004	      0.0000
    473.3102	      0.0000
    473.3200	      0.0000
    474.1905	      0.0000
    474.2003	      0.0000
    474.2101	      0.0000
    474.2198	      0.0000
    474.2296	   2358.7788
    474.2394	   5099.8413
    474.2492	   7127.7417
    474.2590	   7163.0532
    474.2688	   5225.5645
    474.2786	   2599.0618
    474.2884	      0.0000
    474.2982	      0.0000
    474.3080	      0.0000
    474.3178	      0.0000
    483.1602	      0.0000
    483.1703	      0.0000
    483.1803	      0.0000
    483.1904	      0.0000
    483.2005	   3585.8149
    483.2106	  12430.4258
    483.2206	  22777.2441
    483.2307	  31613.3906
    483.2408	  26642.8027
    483.2509	  15705.3916
    483.2609	   5464.5991
    483.2710	   1946.1591
    483.2811	      0.0000
    483.2912	      0.0000
    483.3013	      0.0000
    483.3113	      0.0000
    484.1489	      0.0000
    484.1590	      0.0000
    484.1691	      0.0000
    484.1792	      0.0000
    484.1894	   1655.4343
    484.1995	   5294.0386
    484.2096	  10070.7207
    484.2197	  18828.6367
    484.2298	  11646.7852
    484.2399	   7315.1328
    484.2500	   2996.5400
    484.2602	      0.0000
    484.2703	      0.0000
    484.2804	      0.0000
    484.2905	      0.0000
    501.1560	      0.0000
    501.1667	      0.0000
    501.1773	      0.0000
    501.1880	      0.0000
    501.1986	   2165.1436
    501.2092	  13872.9668
    501.2199	  49361.0234
    501.2305	  92035.0000
    501.2412	 130587.4531
    501.2518	 112704.0547
    501.2625	  68205.4531
    501.2731	  27320.1992
    501.2838	   6841.6489
    501.2944	   1403.8796
    501.3049	      0.0000
    501.3156	      0.0000
    501.3262	      0.0000
    501.3369	      0.0000
    502.1684	      0.0000
    502.1791	      0.0000
    502.1898	      0.0000
    502.2004	      0.0000
    502.2111	   4030.0664
    502.2218	  12955.9941
    502.2325	  23135.6738
    502.2431	  31776.4746
    502.2538	  26823.0488
    502.2645	  15634.1953
    502.2752	   5214.1299
    502.2859	   2430.1128
    502.2968	      0.0000
    502.3075	      0.0000
    502.3181	      0.0000
    502.3288	      0.0000
    506.2387	      0.0000
    506.2495	      0.0000
    506.2603	      0.0000
    506.2711	      0.0000
    506.2819	   2767.3281
    506.2927	   5627.3262
    506.3035	   7265.8931
    506.3143	   6429.2114
    506.3251	   3804.4475
    506.3359	      0.0000
    506.3468	      0.0000
    506.3576	      0.0000
    506.3684	      0.0000
    509.1793	      0.0000
    509.1902	      0.0000
    509.2011	      0.0000
    509.2120	      0.0000
    509.2229	   3814.1968
    509.2338	   6320.8574
    509.2447	   7695.3516
    509.2556	   6793.5830
    509.2665	   4023.3804
    509.2774	      0.0000
    509.2883	      0.0000
    509.2992	      0.0000
    509.3101	      0.0000
    514.1967	      0.0000
    514.2077	      0.0000
    514.2188	      0.0000
    514.2298	      0.0000
    514.2409	   2620.9004
    514.2520	   7369.8174
    514.2630	  18465.6680
    514.2741	  23276.6289
    514.2851	  17531.4336
    514.2962	   9715.4141
    514.3073	   3274.9436
    514.3183	      0.0000
    514.3294	      0.0000
    514.3405	      0.0000
    514.3515	      0.0000
    518.2014	      0.0000
    518.2126	      0.0000
    518.2238	      0.0000
    518.2350	      0.0000
    518.2462	   2458.7856
    518.2574	   4935.6147
    518.2686	   6521.9731
    518.2798	   6046.3228
    518.2909	   3821.5066
    518.3021	      0.0000
    518.3133	      0.0000
    518.3245	      0.0000
    518.3357	      0.0000
    526.2037	      0.0000
    526.2152	      0.0000
    526.2266	      0.0000
    526.2381	      0.0000
    526.2495	   2841.9192
    526.2610	   6029.4360
    526.2724	   7845.8091
    526.2839	   6821.8672
    526.2953	   3839.4009
    526.3068	      0.0000
    526.3182	      0.0000
    526.3297	      0.0000
    526.3412	      0.0000
    527.1783	      0.0000
    527.1898	      0.0000
    527.2013	      0.0000
    527.2127	      0.0000
    527.2242	   2821.1682
    527.2357	  12142.4316
    527.2472	  22047.4883
    527.2587	  29011.2266
    527.2702	  22241.3535
    527.2816	  12520.5527
    527.2931	   3186.6445
    527.3046	      0.0000
    527.3161	      0.0000
    527.3276	      0.0000
    527.3391	      0.0000
    537.1690	      0.0000
    537.1808	      0.0000
    537.1926	      0.0000
    537.2044	      0.0000
    537.2163	   2333.4902
    537.2281	   5463.5903
    537.2399	   8139.9663
    537.2517	   8517.7588
    537.2635	   6277.1118
    537.2753	   3002.5615
    537.2871	      0.0000
    537.2989	      0.0000
    537.3108	      0.0000
    537.3226	      0.0000
    542.1874	      0.0000
    542.1994	      0.0000
    542.2113	      0.0000
    542.2233	      0.0000
    542.2353	   3874.9905
    542.2473	  14520.1533
    542.2592	  25690.6152
    542.2712	  33265.5156
    542.2832	  25029.8066
    542.2952	  13919.3506
    542.3072	   3559.3755
    542.3191	      0.0000
    542.3311	      0.0000
    542.3431	      0.0000
    542.3551	      0.0000
    544.1566	      0.0000
    544.1687	      0.0000
    544.1807	      0.0000
    544.1928	      0.0000
    544.2048	      0.0000
    544.2168	      0.0000
    544.2289	      0.0000
    544.2399	  21223.1895
    544.2520	  85291.9297
    544.2640	 208220.8906
    544.2760	 341088.7813
    544.2881	 385432.5313
    544.3001	 268475.5938
    544.3122	 143596.7188
    544.3242	  43941.8398
    544.3363	  14049.0928
    544.3483	   9474.1885
    544.3604	   8234.4590
    544.3734	  11033.4365
    544.3855	      0.0000
    544.3981	      0.0000
    544.4101	      0.0000
    544.4222	      0.0000
    544.4342	      0.0000
    545.1821	      0.0000
    545.1941	      0.0000
    545.2062	      0.0000
    545.2183	      0.0000
    545.2304	   2299.0044
    545.2424	   5432.7041
    545.2545	  18315.5098
    545.2666	  45115.5664
    545.2787	  74200.8906
    545.2907	  86796.7734
    545.3028	  61685.8516
    545.3149	  33205.9258
    545.3270	   9060.1787
    545.3391	   1035.4991
    545.3506	      0.0000
    545.3627	      0.0000
    545.3748	      0.0000
    545.3868	      0.0000
    546.2093	      0.0000
    546.2214	      0.0000
    546.2335	      0.0000
    546.2456	      0.0000
    546.2577	   2416.1899
    546.2698	   5219.7109
    546.2820	   7396.7437
    546.2941	   7254.4775
    546.3062	   4844.3369
    546.3183	   1924.2566
    546.3304	      0.0000
    546.3425	      0.0000
    546.3547	      0.0000
    546.3668	      0.0000
    554.1781	      0.0000
    554.1905	      0.0000
    554.2029	      0.0000
    554.2153	      0.0000
    554.2276	   2304.5181
    554.2400	  10351.2549
    554.2524	  21755.0801
    554.2648	  33765.8086
    554.2771	  34091.4844
    554.2895	  22099.5020
    554.3019	  10593.2090
    554.3143	   2717.2402
    554.3267	      0.0000
    554.3390	      0.0000
    554.3514	      0.0000
    554.3638	      0.0000
    555.1694	      0.0000
    555.1818	      0.0000
    555.1942	      0.0000
    555.2066	      0.0000
    555.2191	   2914.9814
    555.2315	  10017.1670
    555.2439	  19459.7031
    555.2563	  28658.9102
    555.2687	  26361.4668
    555.2811	  16267.6641
    555.2935	   7005.5732
    555.3059	   2345.6980
    555.3184	      0.0000
    555.3308	      0.0000
    555.3432	      0.0000
    555.3556	      0.0000
    571.2044	      0.0000
    571.2173	      0.0000
    571.2303	      0.0000
    571.2432	      0.0000
    571.2562	   2908.2458
    571.2691	   7525.3467
    571.2821	  18213.4648
    571.2950	  22236.5781
    571.3080	  16124.4424
    571.3209	   7208.9961
    571.3339	   2690.5652
    571.3467	      0.0000
    571.3597	      0.0000
    571.3726	      0.0000
    571.3856	      0.0000
    572.1377	      0.0000
    572.1507	      0.0000
    572.1637	      0.0000
    572.1767	      0.0000
    572.1897	      0.0000
    572.2026	   5760.7231
    572.2156	   8033.1514
    572.2286	  25859.6367
    572.2416	  96842.8125
    572.2546	 296254.5938
    572.2676	 509358.4063
    572.2806	 664402.6250
    572.2935	 519937.0313
    572.3065	 305617.5000
    572.3195	 104515.6563
    572.3325	  28988.3398
    572.3455	   9494.2432
    572.3585	   7191.5830
    572.3715	   1288.9980
    572.3841	      0.0000
    572.3971	      0.0000
    572.4101	      0.0000
    572.4231	      0.0000
    573.1773	      0.0000
    573.1903	      0.0000
    573.2034	      0.0000
    573.2164	      0.0000
    573.2294	   3734.6448
    573.2424	  16220.4473
    573.2554	  54850.3047
    573.2684	 100290.3516
    573.2815	 138748.8906
    573.2945	 116322.4375
    573.3075	  70085.3047
    573.3205	  27220.1699
    573.3335	   8010.5518
    573.3466	   3044.4072
    573.3600	      0.0000
    573.3730	      0.0000
    573.3861	      0.0000
    573.3991	      0.0000
    574.1944	      0.0000
    574.2074	      0.0000
    574.2205	      0.0000
    574.2335	      0.0000
    574.2466	   3768.2808
    574.2596	  14406.9346
    574.2727	  25089.8105
    574.2857	  31984.0000
    574.2988	  24163.3223
    574.3118	  13423.1270
    574.3249	   3951.7673
    574.3380	      0.0000
    574.3510	      0.0000
    574.3641	      0.0000
    574.3771	      0.0000
    577.2605	      0.0000
    577.2737	      0.0000
    577.2868	      0.0000
    577.3000	      0.0000
    577.3131	   4259.1211
    577.3263	   7862.4941
    577.3395	  10080.4951
    577.3526	   9367.5908
    577.3658	   6286.4038
    577.3789	   2855.3647
    577.3921	      0.0000
    577.4053	      0.0000
    577.4184	      0.0000
    577.4316	      0.0000
    597.2347	      0.0000
    597.2485	      0.0000
    597.2624	      0.0000
    597.2762	      0.0000
    597.2901	   3665.6169
    597.3039	   5110.2944
    597.3178	   5477.4316
    597.3316	   5024.7241
    597.3455	   4148.8101
    597.3583	      0.0000
    597.3722	      0.0000
    597.3860	      0.0000
    597.3999	      0.0000
    615.1685	      0.0000
    615.1830	      0.0000
    615.1974	      0.0000
    615.2119	      0.0000
    615.2264	   4234.8057
    615.2409	   9470.2344
    615.2553	  11740.0469
    615.2698	  40121.2109
    615.2843	 151501.4375
    615.2988	 339009.0625
    615.3132	 541642.9375
    615.3277	 579608.6875
    615.3422	 389706.7188
    615.3567	 200838.2031
    615.3712	  60039.5313
    615.3856	  18329.5176
    615.4001	  10729.5020
    615.4146	   5155.5625
    615.4301	  10419.2832
    615.4446	    968.0240
    615.4588	      0.0000
    615.4733	      0.0000
    615.4877	      0.0000
    615.5022	      0.0000
    616.1981	      0.0000
    616.2126	      0.0000
    616.2271	      0.0000
    616.2416	      0.0000
    616.2561	   1521.3944
    616.2706	   8896.1475
    616.2851	  35989.9453
    616.2996	  87981.4922
    616.3142	 144530.2813
    616.3287	 166132.4219
    616.3432	 117387.5234
    616.3577	  63842.6484
    616.3722	  19094.1543
    616.3867	   4542.4404
    616.4015	      0.0000
    616.4161	      0.0000
    616.4306	      0.0000
    616.4451	      0.0000
    617.2153	      0.0000
    617.2298	      0.0000
    617.2443	      0.0000
    617.2589	      0.0000
    617.2734	   1748.7876
    617.2880	   5141.7466
    617.3025	  13789.1289
    617.3171	  23044.7051
    617.3316	  26167.6758
    617.3462	  18123.6641
    617.3607	   9389.3594
    617.3753	   3073.2373
    617.3898	      0.0000
    617.4044	      0.0000
    617.4189	      0.0000
    617.4335	      0.0000
    625.2192	      0.0000
    625.2340	      0.0000
    625.2489	      0.0000
    625.2637	      0.0000
    625.2785	   2190.5669
    625.2933	   5029.6792
    625.3082	   6525.7231
    625.3230	   5473.9546
    625.3378	   2808.9041
    625.3527	      0.0000
    625.3675	      0.0000
    625.3824	      0.0000
    625.3972	      0.0000
    632.2323	      0.0000
    632.2474	      0.0000
    632.2625	      0.0000
    632.2775	      0.0000
    632.2926	   2262.8499
    632.3077	   6170.8403
    632.3228	  10704.8105
    632.3379	  12619.6494
    632.3529	  10256.8877
    632.3680	   5464.4102
    632.3831	   1718.5371
    632.3982	      0.0000
    632.4133	      0.0000
    632.4284	      0.0000
    632.4435	      0.0000
    643.1222	      0.0000
    643.1377	      0.0000
    643.1532	      0.0000
    643.1686	      0.0000
    643.1841	      0.0000
    643.1996	      0.0000
    643.2151	      0.0000
    643.2297	  11230.5195
    643.2452	  13103.9785
    643.2607	  40520.6094
    643.2761	 149299.7969
    643.2916	 338460.6250
    643.3071	 543263.0000
    643.3226	 590082.0000
    643.3380	 400423.5938
    643.3535	 208173.2031
    643.3690	  61823.3203
    643.3845	  18107.2188
    643.4000	  10392.8633
    643.4154	   5967.2222
    643.4309	    246.2568
    643.4477	      0.0000
    643.4632	      0.0000
    643.4786	      0.0000
    643.4941	      0.0000
    644.1915	      0.0000
    644.2070	      0.0000
    644.2225	      0.0000
    644.2380	      0.0000
    644.2535	   3671.0989
    644.2690	  16279.7842
    644.2845	  60110.8984
    644.3000	 118459.3359
    644.3155	 176519.4063
    644.3311	 163844.4531
    644.3466	 102226.6875
    644.3621	  44981.5430
    644.3776	  11950.6953
    644.3931	   4160.9741
    644.4095	      0.0000
    644.4251	      0.0000
    644.4406	      0.0000
    644.4561	      0.0000
    645.2016	      0.0000
    645.2172	      0.0000
    645.2327	      0.0000
    645.2482	      0.0000
    645.2638	   1308.7798
    645.2793	   7855.2788
    645.2949	  22645.6797
    645.3104	  39030.4844
    645.3260	  47405.6133
    645.3415	  34142.4648
    645.3571	  18537.3574
    645.3726	   4939.0664
    645.3882	    818.7635
    645.4025	      0.0000
    645.4180	      0.0000
    645.4336	      0.0000
    645.4491	      0.0000
    724.8237	      0.0000
    724.8422	      0.0000
    724.8607	      0.0000
    724.8792	      0.0000
    724.8977	   2932.3145
    724.9162	   5378.2715
    724.9347	   6858.8130
    724.9532	   6357.4937
    724.9718	   4169.5054
    724.9903	      0.0000
    725.0088	      0.0000
    725.0273	      0.0000
    725.0458	      0.0000
    818.1708	      0.0000
    818.1930	      0.0000
    818.2152	      0.0000
    818.2374	      0.0000
