# ljz_20131022_MR_Chym1_ELUTE.mzML
#
# index: 6560
# id: controllerType=0 controllerNumber=1 scan=13763
# scanNumber: 13763
# massAnalyzerType: quadrupole
# scanEvent: 2
# msLevel: 2
# retentionTime: 3273.19
# filterString: FTMS + p NSI d Full ms2 632.03@hcd28.00 [100.00-2600.00]
# mzLow: 99.0035
# mzHigh: 2626.7
# basePeakMZ: 778.879
# basePeakIntensity: 26135.6
# totalIonCurrent: 364394
# precursorCount: 1
# precursor 0: 631.781 240635
# binary (949): 
     99.0035	      0.0000
     99.0045	      0.0000
     99.0054	      0.0000
     99.0063	      0.0000
    107.9597	      0.0000
    107.9608	      0.0000
    107.9618	      0.0000
    107.9629	      0.0000
    107.9640	    148.4405
    107.9650	    830.6476
    107.9661	   1769.8810
    107.9672	   2350.2461
    107.9682	   2123.4458
    107.9693	   1290.3341
    107.9703	    486.2023
    107.9714	      0.0000
    107.9725	      0.0000
    107.9735	      0.0000
    107.9746	      0.0000
    109.0219	      0.0000
    109.0230	      0.0000
    109.0241	      0.0000
    109.0252	      0.0000
    109.0262	    513.9390
    109.0273	   1270.5347
    109.0284	   1893.4983
    109.0295	   1939.6693
    109.0306	   1391.4480
    109.0316	    673.8204
    109.0327	      0.0000
    109.0338	      0.0000
    109.0349	      0.0000
    109.0360	      0.0000
    115.0273	      0.0000
    115.0284	      0.0000
    115.0296	      0.0000
    115.0308	      0.0000
    115.0319	    644.9398
    115.0331	   1674.5222
    115.0343	   4989.2295
    115.0355	  10302.9141
    115.0366	  15840.3018
    115.0378	  16773.7461
    115.0390	  11437.6162
    115.0401	   5984.7310
    115.0413	   1621.9609
    115.0425	      0.0000
    115.0436	      0.0000
    115.0447	      0.0000
    115.0459	      0.0000
    115.0471	      0.0000
    117.7594	      0.0000
    117.7606	      0.0000
    117.7618	      0.0000
    117.7630	      0.0000
    117.7642	    820.3253
    117.7654	   1099.3682
    117.7666	   1136.9003
    117.7678	    925.9197
    117.7690	    578.5974
    117.7702	      0.0000
    117.7714	      0.0000
    117.7726	      0.0000
    117.7738	      0.0000
    126.0452	      0.0000
    126.0466	      0.0000
    126.0479	      0.0000
    126.0493	      0.0000
    126.0506	    593.2972
    126.0519	   2047.4408
    126.0533	   4383.4238
    126.0546	   6912.1343
    126.0560	   7312.2378
    126.0573	   4802.2383
    126.0587	   2312.1150
    126.0600	    423.6674
    126.0618	      0.0000
    126.0632	      0.0000
    126.0645	      0.0000
    126.0658	      0.0000
    127.0286	      0.0000
    127.0300	      0.0000
    127.0313	      0.0000
    127.0327	      0.0000
    127.0340	    539.2005
    127.0354	   1229.7426
    127.0368	   3727.3540
    127.0381	   6982.4941
    127.0395	  10085.3145
    127.0408	   8986.0537
    127.0422	   5364.9917
    127.0436	   2017.9562
    127.0449	    132.3411
    127.0457	      0.0000
    127.0471	      0.0000
    127.0484	      0.0000
    127.0498	      0.0000
    133.0767	      0.0000
    133.0782	      0.0000
    133.0796	      0.0000
    133.0811	      0.0000
    133.0826	    564.8354
    133.0840	   1108.9272
    133.0855	   1484.2676
    133.0869	   1434.3108
    133.0884	    994.9291
    133.0898	    452.4641
    133.0915	      0.0000
    133.0930	      0.0000
    133.0944	      0.0000
    133.0959	      0.0000
    138.0418	      0.0000
    138.0434	      0.0000
    138.0449	      0.0000
    138.0464	      0.0000
    138.0480	    681.7891
    138.0495	   1217.0229
    138.0511	   3392.6265
    138.0526	   9352.0049
    138.0541	  15804.1982
    138.0557	  19982.4180
    138.0572	  15079.9053
    138.0587	   8539.9014
    138.0603	   2363.8584
    138.0618	    229.0348
    138.0631	      0.0000
    138.0646	      0.0000
    138.0662	      0.0000
    138.0677	      0.0000
    144.0556	      0.0000
    144.0573	      0.0000
    144.0589	      0.0000
    144.0606	      0.0000
    144.0622	    602.8032
    144.0638	   1304.1208
    144.0655	   1730.2968
    144.0671	   1534.4822
    144.0688	    887.0956
    144.0704	    295.2916
    144.0723	      0.0000
    144.0739	      0.0000
    144.0756	      0.0000
    144.0772	      0.0000
    145.0367	      0.0000
    145.0383	      0.0000
    145.0400	      0.0000
    145.0416	      0.0000
    145.0433	    341.1752
    145.0450	   1450.4071
    145.0466	   4660.1362
    145.0483	   8077.9063
    145.0499	  10527.6182
    145.0516	   8111.6240
    145.0532	   4563.8281
    145.0549	   1201.9089
    145.0566	      0.0000
    145.0580	      0.0000
    145.0597	      0.0000
    145.0613	      0.0000
    145.0630	      0.0000
    150.5153	      0.0000
    150.5170	      0.0000
    150.5188	      0.0000
    150.5205	      0.0000
    150.5223	    554.3655
    150.5240	    929.8080
    150.5258	   1080.5939
    150.5275	    890.5003
    150.5293	    488.6474
    150.5310	      0.0000
    150.5328	      0.0000
    150.5345	      0.0000
    150.5363	      0.0000
    163.0457	      0.0000
    163.0476	      0.0000
    163.0496	      0.0000
    163.0516	      0.0000
    163.0536	    405.2771
    163.0555	   2246.5479
    163.0575	   4712.2861
    163.0595	   7194.9116
    163.0615	   6703.0166
    163.0634	   4119.2656
    163.0654	   1766.7631
    163.0674	    500.3798
    163.0693	      0.0000
    163.0712	      0.0000
    163.0732	      0.0000
    163.0752	      0.0000
    168.0494	      0.0000
    168.0515	      0.0000
    168.0536	      0.0000
    168.0556	      0.0000
    168.0577	    583.9448
    168.0598	   1448.9869
    168.0618	   4055.6880
    168.0639	   6848.5518
    168.0660	   8184.4492
    168.0680	   5845.3350
    168.0701	   3105.6846
    168.0722	    810.7633
    168.0744	      0.0000
    168.0765	      0.0000
    168.0786	      0.0000
    168.0806	      0.0000
    186.0589	      0.0000
    186.0613	      0.0000
    186.0637	      0.0000
    186.0661	      0.0000
    186.0685	    443.5964
    186.0709	   1152.5300
    186.0733	   2028.7977
    186.0757	   2524.6541
    186.0781	   2225.8218
    186.0805	   1323.1622
    186.0829	    473.4324
    186.0862	      0.0000
    186.0886	      0.0000
    186.0910	      0.0000
    186.0934	      0.0000
    204.0652	      0.0000
    204.0680	      0.0000
    204.0707	      0.0000
    204.0735	      0.0000
    204.0763	    440.4115
    204.0790	   1750.7714
    204.0818	   5493.2231
    204.0846	   9845.7715
    204.0873	  13516.2217
    204.0901	  11143.6797
    204.0929	   6505.3267
    204.0956	   2122.6689
    204.0984	    127.0936
    204.1007	      0.0000
    204.1035	      0.0000
    204.1062	      0.0000
    204.1090	      0.0000
    309.1764	      0.0000
    309.1815	      0.0000
    309.1867	      0.0000
    309.1918	      0.0000
    309.1970	    554.8712
    309.2022	   1048.0673
    309.2073	   1352.1846
    309.2125	   1250.4484
    309.2176	    800.3000
    309.2232	      0.0000
    309.2283	      0.0000
    309.2335	      0.0000
    309.2386	      0.0000
    374.8715	      0.0000
    374.8783	      0.0000
    374.8852	      0.0000
    374.8921	      0.0000
    374.8990	    521.8580
    374.9059	   1004.8936
    374.9128	   1328.3727
    374.9197	   1242.0768
    374.9265	    805.2371
    374.9340	      0.0000
    374.9409	      0.0000
    374.9478	      0.0000
    374.9546	      0.0000
    474.1025	      0.0000
    474.1123	      0.0000
    474.1221	      0.0000
    474.1319	      0.0000
    474.1417	    612.7698
    474.1515	    964.4868
    474.1613	   1099.1649
    474.1711	    926.7520
    474.1809	    539.1779
    474.1909	      0.0000
    474.2007	      0.0000
    474.2105	      0.0000
    474.2203	      0.0000
    519.8504	      0.0000
    519.8616	      0.0000
    519.8729	      0.0000
    519.8841	      0.0000
    519.8954	    721.8839
    519.9066	   1383.7338
    519.9179	   1838.0675
    519.9291	   1721.5005
    519.9403	   1090.7053
    519.9516	    403.8557
    519.9672	      0.0000
    519.9785	      0.0000
    519.9897	      0.0000
    520.0010	      0.0000
    631.0774	      0.0000
    631.0924	      0.0000
    631.1074	      0.0000
    631.1225	      0.0000
    631.1375	    802.5779
    631.1526	   3183.6946
    631.1676	   6979.5635
    631.1826	  11078.4756
    631.1977	  11673.2207
    631.2127	   7667.6489
    631.2278	   3671.1660
    631.2428	    705.7067
    631.2536	      0.0000
    631.2686	      0.0000
    631.2837	      0.0000
    631.2987	      0.0000
    632.0818	      0.0000
    632.0969	      0.0000
    632.1120	      0.0000
    632.1270	      0.0000
    632.1421	    676.3570
    632.1572	   1885.5240
    632.1723	   3520.5239
    632.1873	   4950.7881
    632.2024	   4259.8013
    632.2175	   2596.6970
    632.2326	    883.3725
    632.2477	      0.0000
    632.2628	      0.0000
    632.2779	      0.0000
    632.2929	      0.0000
    677.2176	      0.0000
    677.2344	      0.0000
    677.2511	      0.0000
    677.2678	      0.0000
    677.2845	    488.2533
    677.3012	   1157.7601
    677.3179	   1714.3898
    677.3347	   1777.2626
    677.3514	   1324.9590
    677.3681	    685.3473
    677.3849	      0.0000
    677.4016	      0.0000
    677.4183	      0.0000
    677.4350	      0.0000
    718.7358	      0.0000
    718.7541	      0.0000
    718.7724	      0.0000
    718.7907	      0.0000
    718.8089	    580.4379
    718.8272	   1483.4559
    718.8455	   2317.1523
    718.8638	   2467.7825
    718.8821	   1838.8199
    718.9004	    928.9126
    718.9186	    282.2807
    718.9370	      0.0000
    718.9553	      0.0000
    718.9736	      0.0000
    718.9918	      0.0000
    761.7737	      0.0000
    761.7936	      0.0000
    761.8135	      0.0000
    761.8335	      0.0000
    761.8534	    530.3036
    761.8734	    896.6709
    761.8933	   1067.5886
    761.9133	    936.8215
    761.9332	    574.7916
    761.9569	      0.0000
    761.9769	      0.0000
    761.9968	      0.0000
    762.0168	      0.0000
    778.6863	      0.0000
    778.7069	      0.0000
    778.7275	      0.0000
    778.7482	      0.0000
    778.7688	    832.8655
    778.7894	   1089.7433
    778.8100	   2858.9392
    778.8306	   9012.9609
    778.8512	  17290.2324
    778.8718	  25589.8457
    778.8925	  23895.6445
    778.9131	  14748.4893
    778.9337	   6308.7417
    778.9543	   1152.8473
    778.9749	      0.0000
    778.9958	      0.0000
    779.0165	      0.0000
    779.0371	      0.0000
    779.0577	      0.0000
    779.2021	      0.0000
    779.2227	      0.0000
    779.2434	      0.0000
    779.2640	      0.0000
    779.2846	    716.7309
    779.3053	   1947.3995
    779.3259	   6076.7456
    779.3465	  13198.9570
    779.3672	  20926.2656
    779.3878	  22399.4199
    779.4085	  14864.7588
    779.4291	   7335.0093
    779.4497	   1594.5045
    779.4704	      0.0000
    779.4942	      0.0000
    779.5148	      0.0000
    779.5354	      0.0000
    779.5561	      0.0000
    779.7213	      0.0000
    779.7419	      0.0000
    779.7626	      0.0000
    779.7832	      0.0000
    779.8039	    733.3656
    779.8245	   2516.9546
    779.8452	   6945.7368
    779.8659	  11878.0156
    779.8865	  14830.6006
    779.9072	  10872.3428
    779.9278	   5930.4844
    779.9485	   1289.0120
    779.9692	      0.0000
    779.9827	      0.0000
    780.0034	      0.0000
    780.0240	      0.0000
    780.0447	      0.0000
    780.2514	      0.0000
    780.2720	      0.0000
    780.2927	      0.0000
    780.3134	      0.0000
    780.3341	    689.2338
    780.3547	   1355.2371
    780.3754	   1793.4901
    780.3961	   1702.7524
    780.4168	   1140.0007
    780.4375	    492.3744
    780.4582	      0.0000
    780.4789	      0.0000
    780.4996	      0.0000
    780.5203	      0.0000
    851.7348	      0.0000
    851.7583	      0.0000
    851.7819	      0.0000
    851.8055	      0.0000
    851.8291	    855.1249
    851.8527	   2735.2903
    851.8762	   4779.9873
    851.8998	   6210.9883
    851.9234	   4898.1689
    851.9470	   2850.5886
    851.9706	    854.4132
    851.9942	      0.0000
    852.0178	      0.0000
    852.0414	      0.0000
    852.0649	      0.0000
    852.2537	      0.0000
    852.2773	      0.0000
    852.3009	      0.0000
    852.3245	      0.0000
    852.3481	    946.3256
    852.3717	   2053.7891
    852.3953	   4422.9346
    852.4189	   4387.2158
    852.4425	   2737.1152
    852.4661	   1164.4946
    852.4898	    426.3180
    852.5134	      0.0000
    852.5370	      0.0000
    852.5606	      0.0000
    852.5842	      0.0000
    853.2458	      0.0000
    853.2694	      0.0000
    853.2930	      0.0000
    853.3167	      0.0000
    853.3403	    441.2599
    853.3640	    971.3557
    853.3876	   1422.2985
    853.4113	   1491.4243
    853.4349	   1106.5162
    853.4586	    528.2881
    853.4822	      0.0000
    853.5059	      0.0000
    853.5295	      0.0000
    853.5532	      0.0000
    870.1357	      0.0000
    870.1600	      0.0000
    870.1844	      0.0000
    870.2087	      0.0000
    870.2331	    640.0119
    870.2574	    986.9646
    870.2818	   1265.7076
    870.3061	   1284.3171
    870.3305	    982.8633
    870.3548	    539.9846
    870.3881	      0.0000
    870.4125	      0.0000
    870.4368	      0.0000
    870.4612	      0.0000
    880.2131	      0.0000
    880.2379	      0.0000
    880.2627	      0.0000
    880.2874	      0.0000
    880.3122	    216.9239
    880.3370	   1564.9785
    880.3618	   4868.9824
    880.3866	   9420.7871
    880.4113	  14186.2402
    880.4361	  13876.0088
    880.4609	   8797.7949
    880.4857	   4005.5225
    880.5105	    724.1600
    880.5334	      0.0000
    880.5582	      0.0000
    880.5829	      0.0000
    880.6077	      0.0000
    880.7069	      0.0000
    880.7317	      0.0000
    880.7565	      0.0000
    880.7813	      0.0000
    880.8061	    537.3613
    880.8309	   1587.5895
    880.8557	   4741.2734
    880.8805	  10018.0908
    880.9053	  15766.6689
    880.9301	  16704.4922
    880.9549	  11025.4102
    880.9797	   5390.3711
    881.0045	   1064.8153
    881.0293	      0.0000
    881.0514	      0.0000
    881.0762	      0.0000
    881.1010	      0.0000
    881.1259	      0.0000
    881.2251	      0.0000
    881.2499	      0.0000
    881.2747	      0.0000
    881.2995	      0.0000
    881.3244	    622.8242
    881.3492	   1854.5885
    881.3740	   5082.6079
    881.3988	   8607.5664
    881.4236	  10686.7314
    881.4485	   7883.8081
    881.4733	   4308.0527
    881.4981	   1052.0320
    881.5229	      0.0000
    881.5434	      0.0000
    881.5682	      0.0000
    881.5930	      0.0000
    881.6178	      0.0000
    881.7420	      0.0000
    881.7668	      0.0000
    881.7917	      0.0000
    881.8165	      0.0000
    881.8414	    457.3397
    881.8662	   1122.2926
    881.8910	   1787.2128
    881.9159	   1981.5052
    881.9407	   1529.7725
    881.9656	    755.5845
    881.9905	      0.0000
    882.0154	      0.0000
    882.0402	      0.0000
    882.0650	      0.0000
    953.2436	      0.0000
    953.2715	      0.0000
    953.2994	      0.0000
    953.3273	      0.0000
    953.3552	    311.8177
    953.3832	   1032.8706
    953.4111	   2011.4326
    953.4390	   2683.4824
    953.4669	   3512.8240
    953.4949	   1759.8209
    953.5228	    834.7502
    953.5507	      0.0000
    953.5786	      0.0000
    953.6066	      0.0000
    953.6345	      0.0000
    953.7463	      0.0000
    953.7742	      0.0000
    953.8021	      0.0000
    953.8301	      0.0000
    953.8580	    461.2559
    953.8860	   1825.3790
    953.9139	   3720.2351
    953.9419	   5623.4219
    953.9698	   5278.9248
    953.9977	   3236.1516
    954.0257	   1365.9640
    954.0536	    411.8682
    954.0816	      0.0000
    954.1096	      0.0000
    954.1375	      0.0000
    954.1655	      0.0000
    954.2773	      0.0000
    954.3053	      0.0000
    954.3332	      0.0000
    954.3612	      0.0000
    954.3892	    940.1910
    954.4171	   1589.7534
    954.4451	   1860.5488
    954.4731	   1547.4259
    954.5010	    876.4490
    954.5290	      0.0000
    954.5570	      0.0000
    954.5850	      0.0000
    954.6129	      0.0000
    954.7808	      0.0000
    954.8088	      0.0000
    954.8368	      0.0000
    954.8648	      0.0000
    954.8928	    622.0435
    954.9208	   1089.3740
    954.9487	   1267.8627
    954.9767	   1047.9191
    955.0047	    602.2537
    955.0437	      0.0000
    955.0717	      0.0000
    955.0997	      0.0000
    955.1277	      0.0000
    961.2042	      0.0000
    961.2325	      0.0000
    961.2608	      0.0000
    961.2890	      0.0000
    961.3173	    459.4722
    961.3456	    950.1968
    961.3738	   2441.6509
    961.4021	   5609.0684
    961.4304	   9210.1670
    961.4587	  10282.9297
    961.4869	   6852.5073
    961.5152	   3415.0779
    961.5435	    529.7980
    961.5690	      0.0000
    961.5973	      0.0000
    961.6256	      0.0000
    961.6539	      0.0000
    961.7105	      0.0000
    961.7388	      0.0000
    961.7670	      0.0000
    961.7953	      0.0000
    961.8236	    474.3632
    961.8519	   1463.3822
    961.8802	   4641.1138
    961.9085	   9059.6758
    961.9368	  13600.5713
    961.9651	  12860.3193
    961.9934	   7972.2051
    962.0217	   3384.8240
    962.0500	    601.9573
    962.0701	      0.0000
    962.0984	      0.0000
    962.1268	      0.0000
    962.1551	      0.0000
    962.2400	      0.0000
    962.2683	      0.0000
    962.2966	      0.0000
    962.3249	      0.0000
    962.3533	    664.2581
    962.3816	   1690.7119
    962.4099	   4446.9863
    962.4382	   5718.6641
    962.4665	   4614.3521
    962.4949	   2615.4424
    962.5232	    745.0525
    962.5515	      0.0000
    962.5798	      0.0000
    962.6082	      0.0000
    962.6365	      0.0000
    962.7782	      0.0000
    962.8065	      0.0000
    962.8348	      0.0000
    962.8632	      0.0000
    962.8915	    633.4295
    962.9199	   1132.5131
    962.9482	   1305.2683
    962.9765	   1019.8181
    963.0049	    492.3962
    963.0333	      0.0000
    963.0616	      0.0000
    963.0900	      0.0000
    963.1183	      0.0000
   1027.2815	      0.0000
   1027.3127	      0.0000
   1027.3439	      0.0000
   1027.3752	      0.0000
   1027.4064	    873.1197
   1027.4377	   1283.5742
   1027.4689	   1359.2489
   1027.5001	   1041.9363
   1027.5314	    540.5290
   1027.5626	      0.0000
   1027.5939	      0.0000
   1027.6251	      0.0000
   1027.6564	      0.0000
   1027.7501	      0.0000
   1027.7814	      0.0000
   1027.8126	      0.0000
   1027.8439	      0.0000
   1027.8751	    562.5472
   1027.9064	   1087.7446
   1027.9376	   1452.2032
   1027.9689	   1380.5498
   1028.0002	    884.7126
   1028.0314	      0.0000
   1028.0627	      0.0000
   1028.0940	      0.0000
   1028.1252	      0.0000
   1034.2500	      0.0000
   1034.2816	      0.0000
   1034.3132	      0.0000
   1034.3447	      0.0000
   1034.3763	    620.2337
   1034.4078	   1481.1733
   1034.4394	   2359.9858
   1034.4709	   2683.7209
   1034.5025	   2223.9531
   1034.5341	   1314.9102
   1034.5656	    530.0953
   1034.5972	      0.0000
   1034.6287	      0.0000
   1034.6603	      0.0000
   1034.6919	      0.0000
   1034.7235	      0.0000
   1034.7550	      0.0000
   1034.7866	      0.0000
   1034.8182	      0.0000
   1034.8498	    400.9142
   1034.8813	   1440.4132
   1034.9129	   3380.7964
   1034.9445	   5472.4751
   1034.9761	   6174.2773
   1035.0077	   4219.2524
   1035.0392	   2083.7256
   1035.0708	    224.1778
   1035.1024	      0.0000
   1035.1340	      0.0000
   1035.1656	      0.0000
   1035.1972	      0.0000
   1035.2604	      0.0000
   1035.2920	      0.0000
   1035.3236	      0.0000
   1035.3552	      0.0000
   1035.3868	    859.1198
   1035.4184	   1827.3727
   1035.4500	   2617.5081
   1035.4816	   3724.4287
   1035.5132	   1899.8352
   1035.5448	    907.7793
   1035.5764	      0.0000
   1035.6080	      0.0000
   1035.6396	      0.0000
   1035.6712	      0.0000
   1042.2147	      0.0000
   1042.2466	      0.0000
   1042.2785	      0.0000
   1042.3104	      0.0000
   1042.3423	    486.0455
   1042.3743	   1391.6008
   1042.4062	   3679.3975
   1042.4381	   6189.1626
   1042.4700	   7181.1807
   1042.5020	   5005.2021
   1042.5339	   2540.6477
   1042.5658	    564.3912
   1042.6085	      0.0000
   1042.6405	      0.0000
   1042.6724	      0.0000
   1042.7043	      0.0000
   1042.7363	      0.0000
   1042.7682	      0.0000
   1042.8002	      0.0000
   1042.8321	      0.0000
   1042.8640	    642.7588
   1042.8960	   2643.2097
   1042.9279	   5575.4839
   1042.9599	   8618.2119
   1042.9918	   8438.0449
   1043.0238	   5210.8813
   1043.0557	   2203.0391
   1043.0877	    202.7004
   1043.1089	      0.0000
   1043.1408	      0.0000
   1043.1728	      0.0000
   1043.2047	      0.0000
   1043.2367	      0.0000
   1043.2687	      0.0000
   1043.3006	      0.0000
   1043.3326	      0.0000
   1043.3646	    658.4949
   1043.3965	   2418.5396
   1043.4285	   4569.4429
   1043.4605	   6470.3125
   1043.4924	   5569.6836
   1043.5244	   3261.2808
   1043.5564	   1102.6117
   1043.5884	    530.3666
   1043.6204	      0.0000
   1043.6524	      0.0000
   1043.6844	      0.0000
   1043.7164	      0.0000
   1108.2599	      0.0000
   1108.2949	      0.0000
   1108.3299	      0.0000
   1108.3649	      0.0000
   1108.3999	    917.2432
   1108.4349	   1743.1702
   1108.4699	   2347.8896
   1108.5049	   2299.0295
   1108.5399	   1615.6980
   1108.5750	    777.4278
   1108.6100	      0.0000
   1108.6450	      0.0000
   1108.6800	      0.0000
   1108.7150	      0.0000
   1108.7500	      0.0000
   1108.7851	      0.0000
   1108.8201	      0.0000
   1108.8551	      0.0000
   1108.8901	    546.4135
   1108.9251	   1344.7990
   1108.9602	   2145.2358
   1108.9952	   2375.3518
   1109.0302	   1866.7394
   1109.0653	   1005.8503
   1109.1003	    310.7936
   1109.1353	      0.0000
   1109.1704	      0.0000
   1109.2054	      0.0000
   1109.2405	      0.0000
   1109.2755	      0.0000
   1109.3105	      0.0000
   1109.3456	      0.0000
   1109.3806	      0.0000
   1109.4157	    581.9344
   1109.4507	   1152.1078
   1109.4858	   1440.6866
   1109.5209	   1228.5563
   1109.5559	    697.3218
   1109.5910	      0.0000
   1109.6260	      0.0000
   1109.6611	      0.0000
   1109.6962	      0.0000
   1115.2571	      0.0000
   1115.2924	      0.0000
   1115.3277	      0.0000
   1115.3631	      0.0000
   1115.3984	    643.8986
   1115.4337	   1407.9744
   1115.4691	   2046.2760
   1115.5044	   2123.3899
   1115.5397	   1579.2589
   1115.5751	    801.5720
   1115.6104	      0.0000
   1115.6458	      0.0000
   1115.6811	      0.0000
   1115.7165	      0.0000
   1115.7518	      0.0000
   1115.7872	      0.0000
   1115.8225	      0.0000
   1115.8579	      0.0000
   1115.8932	    465.8756
   1115.9286	   1269.0242
   1115.9640	   2112.4575
   1115.9993	   2422.2737
   1116.0347	   1947.6289
   1116.0700	   1053.9385
   1116.1054	    373.2848
   1116.1408	      0.0000
   1116.1762	      0.0000
   1116.2115	      0.0000
   1116.2469	      0.0000
   1116.2823	      0.0000
   1116.3176	      0.0000
   1116.3530	      0.0000
   1116.3884	    370.1430
   1116.4238	   1046.1229
   1116.4592	   1892.3907
   1116.4946	   2346.7720
   1116.5299	   2045.9989
   1116.5653	   1211.3092
   1116.6007	    455.8541
   1116.6361	      0.0000
   1116.6715	      0.0000
   1116.7069	      0.0000
   1116.7423	      0.0000
   1123.2485	      0.0000
   1123.2842	      0.0000
   1123.3199	      0.0000
   1123.3556	      0.0000
   1123.3914	    763.4228
   1123.4271	   1743.1978
   1123.4628	   2576.6819
   1123.4985	   3663.8662
   1123.5342	   2112.7883
   1123.5699	   1133.2318
   1123.6057	    477.5462
   1123.6415	      0.0000
   1123.6772	      0.0000
   1123.7129	      0.0000
   1123.7487	      0.0000
   1202.4019	      0.0000
   1202.4415	      0.0000
   1202.4810	      0.0000
   1202.5206	      0.0000
   1202.5601	    565.1296
   1202.5997	   1151.7780
   1202.6392	   1521.1910
   1202.6788	   1391.5522
   1202.7184	    847.2687
   1202.7570	      0.0000
   1202.7965	      0.0000
   1202.8361	      0.0000
   1202.8757	      0.0000
   1511.5198	      0.0000
   1511.5755	      0.0000
   1511.6313	      0.0000
   1511.6870	      0.0000
   1511.7428	    869.1703
   1511.7985	   1470.2913
   1511.8543	   1722.8569
   1511.9100	   1440.7726
   1511.9658	    826.9855
   1512.0216	      0.0000
   1512.0774	      0.0000
   1512.1331	      0.0000
   1512.1889	      0.0000
   1772.6038	      0.0000
   1772.6746	      0.0000
   1772.7454	      0.0000
   1772.8162	      0.0000
   1772.8870	    858.6437
   1772.9578	   1483.8392
   1773.0286	   1704.2578
   1773.0994	   1336.5367
   1773.1703	    662.4398
   1773.2411	      0.0000
   1773.3119	      0.0000
   1773.3827	      0.0000
   1773.4536	      0.0000
   2471.2700	      0.0000
   2471.3865	      0.0000
   2471.5031	      0.0000
   2471.6196	      0.0000
   2471.7362	    728.8908
   2471.8528	   1308.5422
   2471.9693	   1597.1880
   2472.0859	   1362.9232
   2472.2025	    780.6647
   2472.3191	      0.0000
   2472.4357	      0.0000
   2472.5523	      0.0000
   2472.6690	      0.0000
   2626.3128	      0.0000
   2626.4405	      0.0000
   2626.5681	      0.0000
   2626.6958	      0.0000
