# ljz_20131022_MR_Chym1_ELUTE.mzML
#
# index: 7201
# id: controllerType=0 controllerNumber=1 scan=16531
# scanNumber: 16531
# massAnalyzerType: quadrupole
# scanEvent: 2
# msLevel: 2
# retentionTime: 4052.51
# filterString: FTMS + p NSI d Full ms2 700.58@hcd28.00 [100.00-2165.00]
# mzLow: 99.0036
# mzHigh: 2187.13
# basePeakMZ: 355.071
# basePeakIntensity: 32929.6
# totalIonCurrent: 397555
# precursorCount: 1
# precursor 0: 700.575 94827.7
# binary (1244): 
     99.0036	      0.0000
     99.0045	      0.0000
     99.0055	      0.0000
     99.0064	      0.0000
    101.0532	      0.0000
    101.0542	      0.0000
    101.0551	      0.0000
    101.0561	      0.0000
    101.0571	    648.0008
    101.0580	   1582.2122
    101.0590	   3432.8613
    101.0600	   5378.2285
    101.0609	   5335.1841
    101.0619	   3431.8950
    101.0628	   1365.9702
    101.0638	    513.1500
    101.0648	      0.0000
    101.0657	      0.0000
    101.0667	      0.0000
    101.0677	      0.0000
    102.0491	      0.0000
    102.0501	      0.0000
    102.0511	      0.0000
    102.0521	      0.0000
    102.0530	    498.8091
    102.0540	    951.3973
    102.0550	   1266.1759
    102.0560	   1249.0695
    102.0569	    895.3273
    102.0579	    422.7560
    102.0588	      0.0000
    102.0598	      0.0000
    102.0608	      0.0000
    102.0618	      0.0000
    109.0932	      0.0000
    109.0943	      0.0000
    109.0954	      0.0000
    109.0965	      0.0000
    109.0975	    284.4299
    109.0986	    986.1792
    109.0997	   3221.7639
    109.1008	   5397.6362
    109.1019	   6219.5991
    109.1029	   4226.8174
    109.1040	   2067.2588
    109.1051	    228.7689
    109.1062	      0.0000
    109.1072	      0.0000
    109.1083	      0.0000
    109.1094	      0.0000
    111.0362	      0.0000
    111.0373	      0.0000
    111.0384	      0.0000
    111.0395	      0.0000
    111.0406	    500.6956
    111.0417	   1395.9564
    111.0428	   3792.4558
    111.0439	   5465.5576
    111.0450	   4901.0088
    111.0461	   2864.9211
    111.0473	    906.1757
    111.0484	      0.0000
    111.0495	      0.0000
    111.0506	      0.0000
    111.0517	      0.0000
    111.0739	      0.0000
    111.0750	      0.0000
    111.0761	      0.0000
    111.0772	      0.0000
    111.0783	    714.5726
    111.0795	   1350.8013
    111.0806	   1706.1082
    111.0817	   1526.9803
    111.0828	    951.3257
    111.0839	    374.4289
    111.0850	      0.0000
    111.0861	      0.0000
    111.0872	      0.0000
    111.0883	      0.0000
    113.0543	      0.0000
    113.0554	      0.0000
    113.0566	      0.0000
    113.0577	      0.0000
    113.0588	    619.8338
    113.0600	   1058.0714
    113.0611	   1207.9476
    113.0623	    964.3717
    113.0634	    522.9434
    113.0645	      0.0000
    113.0656	      0.0000
    113.0668	      0.0000
    113.0679	      0.0000
    117.0835	      0.0000
    117.0847	      0.0000
    117.0859	      0.0000
    117.0871	      0.0000
    117.0883	    707.7165
    117.0895	   1305.8035
    117.0907	   1712.6753
    117.0919	   1647.1882
    117.0931	   1128.4230
    117.0943	    484.8375
    117.0955	      0.0000
    117.0967	      0.0000
    117.0979	      0.0000
    117.0991	      0.0000
    119.0770	      0.0000
    119.0782	      0.0000
    119.0794	      0.0000
    119.0807	      0.0000
    119.0819	    299.6127
    119.0831	   1046.7072
    119.0844	   2117.6721
    119.0856	   2865.2397
    119.0868	   2726.0229
    119.0881	   1800.9427
    119.0893	    764.8199
    119.0905	      0.0000
    119.0918	      0.0000
    119.0930	      0.0000
    119.0942	      0.0000
    120.0729	      0.0000
    120.0741	      0.0000
    120.0754	      0.0000
    120.0766	      0.0000
    120.0779	    610.4409
    120.0791	   1180.5332
    120.0804	   1559.4351
    120.0816	   1481.6389
    120.0829	    985.0684
    120.0841	    396.8863
    120.0854	      0.0000
    120.0866	      0.0000
    120.0879	      0.0000
    120.0891	      0.0000
    120.1091	      0.0000
    120.1104	      0.0000
    120.1116	      0.0000
    120.1128	      0.0000
    120.1141	    584.9127
    120.1153	    934.6879
    120.1166	   1083.2272
    120.1178	    925.0331
    120.1191	    542.9798
    120.1203	      0.0000
    120.1216	      0.0000
    120.1228	      0.0000
    120.1241	      0.0000
    121.0195	      0.0000
    121.0207	      0.0000
    121.0220	      0.0000
    121.0233	      0.0000
    121.0245	    420.7910
    121.0258	   1205.8247
    121.0270	   2219.8894
    121.0283	   2814.9314
    121.0296	   2533.3931
    121.0308	   1581.1039
    121.0321	    622.0298
    121.0334	      0.0000
    121.0346	      0.0000
    121.0359	      0.0000
    121.0372	      0.0000
    121.0927	      0.0000
    121.0940	      0.0000
    121.0953	      0.0000
    121.0965	      0.0000
    121.0978	    390.2586
    121.0991	   1108.7338
    121.1003	   1887.0864
    121.1016	   2195.3032
    121.1029	   1798.5382
    121.1041	   1000.1473
    121.1054	    342.8323
    121.1066	      0.0000
    121.1079	      0.0000
    121.1092	      0.0000
    121.1104	      0.0000
    123.0720	      0.0000
    123.0733	      0.0000
    123.0746	      0.0000
    123.0759	      0.0000
    123.0772	    366.6357
    123.0785	   1025.2524
    123.0798	   1761.3594
    123.0811	   2136.4353
    123.0824	   1881.1810
    123.0837	   1171.2921
    123.0850	    467.1711
    123.0863	      0.0000
    123.0876	      0.0000
    123.0889	      0.0000
    123.0902	      0.0000
    123.1083	      0.0000
    123.1096	      0.0000
    123.1109	      0.0000
    123.1122	      0.0000
    123.1135	    470.5267
    123.1148	   1241.9889
    123.1161	   2066.4321
    123.1174	   2403.8545
    123.1187	   1992.4338
    123.1200	   1136.5892
    123.1213	    424.9500
    123.1225	      0.0000
    123.1238	      0.0000
    123.1251	      0.0000
    123.1264	      0.0000
    125.0883	      0.0000
    125.0896	      0.0000
    125.0909	      0.0000
    125.0923	      0.0000
    125.0936	    580.0559
    125.0949	   1221.1051
    125.0963	   1654.7710
    125.0976	   1601.4796
    125.0989	   1126.8997
    125.1002	    550.0327
    125.1016	      0.0000
    125.1029	      0.0000
    125.1042	      0.0000
    125.1055	      0.0000
    125.1255	      0.0000
    125.1268	      0.0000
    125.1281	      0.0000
    125.1294	      0.0000
    125.1308	    714.1735
    125.1321	   1378.9741
    125.1334	   1612.8574
    125.1347	   1247.9788
    125.1361	    608.0991
    125.1374	      0.0000
    125.1387	      0.0000
    125.1400	      0.0000
    125.1414	      0.0000
    129.0454	      0.0000
    129.0468	      0.0000
    129.0482	      0.0000
    129.0496	      0.0000
    129.0510	    881.7101
    129.0524	   1796.9926
    129.0537	   2593.7095
    129.0551	   2723.5447
    129.0565	   2061.0803
    129.0579	   1061.1493
    129.0593	    341.1369
    129.0607	      0.0000
    129.0621	      0.0000
    129.0635	      0.0000
    129.0649	      0.0000
    129.0941	      0.0000
    129.0955	      0.0000
    129.0969	      0.0000
    129.0983	      0.0000
    129.0996	    636.4394
    129.1010	   1144.3430
    129.1024	   1503.0282
    129.1038	   1468.3336
    129.1052	   1040.7023
    129.1066	    496.2917
    129.1080	      0.0000
    129.1094	      0.0000
    129.1108	      0.0000
    129.1122	      0.0000
    130.0566	      0.0000
    130.0580	      0.0000
    130.0594	      0.0000
    130.0609	      0.0000
    130.0623	    726.7140
    130.0637	   1520.8394
    130.0651	   2047.5148
    130.0665	   1918.2604
    130.0679	   1247.4260
    130.0693	    510.2056
    130.0710	      0.0000
    130.0724	      0.0000
    130.0738	      0.0000
    130.0752	      0.0000
    133.0741	      0.0000
    133.0756	      0.0000
    133.0771	      0.0000
    133.0785	      0.0000
    133.0800	    595.3278
    133.0814	   1565.2534
    133.0829	   4971.0122
    133.0843	  10123.4121
    133.0858	  15585.6748
    133.0873	  15406.4551
    133.0887	   9649.9814
    133.0902	   4325.4473
    133.0916	    690.7435
    133.0926	      0.0000
    133.0941	      0.0000
    133.0955	      0.0000
    133.0970	      0.0000
    136.0645	      0.0000
    136.0660	      0.0000
    136.0675	      0.0000
    136.0690	      0.0000
    136.0705	    333.2918
    136.0720	   2331.8301
    136.0736	   5198.8760
    136.0751	   8287.2314
    136.0766	   8319.0654
    136.0781	   5354.7827
    136.0796	   2570.5400
    136.0811	    730.6404
    136.0827	      0.0000
    136.0842	      0.0000
    136.0857	      0.0000
    136.0872	      0.0000
    137.0516	      0.0000
    137.0531	      0.0000
    137.0546	      0.0000
    137.0561	      0.0000
    137.0576	    579.2247
    137.0592	    975.1012
    137.0607	   1162.5406
    137.0622	   1004.2858
    137.0637	    591.2489
    137.0653	      0.0000
    137.0668	      0.0000
    137.0683	      0.0000
    137.0698	      0.0000
    137.1231	      0.0000
    137.1246	      0.0000
    137.1262	      0.0000
    137.1277	      0.0000
    137.1292	    517.8726
    137.1307	    977.7376
    137.1323	   1246.3386
    137.1338	   1121.0425
    137.1353	    672.5216
    137.1368	      0.0000
    137.1383	      0.0000
    137.1398	      0.0000
    137.1414	      0.0000
    147.0537	      0.0000
    147.0554	      0.0000
    147.0571	      0.0000
    147.0588	      0.0000
    147.0605	    471.4678
    147.0621	   1282.1257
    147.0638	   2155.3376
    147.0655	   2456.9292
    147.0672	   1967.2290
    147.0689	   1087.8309
    147.0706	    398.2444
    147.0723	      0.0000
    147.0740	      0.0000
    147.0757	      0.0000
    147.0774	      0.0000
    147.1061	      0.0000
    147.1078	      0.0000
    147.1095	      0.0000
    147.1112	      0.0000
    147.1129	    641.5641
    147.1146	   1146.9534
    147.1163	   1399.4792
    147.1180	   1197.5530
    147.1197	    675.4730
    147.1214	      0.0000
    147.1231	      0.0000
    147.1248	      0.0000
    147.1265	      0.0000
    149.0115	      0.0000
    149.0133	      0.0000
    149.0150	      0.0000
    149.0167	      0.0000
    149.0184	    567.3167
    149.0202	   1307.1171
    149.0219	   2053.3972
    149.0236	   2282.5601
    149.0253	   1832.2344
    149.0271	   1020.0845
    149.0288	    344.8819
    149.0305	      0.0000
    149.0322	      0.0000
    149.0340	      0.0000
    149.0357	      0.0000
    149.0374	      0.0000
    149.0392	    399.9991
    149.0409	   1185.3009
    149.0426	   2856.2456
    149.0443	   4474.6035
    149.0461	   4074.0767
    149.0478	   2358.9976
    149.0495	   1000.2336
    149.0512	    401.7688
    149.0529	      0.0000
    149.0546	      0.0000
    149.0564	      0.0000
    149.0581	      0.0000
    155.7429	      0.0000
    155.7448	      0.0000
    155.7466	      0.0000
    155.7485	      0.0000
    155.7503	    456.3293
    155.7522	    992.5212
    155.7540	   1318.9548
    155.7558	   1214.2185
    155.7577	    772.3582
    155.7596	      0.0000
    155.7614	      0.0000
    155.7633	      0.0000
    155.7651	      0.0000
    159.0772	      0.0000
    159.0791	      0.0000
    159.0810	      0.0000
    159.0829	      0.0000
    159.0848	    405.0742
    159.0867	   1319.1434
    159.0886	   3662.5979
    159.0905	   6207.9082
    159.0924	   7531.9209
    159.0944	   5340.9453
    159.0963	   2746.4619
    159.0982	    542.0932
    159.1003	      0.0000
    159.1022	      0.0000
    159.1041	      0.0000
    159.1060	      0.0000
    167.0397	      0.0000
    167.0418	      0.0000
    167.0438	      0.0000
    167.0459	      0.0000
    167.0479	    171.8464
    167.0500	   1456.6233
    167.0520	   4183.4517
    167.0541	   7153.5913
    167.0561	   8764.2549
    167.0582	   6455.4019
    167.0602	   3608.6443
    167.0623	    966.3516
    167.0643	      0.0000
    167.0662	      0.0000
    167.0682	      0.0000
    167.0703	      0.0000
    167.0723	      0.0000
    177.0967	      0.0000
    177.0989	      0.0000
    177.1012	      0.0000
    177.1034	      0.0000
    177.1057	    815.8090
    177.1079	   2033.5365
    177.1101	   4079.2024
    177.1124	   5834.0098
    177.1146	   4903.1094
    177.1168	   2939.9502
    177.1191	    963.4080
    177.1213	    327.9422
    177.1235	      0.0000
    177.1258	      0.0000
    177.1280	      0.0000
    177.1302	      0.0000
    180.5120	      0.0000
    180.5143	      0.0000
    180.5166	      0.0000
    180.5189	      0.0000
    180.5212	    505.7568
    180.5235	    922.7262
    180.5258	   1216.0757
    180.5281	   1222.8303
    180.5304	    932.6727
    180.5327	    504.5501
    180.5350	      0.0000
    180.5373	      0.0000
    180.5396	      0.0000
    180.5419	      0.0000
    185.0638	      0.0000
    185.0662	      0.0000
    185.0686	      0.0000
    185.0710	      0.0000
    185.0734	    478.5551
    185.0758	   2193.5088
    185.0782	   4555.1826
    185.0806	   6837.4966
    185.0830	   6115.9150
    185.0853	   3605.2786
    185.0877	   1279.1350
    185.0901	    532.3886
    185.0925	      0.0000
    185.0949	      0.0000
    185.0973	      0.0000
    185.0996	      0.0000
    189.0950	      0.0000
    189.0975	      0.0000
    189.1000	      0.0000
    189.1024	      0.0000
    189.1049	    580.3479
    189.1074	   1546.8481
    189.1098	   3375.2271
    189.1123	   4776.9502
    189.1148	   3740.9788
    189.1172	   2028.1813
    189.1197	    725.4728
    189.1221	      0.0000
    189.1246	      0.0000
    189.1271	      0.0000
    189.1296	      0.0000
    190.6061	      0.0000
    190.6086	      0.0000
    190.6111	      0.0000
    190.6136	      0.0000
    190.6161	    431.6034
    190.6186	    882.5797
    190.6211	   1093.1675
    190.6236	    910.8858
    190.6261	    489.1419
    190.6286	      0.0000
    190.6311	      0.0000
    190.6336	      0.0000
    190.6361	      0.0000
    195.0454	      0.0000
    195.0480	      0.0000
    195.0506	      0.0000
    195.0532	      0.0000
    195.0558	    483.5000
    195.0583	   1133.1925
    195.0609	   3241.0730
    195.0635	   5476.8594
    195.0661	   6327.4639
    195.0687	   4406.1299
    195.0713	   2324.9595
    195.0738	    628.6647
    195.0765	      0.0000
    195.0791	      0.0000
    195.0816	      0.0000
    195.0842	      0.0000
    205.0886	      0.0000
    205.0914	      0.0000
    205.0942	      0.0000
    205.0970	      0.0000
    205.0997	    538.7625
    205.1025	   1333.4005
    205.1053	   2030.6467
    205.1081	   2069.4128
    205.1109	   1413.3599
    205.1137	    574.3440
    205.1164	      0.0000
    205.1192	      0.0000
    205.1220	      0.0000
    205.1248	      0.0000
    213.0909	      0.0000
    213.0938	      0.0000
    213.0968	      0.0000
    213.0997	      0.0000
    213.1027	    669.3875
    213.1056	   2130.0630
    213.1086	   4166.4575
    213.1115	   5992.2031
    213.1145	   5050.7773
    213.1174	   2907.9565
    213.1204	    988.1469
    213.1233	    336.8643
    213.1264	      0.0000
    213.1293	      0.0000
    213.1323	      0.0000
    213.1352	      0.0000
    221.0619	      0.0000
    221.0650	      0.0000
    221.0681	      0.0000
    221.0712	      0.0000
    221.0743	    312.9978
    221.0775	    927.3395
    221.0806	   1659.7289
    221.0837	   2043.3787
    221.0868	   1767.3588
    221.0899	   1024.3300
    221.0931	    333.6248
    221.0962	      0.0000
    221.0993	      0.0000
    221.1024	      0.0000
    221.1055	      0.0000
    222.0629	      0.0000
    222.0660	      0.0000
    222.0692	      0.0000
    222.0723	      0.0000
    222.0755	    358.8694
    222.0786	   1107.7930
    222.0817	   1965.7491
    222.0849	   2357.4021
    222.0880	   1999.3029
    222.0912	   1180.0251
    222.0943	    460.6035
    222.0974	      0.0000
    222.1006	      0.0000
    222.1037	      0.0000
    222.1069	      0.0000
    223.0392	      0.0000
    223.0423	      0.0000
    223.0455	      0.0000
    223.0486	      0.0000
    223.0518	    400.5865
    223.0550	    906.6263
    223.0581	   2289.4314
    223.0613	   4158.2661
    223.0644	   5202.1201
    223.0676	   3585.7263
    223.0708	   1720.0592
    223.0739	    640.6090
    223.0774	      0.0000
    223.0806	      0.0000
    223.0837	      0.0000
    223.0869	      0.0000
    225.0178	      0.0000
    225.0210	      0.0000
    225.0242	      0.0000
    225.0274	      0.0000
    225.0306	    243.7030
    225.0338	   1447.1335
    225.0370	   5079.1045
    225.0402	   9075.4063
    225.0434	  12052.4287
    225.0466	   9398.6846
    225.0498	   5417.6489
    225.0530	   1585.2651
    225.0563	    231.0950
    225.0591	      0.0000
    225.0623	      0.0000
    225.0655	      0.0000
    225.0687	      0.0000
    226.0197	      0.0000
    226.0229	      0.0000
    226.0262	      0.0000
    226.0294	      0.0000
    226.0326	    353.3685
    226.0358	    923.3517
    226.0391	   1599.1235
    226.0423	   1975.8232
    226.0455	   1786.3920
    226.0487	   1159.7246
    226.0520	    492.1389
    226.0552	      0.0000
    226.0584	      0.0000
    226.0616	      0.0000
    226.0649	      0.0000
    226.1616	      0.0000
    226.1648	      0.0000
    226.1681	      0.0000
    226.1713	      0.0000
    226.1745	    831.4719
    226.1777	   1411.3630
    226.1810	   1637.4618
    226.1842	   1315.5822
    226.1874	    675.2727
    226.1906	      0.0000
    226.1938	      0.0000
    226.1971	      0.0000
    226.2003	      0.0000
    227.1033	      0.0000
    227.1065	      0.0000
    227.1098	      0.0000
    227.1130	      0.0000
    227.1163	    711.3043
    227.1195	   2644.2253
    227.1228	   6278.8979
    227.1260	  10125.9297
    227.1293	  10607.3525
    227.1325	   6917.0146
    227.1358	   3282.7769
    227.1390	    841.9716
    227.1427	      0.0000
    227.1459	      0.0000
    227.1492	      0.0000
    227.1524	      0.0000
    239.0646	      0.0000
    239.0681	      0.0000
    239.0716	      0.0000
    239.0751	      0.0000
    239.0786	    466.2021
    239.0821	   1033.0031
    239.0856	   3740.3188
    239.0891	   9382.5400
    239.0926	  15520.6865
    239.0961	  17841.8945
    239.0996	  12363.5918
    239.1031	   6395.3477
    239.1066	   1567.1125
    239.1101	    258.4287
    239.1133	      0.0000
    239.1169	      0.0000
    239.1204	      0.0000
    239.1239	      0.0000
    239.2151	      0.0000
    239.2186	      0.0000
    239.2221	      0.0000
    239.2256	      0.0000
    239.2291	    490.6273
    239.2326	   1162.0334
    239.2361	   1716.5294
    239.2397	   1744.8699
    239.2432	   1233.9803
    239.2467	    572.0763
    239.2502	      0.0000
    239.2537	      0.0000
    239.2572	      0.0000
    239.2607	      0.0000
    240.0737	      0.0000
    240.0772	      0.0000
    240.0807	      0.0000
    240.0843	      0.0000
    240.0878	    599.2977
    240.0913	   1360.9851
    240.0949	   1913.2711
    240.0984	   1874.9413
    240.1019	   1308.5531
    240.1055	    621.2496
    240.1090	      0.0000
    240.1125	      0.0000
    240.1160	      0.0000
    240.1196	      0.0000
    241.0682	      0.0000
    241.0718	      0.0000
    241.0753	      0.0000
    241.0789	      0.0000
    241.0824	    424.8779
    241.0860	   1178.0149
    241.0895	   1973.0914
    241.0931	   2276.5183
    241.0966	   1869.2781
    241.1002	   1052.4702
    241.1037	    359.7556
    241.1074	      0.0000
    241.1109	      0.0000
    241.1145	      0.0000
    241.1180	      0.0000
    245.1163	      0.0000
    245.1199	      0.0000
    245.1235	      0.0000
    245.1272	      0.0000
    245.1308	    656.7962
    245.1345	   1172.5349
    245.1381	   1376.9984
    245.1417	   1120.1228
    245.1454	    595.1573
    245.1491	      0.0000
    245.1528	      0.0000
    245.1564	      0.0000
    245.1601	      0.0000
    281.0242	      0.0000
    281.0286	      0.0000
    281.0331	      0.0000
    281.0376	      0.0000
    281.0420	    773.5000
    281.0465	   1563.1301
    281.0510	   1988.1566
    281.0554	   1730.2562
    281.0599	   1012.5159
    281.0644	    343.8272
    281.0688	      0.0000
    281.0733	      0.0000
    281.0778	      0.0000
    281.0823	      0.0000
    284.9754	      0.0000
    284.9799	      0.0000
    284.9845	      0.0000
    284.9890	      0.0000
    284.9936	    663.6315
    284.9982	   2276.7578
    285.0027	   4817.3848
    285.0073	   7556.6499
    285.0119	   7742.2168
    285.0164	   4889.9863
    285.0210	   2169.8967
    285.0256	    208.2590
    285.0302	      0.0000
    285.0348	      0.0000
    285.0394	      0.0000
    285.0439	      0.0000
    295.0648	      0.0000
    295.0696	      0.0000
    295.0744	      0.0000
    295.0792	      0.0000
    295.0840	    412.5421
    295.0888	   1255.8285
    295.0936	   3344.3633
    295.0984	   5626.7803
    295.1032	   6882.9419
    295.1080	   5056.9609
    295.1128	   2776.9597
    295.1177	    638.9730
    295.1225	      0.0000
    295.1273	      0.0000
    295.1321	      0.0000
    295.1369	      0.0000
    296.0673	      0.0000
    296.0721	      0.0000
    296.0770	      0.0000
    296.0818	      0.0000
    296.0866	    455.0008
    296.0915	   1186.4209
    296.0963	   2216.4456
    296.1011	   4339.3730
    296.1060	   4407.8770
    296.1108	   2066.5833
    296.1156	    949.4681
    296.1205	    252.6270
    296.1259	      0.0000
    296.1307	      0.0000
    296.1356	      0.0000
    296.1404	      0.0000
    299.0229	      0.0000
    299.0279	      0.0000
    299.0328	      0.0000
    299.0377	      0.0000
    299.0426	    675.6822
    299.0475	   3149.9343
    299.0524	   9853.1768
    299.0573	  17289.3691
    299.0622	  23106.2070
    299.0671	  18610.9980
    299.0720	  10985.4590
    299.0769	   3699.6179
    299.0818	    724.9430
    299.0861	      0.0000
    299.0910	      0.0000
    299.0959	      0.0000
    299.1008	      0.0000
    299.2284	      0.0000
    299.2334	      0.0000
    299.2383	      0.0000
    299.2432	      0.0000
    299.2481	    463.1654
    299.2530	   1021.2715
    299.2579	   1406.6165
    299.2628	   1345.0125
    299.2677	    896.6588
    299.2726	      0.0000
    299.2775	      0.0000
    299.2825	      0.0000
    299.2874	      0.0000
    300.0254	      0.0000
    300.0303	      0.0000
    300.0353	      0.0000
    300.0402	      0.0000
    300.0451	    526.6566
    300.0501	   1917.8379
    300.0550	   4141.2983
    300.0599	   6571.2329
    300.0649	   6882.5425
    300.0698	   4443.0425
    300.0747	   2106.1001
    300.0796	    305.7376
    300.0846	      0.0000
    300.0895	      0.0000
    300.0944	      0.0000
    300.0994	      0.0000
    301.0286	      0.0000
    301.0335	      0.0000
    301.0385	      0.0000
    301.0434	      0.0000
    301.0484	    612.4775
    301.0534	   1372.9158
    301.0583	   1960.4437
    301.0633	   1955.3666
    301.0682	   1369.4528
    301.0732	    633.0009
    301.0762	      0.0000
    301.0811	      0.0000
    301.0861	      0.0000
    301.0910	      0.0000
    313.2309	      0.0000
    313.2362	      0.0000
    313.2414	      0.0000
    313.2467	      0.0000
    313.2519	     16.9034
    313.2572	   1219.8018
    313.2625	   3870.2300
    313.2677	   6632.9951
    313.2730	   8020.2690
    313.2782	   5773.7451
    313.2835	   3116.3423
    313.2888	    983.6633
    313.2940	    387.5688
    313.3020	      0.0000
    313.3073	      0.0000
    313.3125	      0.0000
    313.3178	      0.0000
    355.0159	      0.0000
    355.0222	      0.0000
    355.0286	      0.0000
    355.0349	      0.0000
    355.0413	    904.4003
    355.0476	   2384.0005
    355.0540	   8119.3818
    355.0603	  18478.2188
    355.0666	  29709.2988
    355.0730	  32337.4766
    355.0793	  21817.5801
    355.0857	  11058.5928
    355.0920	   2876.4102
    355.0984	    685.3641
    355.1041	      0.0000
    355.1105	      0.0000
    355.1168	      0.0000
    355.1232	      0.0000
    356.0263	      0.0000
    356.0327	      0.0000
    356.0390	      0.0000
    356.0454	      0.0000
    356.0518	    862.2623
    356.0582	   2856.4202
    356.0645	   4876.6523
    356.0709	   6163.5244
    356.0773	   4661.7373
    356.0837	   2582.5657
    356.0900	    923.5502
    356.0967	      0.0000
    356.1031	      0.0000
    356.1095	      0.0000
    356.1158	      0.0000
    358.9824	      0.0000
    358.9888	      0.0000
    358.9953	      0.0000
    359.0018	      0.0000
    359.0082	    913.0206
    359.0147	   3824.6870
    359.0211	   7475.4976
    359.0276	  10940.0479
    359.0340	   9594.1348
    359.0405	   5714.1284
    359.0469	   2165.5793
    359.0534	    377.3666
    359.0595	      0.0000
    359.0660	      0.0000
    359.0724	      0.0000
    359.0789	      0.0000
    359.9842	      0.0000
    359.9906	      0.0000
    359.9971	      0.0000
    360.0036	      0.0000
    360.0101	    446.0926
    360.0166	   1294.6213
    360.0230	   3010.7170
    360.0295	   4327.5415
    360.0360	   3505.9861
    360.0425	   1532.9558
    360.0490	    538.5179
    360.0556	      0.0000
    360.0621	      0.0000
    360.0686	      0.0000
    360.0750	      0.0000
    369.0806	      0.0000
    369.0874	      0.0000
    369.0941	      0.0000
    369.1008	      0.0000
    369.1075	    860.8187
    369.1143	   1828.9727
    369.1210	   2469.5950
    369.1277	   2302.8733
    369.1344	   1478.2592
    369.1412	    593.8541
    369.1479	      0.0000
    369.1546	      0.0000
    369.1614	      0.0000
    369.1681	      0.0000
    371.0592	      0.0000
    371.0660	      0.0000
    371.0727	      0.0000
    371.0795	      0.0000
    371.0863	    811.6644
    371.0931	   1396.3436
    371.0999	   1537.4878
    371.1066	   1108.6255
    371.1134	    438.1565
    371.1202	      0.0000
    371.1270	      0.0000
    371.1338	      0.0000
    371.1405	      0.0000
    371.1473	      0.0000
    371.1541	      0.0000
    371.1609	      0.0000
    371.1677	    730.3056
    371.1745	   1106.0050
    371.1812	   1223.3407
    371.1880	    984.2222
    371.1948	    510.3624
    371.2016	      0.0000
    371.2084	      0.0000
    371.2152	      0.0000
    371.2219	      0.0000
    373.0400	      0.0000
    373.0468	      0.0000
    373.0537	      0.0000
    373.0605	      0.0000
    373.0673	    707.7836
    373.0742	   1181.4407
    373.0810	   1368.5699
    373.0878	   1120.4518
    373.0947	    603.0758
    373.1015	      0.0000
    373.1083	      0.0000
    373.1152	      0.0000
    373.1220	      0.0000
    381.1876	      0.0000
    381.1946	      0.0000
    381.2017	      0.0000
    381.2088	      0.0000
    381.2158	    444.3313
    381.2229	    944.1613
    381.2299	   1231.1121
    381.2370	   1103.4067
    381.2441	    674.4691
    381.2513	      0.0000
    381.2584	      0.0000
    381.2654	      0.0000
    381.2725	      0.0000
    399.1883	      0.0000
    399.1958	      0.0000
    399.2034	      0.0000
    399.2110	      0.0000
    399.2185	    653.2155
    399.2261	   1660.3365
    399.2337	   2477.3550
    399.2412	   2430.5442
    399.2488	   1529.3401
    399.2564	    517.3248
    399.2654	      0.0000
    399.2730	      0.0000
    399.2805	      0.0000
    399.2881	      0.0000
    427.2385	      0.0000
    427.2469	      0.0000
    427.2553	      0.0000
    427.2637	      0.0000
    427.2720	    696.4073
    427.2804	   1880.8291
    427.2888	   5969.4707
    427.2972	  11183.9785
    427.3056	  16092.3604
    427.3139	  14328.2637
    427.3223	   8692.3486
    427.3307	   3505.2141
    427.3391	    580.2652
    427.3462	      0.0000
    427.3545	      0.0000
    427.3629	      0.0000
    427.3713	      0.0000
    428.2442	      0.0000
    428.2526	      0.0000
    428.2610	      0.0000
    428.2694	      0.0000
    428.2778	    436.7255
    428.2862	   1050.4423
    428.2946	   2149.2771
    428.3030	   3891.9590
    428.3114	   4504.2720
    428.3199	   2200.6384
    428.3283	   1054.9240
    428.3367	    253.8071
    428.3451	      0.0000
    428.3535	      0.0000
    428.3619	      0.0000
    428.3703	      0.0000
    429.0270	      0.0000
    429.0355	      0.0000
    429.0439	      0.0000
    429.0523	      0.0000
    429.0607	    299.9081
    429.0692	   1026.0787
    429.0776	   1998.5928
    429.0860	   2534.7102
    429.0945	   2223.9675
    429.1029	   1327.0833
    429.1113	    482.5104
    429.1198	      0.0000
    429.1282	      0.0000
    429.1366	      0.0000
    429.1451	      0.0000
    430.0403	      0.0000
    430.0488	      0.0000
    430.0572	      0.0000
    430.0657	      0.0000
    430.0741	    496.3330
    430.0826	    989.1281
    430.0911	   1260.2830
    430.0995	   1105.8187
    430.1080	    634.7009
    430.1164	      0.0000
    430.1249	      0.0000
    430.1334	      0.0000
    430.1418	      0.0000
    441.2515	      0.0000
    441.2603	      0.0000
    441.2691	      0.0000
    441.2779	      0.0000
    441.2867	    245.8949
    441.2955	   1038.2628
    441.3043	   3987.5488
    441.3131	   6495.6484
    441.3219	   7827.3682
    441.3307	   5714.7817
    441.3394	   3093.6934
    441.3482	    648.8150
    441.3570	      0.0000
    441.3658	      0.0000
    441.3746	      0.0000
    441.3834	      0.0000
    442.2731	      0.0000
    442.2820	      0.0000
    442.2908	      0.0000
    442.2996	      0.0000
    442.3084	    672.0087
    442.3173	   1262.7327
    442.3261	   1495.1927
    442.3349	   1222.1616
    442.3437	    672.2985
    442.3526	      0.0000
    442.3614	      0.0000
    442.3702	      0.0000
    442.3790	      0.0000
    455.2749	      0.0000
    455.2842	      0.0000
    455.2934	      0.0000
    455.3026	      0.0000
    455.3118	    623.9871
    455.3210	   1593.0043
    455.3302	   2459.9907
    455.3395	   2613.8928
    455.3487	   1962.8398
    455.3579	   1022.2604
    455.3671	    418.9749
    455.3766	      0.0000
    455.3858	      0.0000
    455.3950	      0.0000
    455.4042	      0.0000
    495.3331	      0.0000
    495.3436	      0.0000
    495.3540	      0.0000
    495.3645	      0.0000
    495.3749	    428.1795
    495.3854	   1069.4991
    495.3959	   1692.0067
    495.4063	   1856.3176
    495.4168	   1436.3857
    495.4272	    733.8428
    495.4380	      0.0000
    495.4484	      0.0000
    495.4589	      0.0000
    495.4693	      0.0000
    511.3333	      0.0000
    511.3443	      0.0000
    511.3553	      0.0000
    511.3662	      0.0000
    511.3772	    726.3617
    511.3882	   1282.0820
    511.3991	   1506.7932
    511.4101	   1245.4163
    511.4211	    695.8875
    511.4321	      0.0000
    511.4430	      0.0000
    511.4540	      0.0000
    511.4650	      0.0000
    523.4100	      0.0000
    523.4214	      0.0000
    523.4327	      0.0000
    523.4441	      0.0000
    523.4554	    799.7147
    523.4668	   1341.1802
    523.4782	   1440.5223
    523.4895	   1065.2404
    523.5009	    525.5997
    523.5160	      0.0000
    523.5274	      0.0000
    523.5387	      0.0000
    523.5501	      0.0000
    537.3974	      0.0000
    537.4092	      0.0000
    537.4210	      0.0000
    537.4329	      0.0000
    537.4447	    704.7972
    537.4565	   2587.4094
    537.4683	   6026.2466
    537.4801	   9770.8828
    537.4920	  11585.5869
    537.5038	   8559.0283
    537.5156	   4828.8833
    537.5274	   1294.8627
    537.5392	      0.0000
    537.5473	      0.0000
    537.5591	      0.0000
    537.5710	      0.0000
    537.5828	      0.0000
    538.4232	      0.0000
    538.4350	      0.0000
    538.4469	      0.0000
    538.4587	      0.0000
    538.4706	    583.1337
    538.4825	   1282.3138
    538.4943	   1634.5782
    538.5062	   1376.8333
    538.5180	    760.0092
    538.5359	      0.0000
    538.5477	      0.0000
    538.5596	      0.0000
    538.5714	      0.0000
    551.4105	      0.0000
    551.4228	      0.0000
    551.4351	      0.0000
    551.4474	      0.0000
    551.4597	    623.4290
    551.4719	   2030.2975
    551.4842	   5337.9375
    551.4965	   9026.8838
    551.5088	  11452.3164
    551.5211	   8712.3965
    551.5334	   4976.4712
    551.5456	   1273.3162
    551.5579	      0.0000
    551.5642	      0.0000
    551.5765	      0.0000
    551.5888	      0.0000
    551.6011	      0.0000
    552.4376	      0.0000
    552.4500	      0.0000
    552.4623	      0.0000
    552.4746	      0.0000
    552.4869	    570.9097
    552.4992	   1205.8304
    552.5115	   1452.1537
    552.5239	   1144.2114
    552.5362	    563.2134
    552.5494	      0.0000
    552.5617	      0.0000
    552.5740	      0.0000
    552.5863	      0.0000
   1270.8848	      0.0000
   1270.9278	      0.0000
   1270.9708	      0.0000
   1271.0138	      0.0000
   1271.0568	    848.7021
   1271.0997	   1378.0947
   1271.1427	   1493.9492
   1271.1857	   1112.7363
   1271.2287	    513.2164
   1271.2717	      0.0000
   1271.3147	      0.0000
   1271.3577	      0.0000
   1271.4007	      0.0000
   2186.8426	      0.0000
   2186.9396	      0.0000
   2187.0367	      0.0000
   2187.1337	      0.0000
