# ljz_20131022_MR_Chym1_ELUTE.mzML
#
# index: 6570
# id: controllerType=0 controllerNumber=1 scan=13780
# scanNumber: 13780
# massAnalyzerType: quadrupole
# scanEvent: 2
# msLevel: 2
# retentionTime: 3276.89
# filterString: FTMS + p NSI d Full ms2 473.88@hcd28.00 [100.00-1470.00]
# mzLow: 99.0038
# mzHigh: 1485.01
# basePeakMZ: 414.082
# basePeakIntensity: 37041.3
# totalIonCurrent: 299491
# precursorCount: 1
# precursor 0: 473.879 387415
# binary (894): 
     99.0038	      0.0000
     99.0047	      0.0000
     99.0057	      0.0000
     99.0066	      0.0000
    110.0607	      0.0000
    110.0618	      0.0000
    110.0629	      0.0000
    110.0640	      0.0000
    110.0651	    680.5723
    110.0662	   1083.5820
    110.0673	   1574.9125
    110.0684	   3892.3728
    110.0695	  11958.4600
    110.0706	  22979.5117
    110.0717	  33981.1953
    110.0728	  31495.0977
    110.0739	  19408.2539
    110.0750	   8166.9590
    110.0761	   1631.1846
    110.0771	    234.8070
    110.0779	      0.0000
    110.0790	      0.0000
    110.0801	      0.0000
    110.0812	      0.0000
    115.0296	      0.0000
    115.0307	      0.0000
    115.0319	      0.0000
    115.0331	      0.0000
    115.0342	    687.1230
    115.0354	   1605.4152
    115.0366	   3802.9456
    115.0377	   3841.5691
    115.0389	   2402.4641
    115.0401	   1187.5588
    115.0413	    513.9904
    115.0424	      0.0000
    115.0435	      0.0000
    115.0447	      0.0000
    115.0459	      0.0000
    120.0717	      0.0000
    120.0729	      0.0000
    120.0742	      0.0000
    120.0754	      0.0000
    120.0766	    214.3494
    120.0779	    843.3740
    120.0791	   2653.4219
    120.0804	   4143.7852
    120.0816	   4168.3657
    120.0829	   2547.4546
    120.0841	   1014.7109
    120.0854	    463.8057
    120.0868	      0.0000
    120.0880	      0.0000
    120.0893	      0.0000
    120.0905	      0.0000
    132.0894	      0.0000
    132.0909	      0.0000
    132.0923	      0.0000
    132.0937	      0.0000
    132.0952	    428.8727
    132.0966	   1186.0131
    132.0981	   3672.0071
    132.0995	  11062.0869
    132.1009	  19649.6426
    132.1024	  26637.5273
    132.1038	  21709.5039
    132.1053	  12805.2002
    132.1067	   4433.2690
    132.1081	    830.6044
    132.1096	    133.5079
    132.1107	      0.0000
    132.1122	      0.0000
    132.1136	      0.0000
    132.1151	      0.0000
    135.4301	      0.0000
    135.4316	      0.0000
    135.4331	      0.0000
    135.4346	      0.0000
    135.4360	    532.2431
    135.4375	    843.3612
    135.4390	    964.9362
    135.4405	    822.5827
    135.4420	    497.1581
    135.4435	      0.0000
    135.4450	      0.0000
    135.4465	      0.0000
    135.4480	      0.0000
    137.7405	      0.0000
    137.7420	      0.0000
    137.7436	      0.0000
    137.7451	      0.0000
    137.7466	    453.2032
    137.7482	    846.5770
    137.7497	   1077.9313
    137.7512	    959.6126
    137.7528	    563.4814
    137.7543	      0.0000
    137.7558	      0.0000
    137.7574	      0.0000
    137.7589	      0.0000
    138.0569	      0.0000
    138.0585	      0.0000
    138.0600	      0.0000
    138.0616	      0.0000
    138.0631	    511.8752
    138.0646	    895.3903
    138.0662	   1060.0933
    138.0677	    878.6431
    138.0692	    473.6267
    138.0708	      0.0000
    138.0723	      0.0000
    138.0738	      0.0000
    138.0754	      0.0000
    148.0448	      0.0000
    148.0465	      0.0000
    148.0482	      0.0000
    148.0499	      0.0000
    148.0516	    389.2978
    148.0534	    764.5073
    148.0551	   1028.6373
    148.0568	    996.5896
    148.0585	    683.2430
    148.0603	      0.0000
    148.0620	      0.0000
    148.0637	      0.0000
    148.0654	      0.0000
    164.1034	      0.0000
    164.1054	      0.0000
    164.1074	      0.0000
    164.1094	      0.0000
    164.1114	    257.9604
    164.1134	    769.5370
    164.1154	   1467.2595
    164.1174	   1951.3989
    164.1194	   1860.7837
    164.1214	   1242.7252
    164.1234	    539.6080
    164.1255	      0.0000
    164.1275	      0.0000
    164.1295	      0.0000
    164.1315	      0.0000
    216.5130	      0.0000
    216.5160	      0.0000
    216.5190	      0.0000
    216.5220	      0.0000
    216.5251	    400.5702
    216.5281	    810.8892
    216.5311	   1026.0172
    216.5341	    874.9669
    216.5372	    471.7580
    216.5402	      0.0000
    216.5432	      0.0000
    216.5462	      0.0000
    216.5492	      0.0000
    239.0713	      0.0000
    239.0748	      0.0000
    239.0783	      0.0000
    239.0818	      0.0000
    239.0853	    405.1331
    239.0888	    809.5952
    239.0923	   1021.0372
    239.0958	    912.7706
    239.0993	    572.3661
    239.1028	      0.0000
    239.1063	      0.0000
    239.1098	      0.0000
    239.1134	      0.0000
    239.1414	      0.0000
    239.1449	      0.0000
    239.1484	      0.0000
    239.1519	      0.0000
    239.1554	    378.5756
    239.1590	    773.7833
    239.1625	   1014.8088
    239.1660	    932.5859
    239.1695	    585.6916
    239.1728	      0.0000
    239.1763	      0.0000
    239.1798	      0.0000
    239.1833	      0.0000
    253.0649	      0.0000
    253.0688	      0.0000
    253.0726	      0.0000
    253.0764	      0.0000
    253.0802	    590.5308
    253.0840	   2818.1384
    253.0878	   5888.3584
    253.0917	   9130.1006
    253.0955	   8863.2227
    253.0993	   5577.0649
    253.1031	   2558.6467
    253.1069	    589.4495
    253.1110	      0.0000
    253.1148	      0.0000
    253.1187	      0.0000
    253.1225	      0.0000
    254.0763	      0.0000
    254.0802	      0.0000
    254.0840	      0.0000
    254.0879	      0.0000
    254.0917	    761.2072
    254.0955	   1168.1522
    254.0994	   1265.4409
    254.1032	    990.2195
    254.1071	    530.5353
    254.1110	      0.0000
    254.1149	      0.0000
    254.1187	      0.0000
    254.1226	      0.0000
    292.8703	      0.0000
    292.8750	      0.0000
    292.8798	      0.0000
    292.8845	      0.0000
    292.8893	    499.1626
    292.8940	    810.5447
    292.8988	    918.0729
    292.9035	    773.8528
    292.9083	    464.1400
    292.9133	      0.0000
    292.9180	      0.0000
    292.9228	      0.0000
    292.9275	      0.0000
    324.6024	      0.0000
    324.6079	      0.0000
    324.6135	      0.0000
    324.6190	      0.0000
    324.6246	    488.1565
    324.6301	    802.7957
    324.6357	    944.3055
    324.6412	    803.9917
    324.6468	    464.9582
    324.6526	      0.0000
    324.6581	      0.0000
    324.6637	      0.0000
    324.6692	      0.0000
    383.0723	      0.0000
    383.0794	      0.0000
    383.0866	      0.0000
    383.0937	      0.0000
    383.1008	    526.0618
    383.1079	   1211.4202
    383.1150	   1828.6711
    383.1221	   1909.1906
    383.1292	   1356.2205
    383.1363	    570.0812
    383.1436	      0.0000
    383.1507	      0.0000
    383.1579	      0.0000
    383.1650	      0.0000
    399.0370	      0.0000
    399.0446	      0.0000
    399.0521	      0.0000
    399.0597	      0.0000
    399.0673	    249.6660
    399.0748	    801.0441
    399.0824	   1410.2705
    399.0899	   1644.0404
    399.0975	   1323.9242
    399.1051	    708.7191
    399.1126	      0.0000
    399.1202	      0.0000
    399.1278	      0.0000
    399.1353	      0.0000
    413.0188	      0.0000
    413.0267	      0.0000
    413.0347	      0.0000
    413.0427	      0.0000
    413.0506	    358.6407
    413.0586	   1054.9226
    413.0666	   1938.7019
    413.0745	   3782.8042
    413.0825	   2267.2957
    413.0904	   1462.9844
    413.0984	    612.2773
    413.1077	      0.0000
    413.1157	      0.0000
    413.1237	      0.0000
    413.1316	      0.0000
    414.0012	      0.0000
    414.0092	      0.0000
    414.0172	      0.0000
    414.0252	      0.0000
    414.0331	    355.2729
    414.0411	    846.8686
    414.0491	   1852.1367
    414.0571	   5369.7261
    414.0651	  15727.4502
    414.0731	  27585.9766
    414.0811	  37000.2383
    414.0891	  29913.7344
    414.0971	  17618.1758
    414.1051	   5996.4458
    414.1131	   1101.5417
    414.1211	     61.5483
    414.1283	      0.0000
    414.1363	      0.0000
    414.1443	      0.0000
    414.1523	      0.0000
    415.0170	      0.0000
    415.0251	      0.0000
    415.0331	      0.0000
    415.0411	      0.0000
    415.0491	     87.1374
    415.0571	    948.6821
    415.0652	   3411.6890
    415.0732	   6406.1118
    415.0812	   9142.6689
    415.0892	   7903.1216
    415.0972	   4715.4194
    415.1053	   1790.2179
    415.1133	    285.7103
    415.1207	      0.0000
    415.1287	      0.0000
    415.1367	      0.0000
    415.1448	      0.0000
    417.0367	      0.0000
    417.0448	      0.0000
    417.0528	      0.0000
    417.0609	      0.0000
    417.0690	    550.1013
    417.0771	   1263.5135
    417.0852	   2981.1301
    417.0932	   4793.9478
    417.1013	   4915.4844
    417.1094	   3171.0483
    417.1175	   1492.1520
    417.1256	    434.1373
    417.1338	      0.0000
    417.1419	      0.0000
    417.1500	      0.0000
    417.1581	      0.0000
    430.1249	      0.0000
    430.1334	      0.0000
    430.1418	      0.0000
    430.1503	      0.0000
    430.1588	    468.8716
    430.1672	    925.3738
    430.1757	   1134.0067
    430.1842	    963.3636
    430.1926	    553.4575
    430.2011	      0.0000
    430.2095	      0.0000
    430.2180	      0.0000
    430.2265	      0.0000
    432.0095	      0.0000
    432.0181	      0.0000
    432.0266	      0.0000
    432.0351	      0.0000
    432.0436	    745.1384
    432.0521	   1196.1725
    432.0606	   1342.8954
    432.0692	   1088.3080
    432.0777	    614.1636
    432.0864	      0.0000
    432.0949	      0.0000
    432.1035	      0.0000
    432.1120	      0.0000
    475.1323	      0.0000
    475.1422	      0.0000
    475.1520	      0.0000
    475.1618	      0.0000
    475.1716	    717.4746
    475.1815	   1308.0052
    475.1913	   1685.5745
    475.2011	   1577.9487
    475.2109	   1054.3218
    475.2208	    458.1049
    475.2306	      0.0000
    475.2404	      0.0000
    475.2502	      0.0000
    475.2601	      0.0000
    480.1424	      0.0000
    480.1524	      0.0000
    480.1624	      0.0000
    480.1724	      0.0000
    480.1823	    435.2722
    480.1923	    912.0765
    480.2023	   1179.9237
    480.2123	   1038.5525
    480.2223	    608.4507
    480.2345	      0.0000
    480.2445	      0.0000
    480.2545	      0.0000
    480.2644	      0.0000
    516.1065	      0.0000
    516.1176	      0.0000
    516.1287	      0.0000
    516.1398	      0.0000
    516.1509	    702.5840
    516.1621	   2061.5137
    516.1732	   6384.0981
    516.1843	  11697.9580
    516.1954	  16474.8008
    516.2066	  14186.3740
    516.2177	   8482.3330
    516.2288	   3162.5630
    516.2399	    527.6097
    516.2514	      0.0000
    516.2625	      0.0000
    516.2737	      0.0000
    516.2848	      0.0000
    516.6076	      0.0000
    516.6188	      0.0000
    516.6299	      0.0000
    516.6410	      0.0000
    516.6522	    398.3285
    516.6633	    854.9211
    516.6745	   2902.3098
    516.6856	   5436.2866
    516.6967	   7766.2705
    516.7079	   6791.5747
    516.7190	   4074.8025
    516.7302	   1574.0720
    516.7413	    167.3867
    516.7501	      0.0000
    516.7612	      0.0000
    516.7724	      0.0000
    516.7835	      0.0000
    517.1291	      0.0000
    517.1403	      0.0000
    517.1515	      0.0000
    517.1626	      0.0000
    517.1738	    511.6878
    517.1849	   1105.4490
    517.1961	   1470.6167
    517.2072	   1357.1071
    517.2184	    887.5512
    517.2295	    390.7869
    517.2407	      0.0000
    517.2519	      0.0000
    517.2630	      0.0000
    517.2742	      0.0000
    537.6419	      0.0000
    537.6538	      0.0000
    537.6656	      0.0000
    537.6774	      0.0000
    537.6892	    387.0948
    537.7011	    884.6160
    537.7129	   1178.4343
    537.7247	   1051.1940
    537.7365	    618.3529
    537.7534	      0.0000
    537.7652	      0.0000
    537.7770	      0.0000
    537.7888	      0.0000
    551.6184	      0.0000
    551.6307	      0.0000
    551.6429	      0.0000
    551.6552	      0.0000
    551.6675	    540.9445
    551.6798	   1175.3717
    551.6921	   3482.0923
    551.7044	   6496.1646
    551.7167	   9100.2559
    551.7290	   7605.4873
    551.7413	   4408.6436
    551.7536	   1337.9969
    551.7659	     22.6832
    551.7732	      0.0000
    551.7855	      0.0000
    551.7978	      0.0000
    551.8101	      0.0000
    552.1299	      0.0000
    552.1422	      0.0000
    552.1545	      0.0000
    552.1668	      0.0000
    552.1791	    462.8667
    552.1914	   1237.5757
    552.2037	   2087.5906
    552.2160	   3656.2544
    552.2283	   2554.8438
    552.2406	   1227.4514
    552.2530	    490.8466
    552.2653	      0.0000
    552.2776	      0.0000
    552.2899	      0.0000
    552.3022	      0.0000
    572.1251	      0.0000
    572.1381	      0.0000
    572.1511	      0.0000
    572.1641	      0.0000
    572.1771	    394.0649
    572.1900	   1273.8322
    572.2030	   3195.8203
    572.2160	   5335.1655
    572.2290	   6111.5820
    572.2420	   4189.3652
    572.2550	   2120.0486
    572.2679	    412.9016
    572.2809	      0.0000
    572.2939	      0.0000
    572.3069	      0.0000
    572.3199	      0.0000
    572.6447	      0.0000
    572.6577	      0.0000
    572.6707	      0.0000
    572.6837	      0.0000
    572.6967	    783.9562
    572.7097	   1408.0211
    572.7227	   1730.1851
    572.7357	   1515.7893
    572.7487	    920.0289
    572.7617	    328.7943
    572.7747	      0.0000
    572.7877	      0.0000
    572.8007	      0.0000
    572.8137	      0.0000
    581.1480	      0.0000
    581.1613	      0.0000
    581.1746	      0.0000
    581.1879	      0.0000
    581.2012	    554.6475
    581.2145	   1099.5262
    581.2278	   1422.2710
    581.2411	   1297.6345
    581.2544	    820.6841
    581.2687	      0.0000
    581.2820	      0.0000
    581.2953	      0.0000
    581.3086	      0.0000
    586.1108	      0.0000
    586.1242	      0.0000
    586.1377	      0.0000
    586.1511	      0.0000
    586.1646	     81.2616
    586.1781	   1345.4369
    586.1915	   5019.4976
    586.2050	  10138.1152
    586.2184	  15557.9082
    586.2319	  15483.3555
    586.2454	   9990.1289
    586.2588	   4831.5322
    586.2723	   1191.5891
    586.2858	     48.9498
    586.3011	      0.0000
    586.3146	      0.0000
    586.3280	      0.0000
    586.3415	      0.0000
    586.6109	      0.0000
    586.6244	      0.0000
    586.6379	      0.0000
    586.6514	      0.0000
    586.6648	    599.8607
    586.6783	    899.0475
    586.6918	   2880.8911
    586.7053	   6534.7290
    586.7187	  10590.0156
    586.7322	  11514.0000
    586.7457	   7617.0244
    586.7592	   3711.0315
    586.7727	    711.2650
    586.7833	      0.0000
    586.7967	      0.0000
    586.8102	      0.0000
    586.8237	      0.0000
    587.1340	      0.0000
    587.1475	      0.0000
    587.1609	      0.0000
    587.1744	      0.0000
    587.1879	    695.8090
    587.2014	   2166.8271
    587.2149	   3791.2305
    587.2284	   4678.2402
    587.2419	   3328.7295
    587.2554	   1711.9219
    587.2689	    740.0992
    587.2824	      0.0000
    587.2959	      0.0000
    587.3094	      0.0000
    587.3229	      0.0000
    587.6471	      0.0000
    587.6606	      0.0000
    587.6741	      0.0000
    587.6876	      0.0000
    587.7011	    647.2733
    587.7147	   1017.0790
    587.7282	   1111.4391
    587.7417	    884.0370
    587.7552	    499.5964
    587.7692	      0.0000
    587.7827	      0.0000
    587.7963	      0.0000
    587.8098	      0.0000
    595.1229	      0.0000
    595.1367	      0.0000
    595.1504	      0.0000
    595.1642	      0.0000
    595.1780	    657.1469
    595.1917	   2830.3186
    595.2055	   7136.9707
    595.2193	  11875.4209
    595.2331	  13786.5020
    595.2468	   9743.9512
    595.2606	   5298.3521
    595.2744	   1536.3866
    595.2882	    278.9119
    595.3014	      0.0000
    595.3152	      0.0000
    595.3290	      0.0000
    595.3428	      0.0000
    595.6322	      0.0000
    595.6460	      0.0000
    595.6598	      0.0000
    595.6736	      0.0000
    595.6874	    697.7112
    595.7012	   2134.1619
    595.7150	   3763.2629
    595.7288	   5194.8564
    595.7426	   4506.5654
    595.7564	   2739.1226
    595.7701	   1051.2272
    595.7839	    407.7135
    595.7977	      0.0000
    595.8115	      0.0000
    595.8253	      0.0000
    595.8391	      0.0000
    596.1427	      0.0000
    596.1566	      0.0000
    596.1704	      0.0000
    596.1842	      0.0000
    596.1980	    477.7575
    596.2118	   1114.1482
    596.2256	   1599.8779
    596.2394	   1626.8765
    596.2532	   1209.5732
    596.2670	    640.9389
    596.2809	      0.0000
    596.2947	      0.0000
    596.3085	      0.0000
    596.3223	      0.0000
    630.6523	      0.0000
    630.6673	      0.0000
    630.6823	      0.0000
    630.6973	      0.0000
    630.7124	    293.4377
    630.7274	    977.5718
    630.7424	   2883.0088
    630.7574	   4426.7388
    630.7725	   4553.7231
    630.7875	   2950.6362
    630.8025	   1385.7438
    630.8175	    578.9036
    630.8326	      0.0000
    630.8476	      0.0000
    630.8626	      0.0000
    630.8777	      0.0000
    631.1633	      0.0000
    631.1784	      0.0000
    631.1934	      0.0000
    631.2085	      0.0000
    631.2235	    320.9171
    631.2385	   2168.3369
    631.2536	   4057.9036
    631.2686	   5402.9038
    631.2837	   4101.5571
    631.2987	   2303.8101
    631.3138	    643.1323
    631.3288	      0.0000
    631.3439	      0.0000
    631.3589	      0.0000
    631.3740	      0.0000
    631.6750	      0.0000
    631.6901	      0.0000
    631.7051	      0.0000
    631.7202	      0.0000
    631.7353	    691.7367
    631.7503	   1313.9954
    631.7654	   1623.8811
    631.7804	   1365.8535
    631.7955	    749.7153
    631.8106	      0.0000
    631.8256	      0.0000
    631.8407	      0.0000
    631.8558	      0.0000
    636.1714	      0.0000
    636.1866	      0.0000
    636.2018	      0.0000
    636.2170	      0.0000
    636.2323	    603.2236
    636.2475	   1023.1329
    636.2627	   1217.6556
    636.2779	   1047.7554
    636.2932	    626.0638
    636.3086	      0.0000
    636.3238	      0.0000
    636.3390	      0.0000
    636.3542	      0.0000
    779.1568	      0.0000
    779.1775	      0.0000
    779.1981	      0.0000
    779.2187	      0.0000
    779.2394	    646.6746
    779.2600	   1432.0060
    779.2806	   2114.5442
    779.3013	   2168.6711
    779.3219	   1555.1965
    779.3425	    732.3281
    779.3633	      0.0000
    779.3840	      0.0000
    779.4046	      0.0000
    779.4252	      0.0000
    894.1398	      0.0000
    894.1651	      0.0000
    894.1905	      0.0000
    894.2159	      0.0000
    894.2412	    744.5817
    894.2666	   1578.0026
    894.2920	   3602.5386
    894.3173	   4176.4019
    894.3427	   2970.8066
    894.3681	   1555.5630
    894.3934	    606.9902
    894.4188	      0.0000
    894.4442	      0.0000
    894.4696	      0.0000
    894.4950	      0.0000
    919.2039	      0.0000
    919.2303	      0.0000
    919.2568	      0.0000
    919.2832	      0.0000
    919.3097	    569.8412
    919.3361	    880.8898
    919.3625	   1014.3517
    919.3890	    863.3586
    919.4154	    515.0907
    919.4419	      0.0000
    919.4683	      0.0000
    919.4948	      0.0000
    919.5212	      0.0000
    937.2015	      0.0000
    937.2287	      0.0000
    937.2560	      0.0000
    937.2832	      0.0000
    937.3104	    341.1995
    937.3376	    862.8333
    937.3648	   1208.7999
    937.3921	   1092.7756
    937.4193	    605.8221
    937.4466	      0.0000
    937.4738	      0.0000
    937.5010	      0.0000
    937.5282	      0.0000
    965.1913	      0.0000
    965.2197	      0.0000
    965.2482	      0.0000
    965.2766	      0.0000
    965.3051	    815.3621
    965.3335	   1137.7893
    965.3620	   1177.5099
    965.3904	    875.6879
    965.4189	    413.4275
    965.4474	      0.0000
    965.4758	      0.0000
    965.5043	      0.0000
    965.5327	      0.0000
   1012.3002	      0.0000
   1012.3308	      0.0000
   1012.3613	      0.0000
   1012.3919	      0.0000
   1012.4225	    566.0005
   1012.4530	   1017.6229
   1012.4836	   1261.9409
   1012.5141	   1178.9779
   1012.5447	    853.2244
   1012.5753	      0.0000
   1012.6058	      0.0000
   1012.6364	      0.0000
   1012.6670	      0.0000
   1034.1554	      0.0000
   1034.1870	      0.0000
   1034.2185	      0.0000
   1034.2501	      0.0000
   1034.2816	    461.6023
   1034.3132	   1307.0615
   1034.3447	   3204.1882
   1034.3763	   4082.1870
   1034.4078	   3079.1394
   1034.4394	   1432.2813
   1034.4709	    602.1013
   1034.5025	      0.0000
   1034.5341	      0.0000
   1034.5656	      0.0000
   1034.5972	      0.0000
   1035.1972	      0.0000
   1035.2288	      0.0000
   1035.2604	      0.0000
   1035.2920	      0.0000
   1035.3236	    363.6001
   1035.3552	    895.8405
   1035.3868	   1218.4253
   1035.4184	   1075.1301
   1035.4500	    607.4622
   1035.4816	      0.0000
   1035.5132	      0.0000
   1035.5448	      0.0000
   1035.5764	      0.0000
   1052.1467	      0.0000
   1052.1791	      0.0000
   1052.2115	      0.0000
   1052.2439	      0.0000
   1052.2762	    437.0880
   1052.3086	   1074.6685
   1052.3410	   1816.4968
   1052.3734	   2259.9614
   1052.4058	   2102.0132
   1052.4381	   1423.4529
   1052.4705	    643.4726
   1052.5029	      0.0000
   1052.5353	      0.0000
   1052.5677	      0.0000
   1052.6001	      0.0000
   1053.1834	      0.0000
   1053.2158	      0.0000
   1053.2482	      0.0000
   1053.2807	      0.0000
   1053.3131	    411.6530
   1053.3455	    995.7915
   1053.3779	   1423.2909
   1053.4104	   1374.1564
   1053.4428	    889.9496
   1053.4753	      0.0000
   1053.5078	      0.0000
   1053.5402	      0.0000
   1053.5726	      0.0000
   1123.2485	      0.0000
   1123.2842	      0.0000
   1123.3199	      0.0000
   1123.3556	      0.0000
   1123.3914	    661.9299
   1123.4271	   1016.3006
   1123.4628	   1133.7891
   1123.4985	    913.8389
   1123.5342	    490.5844
   1123.5700	      0.0000
   1123.6057	      0.0000
   1123.6414	      0.0000
   1123.6771	      0.0000
   1124.2133	      0.0000
   1124.2490	      0.0000
   1124.2848	      0.0000
   1124.3205	      0.0000
   1124.3563	    562.9691
   1124.3920	   1017.8523
   1124.4278	   1270.9673
   1124.4636	   1112.6803
   1124.4993	    646.1674
   1124.5352	      0.0000
   1124.5709	      0.0000
   1124.6067	      0.0000
   1124.6425	      0.0000
   1171.1867	      0.0000
   1171.2247	      0.0000
   1171.2627	      0.0000
   1171.3008	      0.0000
   1171.3388	    422.2944
   1171.3768	   1197.0460
   1171.4148	   1993.1360
   1171.4529	   2189.2996
   1171.4909	   1632.3723
   1171.5289	    794.4285
   1171.5671	      0.0000
   1171.6052	      0.0000
   1171.6432	      0.0000
   1171.6812	      0.0000
   1277.3557	      0.0000
   1277.3990	      0.0000
   1277.4423	      0.0000
   1277.4856	      0.0000
   1277.5289	    658.1547
   1277.5722	    939.0429
   1277.6156	   1082.0232
   1277.6589	   1021.2939
   1277.7022	    772.6958
   1277.7456	      0.0000
   1277.7889	      0.0000
   1277.8323	      0.0000
   1277.8756	      0.0000
   1353.3825	      0.0000
   1353.4297	      0.0000
   1353.4770	      0.0000
   1353.5242	      0.0000
   1353.5714	    481.5615
   1353.6187	    925.9011
   1353.6659	   1223.3046
   1353.7131	   1175.2148
   1353.7604	    811.8802
   1353.8076	      0.0000
   1353.8549	      0.0000
   1353.9021	      0.0000
   1353.9494	      0.0000
   1484.8449	      0.0000
   1484.8992	      0.0000
   1484.9534	      0.0000
   1485.0077	      0.0000
