# ljz_20131022_MR_Chym1_ELUTE.mzML
#
# index: 1203
# id: controllerType=0 controllerNumber=1 scan=6443
# scanNumber: 6443
# massAnalyzerType: quadrupole
# scanEvent: 2
# msLevel: 2
# retentionTime: 1879.27
# filterString: FTMS + p NSI d Full ms2 822.02@hcd28.00 [100.00-2535.00]
# mzLow: 99.0035
# mzHigh: 2561.04
# basePeakMZ: 204.087
# basePeakIntensity: 226467
# totalIonCurrent: 1.7071e+006
# precursorCount: 1
# precursor 0: 821.688 1.82271e+006
# binary (1843): 
     99.0035	      0.0000
     99.0045	      0.0000
     99.0054	      0.0000
     99.0063	      0.0000
    109.0208	      0.0000
    109.0219	      0.0000
    109.0230	      0.0000
    109.0241	      0.0000
    109.0251	    717.8837
    109.0262	   2900.9451
    109.0273	   5666.1743
    109.0284	   8554.7139
    109.0295	   8220.7051
    109.0305	   5072.1787
    109.0316	   2186.4309
    109.0327	    799.2953
    109.0338	      0.0000
    109.0348	      0.0000
    109.0359	      0.0000
    109.0370	      0.0000
    112.8323	      0.0000
    112.8334	      0.0000
    112.8345	      0.0000
    112.8357	      0.0000
    112.8368	    617.5212
    112.8379	   1274.1080
    112.8391	   1736.4487
    112.8402	   1658.3030
    112.8413	   1107.6481
    112.8425	    447.8893
    112.8439	      0.0000
    112.8450	      0.0000
    112.8461	      0.0000
    112.8473	      0.0000
    115.0298	      0.0000
    115.0310	      0.0000
    115.0321	      0.0000
    115.0333	      0.0000
    115.0345	    539.3962
    115.0356	   2034.0460
    115.0368	   6594.9438
    115.0380	  12782.3213
    115.0392	  19204.5547
    115.0403	  18365.2207
    115.0415	  11481.2246
    115.0427	   5124.1992
    115.0438	    935.8708
    115.0447	      0.0000
    115.0459	      0.0000
    115.0471	      0.0000
    115.0482	      0.0000
    126.0413	      0.0000
    126.0426	      0.0000
    126.0439	      0.0000
    126.0453	      0.0000
    126.0466	    490.4191
    126.0480	   1412.2548
    126.0493	   2224.9797
    126.0507	   6900.8418
    126.0520	  23636.0000
    126.0533	  51810.2266
    126.0547	  82407.8516
    126.0560	  88241.1875
    126.0574	  59304.3594
    126.0587	  30329.1582
    126.0601	   8290.0557
    126.0614	   1890.5442
    126.0627	   1233.0984
    126.0641	   1102.7286
    126.0654	   2292.6699
    126.0667	      0.0000
    126.0682	      0.0000
    126.0695	      0.0000
    126.0709	      0.0000
    126.0722	      0.0000
    127.0256	      0.0000
    127.0269	      0.0000
    127.0283	      0.0000
    127.0296	      0.0000
    127.0310	    430.0366
    127.0323	   1092.4249
    127.0337	   1818.2920
    127.0351	   5739.8037
    127.0364	  18950.5000
    127.0378	  37020.9180
    127.0391	  55362.6406
    127.0405	  52294.6406
    127.0419	  32836.2852
    127.0432	  14763.2646
    127.0446	   3558.7844
    127.0459	    611.2186
    127.0471	      0.0000
    127.0485	      0.0000
    127.0498	      0.0000
    127.0512	      0.0000
    127.0526	      0.0000
    127.0539	      0.0000
    127.0553	    644.9021
    127.0566	   1295.6844
    127.0580	   1909.0004
    127.0594	   1944.9664
    127.0607	   1305.8691
    127.0621	    491.5439
    127.0634	      0.0000
    127.0648	      0.0000
    127.0661	      0.0000
    127.0675	      0.0000
    128.0335	      0.0000
    128.0349	      0.0000
    128.0363	      0.0000
    128.0377	      0.0000
    128.0390	    663.6015
    128.0404	   1534.2074
    128.0418	   2181.3462
    128.0432	   2122.8652
    128.0445	   1404.2312
    128.0459	    551.1291
    128.0471	      0.0000
    128.0484	      0.0000
    128.0498	      0.0000
    128.0512	      0.0000
    129.0925	      0.0000
    129.0939	      0.0000
    129.0952	      0.0000
    129.0966	      0.0000
    129.0980	    752.6477
    129.0994	   3230.6753
    129.1008	   6537.3799
    129.1022	   9816.0049
    129.1036	   9231.4463
    129.1050	   5822.4253
    129.1064	   2653.6436
    129.1078	    825.1934
    129.1093	      0.0000
    129.1107	      0.0000
    129.1121	      0.0000
    129.1135	      0.0000
    133.0403	      0.0000
    133.0418	      0.0000
    133.0432	      0.0000
    133.0447	      0.0000
    133.0461	    413.4542
    133.0476	   1321.1027
    133.0491	   2224.9631
    133.0505	   2507.1660
    133.0520	   1987.7424
    133.0534	   1091.3673
    133.0549	    395.2684
    133.0564	      0.0000
    133.0579	      0.0000
    133.0593	      0.0000
    133.0608	      0.0000
    138.0386	      0.0000
    138.0401	      0.0000
    138.0417	      0.0000
    138.0432	      0.0000
    138.0447	    435.3326
    138.0463	   2565.1519
    138.0478	   3783.1531
    138.0493	   9491.8027
    138.0509	  30430.6270
    138.0524	  86479.3438
    138.0540	 146578.6094
    138.0555	 186901.3125
    138.0570	 142966.2969
    138.0586	  82807.5234
    138.0601	  26186.0664
    138.0617	   5984.8120
    138.0632	   1188.7023
    138.0647	   1100.9126
    138.0663	      0.0000
    138.0681	      0.0000
    138.0696	      0.0000
    138.0712	      0.0000
    138.0727	      0.0000
    139.0474	      0.0000
    139.0489	      0.0000
    139.0505	      0.0000
    139.0520	      0.0000
    139.0536	    870.1019
    139.0551	   3325.9529
    139.0567	   6619.4883
    139.0582	  10134.7373
    139.0598	  10266.2813
    139.0613	   6609.9585
    139.0629	   3111.8560
    139.0645	    517.5564
    139.0658	      0.0000
    139.0673	      0.0000
    139.0689	      0.0000
    139.0704	      0.0000
    144.0525	      0.0000
    144.0541	      0.0000
    144.0558	      0.0000
    144.0574	      0.0000
    144.0590	    180.7243
    144.0607	   1493.2018
    144.0623	   5749.0244
    144.0640	  10926.5049
    144.0656	  15725.6494
    144.0672	  13686.6982
    144.0689	   8190.6611
    144.0705	   3124.3525
    144.0722	    546.0819
    144.0739	      0.0000
    144.0755	      0.0000
    144.0772	      0.0000
    144.0788	      0.0000
    145.0333	      0.0000
    145.0350	      0.0000
    145.0366	      0.0000
    145.0383	      0.0000
    145.0400	   1014.4182
    145.0416	   1198.5573
    145.0433	   1841.6040
    145.0449	   5501.6445
    145.0466	  17584.2559
    145.0482	  31800.9707
    145.0499	  43768.1016
    145.0516	  36123.1172
    145.0532	  21264.5820
    145.0549	   7360.5952
    145.0565	   1506.5825
    145.0582	    432.6186
    145.0596	      0.0000
    145.0613	      0.0000
    145.0629	      0.0000
    145.0646	      0.0000
    154.4986	      0.0000
    154.5004	      0.0000
    154.5023	      0.0000
    154.5041	      0.0000
    154.5059	      0.0000
    154.5077	      0.0000
    154.5096	      0.0000
    154.5114	      0.0000
    154.5132	      0.0000
    154.5150	      0.0000
    154.5168	      0.0000
    154.5187	      0.0000
    154.5205	      0.0000
    154.5223	      0.0000
    154.5241	      0.0000
    154.5259	      0.0000
    154.5278	      0.0000
    154.5296	      0.0000
    154.5314	      0.0000
    154.5332	      0.0000
    154.6098	      0.0000
    154.6116	      0.0000
    154.6134	      0.0000
    154.6153	      0.0000
    154.6171	      0.0000
    154.6189	      0.0000
    154.6207	      0.0000
    154.6226	      0.0000
    154.6244	      0.0000
    154.6262	      0.0000
    154.6280	      0.0000
    154.6299	      0.0000
    154.6317	      0.0000
    154.6335	      0.0000
    154.6353	      0.0000
    154.6372	      0.0000
    154.6393	      0.0000
    154.6411	      0.0000
    154.6429	      0.0000
    154.6448	      0.0000
    163.0420	      0.0000
    163.0440	      0.0000
    163.0459	      0.0000
    163.0479	      0.0000
    163.0499	    850.9722
    163.0519	   1533.6250
    163.0538	   4357.5894
    163.0558	  14151.8516
    163.0578	  29110.8613
    163.0598	  45022.9805
    163.0617	  45100.7969
    163.0637	  28899.0176
    163.0657	  13627.3477
    163.0677	   3135.0054
    163.0696	    448.5893
    163.0713	      0.0000
    163.0733	      0.0000
    163.0753	      0.0000
    163.0772	      0.0000
    164.0495	      0.0000
    164.0515	      0.0000
    164.0535	      0.0000
    164.0555	      0.0000
    164.0575	    343.4406
    164.0595	   1101.3822
    164.0615	   2019.0399
    164.0634	   2516.1555
    164.0654	   2187.7175
    164.0674	   1263.4447
    164.0694	    392.0213
    164.0716	      0.0000
    164.0736	      0.0000
    164.0756	      0.0000
    164.0776	      0.0000
    168.0456	      0.0000
    168.0477	      0.0000
    168.0497	      0.0000
    168.0518	      0.0000
    168.0539	    715.2830
    168.0559	   1723.0542
    168.0580	   5565.2036
    168.0601	  18670.1250
    168.0621	  49863.8711
    168.0642	  83688.8750
    168.0663	 103636.9844
    168.0683	  77598.6719
    168.0704	  44244.1289
    168.0725	  13702.6943
    168.0745	   3017.7092
    168.0766	    616.4476
    168.0785	      0.0000
    168.0806	      0.0000
    168.0826	      0.0000
    168.0847	      0.0000
    169.0542	      0.0000
    169.0563	      0.0000
    169.0583	      0.0000
    169.0604	      0.0000
    169.0625	    692.8548
    169.0646	   2935.3450
    169.0667	   6003.4600
    169.0688	   9071.7705
    169.0709	   8487.6826
    169.0729	   5216.6650
    169.0750	   2213.6982
    169.0771	    769.3516
    169.0793	      0.0000
    169.0813	      0.0000
    169.0834	      0.0000
    169.0855	      0.0000
    186.0468	      0.0000
    186.0492	      0.0000
    186.0516	      0.0000
    186.0540	      0.0000
    186.0564	      0.0000
    186.0589	      0.0000
    186.0613	      0.0000
    186.0638	   1339.1260
    186.0662	   1766.3928
    186.0686	   5496.8208
    186.0710	  18569.3203
    186.0735	  36837.4414
    186.0759	  55701.1016
    186.0783	  53876.7422
    186.0807	  34262.4766
    186.0831	  15887.4326
    186.0855	   4116.2007
    186.0879	    930.8766
    186.0901	      0.0000
    186.0926	      0.0000
    186.0950	      0.0000
    186.0974	      0.0000
    187.0644	      0.0000
    187.0668	      0.0000
    187.0692	      0.0000
    187.0716	      0.0000
    187.0741	    669.5209
    187.0765	   1709.0649
    187.0789	   2695.9265
    187.0813	   2907.1692
    187.0838	   2201.4634
    187.0862	   1129.9226
    187.0886	    368.5455
    187.0914	      0.0000
    187.0938	      0.0000
    187.0963	      0.0000
    187.0987	      0.0000
    204.0536	      0.0000
    204.0564	      0.0000
    204.0592	      0.0000
    204.0619	      0.0000
    204.0647	     98.6669
    204.0675	   1094.4797
    204.0702	   3466.6951
    204.0730	   5181.5620
    204.0758	   8714.1445
    204.0785	  26759.8613
    204.0813	  85273.6719
    204.0841	 157698.2813
    204.0868	 224499.2500
    204.0896	 196356.3906
    204.0924	 119379.4766
    204.0951	  48286.4492
    204.0979	  11812.4512
    204.1007	   3270.0706
    204.1031	   3441.8472
    204.1059	   2218.3337
    204.1087	   2667.7092
    204.1114	    655.7003
    204.1142	      0.0000
    204.1170	      0.0000
    204.1197	      0.0000
    204.1225	      0.0000
    204.1474	      0.0000
    204.1502	      0.0000
    204.1529	      0.0000
    204.1557	      0.0000
    204.1585	      0.0000
    204.1612	      0.0000
    204.1640	      0.0000
    204.1668	      0.0000
    204.1695	      0.0000
    204.1722	      0.0000
    204.1750	      0.0000
    204.1778	      0.0000
    204.1805	      0.0000
    205.0690	      0.0000
    205.0718	      0.0000
    205.0746	      0.0000
    205.0773	      0.0000
    205.0801	   1051.9125
    205.0829	   4225.9971
    205.0857	  10217.6113
    205.0885	  16647.6797
    205.0913	  19109.5195
    205.0941	  13613.0068
    205.0968	   7478.6338
    205.0996	   2233.7415
    205.1024	    103.7433
    205.1053	      0.0000
    205.1081	      0.0000
    205.1109	      0.0000
    205.1136	      0.0000
    206.0727	      0.0000
    206.0756	      0.0000
    206.0784	      0.0000
    206.0812	      0.0000
    206.0840	    509.9342
    206.0868	   1107.6520
    206.0896	   1517.8533
    206.0924	   1437.4126
    206.0952	    920.5828
    206.0980	      0.0000
    206.1008	      0.0000
    206.1036	      0.0000
    206.1064	      0.0000
    222.0755	      0.0000
    222.0786	      0.0000
    222.0817	      0.0000
    222.0849	      0.0000
    222.0880	    467.6639
    222.0911	   1166.4865
    222.0943	   1821.8815
    222.0974	   2023.7537
    222.1006	   1640.9631
    222.1037	    934.2625
    222.1069	      0.0000
    222.1100	      0.0000
    222.1131	      0.0000
    222.1163	      0.0000
    241.0434	      0.0000
    241.0469	      0.0000
    241.0505	      0.0000
    241.0540	      0.0000
    241.0576	    445.5343
    241.0611	   1371.3608
    241.0647	   4116.6997
    241.0682	   6677.4849
    241.0718	   7741.2231
    241.0753	   5623.2949
    241.0789	   3105.3394
    241.0824	    945.0991
    241.0863	      0.0000
    241.0898	      0.0000
    241.0934	      0.0000
    241.0969	      0.0000
    295.0744	      0.0000
    295.0792	      0.0000
    295.0840	      0.0000
    295.0888	      0.0000
    295.0936	    950.3059
    295.0984	   1451.9412
    295.1032	   1577.9769
    295.1080	   1195.6117
    295.1128	    536.6877
    295.1177	      0.0000
    295.1225	      0.0000
    295.1273	      0.0000
    295.1321	      0.0000
    325.0800	      0.0000
    325.0855	      0.0000
    325.0911	      0.0000
    325.0966	      0.0000
    325.1022	    907.5993
    325.1078	   1457.5992
    325.1133	   1681.3351
    325.1189	   1428.2388
    325.1244	    873.2040
    325.1301	      0.0000
    325.1357	      0.0000
    325.1412	      0.0000
    325.1468	      0.0000
    354.1350	      0.0000
    354.1413	      0.0000
    354.1476	      0.0000
    354.1539	      0.0000
    354.1603	    508.2634
    354.1666	   1289.7217
    354.1729	   2037.2621
    354.1792	   2239.3914
    354.1856	   1766.0901
    354.1919	    962.9195
    354.1982	      0.0000
    354.2045	      0.0000
    354.2108	      0.0000
    354.2172	      0.0000
    364.1665	      0.0000
    364.1731	      0.0000
    364.1797	      0.0000
    364.1863	      0.0000
    364.1929	   1032.8910
    364.1995	   1462.6461
    364.2061	   1501.1892
    364.2127	   1130.1840
    364.2193	    586.3978
    364.2263	      0.0000
    364.2329	      0.0000
    364.2395	      0.0000
    364.2461	      0.0000
    366.0795	      0.0000
    366.0861	      0.0000
    366.0928	      0.0000
    366.0994	      0.0000
    366.1061	    911.8215
    366.1127	   1211.3774
    366.1194	   4004.9265
    366.1260	  13438.2822
    366.1326	  24909.8809
    366.1393	  35350.4023
    366.1459	  30559.3105
    366.1526	  18378.8340
    366.1592	   7208.2061
    366.1659	   1600.7120
    366.1725	    258.5838
    366.1789	      0.0000
    366.1855	      0.0000
    366.1922	      0.0000
    366.1988	      0.0000
    367.0978	      0.0000
    367.1045	      0.0000
    367.1112	      0.0000
    367.1179	      0.0000
    367.1245	    869.5760
    367.1312	   1818.0879
    367.1379	   2770.5012
    367.1445	   3130.4822
    367.1512	   2589.3772
    367.1579	   1500.7345
    367.1646	    599.1929
    367.1712	      0.0000
    367.1779	      0.0000
    367.1846	      0.0000
    367.1913	      0.0000
    371.1609	      0.0000
    371.1677	      0.0000
    371.1744	      0.0000
    371.1812	      0.0000
    371.1880	    464.5852
    371.1948	   1173.6880
    371.2016	   1706.1688
    371.2084	   1709.6235
    371.2151	   1207.2853
    371.2219	    567.1934
    371.2289	      0.0000
    371.2356	      0.0000
    371.2424	      0.0000
    371.2492	      0.0000
    417.1417	      0.0000
    417.1498	      0.0000
    417.1579	      0.0000
    417.1659	      0.0000
    417.1740	    507.6416
    417.1821	   1271.5773
    417.1902	   2073.4983
    417.1983	   2411.0151
    417.2063	   2022.2056
    417.2144	   1179.8944
    417.2225	    463.7566
    417.2310	      0.0000
    417.2391	      0.0000
    417.2472	      0.0000
    417.2553	      0.0000
    484.2299	      0.0000
    484.2400	      0.0000
    484.2502	      0.0000
    484.2603	      0.0000
    484.2704	    580.0305
    484.2805	   1187.9216
    484.2906	   1561.5458
    484.3007	   1454.6420
    484.3108	    973.8386
    484.3212	      0.0000
    484.3313	      0.0000
    484.3414	      0.0000
    484.3515	      0.0000
    528.1097	      0.0000
    528.1212	      0.0000
    528.1327	      0.0000
    528.1442	      0.0000
    528.1557	    807.6613
    528.1672	   2063.2349
    528.1788	   4369.6050
    528.1903	   6723.4976
    528.2018	   6371.4463
    528.2133	   3979.6953
    528.2248	   1443.4174
    528.2363	    477.0200
    528.2479	      0.0000
    528.2594	      0.0000
    528.2709	      0.0000
    528.2824	      0.0000
    532.1503	      0.0000
    532.1620	      0.0000
    532.1736	      0.0000
    532.1852	      0.0000
    532.1969	    589.2906
    532.2085	   1503.2825
    532.2202	   2296.7354
    532.2318	   2369.4797
    532.2435	   1654.5430
    532.2551	    710.9236
    532.2668	      0.0000
    532.2785	      0.0000
    532.2901	      0.0000
    532.3018	      0.0000
    576.6954	      0.0000
    576.7086	      0.0000
    576.7217	      0.0000
    576.7348	      0.0000
    576.7480	    959.8905
    576.7611	   1721.0502
    576.7743	   2155.8735
    576.7874	   1953.0596
    576.8005	   1253.8221
    576.8137	    523.7499
    576.8328	      0.0000
    576.8460	      0.0000
    576.8591	      0.0000
    576.8723	      0.0000
    585.6852	      0.0000
    585.6987	      0.0000
    585.7121	      0.0000
    585.7255	      0.0000
    585.7390	    647.8431
    585.7524	   2322.1128
    585.7659	   5663.7583
    585.7793	   9372.8887
    585.7928	  11375.5195
    585.8062	   8356.7471
    585.8197	   4602.9175
    585.8331	   1047.4641
    585.8406	      0.0000
    585.8540	      0.0000
    585.8675	      0.0000
    585.8809	      0.0000
    586.1635	      0.0000
    586.1770	      0.0000
    586.1904	      0.0000
    586.2039	      0.0000
    586.2173	    798.3895
    586.2308	   1744.5990
    586.2443	   4682.7222
    586.2577	   6891.9272
    586.2712	   7331.0493
    586.2847	   6461.9849
    586.2981	   4065.1492
    586.3116	   1832.7133
    586.3251	    785.4008
    586.3385	      0.0000
    586.3520	      0.0000
    586.3655	      0.0000
    586.3789	      0.0000
    586.6888	      0.0000
    586.7023	      0.0000
    586.7158	      0.0000
    586.7293	      0.0000
    586.7428	   1061.9900
    586.7562	   1507.5017
    586.7697	   1620.4608
    586.7832	   1370.2689
    586.7967	    905.6429
    586.8102	      0.0000
    586.8237	      0.0000
    586.8371	      0.0000
    586.8506	      0.0000
    587.1744	      0.0000
    587.1879	      0.0000
    587.2014	      0.0000
    587.2149	      0.0000
    587.2284	    572.7099
    587.2419	   1208.0516
    587.2554	   1522.6313
    587.2689	   1238.3301
    587.2824	    569.0277
    587.2998	      0.0000
    587.3133	      0.0000
    587.3268	      0.0000
    587.3403	      0.0000
    594.1909	      0.0000
    594.2047	      0.0000
    594.2184	      0.0000
    594.2322	      0.0000
    594.2459	   1109.2123
    594.2596	   3808.2258
    594.2734	  11804.0303
    594.2871	  20930.8555
    594.3009	  28181.0977
    594.3146	  22438.0684
    594.3283	  12943.2754
    594.3421	   3809.9363
    594.3558	    206.9775
    594.3659	      0.0000
    594.3796	      0.0000
    594.3933	      0.0000
    594.4071	      0.0000
    594.6959	      0.0000
    594.7096	      0.0000
    594.7234	      0.0000
    594.7371	      0.0000
    594.7509	    682.7288
    594.7647	   2691.0752
    594.7784	   6167.8369
    594.7922	   9983.3232
    594.8059	  10882.5479
    594.8197	   7344.6592
    594.8335	   3760.5059
    594.8472	    900.7759
    594.8608	      0.0000
    594.8745	      0.0000
    594.8883	      0.0000
    594.9021	      0.0000
    595.2050	      0.0000
    595.2187	      0.0000
    595.2325	      0.0000
    595.2463	      0.0000
    595.2601	    568.5782
    595.2738	   3217.0376
    595.2876	   6173.1436
    595.3014	   8732.4717
    595.3152	   7318.0239
    595.3289	   4247.2578
    595.3427	   1463.3547
    595.3565	    672.3458
    595.3703	      0.0000
    595.3841	      0.0000
    595.3978	      0.0000
    595.4116	      0.0000
    595.7011	      0.0000
    595.7149	      0.0000
    595.7287	      0.0000
    595.7425	      0.0000
    595.7563	    829.1083
    595.7701	   1347.1860
    595.7839	   1609.1776
    595.7977	   1467.6929
    595.8115	    997.4935
    595.8253	      0.0000
    595.8391	      0.0000
    595.8529	      0.0000
    595.8667	      0.0000
    603.1625	      0.0000
    603.1765	      0.0000
    603.1906	      0.0000
    603.2046	      0.0000
    603.2187	    323.2875
    603.2327	   1235.9591
    603.2468	   2424.2234
    603.2609	   3149.8259
    603.2749	   2899.7405
    603.2890	   1889.8284
    603.3030	    842.1182
    603.3171	      0.0000
    603.3312	      0.0000
    603.3452	      0.0000
    603.3593	      0.0000
    618.2203	      0.0000
    618.2349	      0.0000
    618.2494	      0.0000
    618.2640	      0.0000
    618.2786	    822.3556
    618.2932	   1353.7549
    618.3078	   1504.4072
    618.3224	   1157.3912
    618.3369	    565.8824
    618.3515	      0.0000
    618.3661	      0.0000
    618.3807	      0.0000
    618.3953	      0.0000
    622.2200	      0.0000
    622.2347	      0.0000
    622.2495	      0.0000
    622.2642	      0.0000
    622.2789	    681.1005
    622.2936	   1618.0337
    622.3084	   2350.1553
    622.3231	   2335.5090
    622.3378	   1581.9706
    622.3525	    647.4180
    622.3673	      0.0000
    622.3820	      0.0000
    622.3967	      0.0000
    622.4115	      0.0000
    631.7201	      0.0000
    631.7352	      0.0000
    631.7503	      0.0000
    631.7653	      0.0000
    631.7804	    920.6290
    631.7955	   1582.8424
    631.8105	   1816.4204
    631.8256	   1446.8159
    631.8406	    759.1661
    631.8557	      0.0000
    631.8708	      0.0000
    631.8858	      0.0000
    631.9009	      0.0000
    634.2125	      0.0000
    634.2276	      0.0000
    634.2428	      0.0000
    634.2579	      0.0000
    634.2731	    512.4545
    634.2882	   1270.3304
    634.3034	   1736.6281
    634.3185	   1523.9641
    634.3337	    823.3366
    634.3489	      0.0000
    634.3640	      0.0000
    634.3792	      0.0000
    634.3943	      0.0000
    635.7150	      0.0000
    635.7302	      0.0000
    635.7454	      0.0000
    635.7606	      0.0000
    635.7758	    945.0093
    635.7910	   2184.8430
    635.8062	   4746.6108
    635.8214	   4941.7910
    635.8366	   2510.3789
    635.8518	   1230.7635
    635.8670	    361.2867
    635.8822	      0.0000
    635.8975	      0.0000
    635.9127	      0.0000
    635.9279	      0.0000
    636.2018	      0.0000
    636.2170	      0.0000
    636.2322	      0.0000
    636.2474	      0.0000
    636.2627	    575.4187
    636.2779	   1767.2870
    636.2931	   4141.5068
    636.3083	   6681.2192
    636.3236	   6466.6411
    636.3388	   3922.5203
    636.3540	   1605.9723
    636.3692	    526.4673
    636.3845	      0.0000
    636.3997	      0.0000
    636.4149	      0.0000
    636.4301	      0.0000
    639.1956	      0.0000
    639.2110	      0.0000
    639.2263	      0.0000
    639.2416	      0.0000
    639.2569	    972.8653
    639.2723	   3261.2720
    639.2876	   5884.6138
    639.3029	   7957.6772
    639.3183	   6533.1025
    639.3336	   3889.5198
    639.3489	   1353.2767
    639.3643	    556.5028
    639.3796	      0.0000
    639.3949	      0.0000
    639.4103	      0.0000
    639.4256	      0.0000
    639.7018	      0.0000
    639.7171	      0.0000
    639.7325	      0.0000
    639.7478	      0.0000
    639.7632	    587.9348
    639.7785	   1685.3801
    639.7939	   2811.8792
    639.8092	   3188.5867
    639.8246	   2547.2312
    639.8399	   1389.0291
    639.8553	    474.8607
    639.8706	      0.0000
    639.8860	      0.0000
    639.9013	      0.0000
    639.9167	      0.0000
    645.2160	      0.0000
    645.2316	      0.0000
    645.2471	      0.0000
    645.2626	      0.0000
    645.2782	    771.9146
    645.2937	   1411.8419
    645.3093	   1679.5814
    645.3248	   1406.4945
    645.3404	    798.8554
    645.3559	      0.0000
    645.3715	      0.0000
    645.3870	      0.0000
    645.4026	      0.0000
    647.4448	      0.0000
    647.4604	      0.0000
    647.4761	      0.0000
    647.4917	      0.0000
    647.5073	    764.9625
    647.5229	   1315.0616
    647.5386	   1537.9702
    647.5542	   1280.7662
    647.5698	    734.9280
    647.5865	      0.0000
    647.6022	      0.0000
    647.6178	      0.0000
    647.6334	      0.0000
    647.6960	      0.0000
    647.7116	      0.0000
    647.7272	      0.0000
    647.7429	      0.0000
    647.7585	    501.9721
    647.7741	   2101.9424
    647.7898	   5696.1719
    647.8054	   9593.3809
    647.8211	  11248.5693
    647.8367	   7793.9106
    647.8523	   3958.2971
    647.8680	    759.5380
    647.8843	      0.0000
    647.9000	      0.0000
    647.9156	      0.0000
    647.9313	      0.0000
    648.1973	      0.0000
    648.2129	      0.0000
    648.2286	      0.0000
    648.2442	      0.0000
    648.2599	    747.1398
    648.2756	   2766.1506
    648.2912	   5921.9253
    648.3069	   9300.7686
    648.3225	   9605.7754
    648.3382	   6276.7163
    648.3538	   2998.3645
    648.3695	    729.5206
    648.3834	      0.0000
    648.3991	      0.0000
    648.4147	      0.0000
    648.4304	      0.0000
    648.6967	      0.0000
    648.7124	      0.0000
    648.7281	      0.0000
    648.7437	      0.0000
    648.7594	    246.1885
    648.7751	   1265.3972
    648.7908	   4407.5210
    648.8064	   6636.7051
    648.8221	   6421.8516
    648.8378	   3762.1960
    648.8535	   1308.8751
    648.8691	    745.1505
    648.8848	      0.0000
    648.9005	      0.0000
    648.9162	      0.0000
    648.9319	      0.0000
    668.7063	      0.0000
    668.7227	      0.0000
    668.7391	      0.0000
    668.7555	      0.0000
    668.7719	    652.0303
    668.7884	   1703.1482
    668.8048	   2944.6931
    668.8212	   5111.0566
    668.8376	   3924.0955
    668.8540	   1726.3501
    668.8704	    607.4817
    668.8868	      0.0000
    668.9032	      0.0000
    668.9196	      0.0000
    668.9360	      0.0000
    669.1987	      0.0000
    669.2151	      0.0000
    669.2315	      0.0000
    669.2479	      0.0000
    669.2644	    514.7312
    669.2808	   1346.6469
    669.2972	   2507.8210
    669.3136	   5421.5063
    669.3301	   5252.7998
    669.3465	   3194.6946
    669.3629	   1277.1436
    669.3793	    758.6395
    669.3958	      0.0000
    669.4122	      0.0000
    669.4287	      0.0000
    669.4451	      0.0000
    686.7109	      0.0000
    686.7280	      0.0000
    686.7451	      0.0000
    686.7621	      0.0000
    686.7792	    914.7429
    686.7963	   3255.6934
    686.8133	   5579.0991
    686.8304	   6926.8643
    686.8475	   5133.7520
    686.8646	   2820.4902
    686.8816	    631.8185
    686.8987	      0.0000
    686.9158	      0.0000
    686.9329	      0.0000
    686.9500	      0.0000
    687.2062	      0.0000
    687.2233	      0.0000
    687.2404	      0.0000
    687.2575	      0.0000
    687.2746	    449.2335
    687.2916	   1259.0955
    687.3087	   2398.8606
    687.3258	   3297.4485
    687.3429	   5079.0034
    687.3600	   2455.4585
    687.3771	   1234.1392
    687.3990	      0.0000
    687.4161	      0.0000
    687.4332	      0.0000
    687.4503	      0.0000
    695.6611	      0.0000
    695.6785	      0.0000
    695.6960	      0.0000
    695.7134	      0.0000
    695.7308	    772.0446
    695.7482	   2199.0425
    695.7656	   3536.2527
    695.7830	   8358.8096
    695.8004	  24906.7910
    695.8178	  48238.1758
    695.8352	  71894.2031
    695.8526	  67649.9531
    695.8700	  41904.6641
    695.8875	  17968.8105
    695.9049	   3501.7349
    695.9223	    368.3525
    695.9391	      0.0000
    695.9565	      0.0000
    695.9739	      0.0000
    695.9913	      0.0000
    696.1829	      0.0000
    696.2004	      0.0000
    696.2178	      0.0000
    696.2352	      0.0000
    696.2526	    903.7161
    696.2701	   2606.6821
    696.2875	   7594.5825
    696.3049	  21464.9863
    696.3224	  37643.4531
    696.3398	  51266.0547
    696.3572	  42742.8516
    696.3746	  25475.7188
    696.3921	   9208.0537
    696.4095	   1536.7473
    696.4269	      0.0000
    696.4442	      0.0000
    696.4617	      0.0000
    696.4791	      0.0000
    696.4965	      0.0000
    696.7058	      0.0000
    696.7232	      0.0000
    696.7407	      0.0000
    696.7581	      0.0000
    696.7756	    740.3898
    696.7930	   2434.0681
    696.8105	   6719.5483
    696.8279	  11435.0361
    696.8454	  14374.3145
    696.8628	  10708.1934
    696.8803	   5898.0830
    696.8977	   1370.1758
    696.9152	      0.0000
    696.9285	      0.0000
    696.9460	      0.0000
    696.9635	      0.0000
    696.9809	      0.0000
    697.2253	      0.0000
    697.2428	      0.0000
    697.2602	      0.0000
    697.2777	      0.0000
    697.2952	    461.0125
    697.3126	   1307.2894
    697.3301	   2312.4255
    697.3476	   2752.3149
    697.3650	   2291.8911
    697.3825	   1305.6279
    697.4000	    501.4172
    697.4225	      0.0000
    697.4400	      0.0000
    697.4575	      0.0000
    697.4750	      0.0000
    704.1797	      0.0000
    704.1974	      0.0000
    704.2152	      0.0000
    704.2329	      0.0000
    704.2506	   1066.8556
    704.2684	   3898.6006
    704.2861	   8335.2686
    704.3038	  13049.9297
    704.3215	  13245.0771
    704.3393	   8427.4736
    704.3570	   3865.4963
    704.3747	    612.8210
    704.3874	      0.0000
    704.4051	      0.0000
    704.4228	      0.0000
    704.4406	      0.0000
    705.2038	      0.0000
    705.2216	      0.0000
    705.2393	      0.0000
    705.2571	      0.0000
    705.2748	    514.2122
    705.2926	   1299.7871
    705.3104	   1923.5304
    705.3281	   1940.3979
    705.3459	   1351.7239
    705.3637	    608.2872
    705.3815	      0.0000
    705.3992	      0.0000
    705.4170	      0.0000
    705.4348	      0.0000
    717.2212	      0.0000
    717.2394	      0.0000
    717.2576	      0.0000
    717.2758	      0.0000
    717.2941	    575.7308
    717.3123	   1255.0730
    717.3305	   1807.8992
    717.3487	   1846.2737
    717.3669	   1318.6893
    717.3852	    590.0587
    717.4034	      0.0000
    717.4216	      0.0000
    717.4399	      0.0000
    717.4581	      0.0000
    741.7169	      0.0000
    741.7360	      0.0000
    741.7552	      0.0000
    741.7744	      0.0000
    741.7935	    955.1222
    741.8127	   3083.0024
    741.8319	   5427.5835
    741.8510	   7070.8281
    741.8702	   5426.4946
    741.8894	   2999.3586
    741.9085	   1092.0403
    741.9277	      0.0000
    741.9469	      0.0000
    741.9660	      0.0000
    741.9852	      0.0000
    742.2345	      0.0000
    742.2537	      0.0000
    742.2729	      0.0000
    742.2920	      0.0000
    742.3112	   1045.5104
    742.3304	   2008.2700
    742.3496	   2443.7451
    742.3688	   2001.0996
    742.3880	   1054.0353
    742.4072	      0.0000
    742.4264	      0.0000
    742.4456	      0.0000
    742.4648	      0.0000
    748.7215	      0.0000
    748.7409	      0.0000
    748.7603	      0.0000
    748.7798	      0.0000
    748.7992	    936.2200
    748.8186	   1571.9906
    748.8381	   1862.4991
    748.8575	   1606.9031
    748.8770	    966.4767
    748.8964	      0.0000
    748.9158	      0.0000
    748.9353	      0.0000
    748.9547	      0.0000
    750.7271	      0.0000
    750.7466	      0.0000
    750.7661	      0.0000
    750.7856	      0.0000
    750.8051	    940.9297
    750.8246	   2174.9221
    750.8441	   4734.0044
    750.8637	   5377.1680
    750.8832	   3641.9404
    750.9027	   1801.3522
    750.9222	    791.0184
    750.9417	      0.0000
    750.9612	      0.0000
    750.9808	      0.0000
    751.0003	      0.0000
    751.2346	      0.0000
    751.2541	      0.0000
    751.2737	      0.0000
    751.2932	      0.0000
    751.3127	    854.2542
    751.3323	   1436.9807
    751.3518	   1642.8474
    751.3713	   1314.8696
    751.3909	    692.3671
    751.4104	      0.0000
    751.4300	      0.0000
    751.4495	      0.0000
    751.4690	      0.0000
    764.2125	      0.0000
    764.2325	      0.0000
    764.2526	      0.0000
    764.2726	      0.0000
    764.2926	    968.9603
    764.3127	   1827.3547
    764.3327	   2273.4905
    764.3528	   1948.2212
    764.3728	   1112.0873
    764.3929	      0.0000
    764.4129	      0.0000
    764.4330	      0.0000
    764.4530	      0.0000
    771.5186	      0.0000
    771.5389	      0.0000
    771.5592	      0.0000
    771.5795	      0.0000
    771.5999	    726.9451
    771.6202	   1312.3452
    771.6405	   1554.3669
    771.6609	   1310.0754
    771.6812	    757.4095
    771.7015	      0.0000
    771.7219	      0.0000
    771.7422	      0.0000
    771.7625	      0.0000
    788.2298	      0.0000
    788.2508	      0.0000
    788.2717	      0.0000
    788.2927	      0.0000
    788.3137	    536.5411
    788.3347	   1331.3027
    788.3557	   2043.0596
    788.3767	   2209.5791
    788.3977	   1704.5319
    788.4187	    869.4197
    788.4397	      0.0000
    788.4607	      0.0000
    788.4817	      0.0000
    788.5027	      0.0000
    788.7548	      0.0000
    788.7758	      0.0000
    788.7968	      0.0000
    788.8178	      0.0000
    788.8389	    693.5016
    788.8599	   1343.8650
    788.8809	   1664.4232
    788.9019	   1424.8934
    788.9229	    806.1252
    788.9439	      0.0000
    788.9650	      0.0000
    788.9860	      0.0000
    789.0070	      0.0000
    789.2593	      0.0000
    789.2804	      0.0000
    789.3014	      0.0000
    789.3224	      0.0000
    789.3435	   1127.1655
    789.3645	   1707.9125
    789.3855	   1788.0186
    789.4066	   1304.8483
    789.4276	    600.5389
    789.4503	      0.0000
    789.4713	      0.0000
    789.4924	      0.0000
    789.5134	      0.0000
    797.2075	      0.0000
    797.2289	      0.0000
    797.2502	      0.0000
    797.2716	      0.0000
    797.2929	    692.2091
    797.3143	   3778.9524
    797.3357	  10800.2217
    797.3570	  18393.9414
    797.3784	  23044.7539
    797.3997	  17439.8984
    797.4211	  10063.5459
    797.4424	   3096.7283
    797.4638	    540.3582
    797.4850	      0.0000
    797.5064	      0.0000
    797.5278	      0.0000
    797.5491	      0.0000
    797.7201	      0.0000
    797.7414	      0.0000
    797.7628	      0.0000
    797.7842	      0.0000
    797.8056	   1237.3322
    797.8269	   4054.4297
    797.8483	   8183.9629
    797.8697	  12507.2959
    797.8911	  12055.5771
    797.9124	   7468.1118
    797.9338	   3187.6462
    797.9552	    565.1729
    797.9751	      0.0000
    797.9964	      0.0000
    798.0178	      0.0000
    798.0392	      0.0000
    798.2531	      0.0000
    798.2745	      0.0000
    798.2959	      0.0000
    798.3173	      0.0000
    798.3387	   1275.1042
    798.3601	   2139.0593
    798.3815	   2450.1584
    798.4029	   1955.0272
    798.4243	   1018.5833
    798.4457	      0.0000
    798.4671	      0.0000
    798.4885	      0.0000
    798.5099	      0.0000
    817.2175	      0.0000
    817.2396	      0.0000
    817.2618	      0.0000
    817.2839	      0.0000
    817.3061	    593.3271
    817.3283	   1495.7108
    817.3504	   3777.0718
    817.3726	   6245.5479
    817.3948	   7044.4624
    817.4169	   5031.0366
    817.4391	   1881.9531
    817.4613	    673.6733
    817.4834	      0.0000
    817.5056	      0.0000
    817.5278	      0.0000
    817.5499	      0.0000
    818.2599	      0.0000
    818.2821	      0.0000
    818.3044	      0.0000
    818.3266	      0.0000
    818.3488	    761.7391
    818.3710	   1523.2113
    818.3932	   2006.9296
    818.4154	   1860.4927
    818.4376	   1192.8027
    818.4598	      0.0000
    818.4820	      0.0000
    818.5042	      0.0000
    818.5264	      0.0000
    828.2526	      0.0000
    828.2752	      0.0000
    828.2978	      0.0000
    828.3204	      0.0000
    828.3431	   1299.1298
    828.3657	   1862.9508
    828.3883	   2041.2316
    828.4109	   1681.3125
    828.4335	    991.4895
    828.4562	      0.0000
    828.4788	      0.0000
    828.5014	      0.0000
    828.5241	      0.0000
    878.2259	      0.0000
    878.2506	      0.0000
    878.2753	      0.0000
    878.3000	      0.0000
    878.3246	    802.2267
    878.3493	   2986.9998
    878.3740	   5213.3203
    878.3987	   6705.7729
    878.4234	   5011.5767
    878.4481	   2648.6733
    878.4728	    993.0761
    878.4975	      0.0000
    878.5222	      0.0000
    878.5469	      0.0000
    878.5716	      0.0000
    878.7445	      0.0000
    878.7692	      0.0000
    878.7940	      0.0000
    878.8187	      0.0000
    878.8434	    999.1834
    878.8681	   2021.2214
    878.8928	   2733.1560
    878.9175	   2647.5479
    878.9422	   1839.8386
    878.9670	    866.5731
    878.9917	      0.0000
    879.0164	      0.0000
    879.0412	      0.0000
    879.0659	      0.0000
    924.2470	      0.0000
    924.2737	      0.0000
    924.3003	      0.0000
    924.3270	      0.0000
    924.3537	   1131.8334
    924.3803	   1959.8647
    924.4070	   2426.4265
    924.4336	   2191.1790
    924.4603	   1407.4238
    924.4870	    585.5408
    924.5136	      0.0000
    924.5403	      0.0000
    924.5669	      0.0000
    924.5936	      0.0000
    924.7536	      0.0000
    924.7803	      0.0000
    924.8070	      0.0000
    924.8337	      0.0000
    924.8603	    742.2463
    924.8870	   1355.4348
    924.9137	   1681.3615
    924.9404	   1460.5024
    924.9671	    841.1906
    924.9938	      0.0000
    925.0204	      0.0000
    925.0471	      0.0000
    925.0738	      0.0000
    931.2428	      0.0000
    931.2697	      0.0000
    931.2967	      0.0000
    931.3236	      0.0000
    931.3506	    935.5320
    931.3776	   3302.0413
    931.4045	   5780.2725
    931.4315	   7548.7939
    931.4585	   5804.7695
    931.4854	   3219.4463
    931.5124	    745.2236
    931.5394	      0.0000
    931.5663	      0.0000
    931.5933	      0.0000
    931.6203	      0.0000
    932.2679	      0.0000
    932.2949	      0.0000
    932.3219	      0.0000
    932.3489	      0.0000
    932.3759	   1233.5935
    932.4029	   2209.5017
    932.4300	   2663.9756
    932.4570	   2233.9214
    932.4840	   1243.7761
    932.5110	      0.0000
    932.5381	      0.0000
    932.5651	      0.0000
    932.5921	      0.0000
    968.2418	      0.0000
    968.2704	      0.0000
    968.2989	      0.0000
    968.3275	      0.0000
    968.3561	   1098.0223
    968.3847	   1892.9371
    968.4133	   2417.8284
    968.4419	   2331.5039
    968.4704	   1664.3761
    968.4990	    819.4814
    968.5276	      0.0000
    968.5562	      0.0000
    968.5848	      0.0000
    968.6134	      0.0000
    969.2714	      0.0000
    969.3000	      0.0000
    969.3287	      0.0000
    969.3573	      0.0000
    969.3859	   1119.8264
    969.4145	   2063.1802
    969.4432	   2629.5342
    969.4718	   2422.0496
    969.5004	   1596.2216
    969.5291	    721.9025
    969.5577	      0.0000
    969.5864	      0.0000
    969.6150	      0.0000
    969.6437	      0.0000
   1010.7743	      0.0000
   1010.8048	      0.0000
   1010.8353	      0.0000
   1010.8658	      0.0000
   1010.8963	    809.2498
   1010.9268	   1679.6414
   1010.9573	   2197.1143
   1010.9878	   2020.1068
   1011.0182	   1321.3026
   1011.0488	      0.0000
   1011.0793	      0.0000
   1011.1098	      0.0000
   1011.1403	      0.0000
   1085.2473	      0.0000
   1085.2812	      0.0000
   1085.3151	      0.0000
   1085.3490	      0.0000
   1085.3830	   1103.6563
   1085.4169	   1691.0447
   1085.4508	   1857.5038
   1085.4847	   1464.8643
   1085.5186	    760.5991
   1085.5526	      0.0000
   1085.5865	      0.0000
   1085.6204	      0.0000
   1085.6544	      0.0000
   1086.2654	      0.0000
   1086.2993	      0.0000
   1086.3333	      0.0000
   1086.3672	      0.0000
   1086.4012	    912.1494
   1086.4352	   1667.7977
   1086.4691	   1931.9818
   1086.5031	   1536.0853
   1086.5371	    817.9590
   1086.5711	      0.0000
   1086.6051	      0.0000
   1086.6391	      0.0000
   1086.6730	      0.0000
   1134.2916	      0.0000
   1134.3278	      0.0000
   1134.3641	      0.0000
   1134.4003	      0.0000
   1134.4365	   1297.7123
   1134.4728	   2285.5532
   1134.5090	   2674.6296
   1134.5453	   2182.9312
   1134.5815	   1206.3873
   1134.6178	      0.0000
   1134.6541	      0.0000
   1134.6903	      0.0000
   1134.7266	      0.0000
   1157.7685	      0.0000
   1157.8058	      0.0000
   1157.8432	      0.0000
   1157.8806	      0.0000
   1157.9179	   1146.3451
   1157.9553	   1882.7260
   1157.9927	   2099.0911
   1158.0301	   1668.4985
   1158.0675	    918.0434
   1158.1048	      0.0000
   1158.1422	      0.0000
   1158.1796	      0.0000
   1158.2170	      0.0000
   1166.7511	      0.0000
   1166.7889	      0.0000
   1166.8267	      0.0000
   1166.8645	      0.0000
   1166.9023	    767.9067
   1166.9401	   1601.8043
   1166.9779	   2076.4434
   1167.0157	   1819.7454
   1167.0536	   1054.9215
   1167.0914	      0.0000
   1167.1292	      0.0000
   1167.1670	      0.0000
   1167.2048	      0.0000
   1170.3127	      0.0000
   1170.3506	      0.0000
   1170.3886	      0.0000
   1170.4266	      0.0000
   1170.4646	   1240.3734
   1170.5026	   4688.5981
   1170.5405	   7155.5640
   1170.5785	   7514.4873
   1170.6165	   4795.3164
   1170.6545	   2118.7839
   1170.6925	      0.0000
   1170.7434	      0.0000
   1170.7814	      0.0000
   1170.8194	      0.0000
   1170.8574	      0.0000
   1171.1995	      0.0000
   1171.2375	      0.0000
   1171.2755	      0.0000
   1171.3135	      0.0000
   1171.3516	    821.8637
   1171.3896	   2820.0549
   1171.4276	   8042.7261
   1171.4656	  14167.9072
   1171.5037	  19600.1660
   1171.5417	  16941.0547
   1171.5797	  10151.6084
   1171.6178	   3852.8271
   1171.6558	    248.7889
   1171.6830	      0.0000
   1171.7210	      0.0000
   1171.7591	      0.0000
   1171.7971	      0.0000
   1172.2157	      0.0000
   1172.2538	      0.0000
   1172.2919	      0.0000
   1172.3300	      0.0000
   1172.3680	    781.4130
   1172.4061	   3216.2900
   1172.4442	   7011.5952
   1172.4823	  11111.7813
   1172.5203	  11941.4277
   1172.5584	   8117.3271
   1172.5965	   4186.9941
   1172.6346	   1034.4830
   1172.6707	      0.0000
   1172.7088	      0.0000
   1172.7469	      0.0000
   1172.7850	      0.0000
   1173.2804	      0.0000
   1173.3185	      0.0000
   1173.3566	      0.0000
   1173.3948	      0.0000
   1173.4329	    995.7533
   1173.4710	   2033.6844
   1173.5092	   2550.1890
   1173.5473	   2125.7705
   1173.5854	   1121.4142
   1173.6368	      0.0000
   1173.6750	      0.0000
   1173.7131	      0.0000
   1173.7513	      0.0000
   1187.2547	      0.0000
   1187.2935	      0.0000
   1187.3323	      0.0000
   1187.3711	      0.0000
   1187.4100	   1228.1912
   1187.4488	   2594.5381
   1187.4876	   7667.8608
   1187.5264	  17336.6719
   1187.5652	  27860.3105
   1187.6040	  30583.8438
   1187.6429	  20467.9473
   1187.6817	  10121.0557
   1187.7205	   1898.2332
   1187.7593	      0.0000
   1187.8018	      0.0000
   1187.8406	      0.0000
   1187.8794	      0.0000
   1187.9182	      0.0000
   1188.2678	      0.0000
   1188.3067	      0.0000
   1188.3455	      0.0000
   1188.3844	      0.0000
   1188.4233	    668.3738
   1188.4621	   2287.5210
   1188.5010	   6723.6621
   1188.5399	  12856.6768
   1188.5787	  19278.2285
   1188.6176	  18691.0996
   1188.6565	  11682.0742
   1188.6953	   5122.3784
   1188.7342	    637.8457
   1188.7562	      0.0000
   1188.7951	      0.0000
   1188.8340	      0.0000
   1188.8729	      0.0000
   1189.3007	      0.0000
   1189.3396	      0.0000
   1189.3785	      0.0000
   1189.4174	      0.0000
   1189.4563	    851.4635
   1189.4952	   2711.3389
   1189.5341	   4892.8857
   1189.5731	   6709.4131
   1189.6120	   5667.7993
   1189.6509	   3345.8291
   1189.6898	   1243.2938
   1189.7290	      0.0000
   1189.7679	      0.0000
   1189.8068	      0.0000
   1189.8457	      0.0000
   1372.3279	      0.0000
   1372.3761	      0.0000
   1372.4243	      0.0000
   1372.4726	      0.0000
   1372.5208	   1374.8373
   1372.5690	   3670.2434
   1372.6173	   6177.6982
   1372.6655	   6575.3555
   1372.7137	   4197.9482
   1372.7620	   1445.2117
   1372.8102	    390.9630
   1372.8585	      0.0000
   1372.9067	      0.0000
   1372.9550	      0.0000
   1373.0032	      0.0000
   1373.3411	      0.0000
   1373.3894	      0.0000
   1373.4376	      0.0000
   1373.4859	      0.0000
   1373.5342	    671.7068
   1373.5825	   1641.2257
   1373.6308	   2475.8596
   1373.6791	   2590.5076
   1373.7274	   1907.4298
   1373.7757	    958.7009
   1373.8240	      0.0000
   1373.8723	      0.0000
   1373.9206	      0.0000
   1373.9689	      0.0000
   1374.2588	      0.0000
   1374.3071	      0.0000
   1374.3554	      0.0000
   1374.4038	      0.0000
   1374.4521	   1259.7201
   1374.5004	   2142.5415
   1374.5488	   2714.5002
   1374.5971	   2657.3938
   1374.6454	   2009.5278
   1374.6938	   1137.8669
   1374.7672	      0.0000
   1374.8155	      0.0000
   1374.8639	      0.0000
   1374.9122	      0.0000
   1390.1245	      0.0000
   1390.1737	      0.0000
   1390.2228	      0.0000
   1390.2720	      0.0000
   1390.3212	      0.0000
   1390.3703	   2114.8547
   1390.4195	   2452.9839
   1390.4687	   4730.5356
   1390.5179	  10195.8379
   1390.5671	  26778.2285
   1390.6163	  48619.8984
   1390.6654	  69142.5078
   1390.7146	  61153.4453
   1390.7638	  36598.1680
   1390.8130	  13566.9473
   1390.8622	    822.1979
   1390.9095	      0.0000
   1390.9587	      0.0000
   1391.0080	      0.0000
   1391.0572	      0.0000
   1391.1556	      0.0000
   1391.2048	      0.0000
   1391.2540	      0.0000
   1391.3033	      0.0000
   1391.3525	    916.3265
   1391.4017	   1540.5372
   1391.4509	   2426.4973
   1391.5002	   4635.3013
   1391.5494	  12266.5391
   1391.5986	  25646.6563
   1391.6479	  40197.9844
   1391.6971	  43136.1836
   1391.7464	  28592.5918
   1391.7956	  13958.0000
   1391.8449	   2251.0837
   1391.8941	      0.0000
   1391.9390	      0.0000
   1391.9883	      0.0000
   1392.0376	      0.0000
   1392.0868	      0.0000
   1392.2839	      0.0000
   1392.3332	      0.0000
   1392.3825	      0.0000
   1392.4318	      0.0000
   1392.4810	   1051.2820
   1392.5303	   2713.5347
   1392.5796	   7246.2925
   1392.6289	  12271.1016
   1392.6782	  15532.2070
   1392.7275	  11690.7920
   1392.7768	   6500.1357
   1392.8261	   1452.1765
   1392.8754	      0.0000
   1392.9059	      0.0000
   1392.9553	      0.0000
   1393.0046	      0.0000
   1393.0539	      0.0000
   1393.3498	      0.0000
   1393.3992	      0.0000
   1393.4485	      0.0000
   1393.4979	      0.0000
   1393.5472	   1099.6698
   1393.5965	   2318.8293
   1393.6459	   3220.8169
   1393.6952	   3208.9392
   1393.7446	   2329.2263
   1393.7940	   1191.3097
   1393.8421	      0.0000
   1393.8915	      0.0000
   1393.9408	      0.0000
   1393.9902	      0.0000
   1500.3777	      0.0000
   1500.4328	      0.0000
   1500.4879	      0.0000
   1500.5431	      0.0000
   1500.5982	   1236.0759
   1500.6533	   2045.1737
   1500.7085	   2335.6738
   1500.7636	   1907.7937
   1500.8188	   1109.8829
   1500.8739	      0.0000
   1500.9291	      0.0000
   1500.9842	      0.0000
   1501.0394	      0.0000
   1501.3152	      0.0000
   1501.3704	      0.0000
   1501.4256	      0.0000
   1501.4808	      0.0000
   1501.5360	    630.1957
   1501.5912	   1567.5176
   1501.6464	   2505.8967
   1501.7016	   2762.3599
   1501.7568	   2076.2925
   1501.8120	    971.7778
   1501.8672	      0.0000
   1501.9224	      0.0000
   1501.9776	      0.0000
   1502.0328	      0.0000
   1587.8740	      0.0000
   1587.9341	      0.0000
   1587.9941	      0.0000
   1588.0541	      0.0000
   1588.1141	   1133.8616
   1588.1742	   1589.0935
   1588.2342	   1754.5510
   1588.2942	   1466.8253
   1588.3543	    847.2162
   1588.4143	      0.0000
   1588.4744	      0.0000
   1588.5344	      0.0000
   1588.5945	      0.0000
   2182.4829	      0.0000
   2182.5796	      0.0000
   2182.6763	      0.0000
   2182.7730	      0.0000
   2182.8698	    879.4684
   2182.9665	   1524.9597
   2183.0633	   1914.9503
   2183.1600	   1773.2781
   2183.2568	   1154.5286
   2183.3535	      0.0000
   2183.4503	      0.0000
   2183.5471	      0.0000
   2183.6439	      0.0000
   2560.6722	      0.0000
   2560.7951	      0.0000
   2560.9180	      0.0000
   2561.0410	      0.0000
