# ljz_20131022_MR_Chym1_ELUTE.mzML
#
# index: 622
# id: controllerType=0 controllerNumber=1 scan=5677
# scanNumber: 5677
# massAnalyzerType: quadrupole
# scanEvent: 2
# msLevel: 2
# retentionTime: 1736.23
# filterString: FTMS + p NSI d Full ms2 431.72@hcd28.00 [100.00-900.00]
# mzLow: 99.0036
# mzHigh: 909.162
# basePeakMZ: 132.102
# basePeakIntensity: 240054
# totalIonCurrent: 1.86418e+006
# precursorCount: 1
# precursor 0: 431.719 3.42033e+006
# binary (2542): 
     99.0036	      0.0000
     99.0045	      0.0000
     99.0055	      0.0000
     99.0064	      0.0000
    100.9819	      0.0000
    100.9829	      0.0000
    100.9839	      0.0000
    100.9848	      0.0000
    100.9858	    320.9036
    100.9867	    896.4441
    100.9877	   1577.2168
    100.9887	   1938.1901
    100.9896	   1736.3755
    100.9906	   1111.6617
    100.9916	    448.4953
    100.9925	      0.0000
    100.9935	      0.0000
    100.9944	      0.0000
    100.9954	      0.0000
    101.0657	      0.0000
    101.0667	      0.0000
    101.0676	      0.0000
    101.0686	      0.0000
    101.0696	    700.9436
    101.0705	   1250.3280
    101.0715	   1549.9905
    101.0725	   1400.6036
    101.0734	    934.7701
    101.0744	    463.8885
    101.0753	      0.0000
    101.0762	      0.0000
    101.0772	      0.0000
    101.0782	      0.0000
    110.0637	      0.0000
    110.0648	      0.0000
    110.0659	      0.0000
    110.0670	      0.0000
    110.0681	    641.5052
    110.0692	   2482.2925
    110.0703	   5661.6768
    110.0714	   9149.3164
    110.0725	   9803.9014
    110.0736	   6488.7466
    110.0747	   3231.9873
    110.0758	    839.5321
    110.0770	      0.0000
    110.0781	      0.0000
    110.0792	      0.0000
    110.0803	      0.0000
    115.0777	      0.0000
    115.0789	      0.0000
    115.0801	      0.0000
    115.0812	      0.0000
    115.0824	    437.8695
    115.0836	   1828.6433
    115.0848	   5766.4170
    115.0859	  10638.4346
    115.0871	  15137.0547
    115.0883	  13277.0566
    115.0894	   8014.3091
    115.0906	   3168.4878
    115.0918	    539.8203
    115.0927	      0.0000
    115.0939	      0.0000
    115.0950	      0.0000
    115.0962	      0.0000
    121.4246	      0.0000
    121.4258	      0.0000
    121.4271	      0.0000
    121.4284	      0.0000
    121.4296	    456.6498
    121.4309	    901.5670
    121.4322	   1164.9758
    121.4335	   1085.3794
    121.4347	    709.7695
    121.4359	      0.0000
    121.4372	      0.0000
    121.4385	      0.0000
    121.4397	      0.0000
    129.0941	      0.0000
    129.0955	      0.0000
    129.0968	      0.0000
    129.0982	      0.0000
    129.0996	    669.9863
    129.1010	   1457.1265
    129.1024	   1967.3090
    129.1038	   1809.1808
    129.1052	   1112.4210
    129.1066	    389.4667
    129.1080	      0.0000
    129.1094	      0.0000
    129.1107	      0.0000
    129.1121	      0.0000
    131.0727	      0.0000
    131.0741	      0.0000
    131.0755	      0.0000
    131.0769	      0.0000
    131.0784	    855.3047
    131.0798	   1945.7079
    131.0812	   4097.0020
    131.0826	   4712.0015
    131.0841	   2440.9238
    131.0855	   1259.0558
    131.0869	    402.2768
    131.0884	      0.0000
    131.0898	      0.0000
    131.0912	      0.0000
    131.0926	      0.0000
    132.0863	      0.0000
    132.0878	      0.0000
    132.0892	      0.0000
    132.0906	      0.0000
    132.0921	    697.0599
    132.0935	   2720.5105
    132.0950	   4097.2798
    132.0964	   7925.2764
    132.0978	  27622.0605
    132.0993	  89902.0391
    132.1007	 166543.3281
    132.1022	 237715.2031
    132.1036	 209638.9219
    132.1050	 128637.4688
    132.1065	  54051.4219
    132.1079	  14737.7549
    132.1094	   4453.8857
    132.1108	   3493.7200
    132.1122	   1474.7048
    132.1136	   1851.1362
    132.1151	      0.0000
    132.1165	      0.0000
    132.1180	      0.0000
    132.1194	      0.0000
    132.1208	      0.0000
    133.0942	      0.0000
    133.0957	      0.0000
    133.0971	      0.0000
    133.0986	      0.0000
    133.1000	    457.3185
    133.1015	   2051.8145
    133.1029	   6590.3379
    133.1044	  11605.8232
    133.1059	  15554.5879
    133.1073	  12598.7871
    133.1088	   7394.9136
    133.1102	   2652.7798
    133.1117	    489.8664
    133.1131	      0.0000
    133.1146	      0.0000
    133.1160	      0.0000
    133.1175	      0.0000
    134.0342	      0.0000
    134.0356	      0.0000
    134.0371	      0.0000
    134.0386	      0.0000
    134.0401	    188.0602
    134.0415	   1872.2372
    134.0430	   4519.4819
    134.0445	   7428.2061
    134.0460	   8052.3472
    134.0474	   5455.4121
    134.0489	   2807.1973
    134.0504	    843.4969
    134.0518	      0.0000
    134.0533	      0.0000
    134.0548	      0.0000
    134.0562	      0.0000
    134.9842	      0.0000
    134.9856	      0.0000
    134.9871	      0.0000
    134.9886	      0.0000
    134.9901	    269.4402
    134.9916	    947.2356
    134.9931	   1639.5902
    134.9946	   1885.8732
    134.9961	   1525.5637
    134.9975	    850.7338
    134.9990	      0.0000
    135.0005	      0.0000
    135.0020	      0.0000
    135.0034	      0.0000
    141.0926	      0.0000
    141.0942	      0.0000
    141.0958	      0.0000
    141.0974	      0.0000
    141.0990	    937.9886
    141.1006	   1924.9163
    141.1022	   2646.0542
    141.1037	   2591.8364
    141.1053	   1812.9604
    141.1069	    861.3702
    141.1081	      0.0000
    141.1097	      0.0000
    141.1113	      0.0000
    141.1129	      0.0000
    143.0697	      0.0000
    143.0713	      0.0000
    143.0729	      0.0000
    143.0745	      0.0000
    143.0762	    573.1315
    143.0778	   3092.3477
    143.0794	   6357.8779
    143.0810	   9764.1475
    143.0826	   9474.4453
    143.0843	   6120.5737
    143.0859	   3024.9622
    143.0875	    975.7510
    143.0891	    507.4868
    143.0913	      0.0000
    143.0929	      0.0000
    143.0945	      0.0000
    143.0961	      0.0000
    156.0643	      0.0000
    156.0661	      0.0000
    156.0680	      0.0000
    156.0698	      0.0000
    156.0717	    601.8743
    156.0735	   2792.3101
    156.0754	   5207.4995
    156.0772	   7281.2109
    156.0791	   6070.0215
    156.0809	   3589.4600
    156.0828	   1306.6420
    156.0846	    510.8033
    156.0860	      0.0000
    156.0878	      0.0000
    156.0897	      0.0000
    156.0915	      0.0000
    157.1195	      0.0000
    157.1214	      0.0000
    157.1233	      0.0000
    157.1251	      0.0000
    157.1270	    612.7930
    157.1289	   3894.9619
    157.1307	   9297.3750
    157.1326	  15126.7080
    157.1345	  15891.5420
    157.1363	  10514.8447
    157.1382	   5277.7847
    157.1401	   1740.9320
    157.1419	    776.1713
    157.1443	      0.0000
    157.1461	      0.0000
    157.1480	      0.0000
    157.1499	      0.0000
    159.0639	      0.0000
    159.0658	      0.0000
    159.0677	      0.0000
    159.0696	      0.0000
    159.0715	    632.4959
    159.0734	   2886.5732
    159.0753	   5290.8022
    159.0772	   7032.5171
    159.0791	   5350.1699
    159.0810	   2949.2949
    159.0829	    748.5581
    159.0849	      0.0000
    159.0868	      0.0000
    159.0887	      0.0000
    159.0906	      0.0000
    164.0675	      0.0000
    164.0695	      0.0000
    164.0715	      0.0000
    164.0735	      0.0000
    164.0755	    425.7130
    164.0775	   1257.4121
    164.0795	   3277.5222
    164.0815	   5197.0967
    164.0835	   5268.6016
    164.0854	   3340.6553
    164.0874	   1374.2728
    164.0894	    498.9763
    164.0914	      0.0000
    164.0934	      0.0000
    164.0954	      0.0000
    164.0974	      0.0000
    169.0813	      0.0000
    169.0834	      0.0000
    169.0854	      0.0000
    169.0875	      0.0000
    169.0896	    399.2335
    169.0917	    998.0960
    169.0938	   2658.8633
    169.0959	   4669.7051
    169.0980	   5924.0527
    169.1000	   4363.8320
    169.1021	   2328.4175
    169.1042	    401.5594
    169.1063	      0.0000
    169.1084	      0.0000
    169.1105	      0.0000
    169.1126	      0.0000
    175.0578	      0.0000
    175.0600	      0.0000
    175.0622	      0.0000
    175.0644	      0.0000
    175.0666	    519.0208
    175.0688	   1196.6243
    175.0710	   1702.9333
    175.0732	   1673.3125
    175.0754	   1148.9172
    175.0776	    500.1140
    175.0798	      0.0000
    175.0820	      0.0000
    175.0842	      0.0000
    175.0864	      0.0000
    175.1062	      0.0000
    175.1084	      0.0000
    175.1106	      0.0000
    175.1128	      0.0000
    175.1150	    603.3385
    175.1172	   1174.5688
    175.1194	   1584.7826
    175.1216	   1576.7363
    175.1238	   1152.5704
    175.1259	    582.5052
    175.1282	      0.0000
    175.1304	      0.0000
    175.1326	      0.0000
    175.1348	      0.0000
    182.0772	      0.0000
    182.0796	      0.0000
    182.0819	      0.0000
    182.0842	      0.0000
    182.0866	    646.7491
    182.0889	   1688.4689
    182.0912	   3981.5903
    182.0936	   5258.0137
    182.0959	   4146.6187
    182.0982	   1894.2886
    182.1005	    798.7164
    182.1029	      0.0000
    182.1052	      0.0000
    182.1075	      0.0000
    182.1099	      0.0000
    183.0623	      0.0000
    183.0647	      0.0000
    183.0670	      0.0000
    183.0694	      0.0000
    183.0717	    675.1479
    183.0741	   1225.9819
    183.0764	   1537.5934
    183.0788	   1386.4624
    183.0811	    869.6970
    183.0835	      0.0000
    183.0858	      0.0000
    183.0882	      0.0000
    183.0905	      0.0000
    185.0423	      0.0000
    185.0447	      0.0000
    185.0471	      0.0000
    185.0495	      0.0000
    185.0519	    756.1724
    185.0543	   1505.7683
    185.0567	   1920.8607
    185.0590	   1655.6865
    185.0614	    914.8459
    185.0638	      0.0000
    185.0662	      0.0000
    185.0686	      0.0000
    185.0710	      0.0000
    185.1116	      0.0000
    185.1140	      0.0000
    185.1164	      0.0000
    185.1188	      0.0000
    185.1211	    357.0387
    185.1235	   1187.8389
    185.1259	   3200.6960
    185.1283	   4926.3496
    185.1307	   4657.6621
    185.1331	   2223.4521
    185.1355	   1052.1583
    185.1379	    326.4718
    185.1402	      0.0000
    185.1426	      0.0000
    185.1450	      0.0000
    185.1474	      0.0000
    189.4927	      0.0000
    189.4952	      0.0000
    189.4977	      0.0000
    189.5001	      0.0000
    189.5026	    685.3409
    189.5051	   1108.1239
    189.5076	   1241.9845
    189.5100	   1012.8281
    189.5125	    573.6058
    189.5150	      0.0000
    189.5175	      0.0000
    189.5199	      0.0000
    189.5224	      0.0000
    191.0486	      0.0000
    191.0512	      0.0000
    191.0537	      0.0000
    191.0562	      0.0000
    191.0587	    716.6883
    191.0612	   1552.5487
    191.0637	   3700.7932
    191.0662	   5998.6895
    191.0687	   6011.9775
    191.0712	   3830.2424
    191.0737	   1763.7104
    191.0762	    545.8140
    191.0787	      0.0000
    191.0812	      0.0000
    191.0837	      0.0000
    191.0862	      0.0000
    203.0478	      0.0000
    203.0506	      0.0000
    203.0533	      0.0000
    203.0561	      0.0000
    203.0588	    630.9139
    203.0615	   1515.8480
    203.0643	   2430.3574
    203.0670	   2759.3115
    203.0698	   2254.7354
    203.0725	   1300.9724
    203.0753	    516.9406
    203.0780	      0.0000
    203.0808	      0.0000
    203.0835	      0.0000
    203.0862	      0.0000
    203.1055	      0.0000
    203.1082	      0.0000
    203.1110	      0.0000
    203.1137	      0.0000
    203.1165	      0.0000
    203.1192	      0.0000
    203.1219	      0.0000
    203.1245	   1217.8932
    203.1273	   1397.1776
    203.1300	   5993.9004
    203.1328	  23342.9941
    203.1355	  49013.2500
    203.1383	  76380.9219
    203.1410	  76807.4766
    203.1438	  49883.7461
    203.1465	  24543.1230
    203.1493	   7383.3940
    203.1520	   2641.4734
    203.1547	   1925.3368
    203.1575	   1278.6472
    203.1605	   1377.2111
    203.1632	      0.0000
    203.1660	      0.0000
    203.1687	      0.0000
    203.1715	      0.0000
    203.1742	      0.0000
    204.1225	      0.0000
    204.1253	      0.0000
    204.1280	      0.0000
    204.1308	      0.0000
    204.1336	    677.9896
    204.1363	   2205.1721
    204.1391	   4272.2109
    204.1419	   6375.2549
    204.1446	   6015.5195
    204.1474	   3765.2795
    204.1502	   1617.1680
    204.1529	    526.6738
    204.1557	      0.0000
    204.1584	      0.0000
    204.1612	      0.0000
    204.1640	      0.0000
    208.9191	      0.0000
    208.9220	      0.0000
    208.9248	      0.0000
    208.9277	      0.0000
    208.9305	    137.9438
    208.9334	   2541.2354
    208.9363	   1746.8158
    208.9391	   1529.5929
    208.9418	   1995.0349
    208.9447	   7703.7134
    208.9476	  26883.8105
    208.9504	  49744.4531
    208.9533	  69983.5313
    208.9561	  59905.4766
    208.9590	  36242.1523
    208.9619	  14534.3184
    208.9647	   4268.6880
    208.9676	   1613.7438
    208.9705	   1082.2169
    208.9733	     58.9117
    208.9764	      0.0000
    208.9793	      0.0000
    208.9821	      0.0000
    208.9850	      0.0000
    209.0825	      0.0000
    209.0853	      0.0000
    209.0882	      0.0000
    209.0911	      0.0000
    209.0939	    513.4628
    209.0968	   1241.6733
    209.0997	   2456.0779
    209.1025	   4171.9214
    209.1054	   2920.1238
    209.1083	   1977.8765
    209.1111	    889.5999
    209.1140	      0.0000
    209.1169	      0.0000
    209.1197	      0.0000
    209.1226	      0.0000
    209.9396	      0.0000
    209.9425	      0.0000
    209.9454	      0.0000
    209.9483	      0.0000
    209.9512	    411.8919
    209.9541	   1033.2433
    209.9570	   1563.2078
    209.9598	   1596.3362
    209.9627	   1116.8925
    209.9656	    484.3666
    209.9685	      0.0000
    209.9714	      0.0000
    209.9743	      0.0000
    209.9772	      0.0000
    210.0060	      0.0000
    210.0089	      0.0000
    210.0118	      0.0000
    210.0147	      0.0000
    210.0176	    325.4800
    210.0205	    996.4477
    210.0233	   1835.0398
    210.0262	   2317.5493
    210.0291	   2118.9121
    210.0320	   1407.8643
    210.0349	    653.9047
    210.0376	      0.0000
    210.0405	      0.0000
    210.0434	      0.0000
    210.0463	      0.0000
    210.9269	      0.0000
    210.9298	      0.0000
    210.9327	      0.0000
    210.9356	      0.0000
    210.9385	    887.0170
    210.9414	   4191.0161
    210.9443	  15444.6904
    210.9472	  29909.5859
    210.9501	  43831.9727
    210.9530	  39616.6250
    210.9559	  24500.7969
    210.9588	  10621.4873
    210.9617	   3125.5535
    210.9646	   1093.5577
    210.9675	    516.2142
    210.9706	      0.0000
    210.9735	      0.0000
    210.9764	      0.0000
    210.9793	      0.0000
    212.9287	      0.0000
    212.9316	      0.0000
    212.9346	      0.0000
    212.9375	      0.0000
    212.9405	    652.3997
    212.9434	   1411.5659
    212.9463	   2013.6974
    212.9493	   2016.9729
    212.9522	   1430.7174
    212.9552	    673.9716
    212.9582	      0.0000
    212.9612	      0.0000
    212.9641	      0.0000
    212.9671	      0.0000
    216.0242	      0.0000
    216.0272	      0.0000
    216.0302	      0.0000
    216.0333	      0.0000
    216.0363	    322.2235
    216.0393	    972.3437
    216.0423	   1698.7837
    216.0453	   1948.5649
    216.0483	   1505.2019
    216.0513	    727.5493
    216.0543	      0.0000
    216.0573	      0.0000
    216.0603	      0.0000
    216.0633	      0.0000
    225.0783	      0.0000
    225.0815	      0.0000
    225.0847	      0.0000
    225.0879	      0.0000
    225.0911	    511.0862
    225.0943	   1119.8540
    225.0975	   1587.0062
    225.1007	   1566.5635
    225.1039	   1048.9431
    225.1071	    418.4373
    225.1104	      0.0000
    225.1136	      0.0000
    225.1168	      0.0000
    225.1200	      0.0000
    230.0933	      0.0000
    230.0966	      0.0000
    230.0999	      0.0000
    230.1032	      0.0000
    230.1065	    623.8112
    230.1098	   1329.6354
    230.1131	   1874.8549
    230.1164	   1869.9829
    230.1197	   1304.2856
    230.1231	    586.6744
    230.1264	      0.0000
    230.1297	      0.0000
    230.1330	      0.0000
    230.1364	      0.0000
    243.0832	      0.0000
    243.0868	      0.0000
    243.0904	      0.0000
    243.0940	      0.0000
    243.0976	    466.6123
    243.1012	   1197.0861
    243.1048	   2309.9690
    243.1084	   4198.2251
    243.1120	   2870.5518
    243.1156	   1909.7935
    243.1192	    865.5005
    243.1227	      0.0000
    243.1263	      0.0000
    243.1299	      0.0000
    243.1335	      0.0000
    255.5966	      0.0000
    255.6005	      0.0000
    255.6044	      0.0000
    255.6083	      0.0000
    255.6121	    814.5080
    255.6160	   1489.8636
    255.6199	   1758.9061
    255.6238	   1381.1105
    255.6276	    665.9081
    255.6315	      0.0000
    255.6354	      0.0000
    255.6393	      0.0000
    255.6431	      0.0000
    256.0663	      0.0000
    256.0702	      0.0000
    256.0740	      0.0000
    256.0779	      0.0000
    256.0818	    730.5870
    256.0857	   2213.5657
    256.0896	   4478.1084
    256.0935	   6544.3916
    256.0974	   5577.9229
    256.1013	   3138.9861
    256.1051	    861.2202
    256.1091	      0.0000
    256.1130	      0.0000
    256.1169	      0.0000
    256.1208	      0.0000
    263.6140	      0.0000
    263.6181	      0.0000
    263.6221	      0.0000
    263.6262	      0.0000
    263.6303	    290.8231
    263.6343	    957.8976
    263.6384	   1781.3336
    263.6424	   2153.6099
    263.6465	   1783.5649
    263.6506	    975.3313
    263.6546	    278.7129
    263.6587	      0.0000
    263.6627	      0.0000
    263.6668	      0.0000
    263.6709	      0.0000
    264.1059	      0.0000
    264.1100	      0.0000
    264.1141	      0.0000
    264.1182	      0.0000
    264.1222	    312.2848
    264.1263	    931.5663
    264.1304	   1519.8207
    264.1344	   1650.9731
    264.1385	   1224.5514
    264.1426	    568.8317
    264.1467	      0.0000
    264.1507	      0.0000
    264.1548	      0.0000
    264.1589	      0.0000
    264.5952	      0.0000
    264.5992	      0.0000
    264.6033	      0.0000
    264.6074	      0.0000
    264.6115	    591.8788
    264.6156	   1446.8652
    264.6197	   3261.0942
    264.6237	   4842.1519
    264.6278	   4334.0137
    264.6319	   2557.0261
    264.6360	   1072.4606
    264.6401	    417.8143
    264.6441	      0.0000
    264.6482	      0.0000
    264.6523	      0.0000
    264.6564	      0.0000
    272.6155	      0.0000
    272.6198	      0.0000
    272.6240	      0.0000
    272.6283	      0.0000
    272.6326	    318.4642
    272.6369	   1029.4302
    272.6411	   3043.7520
    272.6454	   4767.6675
    272.6497	   4597.0566
    272.6539	   2181.8977
    272.6582	   1001.2868
    272.6625	    286.4828
    272.6669	      0.0000
    272.6711	      0.0000
    272.6754	      0.0000
    272.6797	      0.0000
    280.1103	      0.0000
    280.1147	      0.0000
    280.1192	      0.0000
    280.1236	      0.0000
    280.1281	    422.4399
    280.1325	   1178.2711
    280.1370	   1997.4050
    280.1414	   2317.3262
    280.1459	   1879.8259
    280.1503	   1007.1577
    280.1548	    287.9433
    280.1592	      0.0000
    280.1637	      0.0000
    280.1681	      0.0000
    280.1726	      0.0000
    281.1046	      0.0000
    281.1090	      0.0000
    281.1135	      0.0000
    281.1180	      0.0000
    281.1225	    635.4089
    281.1269	   1363.4579
    281.1314	   2054.3303
    281.1359	   2301.3000
    281.1403	   1928.6742
    281.1448	   1159.4860
    281.1493	    446.6547
    281.1538	      0.0000
    281.1582	      0.0000
    281.1627	      0.0000
    281.1672	      0.0000
    282.1311	      0.0000
    282.1356	      0.0000
    282.1401	      0.0000
    282.1446	      0.0000
    282.1491	    700.7222
    282.1536	   1263.3586
    282.1581	   1473.5559
    282.1626	   1171.1132
    282.1671	    588.7277
    282.1708	      0.0000
    282.1753	      0.0000
    282.1798	      0.0000
    282.1843	      0.0000
    284.9746	      0.0000
    284.9791	      0.0000
    284.9837	      0.0000
    284.9883	      0.0000
    284.9928	    122.1603
    284.9974	   1858.8167
    285.0019	   5407.5649
    285.0065	   9271.5469
    285.0111	  11162.9258
    285.0156	   8090.4800
    285.0202	   4441.0703
    285.0248	   1400.8936
    285.0293	    636.5099
    285.0346	      0.0000
    285.0392	      0.0000
    285.0438	      0.0000
    285.0483	      0.0000
    285.9819	      0.0000
    285.9865	      0.0000
    285.9910	      0.0000
    285.9956	      0.0000
    286.0002	    858.2947
    286.0048	   1719.4858
    286.0094	   2343.9270
    286.0140	   2239.2051
    286.0186	   1475.2448
    286.0232	    594.5818
    286.0277	      0.0000
    286.0323	      0.0000
    286.0369	      0.0000
    286.0415	      0.0000
    286.0966	      0.0000
    286.1012	      0.0000
    286.1058	      0.0000
    286.1104	      0.0000
    286.1149	    408.3723
    286.1195	   1009.2956
    286.1241	   1611.1849
    286.1287	   1834.6058
    286.1333	   1504.7531
    286.1379	    843.5993
    286.1425	      0.0000
    286.1471	      0.0000
    286.1517	      0.0000
    286.1563	      0.0000
    288.1734	      0.0000
    288.1780	      0.0000
    288.1827	      0.0000
    288.1873	      0.0000
    288.1919	    414.9125
    288.1966	   1032.5009
    288.2012	   1533.0817
    288.2059	   1513.1033
    288.2105	    970.5590
    288.2151	    344.6965
    288.2198	      0.0000
    288.2244	      0.0000
    288.2291	      0.0000
    288.2337	      0.0000
    289.6079	      0.0000
    289.6126	      0.0000
    289.6172	      0.0000
    289.6219	      0.0000
    289.6266	    618.2454
    289.6313	   1571.5100
    289.6359	   2539.8523
    289.6406	   2838.5408
    289.6453	   2263.4954
    289.6500	   1263.0737
    289.6546	    462.5461
    289.6594	      0.0000
    289.6641	      0.0000
    289.6688	      0.0000
    289.6735	      0.0000
    295.1032	      0.0000
    295.1080	      0.0000
    295.1128	      0.0000
    295.1176	      0.0000
    295.1224	    945.0557
    295.1272	   1865.1191
    295.1320	   2522.8391
    295.1369	   2442.6345
    295.1417	   1691.4639
    295.1465	    810.0508
    295.1509	      0.0000
    295.1557	      0.0000
    295.1606	      0.0000
    295.1654	      0.0000
    298.6055	      0.0000
    298.6104	      0.0000
    298.6153	      0.0000
    298.6202	      0.0000
    298.6251	     33.5019
    298.6300	   1571.6411
    298.6349	   4708.7759
    298.6398	   8157.8457
    298.6447	   9598.5596
    298.6496	   6655.0898
    298.6545	   3437.4353
    298.6594	    834.6342
    298.6646	      0.0000
    298.6695	      0.0000
    298.6744	      0.0000
    298.6793	      0.0000
    299.1008	      0.0000
    299.1057	      0.0000
    299.1106	      0.0000
    299.1155	      0.0000
    299.1204	    221.8657
    299.1253	   2121.4697
    299.1302	   4608.7520
    299.1351	   7050.7979
    299.1401	   6630.8164
    299.1450	   4238.2114
    299.1499	   1940.3402
    299.1548	    706.8865
    299.1597	      0.0000
    299.1646	      0.0000
    299.1695	    596.0554
    299.1744	   2725.4438
    299.1793	   5038.8110
    299.1842	   6797.1548
    299.1891	   5342.5762
    299.1940	   3019.9033
    299.1989	    793.3420
    299.2039	      0.0000
    299.2088	      0.0000
    299.2137	      0.0000
    299.2186	      0.0000
    299.6117	      0.0000
    299.6167	      0.0000
    299.6216	      0.0000
    299.6265	      0.0000
    299.6314	    570.3669
    299.6363	   1068.7834
    299.6413	   1686.1338
    299.6462	   2224.1287
    299.6511	   2349.3179
    299.6560	   1887.9125
    299.6609	   1075.3462
    299.6659	    403.6792
    299.6698	      0.0000
    299.6747	      0.0000
    299.6796	      0.0000
    299.6845	      0.0000
    307.6086	      0.0000
    307.6137	      0.0000
    307.6188	      0.0000
    307.6239	      0.0000
    307.6290	    471.9266
    307.6341	   2583.1877
    307.6393	   7474.8755
    307.6444	  12628.4219
    307.6495	  15381.6279
    307.6546	  11304.2012
    307.6597	   6328.6519
    307.6649	   2021.4594
    307.6700	    420.4514
    307.6761	      0.0000
    307.6812	      0.0000
    307.6863	      0.0000
    307.6914	      0.0000
    308.1014	      0.0000
    308.1065	      0.0000
    308.1117	      0.0000
    308.1168	      0.0000
    308.1219	    609.6263
    308.1271	   1110.0521
    308.1322	   3785.3748
    308.1373	   6550.5757
    308.1424	   8200.4189
    308.1476	   6262.7935
    308.1527	   3845.5513
    308.1578	    277.2356
    308.1630	    195.3980
    308.1681	   1214.1613
    308.1732	   1558.8839
    308.1784	   1048.8450
    308.1835	    471.3693
    308.1888	      0.0000
    308.1940	      0.0000
    308.1991	      0.0000
    308.2042	      0.0000
    316.6097	      0.0000
    316.6150	      0.0000
    316.6204	      0.0000
    316.6257	      0.0000
    316.6311	    186.5902
    316.6364	   1078.6945
    316.6418	   4167.5679
    316.6471	   8692.5322
    316.6525	  13430.8965
    316.6578	  13183.7842
    316.6631	   8350.8828
    316.6685	   3840.1150
    316.6738	    894.0198
    316.6791	      0.0000
    316.6844	      0.0000
    316.6898	      0.0000
    316.6951	      0.0000
    317.1179	      0.0000
    317.1232	      0.0000
    317.1286	      0.0000
    317.1339	      0.0000
    317.1393	    991.0635
    317.1447	   2534.9436
    317.1500	   4477.4336
    317.1554	   5438.2813
    317.1607	   3909.8411
    317.1661	   2110.8076
    317.1714	    703.1132
    317.1768	      0.0000
    317.1822	      0.0000
    317.1875	      0.0000
    317.1929	      0.0000
    318.8822	      0.0000
    318.8876	      0.0000
    318.8930	      0.0000
    318.8984	      0.0000
    318.9038	    408.2527
    318.9092	   1059.8147
    318.9146	   2122.1743
    318.9200	   3993.7605
    318.9254	   4228.1431
    318.9308	   2158.2944
    318.9362	   1090.8531
    318.9416	    364.7934
    318.9449	      0.0000
    318.9503	      0.0000
    318.9557	      0.0000
    318.9611	      0.0000
    320.8771	      0.0000
    320.8826	      0.0000
    320.8880	      0.0000
    320.8935	      0.0000
    320.8989	    123.8164
    320.9044	   1980.2280
    320.9098	   5018.3389
    320.9153	   8260.4609
    320.9207	   8584.5127
    320.9262	   5574.7808
    320.9316	   2658.7800
    320.9371	    867.1676
    320.9446	      0.0000
    320.9501	      0.0000
    320.9555	      0.0000
    320.9610	      0.0000
    321.6055	      0.0000
    321.6110	      0.0000
    321.6165	      0.0000
    321.6219	      0.0000
    321.6274	      0.0000
    321.6329	   1533.9850
    321.6384	   3831.5339
    321.6438	   6300.4263
    321.6493	   6650.1753
    321.6548	   4499.6709
    321.6602	   2359.7727
    321.6657	    566.5029
    321.6712	      0.0000
    321.6767	      0.0000
    321.6821	      0.0000
    321.6876	      0.0000
    322.8840	      0.0000
    322.8895	      0.0000
    322.8950	      0.0000
    322.9005	      0.0000
    322.9060	    585.4506
    322.9115	   1105.5085
    322.9170	   1343.2280
    322.9225	   1083.6334
    322.9280	    500.6084
    322.9335	      0.0000
    322.9390	      0.0000
    322.9445	      0.0000
    322.9500	      0.0000
    324.0926	      0.0000
    324.0981	      0.0000
    324.1037	      0.0000
    324.1092	      0.0000
    324.1147	    657.5555
    324.1203	   1321.4702
    324.1258	   1791.7278
    324.1313	   1746.8162
    324.1369	   1232.7341
    324.1424	    589.9453
    324.1479	      0.0000
    324.1535	      0.0000
    324.1590	      0.0000
    324.1645	      0.0000
    330.6147	      0.0000
    330.6204	      0.0000
    330.6261	      0.0000
    330.6318	      0.0000
    330.6375	    880.2961
    330.6432	   2865.8462
    330.6489	   4833.4375
    330.6546	   5538.6099
    330.6603	   3751.4514
    330.6660	   1836.7030
    330.6717	    631.2460
    330.6774	      0.0000
    330.6831	      0.0000
    330.6888	      0.0000
    330.6945	      0.0000
    334.1264	      0.0000
    334.1322	      0.0000
    334.1380	      0.0000
    334.1438	      0.0000
    334.1496	    809.9412
    334.1554	   1305.5624
    334.1612	   1532.8364
    334.1669	   1321.9426
    334.1727	    809.0010
    334.1785	      0.0000
    334.1843	      0.0000
    334.1901	      0.0000
    334.1959	      0.0000
    334.6136	      0.0000
    334.6194	      0.0000
    334.6252	      0.0000
    334.6310	      0.0000
    334.6368	    354.5710
    334.6426	    995.0619
    334.6484	   1927.6018
    334.6542	   2629.8076
    334.6600	   2593.3555
    334.6658	   1793.5513
    334.6716	    759.4172
    334.6774	      0.0000
    334.6832	      0.0000
    334.6890	      0.0000
    334.6949	      0.0000
    334.7007	      0.0000
    334.7065	      0.0000
    334.7123	      0.0000
    334.7181	    702.3104
    334.7239	   1162.6636
    334.7297	   1295.9908
    334.7355	    983.2310
    334.7413	    443.5726
    334.7473	      0.0000
    334.7531	      0.0000
    334.7589	      0.0000
    334.7647	      0.0000
    342.1049	      0.0000
    342.1109	      0.0000
    342.1169	      0.0000
    342.1229	      0.0000
    342.1289	    708.7286
    342.1349	   1523.1067
    342.1409	   2024.6755
    342.1469	   1805.5190
    342.1529	   1030.8770
    342.1589	    303.6052
    342.1649	      0.0000
    342.1709	      0.0000
    342.1769	      0.0000
    342.1829	      0.0000
    343.1275	      0.0000
    343.1335	      0.0000
    343.1396	      0.0000
    343.1456	      0.0000
    343.1516	    401.7702
    343.1576	   1324.8298
    343.1637	   2513.1394
    343.1697	   4640.7534
    343.1757	   3647.4592
    343.1818	   1782.9780
    343.1878	    766.2255
    343.1938	      0.0000
    343.1999	      0.0000
    343.2059	      0.0000
    343.2119	      0.0000
    343.6224	      0.0000
    343.6284	      0.0000
    343.6345	      0.0000
    343.6405	      0.0000
    343.6466	    477.5258
    343.6526	   1155.4114
    343.6587	   1860.3181
    343.6647	   2160.0752
    343.6707	   1870.4557
    343.6768	   1192.1967
    343.6828	    515.8147
    343.6889	      0.0000
    343.6949	      0.0000
    343.7010	      0.0000
    343.7070	      0.0000
    344.1244	      0.0000
    344.1305	      0.0000
    344.1365	      0.0000
    344.1426	      0.0000
    344.1487	    605.1176
    344.1547	   1340.1968
    344.1608	   1948.7408
    344.1668	   2069.6885
    344.1729	   1646.9403
    344.1789	    954.2714
    344.1850	      0.0000
    344.1910	      0.0000
    344.1971	      0.0000
    344.2032	      0.0000
    344.9373	      0.0000
    344.9433	      0.0000
    344.9494	      0.0000
    344.9555	      0.0000
    344.9616	    773.5375
    344.9677	   1698.1917
    344.9737	   2556.0273
    344.9798	   2778.8396
    344.9859	   2240.7161
    344.9920	   1340.7306
    344.9980	    577.8625
    345.0027	      0.0000
    345.0088	      0.0000
    345.0149	      0.0000
    345.0210	      0.0000
    351.1312	      0.0000
    351.1375	      0.0000
    351.1437	      0.0000
    351.1499	      0.0000
    351.1562	    442.7368
    351.1624	   2490.9519
    351.1687	   5873.7139
    351.1749	   9425.7158
    351.1812	   9697.7383
    351.1874	   6201.8154
    351.1936	   2869.3005
    351.1999	    647.4384
    351.2030	      0.0000
    351.2093	      0.0000
    351.2155	      0.0000
    351.2217	      0.0000
    352.1226	      0.0000
    352.1288	      0.0000
    352.1351	      0.0000
    352.1414	      0.0000
    352.1476	     80.3042
    352.1539	   2073.9470
    352.1602	   4988.0615
    352.1664	   8075.0957
    352.1727	   8477.4668
    352.1790	   5890.4214
    352.1852	   3308.3586
    352.1915	    671.8560
    352.2023	      0.0000
    352.2085	      0.0000
    352.2148	      0.0000
    352.2211	      0.0000
    352.6415	      0.0000
    352.6478	      0.0000
    352.6541	      0.0000
    352.6604	      0.0000
    352.6667	    898.1378
    352.6730	   1328.9130
    352.6792	   1378.0051
    352.6855	    994.3838
    352.6918	    443.5538
    352.6971	      0.0000
    352.7033	      0.0000
    352.7096	      0.0000
    352.7159	      0.0000
    355.0206	      0.0000
    355.0269	      0.0000
    355.0333	      0.0000
    355.0396	      0.0000
    355.0460	    469.4965
    355.0523	   2372.1199
    355.0586	   7028.4619
    355.0650	  11999.1631
    355.0713	  14718.6377
    355.0777	  10745.5938
    355.0840	   5931.5552
    355.0904	   1835.9645
    355.0967	    477.2397
    355.1041	      0.0000
    355.1104	      0.0000
    355.1168	      0.0000
    355.1231	      0.0000
    356.0262	      0.0000
    356.0326	      0.0000
    356.0390	      0.0000
    356.0454	      0.0000
    356.0517	    778.2950
    356.0581	   3113.4976
    356.0645	   5690.5156
    356.0709	   7572.8809
    356.0772	   5777.8774
    356.0836	   3208.4087
    356.0900	    755.6343
    356.0964	      0.0000
    356.1027	      0.0000
    356.1091	      0.0000
    356.1155	      0.0000
    357.0224	      0.0000
    357.0288	      0.0000
    357.0352	      0.0000
    357.0416	      0.0000
    357.0480	    383.7599
    357.0544	   1170.4010
    357.0608	   2009.2623
    357.0672	   2351.8333
    357.0736	   1942.7958
    357.0800	   1092.5845
    357.0864	    418.1853
    357.0928	      0.0000
    357.0992	      0.0000
    357.1056	      0.0000
    357.1120	      0.0000
    357.1248	      0.0000
    357.1312	      0.0000
    357.1376	      0.0000
    357.1440	      0.0000
    357.1504	    493.5242
    357.1568	    996.6698
    357.1632	   1349.6613
    357.1696	   1279.8914
    357.1760	    817.2742
    357.1824	      0.0000
    357.1888	      0.0000
    357.1952	      0.0000
    357.2016	      0.0000
    360.9839	      0.0000
    360.9904	      0.0000
    360.9969	      0.0000
    361.0034	      0.0000
    361.0099	    941.2462
    361.0164	   3158.1208
    361.0229	   5259.7817
    361.0294	   6232.8853
    361.0359	   4364.9194
    361.0424	   2233.6816
    361.0489	    319.1308
    361.0556	      0.0000
    361.0621	      0.0000
    361.0686	      0.0000
    361.0751	      0.0000
    368.6438	      0.0000
    368.6505	      0.0000
    368.6572	      0.0000
    368.6639	      0.0000
    368.6707	    448.3572
    368.6774	   1203.6431
    368.6841	   2161.7905
    368.6908	   2695.0308
    368.6975	   2430.7573
    368.7042	   1577.0292
    368.7110	    696.6888
    368.7177	      0.0000
    368.7244	      0.0000
    368.7311	      0.0000
    368.7378	      0.0000
    369.1411	      0.0000
    369.1479	      0.0000
    369.1546	      0.0000
    369.1613	      0.0000
    369.1680	    783.5626
    369.1748	   2133.4951
    369.1815	   4198.1626
    369.1882	   6024.7969
    369.1949	   5165.3447
    369.2017	   3089.1870
    369.2084	   1071.5830
    369.2151	    370.8965
    369.2219	      0.0000
    369.2286	      0.0000
    369.2353	      0.0000
    369.2421	      0.0000
    370.1793	      0.0000
    370.1861	      0.0000
    370.1928	      0.0000
    370.1996	      0.0000
    370.2063	   1010.6128
    370.2131	   1804.1586
    370.2199	   2239.9050
    370.2266	   1967.5762
    370.2334	   1165.6260
    370.2401	    435.9553
    370.2469	      0.0000
    370.2536	      0.0000
    370.2604	      0.0000
    370.2672	      0.0000
    371.0591	      0.0000
    371.0659	      0.0000
    371.0727	      0.0000
    371.0795	      0.0000
    371.0862	    533.7494
    371.0930	   1177.5090
    371.0998	   1577.1252
    371.1066	   1433.1593
    371.1134	    868.4832
    371.1203	      0.0000
    371.1271	      0.0000
    371.1339	      0.0000
    371.1407	      0.0000
    398.1237	      0.0000
    398.1312	      0.0000
    398.1387	      0.0000
    398.1463	      0.0000
    398.1538	    516.2324
    398.1613	   1072.5597
    398.1689	   1359.3448
    398.1764	   1207.6885
    398.1839	    761.0785
    398.1915	      0.0000
    398.1990	      0.0000
    398.2065	      0.0000
    398.2141	      0.0000
    413.0267	      0.0000
    413.0346	      0.0000
    413.0426	      0.0000
    413.0506	      0.0000
    413.0585	    845.0099
    413.0665	   1528.3591
    413.0744	   1724.9595
    413.0824	   1246.4312
    413.0904	    490.5522
    413.0983	      0.0000
    413.1063	      0.0000
    413.1143	      0.0000
    413.1222	      0.0000
    414.1516	      0.0000
    414.1596	      0.0000
    414.1676	      0.0000
    414.1756	      0.0000
    414.1836	    477.2270
    414.1916	   1571.0137
    414.1996	   3444.7234
    414.2076	   5407.1699
    414.2156	   5582.6699
    414.2236	   3628.4636
    414.2316	   1472.4379
    414.2396	    547.9427
    414.2475	      0.0000
    414.2555	      0.0000
    414.2635	      0.0000
    414.2715	      0.0000
    422.1729	      0.0000
    422.1811	      0.0000
    422.1893	      0.0000
    422.1975	      0.0000
    422.2058	    812.7946
    422.2140	   1386.3126
    422.2222	   1577.3344
    422.2305	   1237.0513
    422.2387	    613.6337
    422.2471	      0.0000
    422.2553	      0.0000
    422.2636	      0.0000
    422.2718	      0.0000
    431.2015	      0.0000
    431.2100	      0.0000
    431.2185	      0.0000
    431.2270	      0.0000
    431.2354	   1011.0518
    431.2439	   1852.0026
    431.2524	   2473.1538
    431.2609	   2470.1570
    431.2694	   1815.2001
    431.2779	    931.4780
    431.2864	      0.0000
    431.2949	      0.0000
    431.3034	      0.0000
    431.3119	      0.0000
    440.1896	      0.0000
    440.1983	      0.0000
    440.2071	      0.0000
    440.2158	      0.0000
    440.2246	   1008.6988
    440.2334	   1473.3383
    440.2421	   1525.2008
    440.2509	   1139.7222
    440.2596	    590.2057
    440.2686	      0.0000
    440.2774	      0.0000
    440.2862	      0.0000
    440.2949	      0.0000
    466.1358	      0.0000
    466.1454	      0.0000
    466.1549	      0.0000
    466.1645	      0.0000
    466.1740	    665.3828
    466.1836	   2021.5865
    466.1931	   4213.0337
    466.2027	   6489.9277
    466.2122	   6309.3706
    466.2218	   3968.1931
    466.2313	   1782.9873
    466.2409	    638.2723
    466.2504	      0.0000
    466.2600	      0.0000
    466.2695	      0.0000
    466.2791	      0.0000
    467.1494	      0.0000
    467.1590	      0.0000
    467.1685	      0.0000
    467.1781	      0.0000
    467.1877	    718.0709
    467.1973	   1490.9025
    467.2068	   2074.3345
    467.2164	   2026.8228
    467.2260	   1360.6809
    467.2356	    565.7471
    467.2452	      0.0000
    467.2547	      0.0000
    467.2643	      0.0000
    467.2739	      0.0000
    473.1834	      0.0000
    473.1931	      0.0000
    473.2029	      0.0000
    473.2127	      0.0000
    473.2224	    466.9537
    473.2322	   1159.0477
    473.2419	   1852.6389
    473.2517	   2060.0879
    473.2615	   1627.2169
    473.2712	    881.6649
    473.2810	      0.0000
    473.2908	      0.0000
    473.3005	      0.0000
    473.3103	      0.0000
    474.1906	      0.0000
    474.2004	      0.0000
    474.2102	      0.0000
    474.2200	      0.0000
    474.2298	    528.8887
    474.2396	   1133.7241
    474.2494	   1820.8206
    474.2592	   2177.7690
    474.2690	   1922.2582
    474.2788	   1208.0232
    474.2885	    483.3387
    474.2983	      0.0000
    474.3081	      0.0000
    474.3179	      0.0000
    474.3277	      0.0000
    482.1344	      0.0000
    482.1445	      0.0000
    482.1545	      0.0000
    482.1646	      0.0000
    482.1746	   1016.0699
    482.1846	   1930.2539
    482.1947	   2570.0432
    482.2047	   2439.8779
    482.2148	   1614.8483
    482.2248	    672.7106
    482.2349	      0.0000
    482.2449	      0.0000
    482.2550	      0.0000
    482.2650	      0.0000
    483.1704	      0.0000
    483.1805	      0.0000
    483.1905	      0.0000
    483.2006	      0.0000
    483.2107	    829.6809
    483.2208	   1392.6632
    483.2308	   1743.5913
    483.2409	   1622.5404
    483.2510	   1082.9895
    483.2611	    498.1877
    483.2676	      0.0000
    483.2776	      0.0000
    483.2877	      0.0000
    483.2978	      0.0000
    484.1354	      0.0000
    484.1455	      0.0000
    484.1556	      0.0000
    484.1657	      0.0000
    484.1758	      0.0000
    484.1859	   1746.6670
    484.1960	   5600.6450
    484.2061	   9633.2246
    484.2162	  11865.2129
    484.2263	   8921.0293
    484.2364	   5161.5737
    484.2465	   1822.8120
    484.2566	    392.7951
    484.2703	      0.0000
    484.2804	      0.0000
    484.2906	      0.0000
    484.3007	      0.0000
    492.1487	      0.0000
    492.1591	      0.0000
    492.1694	      0.0000
    492.1798	      0.0000
    492.1901	    672.1105
    492.2005	   1171.7648
    492.2108	   1491.5667
    492.2212	   1450.1991
    492.2316	   1062.6315
    492.2419	    534.8485
    492.2523	      0.0000
    492.2626	      0.0000
    492.2730	      0.0000
    492.2834	      0.0000
    500.1466	      0.0000
    500.1572	      0.0000
    500.1678	      0.0000
    500.1784	      0.0000
    500.1891	    443.2614
    500.1997	   1108.2086
    500.2103	   1616.1421
    500.2209	   1602.6088
    500.2315	   1097.1238
    500.2421	    477.2508
    500.2540	      0.0000
    500.2646	      0.0000
    500.2752	      0.0000
    500.2858	      0.0000
    501.1573	      0.0000
    501.1679	      0.0000
    501.1786	      0.0000
    501.1892	      0.0000
    501.1999	    544.6348
    501.2105	   2684.6116
    501.2211	   9054.8477
    501.2318	  16752.9668
    501.2424	  23710.4043
    501.2531	  20537.0371
    501.2637	  12483.1152
    501.2744	   4984.8022
    501.2850	   1177.7994
    501.2957	    445.7024
    501.3051	      0.0000
    501.3157	      0.0000
    501.3264	      0.0000
    501.3370	      0.0000
    502.1686	      0.0000
    502.1792	      0.0000
    502.1899	      0.0000
    502.2006	      0.0000
    502.2113	    858.8655
    502.2219	   2136.4612
    502.2326	   4003.0952
    502.2433	   5560.2192
    502.2540	   4751.4482
    502.2646	   2014.0483
    502.2753	    854.0220
    502.2862	      0.0000
    502.2969	      0.0000
    502.3076	      0.0000
    502.3183	      0.0000
    525.1635	      0.0000
    525.1749	      0.0000
    525.1864	      0.0000
    525.1978	      0.0000
    525.2092	    740.9656
    525.2206	   1777.7925
    525.2320	   2783.1736
    525.2434	   4305.2881
    525.2549	   2420.2671
    525.2663	   1340.0740
    525.2777	    521.9690
    525.2891	      0.0000
    525.3005	      0.0000
    525.3120	      0.0000
    525.3234	      0.0000
    527.1899	      0.0000
    527.2014	      0.0000
    527.2129	      0.0000
    527.2244	      0.0000
    527.2358	    819.2395
    527.2473	   1627.9745
    527.2588	   2231.7361
    527.2703	   2233.0901
    527.2818	   1667.6161
    527.2933	    918.6204
    527.3035	      0.0000
    527.3150	      0.0000
    527.3265	      0.0000
    527.3380	      0.0000
    535.1425	      0.0000
    535.1542	      0.0000
    535.1660	      0.0000
    535.1777	      0.0000
    535.1895	    838.9586
    535.2012	   3352.4480
    535.2130	   6380.6226
    535.2247	   9236.4805
    535.2365	   8276.1445
    535.2482	   5176.6250
    535.2599	   2318.4058
    535.2717	    704.9507
    535.2847	      0.0000
    535.2964	      0.0000
    535.3082	      0.0000
    535.3199	      0.0000
    536.1432	      0.0000
    536.1550	      0.0000
    536.1668	      0.0000
    536.1786	      0.0000
    536.1903	    722.6592
    536.2021	   1427.5782
    536.2139	   1928.8280
    536.2257	   1872.4690
    536.2374	   1301.6030
    536.2492	    604.2818
    536.2610	      0.0000
    536.2728	      0.0000
    536.2846	      0.0000
    536.2963	      0.0000
    542.1756	      0.0000
    542.1875	      0.0000
    542.1995	      0.0000
    542.2115	      0.0000
    542.2235	    590.3972
    542.2354	   2129.2271
    542.2474	   4231.2568
    542.2594	   6344.1050
    542.2714	   6107.6855
    542.2833	   3804.6099
    542.2953	   1557.4159
    542.3073	    631.4240
    542.3193	      0.0000
    542.3313	      0.0000
    542.3432	      0.0000
    542.3552	      0.0000
    543.1828	      0.0000
    543.1948	      0.0000
    543.2068	      0.0000
    543.2189	      0.0000
    543.2309	    998.3140
    543.2429	   2929.1775
    543.2549	   4980.3115
    543.2669	   5450.5005
    543.2789	   3664.7317
    543.2909	   1393.2712
    543.3029	    493.8102
    543.3160	      0.0000
    543.3280	      0.0000
    543.3400	      0.0000
    543.3520	      0.0000
    544.1819	      0.0000
    544.1940	      0.0000
    544.2060	      0.0000
    544.2180	      0.0000
    544.2301	    889.8971
    544.2421	   2925.5515
    544.2542	   9556.3711
    544.2662	  21716.8203
    544.2783	  35013.3945
    544.2903	  38921.2305
    544.3023	  26788.9375
    544.3144	  14052.4023
    544.3264	   3870.0269
    544.3385	    747.7245
    544.3479	      0.0000
    544.3599	      0.0000
    544.3720	      0.0000
    544.3840	      0.0000
    545.1921	      0.0000
    545.2042	      0.0000
    545.2163	      0.0000
    545.2284	      0.0000
    545.2404	    367.5666
    545.2525	   1837.9933
    545.2646	   4843.8608
    545.2767	   8071.9702
    545.2887	   9553.1406
    545.3008	   6920.9741
    545.3129	   3837.2192
    545.3250	   1120.0201
    545.3371	    544.4103
    545.3507	      0.0000
    545.3628	      0.0000
    545.3749	      0.0000
    545.3870	      0.0000
    552.2529	      0.0000
    552.2652	      0.0000
    552.2775	      0.0000
    552.2898	      0.0000
    552.3021	    557.1810
    552.3144	   1049.6575
    552.3267	   1272.3640
    552.3390	   1060.6024
    552.3514	    588.1390
    552.3648	      0.0000
    552.3771	      0.0000
    552.3895	      0.0000
    552.4018	      0.0000
    553.1414	      0.0000
    553.1537	      0.0000
    553.1661	      0.0000
    553.1784	      0.0000
    553.1908	    903.5632
    553.2031	   3120.1924
    553.2155	   8914.2979
    553.2278	  15267.3369
    553.2401	  19854.6211
    553.2525	  15528.4482
    553.2648	   9044.5693
    553.2772	   2980.4409
    553.2895	    616.8212
    553.2991	      0.0000
    553.3114	      0.0000
    553.3238	      0.0000
    553.3361	      0.0000
    554.1642	      0.0000
    554.1766	      0.0000
    554.1890	      0.0000
    554.2014	      0.0000
    554.2137	    389.2566
    554.2261	   2419.4348
    554.2385	   5039.9971
    554.2509	   7711.5483
    554.2632	   8341.0488
    554.2756	   6071.7197
    554.2880	   3476.3164
    554.3004	   1159.7488
    554.3128	    489.8115
    554.3268	      0.0000
    554.3392	      0.0000
    554.3516	      0.0000
    554.3639	      0.0000
    555.1944	      0.0000
    555.2068	      0.0000
    555.2192	      0.0000
    555.2316	      0.0000
    555.2440	    632.8388
    555.2564	   1188.8767
    555.2688	   1391.2823
    555.2813	   1074.4318
    555.2937	    489.6931
    555.3061	      0.0000
    555.3185	      0.0000
    555.3309	      0.0000
    555.3433	      0.0000
    561.1735	      0.0000
    561.1861	      0.0000
    561.1988	      0.0000
    561.2114	      0.0000
    561.2240	    750.8393
    561.2366	   1423.0686
    561.2492	   1722.9205
    561.2618	   1429.3116
    561.2744	    784.5649
    561.2849	      0.0000
    561.2975	      0.0000
    561.3102	      0.0000
    561.3228	      0.0000
    571.1377	      0.0000
    571.1506	      0.0000
    571.1636	      0.0000
    571.1765	      0.0000
    571.1895	      0.0000
    571.2024	   1376.3708
    571.2154	   6481.5933
    571.2283	  13770.9404
    571.2413	  21582.0605
    571.2542	  21748.5430
    571.2672	  14164.0781
    571.2801	   7040.8828
    571.2931	   2166.3081
    571.3060	    595.9666
    571.3213	      0.0000
    571.3343	      0.0000
    571.3473	      0.0000
    571.3602	      0.0000
    572.1642	      0.0000
    572.1772	      0.0000
    572.1902	      0.0000
    572.2032	      0.0000
    572.2162	    597.2376
    572.2291	   5600.9707
    572.2421	  21660.7266
    572.2551	  62258.3320
    572.2681	 105755.4688
    572.2811	 135253.9531
    572.2941	 104583.8359
    572.3071	  61424.3555
    572.3200	  20675.3027
    572.3330	   5429.1626
    572.3460	   1248.2432
    572.3590	    763.2836
    572.3725	      0.0000
    572.3855	      0.0000
    572.3985	      0.0000
    572.4115	      0.0000
    573.1787	      0.0000
    573.1917	      0.0000
    573.2047	      0.0000
    573.2178	      0.0000
    573.2308	    900.8002
    573.2438	   4344.0649
    573.2568	  13061.8564
    573.2698	  22804.5527
    573.2829	  30505.3809
    573.2959	  24973.8984
    573.3089	  14998.9775
    573.3219	   5612.5195
    573.3349	   1416.7057
    573.3480	    309.6508
    573.3602	      0.0000
    573.3732	      0.0000
    573.3862	      0.0000
    573.3992	      0.0000
    574.1945	      0.0000
    574.2076	      0.0000
    574.2206	      0.0000
    574.2337	      0.0000
    574.2467	    732.4271
    574.2598	   1672.4105
    574.2728	   2625.9431
    574.2859	   2888.9353
    574.2989	   2219.3323
    574.3120	   1123.0808
    574.3251	    373.4797
    574.3381	      0.0000
    574.3512	      0.0000
    574.3642	      0.0000
    574.3773	      0.0000
    578.1827	      0.0000
    578.1959	      0.0000
    578.2090	      0.0000
    578.2222	      0.0000
    578.2354	    885.2399
    578.2486	   2564.2097
    578.2618	   4297.7295
    578.2750	   4885.3994
    578.2882	   3283.9597
    578.3014	   1516.5999
    578.3146	    630.7973
    578.3278	      0.0000
    578.3409	      0.0000
    578.3541	      0.0000
    578.3673	      0.0000
    579.1598	      0.0000
    579.1730	      0.0000
    579.1862	      0.0000
    579.1994	      0.0000
    579.2126	    387.5539
    579.2259	   1169.6217
    579.2391	   2238.9502
    579.2523	   4580.7837
    579.2655	   4324.6855
    579.2788	   2133.4094
    579.2920	   1106.5197
    579.3052	    414.2642
    579.3184	      0.0000
    579.3317	      0.0000
    579.3449	      0.0000
    579.3581	      0.0000
    584.1897	      0.0000
    584.2031	      0.0000
    584.2165	      0.0000
    584.2298	      0.0000
    584.2432	    667.7574
    584.2566	   1285.3618
    584.2700	   1797.0868
    584.2834	   1912.5295
    584.2968	   1581.6857
    584.3102	   1015.3768
    584.3236	      0.0000
    584.3370	      0.0000
    584.3504	      0.0000
    584.3638	      0.0000
    588.1743	      0.0000
    588.1879	      0.0000
    588.2014	      0.0000
    588.2149	      0.0000
    588.2284	    579.2462
    588.2420	   1254.2750
    588.2555	   1616.3436
    588.2690	   1367.8250
    588.2826	    733.4786
    588.2965	      0.0000
    588.3101	      0.0000
    588.3236	      0.0000
    588.3371	      0.0000
    589.1502	      0.0000
    589.1637	      0.0000
    589.1773	      0.0000
    589.1908	      0.0000
    589.2044	    241.9012
    589.2180	   1885.4777
    589.2315	   6097.6929
    589.2451	  10686.1924
    589.2587	  14317.5098
    589.2722	  11685.4814
    589.2858	   6926.3750
    589.2994	   2513.3169
    589.3130	    423.5296
    589.3261	      0.0000
    589.3397	      0.0000
    589.3532	      0.0000
    589.3668	      0.0000
    590.1684	      0.0000
    590.1820	      0.0000
    590.1956	      0.0000
    590.2092	      0.0000
    590.2228	    541.1584
    590.2364	   1344.9073
    590.2500	   2291.7368
    590.2636	   2727.3647
    590.2772	   2281.7180
    590.2908	   1272.4066
    590.3044	    400.0969
    590.3192	      0.0000
    590.3329	      0.0000
    590.3465	      0.0000
    590.3601	      0.0000
    596.1715	      0.0000
    596.1853	      0.0000
    596.1991	      0.0000
    596.2129	      0.0000
    596.2268	    383.3588
    596.2406	   1999.6425
    596.2544	   5689.5317
    596.2682	   9762.2432
    596.2820	  12215.9258
    596.2958	   9150.0566
    596.3096	   5132.5356
    596.3234	   1535.1207
    596.3372	    409.3536
    596.3498	      0.0000
    596.3636	      0.0000
    596.3774	      0.0000
    596.3912	      0.0000
    597.1795	      0.0000
    597.1933	      0.0000
    597.2072	      0.0000
    597.2210	      0.0000
    597.2348	    363.1313
    597.2487	   1194.2184
    597.2625	   2148.9226
    597.2764	   2575.7253
    597.2902	   2124.4656
    597.3041	   1146.6658
    597.3179	    368.7033
    597.3318	      0.0000
    597.3456	      0.0000
    597.3595	      0.0000
    597.3733	      0.0000
    599.2473	      0.0000
    599.2613	      0.0000
    599.2752	      0.0000
    599.2891	      0.0000
    599.3030	   1044.2249
    599.3169	   1707.0315
    599.3308	   1869.3130
    599.3448	   1443.8524
    599.3587	    761.2844
    599.3726	      0.0000
    599.3865	      0.0000
    599.4004	      0.0000
    599.4143	      0.0000
    602.2502	      0.0000
    602.2642	      0.0000
    602.2782	      0.0000
    602.2922	      0.0000
    602.3062	   1065.4783
    602.3203	   1436.7585
    602.3343	   1477.6556
    602.3483	   1122.1063
    602.3623	    569.3000
    602.3756	      0.0000
    602.3896	      0.0000
    602.4036	      0.0000
    602.4177	      0.0000
    606.1515	      0.0000
    606.1657	      0.0000
    606.1799	      0.0000
    606.1940	      0.0000
    606.2082	    669.1224
    606.2223	   3394.8730
    606.2365	  10589.1611
    606.2506	  18188.6074
    606.2648	  23191.8984
    606.2790	  17667.6016
    606.2931	  10203.5840
    606.3073	   3227.8533
    606.3214	    723.8233
    606.3364	      0.0000
    606.3505	      0.0000
    606.3647	      0.0000
    606.3789	      0.0000
    607.1586	      0.0000
    607.1728	      0.0000
    607.1870	      0.0000
    607.2012	      0.0000
    607.2154	    677.3365
    607.2296	   2701.7920
    607.2438	   5300.0898
    607.2579	   7903.9341
    607.2721	   7516.0640
    607.2863	   4779.2080
    607.3005	   2204.8740
    607.3147	    710.5507
    607.3289	      0.0000
    607.3431	      0.0000
    607.3573	      0.0000
    607.3715	      0.0000
    608.1816	      0.0000
    608.1959	      0.0000
    608.2101	      0.0000
    608.2243	      0.0000
    608.2385	    550.4615
    608.2528	   1126.5916
    608.2670	   1539.5559
    608.2812	   1489.3676
    608.2955	    980.8473
    608.3097	      0.0000
    608.3239	      0.0000
    608.3382	      0.0000
    608.3524	      0.0000
    612.1848	      0.0000
    612.1991	      0.0000
    612.2135	      0.0000
    612.2279	      0.0000
    612.2422	   1058.0063
    612.2566	   2092.3850
    612.2710	   2823.9294
    612.2854	   2714.9160
    612.2997	   1828.1975
    612.3141	    809.4035
    612.3296	      0.0000
    612.3440	      0.0000
    612.3584	      0.0000
    612.3727	      0.0000
    614.1734	      0.0000
    614.1879	      0.0000
    614.2023	      0.0000
    614.2168	      0.0000
    614.2312	    460.8379
    614.2456	   1690.8483
    614.2601	   5328.2861
    614.2745	   9741.7188
    614.2890	  13729.6191
    614.3034	  12092.2344
    614.3178	   7381.5869
    614.3323	   3020.5586
    614.3467	    624.5222
    614.3615	      0.0000
    614.3759	      0.0000
    614.3903	      0.0000
    614.4048	      0.0000
    615.1856	      0.0000
    615.2001	      0.0000
    615.2145	      0.0000
    615.2290	      0.0000
    615.2435	     68.8008
    615.2580	   1458.8975
    615.2724	   5732.6929
    615.2869	  18659.2813
    615.3014	  38028.6914
    615.3159	  58777.0859
    615.3304	  60034.0977
    615.3448	  39464.7734
    615.3593	  19687.5293
    615.3738	   5279.5215
    615.3883	   1024.1786
    615.4029	      0.0000
    615.4174	      0.0000
    615.4319	      0.0000
    615.4464	      0.0000
    616.2001	      0.0000
    616.2146	      0.0000
    616.2291	      0.0000
    616.2437	      0.0000
    616.2582	      0.0000
    616.2727	   1272.6644
    616.2872	   4946.2671
    616.3017	  10953.8457
    616.3162	  17486.2402
    616.3307	  19212.3613
    616.3452	  13190.2793
    616.3597	   6860.5708
    616.3743	   1831.4359
    616.3888	    196.7503
    616.4017	      0.0000
    616.4162	      0.0000
    616.4307	      0.0000
    616.4453	      0.0000
    617.2300	      0.0000
    617.2445	      0.0000
    617.2591	      0.0000
    617.2736	      0.0000
    617.2881	    647.2840
    617.3027	   2150.7070
    617.3172	   4061.6384
    617.3318	   5523.3496
    617.3463	   4309.0894
    617.3609	   2391.8572
    617.3754	    466.2366
    617.3897	      0.0000
    617.4042	      0.0000
    617.4188	      0.0000
    617.4333	      0.0000
    624.1380	      0.0000
    624.1528	      0.0000
    624.1676	      0.0000
    624.1823	      0.0000
    624.1971	    842.6036
    624.2119	   1101.1097
    624.2267	   4605.9199
    624.2415	  17140.8281
    624.2563	  33522.8242
    624.2711	  49503.7539
    624.2859	  45061.2539
    624.3007	  27920.8691
    624.3155	  12061.9912
    624.3303	   3489.4316
    624.3451	   1597.1721
    624.3602	   1604.9447
    624.3750	   1203.3353
    624.3898	    665.3445
    624.4009	      0.0000
    624.4157	      0.0000
    624.4305	      0.0000
    624.4453	      0.0000
    625.1564	      0.0000
    625.1712	      0.0000
    625.1861	      0.0000
    625.2009	      0.0000
    625.2157	    136.2395
    625.2305	   1346.4894
    625.2454	   5296.3994
    625.2602	   9996.6563
    625.2750	  14320.3643
    625.2899	  12696.9727
    625.3047	   7906.3237
    625.3195	   3511.1545
    625.3344	   1044.7573
    625.3528	      0.0000
    625.3677	      0.0000
    625.3825	      0.0000
    625.3973	      0.0000
    626.1992	      0.0000
    626.2141	      0.0000
    626.2289	      0.0000
    626.2438	      0.0000
    626.2587	    945.1617
    626.2735	   1421.4136
    626.2884	   1501.8336
    626.3033	   1149.9082
    626.3181	    609.5560
    626.3330	      0.0000
    626.3479	      0.0000
    626.3627	      0.0000
    626.3776	      0.0000
    627.1963	      0.0000
    627.2112	      0.0000
    627.2261	      0.0000
    627.2410	      0.0000
    627.2559	    659.7552
    627.2708	   1147.4409
    627.2857	   1394.3201
    627.3006	   1213.6238
    627.3155	    716.2501
    627.3304	      0.0000
    627.3453	      0.0000
    627.3602	      0.0000
    627.3751	      0.0000
    632.2325	      0.0000
    632.2475	      0.0000
    632.2626	      0.0000
    632.2777	      0.0000
    632.2928	    991.4716
    632.3079	   1686.3829
    632.3229	   2347.5125
    632.3380	   2542.6973
    632.3531	   2082.1580
    632.3682	   1246.5964
    632.3833	    539.3538
    632.3972	      0.0000
    632.4123	      0.0000
    632.4273	      0.0000
    632.4424	      0.0000
    642.1477	      0.0000
    642.1631	      0.0000
    642.1785	      0.0000
    642.1940	      0.0000
    642.2094	    301.2122
    642.2249	   1541.4672
    642.2403	   7219.4043
    642.2557	  21724.6699
    642.2712	  37076.6445
    642.2866	  47096.6602
    642.3021	  35892.7695
    642.3175	  20836.6699
    642.3329	   6913.1309
    642.3484	   1884.3528
    642.3638	    455.1687
    642.3800	      0.0000
    642.3955	      0.0000
    642.4109	      0.0000
    642.4263	      0.0000
    643.1683	      0.0000
    643.1838	      0.0000
    643.1993	      0.0000
    643.2148	      0.0000
    643.2302	    805.1299
    643.2457	   2602.1541
    643.2612	  11963.2588
    643.2767	  42863.1719
    643.2921	  90083.0078
    643.3076	 140950.8750
    643.3231	 146372.7031
    643.3386	  97391.3906
    643.3540	  49753.1016
    643.3695	  15041.3047
    643.3850	   4370.7334
    643.4005	   2361.1101
    643.4160	    971.1614
    643.4323	      0.0000
    643.4478	      0.0000
    643.4633	      0.0000
    643.4788	      0.0000
    644.1916	      0.0000
    644.2071	      0.0000
    644.2226	      0.0000
    644.2381	      0.0000
    644.2536	   1048.3641
    644.2691	   4953.8818
    644.2847	  16562.3086
    644.3002	  30999.1719
    644.3157	  44635.7461
    644.3312	  39993.0234
    644.3467	  24850.7852
    644.3622	  10789.5049
    644.3777	   3215.1250
    644.3933	   1113.5638
    644.4088	    623.3359
    644.4195	      0.0000
    644.4350	      0.0000
    644.4505	      0.0000
    644.4661	      0.0000
    645.1961	      0.0000
    645.2116	      0.0000
    645.2272	      0.0000
    645.2427	      0.0000
    645.2582	      0.0000
    645.2738	   1253.1520
    645.2893	   4370.9980
    645.3049	   7615.8188
    645.3204	   9848.2559
    645.3360	   7788.9360
    645.3515	   4604.2217
    645.3671	   1731.3895
    645.3826	    611.0497
    645.4025	      0.0000
    645.4181	      0.0000
    645.4337	      0.0000
    645.4492	      0.0000
    649.2142	      0.0000
    649.2298	      0.0000
    649.2455	      0.0000
    649.2612	      0.0000
    649.2769	    873.9357
    649.2926	   1398.4391
    649.3083	   1497.4250
    649.3240	   1080.0472
    649.3397	    474.7116
    649.3558	      0.0000
    649.3715	      0.0000
    649.3872	      0.0000
    649.4029	      0.0000
    660.1618	      0.0000
    660.1779	      0.0000
    660.1940	      0.0000
    660.2101	      0.0000
    660.2262	      0.0000
    660.2423	   1829.2599
    660.2584	   7155.1270
    660.2745	  14165.8115
    660.2906	  21317.1230
    660.3067	  20307.5879
    660.3227	  12913.9961
    660.3388	   5968.2158
    660.3549	   1548.9037
    660.3710	    265.1585
    660.3867	      0.0000
    660.4028	      0.0000
    660.4189	      0.0000
    660.4350	      0.0000
    661.1762	      0.0000
    661.1923	      0.0000
    661.2084	      0.0000
    661.2246	      0.0000
    661.2407	    495.1867
    661.2568	   1167.9172
    661.2729	   3508.1345
    661.2891	   6071.7261
    661.3052	   7644.8271
    661.3213	   5870.0298
    661.3375	   3436.3821
    661.3536	   1091.0826
    661.3697	      0.0000
    661.3859	      0.0000
    661.4020	      0.0000
    661.4181	      0.0000
    662.2095	      0.0000
    662.2256	      0.0000
    662.2418	      0.0000
    662.2580	      0.0000
    662.2741	    960.3931
    662.2903	   1462.6442
    662.3065	   1572.4658
    662.3226	   1188.9763
    662.3388	    570.2756
    662.3594	      0.0000
    662.3755	      0.0000
    662.3917	      0.0000
    662.4079	      0.0000
    667.2042	      0.0000
    667.2206	      0.0000
    667.2369	      0.0000
    667.2533	      0.0000
    667.2696	   1088.4718
    667.2860	   3559.4570
    667.3023	   6434.3184
    667.3187	   8849.9648
    667.3350	   7391.4038
    667.3514	   4357.3364
    667.3677	   1470.2229
    667.3841	     30.8557
    667.3960	      0.0000
    667.4124	      0.0000
    667.4287	      0.0000
    667.4451	      0.0000
    670.1849	      0.0000
    670.2014	      0.0000
    670.2179	      0.0000
    670.2343	      0.0000
    670.2508	    988.7297
    670.2672	   1611.3914
    670.2837	   1741.1199
    670.3002	   1274.6534
    670.3166	    581.9206
    670.3331	      0.0000
    670.3496	      0.0000
    670.3660	      0.0000
    670.3825	      0.0000
    677.2008	      0.0000
    677.2175	      0.0000
    677.2342	      0.0000
    677.2510	      0.0000
    677.2677	   1047.6504
    677.2844	   1980.8826
    677.3011	   2561.1794
    677.3178	   2383.1741
    677.3346	   1621.5000
    677.3513	    795.3215
    677.3687	      0.0000
    677.3854	      0.0000
    677.4021	      0.0000
    677.4188	      0.0000
    685.1949	      0.0000
    685.2119	      0.0000
    685.2289	      0.0000
    685.2459	      0.0000
    685.2629	    510.2071
    685.2799	   1137.5299
    685.2970	   3803.6501
    685.3140	   6682.2612
    685.3310	   8663.5781
    685.3480	   6581.1924
    685.3650	   3698.1182
    685.3821	   1043.0071
    685.3984	      0.0000
    685.4154	      0.0000
    685.4325	      0.0000
    685.4495	      0.0000
    686.2332	      0.0000
    686.2502	      0.0000
    686.2673	      0.0000
    686.2843	      0.0000
    686.3014	    919.5916
    686.3184	   1426.5620
    686.3355	   1542.0068
    686.3526	   1175.5267
    686.3696	    577.4011
    686.3892	      0.0000
    686.4062	      0.0000
    686.4233	      0.0000
    686.4404	      0.0000
    695.1717	      0.0000
    695.1891	      0.0000
    695.2065	      0.0000
    695.2239	      0.0000
    695.2413	    393.1457
    695.2587	   1860.5675
    695.2761	   6097.6802
    695.2934	  11207.8359
    695.3108	  15856.7549
    695.3282	  13742.4941
    695.3456	   8265.5498
    695.3630	   3220.7043
    695.3804	    557.9767
    695.3953	      0.0000
    695.4127	      0.0000
    695.4301	      0.0000
    695.4475	      0.0000
    696.1961	      0.0000
    696.2135	      0.0000
    696.2310	      0.0000
    696.2484	      0.0000
    696.2658	    447.9518
    696.2832	   1221.3254
    696.3007	   2125.5359
    696.3181	   2549.1018
    696.3355	   2194.0466
    696.3529	   1349.2340
    696.3704	    554.5616
    696.3878	      0.0000
    696.4052	      0.0000
    696.4227	      0.0000
    696.4401	      0.0000
    703.2715	      0.0000
    703.2892	      0.0000
    703.3069	      0.0000
    703.3246	      0.0000
    703.3423	    929.2706
    703.3600	   1491.2103
    703.3777	   1632.3453
    703.3954	   1244.3241
    703.4131	    616.3318
    703.4319	      0.0000
    703.4496	      0.0000
    703.4673	      0.0000
    703.4850	      0.0000
    713.1766	      0.0000
    713.1946	      0.0000
    713.2127	      0.0000
    713.2308	      0.0000
    713.2488	    865.8893
    713.2669	   3870.4653
    713.2850	  12825.4971
    713.3030	  23415.7422
    713.3211	  32718.9531
    713.3392	  27830.2305
    713.3572	  16789.4297
    713.3753	   6595.3501
    713.3934	   1530.0035
    713.4115	    304.1117
    713.4284	      0.0000
    713.4465	      0.0000
    713.4645	      0.0000
    713.4826	      0.0000
    714.1881	      0.0000
    714.2062	      0.0000
    714.2243	      0.0000
    714.2424	      0.0000
    714.2606	    611.6824
    714.2787	   1822.5588
    714.2968	   4182.7236
    714.3149	   6789.0127
    714.3330	   7108.0625
    714.3511	   4532.7925
    714.3692	   2092.7356
    714.3873	    444.1951
    714.4054	      0.0000
    714.4236	      0.0000
    714.4417	      0.0000
    714.4598	      0.0000
    731.1959	      0.0000
    731.2147	      0.0000
    731.2334	      0.0000
    731.2522	      0.0000
    731.2709	    425.8972
    731.2897	   2227.6807
    731.3085	   4633.0586
    731.3272	   7034.1846
    731.3460	   6472.9995
    731.3647	   3898.1531
    731.3835	   1464.4512
    731.4023	    595.4887
    731.4210	      0.0000
    731.4398	      0.0000
    731.4586	      0.0000
    731.4773	      0.0000
    732.2097	      0.0000
    732.2285	      0.0000
    732.2473	      0.0000
    732.2661	      0.0000
    732.2849	    586.9457
    732.3037	   1303.1198
    732.3225	   1936.8312
    732.3413	   2037.3655
    732.3601	   1494.9524
    732.3789	    675.8500
    732.3977	      0.0000
    732.4165	      0.0000
    732.4353	      0.0000
    732.4541	      0.0000
    909.0841	      0.0000
    909.1101	      0.0000
    909.1361	      0.0000
    909.1621	      0.0000
