# ljz_20131022_MR_Chym1_ELUTE.mzML
#
# index: 6829
# id: controllerType=0 controllerNumber=1 scan=14432
# scanNumber: 14432
# massAnalyzerType: quadrupole
# scanEvent: 2
# msLevel: 2
# retentionTime: 3444.95
# filterString: FTMS + p NSI d Full ms2 864.39@hcd28.00 [100.00-2665.00]
# mzLow: 99.0035
# mzHigh: 2692.39
# basePeakMZ: 204.087
# basePeakIntensity: 84841.7
# totalIonCurrent: 671314
# precursorCount: 1
# precursor 0: 864.052 786260
# binary (1124): 
     99.0035	      0.0000
     99.0045	      0.0000
     99.0054	      0.0000
     99.0064	      0.0000
    106.8501	      0.0000
    106.8511	      0.0000
    106.8521	      0.0000
    106.8532	      0.0000
    106.8542	    484.3860
    106.8553	    989.4592
    106.8563	   1222.7448
    106.8574	    982.4130
    106.8584	    447.5242
    106.8595	      0.0000
    106.8605	      0.0000
    106.8616	      0.0000
    106.8626	      0.0000
    109.0219	      0.0000
    109.0230	      0.0000
    109.0241	      0.0000
    109.0252	      0.0000
    109.0262	    308.0837
    109.0273	    976.2851
    109.0284	   1669.1094
    109.0295	   1942.3815
    109.0306	   1603.4061
    109.0316	    907.7039
    109.0326	      0.0000
    109.0337	      0.0000
    109.0348	      0.0000
    109.0358	      0.0000
    115.0283	      0.0000
    115.0295	      0.0000
    115.0307	      0.0000
    115.0318	      0.0000
    115.0330	    359.7336
    115.0342	   1966.2708
    115.0353	   5579.3433
    115.0365	   9373.3115
    115.0377	  12475.5635
    115.0389	  10669.4688
    115.0400	   6619.8062
    115.0412	   2840.8677
    115.0424	    540.9032
    115.0436	      0.0000
    115.0448	      0.0000
    115.0459	      0.0000
    115.0471	      0.0000
    126.0440	      0.0000
    126.0453	      0.0000
    126.0467	      0.0000
    126.0480	      0.0000
    126.0494	    790.4871
    126.0507	   2637.5208
    126.0520	   9439.6025
    126.0534	  20354.1953
    126.0547	  32112.6719
    126.0561	  33483.7969
    126.0574	  22022.6660
    126.0588	  10847.7676
    126.0601	   2715.4612
    126.0614	    423.4123
    126.0629	      0.0000
    126.0642	      0.0000
    126.0656	      0.0000
    126.0669	      0.0000
    127.0283	      0.0000
    127.0297	      0.0000
    127.0311	      0.0000
    127.0324	      0.0000
    127.0338	    504.8959
    127.0351	   2269.8169
    127.0365	   7616.5444
    127.0379	  14425.4131
    127.0392	  21012.5664
    127.0406	  19079.8555
    127.0419	  11761.3535
    127.0433	   4885.9771
    127.0446	   1037.2590
    127.0460	    107.6196
    127.0471	      0.0000
    127.0485	      0.0000
    127.0498	      0.0000
    127.0512	      0.0000
    129.0927	      0.0000
    129.0941	      0.0000
    129.0955	      0.0000
    129.0969	      0.0000
    129.0983	    309.0085
    129.0996	   1171.0787
    129.1010	   2419.3220
    129.1024	   3243.3835
    129.1038	   3914.2034
    129.1052	   1913.4302
    129.1066	    788.5246
    129.1080	      0.0000
    129.1094	      0.0000
    129.1108	      0.0000
    129.1121	      0.0000
    131.5036	      0.0000
    131.5050	      0.0000
    131.5065	      0.0000
    131.5079	      0.0000
    131.5093	    444.2116
    131.5108	   1028.8547
    131.5122	   1440.6079
    131.5136	   1347.2805
    131.5150	    806.3300
    131.5166	      0.0000
    131.5180	      0.0000
    131.5195	      0.0000
    131.5209	      0.0000
    138.0402	      0.0000
    138.0417	      0.0000
    138.0433	      0.0000
    138.0448	      0.0000
    138.0463	    644.7000
    138.0479	   1552.2977
    138.0494	   4379.6377
    138.0510	  13720.3193
    138.0525	  36442.4102
    138.0540	  61056.9961
    138.0556	  75949.3516
    138.0571	  57022.6406
    138.0586	  32472.7285
    138.0602	   9784.1416
    138.0617	   1515.0151
    138.0633	      0.0000
    138.0646	      0.0000
    138.0662	      0.0000
    138.0677	      0.0000
    138.0692	      0.0000
    139.0485	      0.0000
    139.0501	      0.0000
    139.0516	      0.0000
    139.0532	      0.0000
    139.0547	    789.7652
    139.0563	   1908.0803
    139.0579	   2917.4995
    139.0594	   3024.6306
    139.0610	   2146.6116
    139.0625	    982.0758
    139.0641	      0.0000
    139.0657	      0.0000
    139.0672	      0.0000
    139.0688	      0.0000
    144.0540	      0.0000
    144.0556	      0.0000
    144.0573	      0.0000
    144.0589	      0.0000
    144.0606	    986.1618
    144.0622	   2678.6526
    144.0638	   5006.1099
    144.0655	   7048.3457
    144.0671	   6071.9575
    144.0688	   3666.8660
    144.0704	   1375.6532
    144.0720	    567.9633
    144.0740	      0.0000
    144.0756	      0.0000
    144.0773	      0.0000
    144.0789	      0.0000
    145.0367	      0.0000
    145.0384	      0.0000
    145.0401	      0.0000
    145.0417	      0.0000
    145.0434	    677.1038
    145.0450	   2705.5347
    145.0467	   8354.6025
    145.0483	  14548.5762
    145.0500	  19106.2188
    145.0517	  14915.5625
    145.0533	   8728.0410
    145.0550	   2756.7671
    145.0566	    655.3207
    145.0580	      0.0000
    145.0596	      0.0000
    145.0613	      0.0000
    145.0629	      0.0000
    146.0440	      0.0000
    146.0457	      0.0000
    146.0474	      0.0000
    146.0490	      0.0000
    146.0507	    916.8578
    146.0524	   1410.1866
    146.0541	   1500.9220
    146.0557	   1108.7610
    146.0574	    516.5484
    146.0594	      0.0000
    146.0611	      0.0000
    146.0628	      0.0000
    146.0644	      0.0000
    163.0440	      0.0000
    163.0460	      0.0000
    163.0479	      0.0000
    163.0499	      0.0000
    163.0519	    629.5878
    163.0539	   1868.9325
    163.0558	   6116.4609
    163.0578	  12214.0303
    163.0598	  18661.5117
    163.0618	  18135.0469
    163.0637	  11357.3359
    163.0657	   5114.1567
    163.0677	    970.6332
    163.0696	      0.0000
    163.0716	      0.0000
    163.0736	      0.0000
    163.0756	      0.0000
    168.0457	      0.0000
    168.0477	      0.0000
    168.0498	      0.0000
    168.0519	      0.0000
    168.0539	    953.2079
    168.0560	   1229.6111
    168.0581	   2570.2417
    168.0601	   8031.3354
    168.0622	  20855.3789
    168.0643	  34703.8789
    168.0663	  41814.3359
    168.0684	  30295.7656
    168.0705	  16508.6660
    168.0725	   4527.0137
    168.0746	    713.7078
    168.0764	      0.0000
    168.0785	      0.0000
    168.0806	      0.0000
    168.0826	      0.0000
    169.0563	      0.0000
    169.0584	      0.0000
    169.0604	      0.0000
    169.0625	      0.0000
    169.0646	    666.2679
    169.0667	   1378.3052
    169.0688	   1769.7156
    169.0709	   1559.9873
    169.0730	    936.7718
    169.0752	      0.0000
    169.0773	      0.0000
    169.0793	      0.0000
    169.0814	      0.0000
    186.0565	      0.0000
    186.0589	      0.0000
    186.0614	      0.0000
    186.0638	      0.0000
    186.0662	    587.1773
    186.0686	   2307.9922
    186.0710	   8287.5107
    186.0734	  16016.5586
    186.0758	  23578.1445
    186.0782	  21493.8652
    186.0806	  13231.7383
    186.0830	   5577.8579
    186.0854	   1335.7610
    186.0878	    242.8293
    186.0907	      0.0000
    186.0931	      0.0000
    186.0955	      0.0000
    186.0979	      0.0000
    204.0593	      0.0000
    204.0621	      0.0000
    204.0649	      0.0000
    204.0676	      0.0000
    204.0704	    933.0785
    204.0732	   1886.6296
    204.0759	   3701.1978
    204.0787	  11071.0811
    204.0815	  33748.4336
    204.0842	  60850.2891
    204.0870	  84465.1797
    204.0898	  71365.7578
    204.0925	  42698.8242
    204.0953	  16052.3232
    204.0981	   3299.0901
    204.1008	    555.2250
    204.1033	      0.0000
    204.1061	      0.0000
    204.1089	      0.0000
    204.1116	      0.0000
    205.0693	      0.0000
    205.0720	      0.0000
    205.0748	      0.0000
    205.0776	      0.0000
    205.0804	    583.5005
    205.0832	   2602.2629
    205.0860	   5780.1069
    205.0888	   9228.9688
    205.0915	   9827.5127
    205.0943	   6552.5337
    205.0971	   3283.3940
    205.0999	    757.1352
    205.1026	      0.0000
    205.1054	      0.0000
    205.1081	      0.0000
    205.1109	      0.0000
    215.1206	      0.0000
    215.1236	      0.0000
    215.1266	      0.0000
    215.1296	      0.0000
    215.1326	    991.4059
    215.1355	   1706.0039
    215.1385	   1985.7034
    215.1415	   1620.1407
    215.1445	    884.1245
    215.1475	      0.0000
    215.1505	      0.0000
    215.1535	      0.0000
    215.1565	      0.0000
    215.6273	      0.0000
    215.6303	      0.0000
    215.6333	      0.0000
    215.6363	      0.0000
    215.6393	    633.8153
    215.6423	   1046.8484
    215.6453	   1257.5750
    215.6483	   1142.5701
    215.6513	    760.4228
    215.6543	      0.0000
    215.6573	      0.0000
    215.6603	      0.0000
    215.6633	      0.0000
    216.3438	      0.0000
    216.3469	      0.0000
    216.3499	      0.0000
    216.3529	      0.0000
    216.3559	    671.7678
    216.3589	   1118.0642
    216.3620	   1292.6606
    216.3650	   1080.9221
    216.3680	    636.1302
    216.3710	      0.0000
    216.3740	      0.0000
    216.3770	      0.0000
    216.3801	      0.0000
    241.0469	      0.0000
    241.0505	      0.0000
    241.0540	      0.0000
    241.0576	      0.0000
    241.0611	    599.2697
    241.0647	   1496.2030
    241.0682	   2364.6760
    241.0718	   2638.4128
    241.0753	   2136.2920
    241.0789	   1225.1692
    241.0824	    452.7805
    241.0860	      0.0000
    241.0896	      0.0000
    241.0931	      0.0000
    241.0967	      0.0000
    257.1385	      0.0000
    257.1424	      0.0000
    257.1463	      0.0000
    257.1502	      0.0000
    257.1541	    574.9058
    257.1581	   1188.7637
    257.1620	   1474.9204
    257.1659	   1235.4510
    257.1698	    691.8400
    257.1738	      0.0000
    257.1777	      0.0000
    257.1816	      0.0000
    257.1856	      0.0000
    261.5597	      0.0000
    261.5637	      0.0000
    261.5677	      0.0000
    261.5717	      0.0000
    261.5757	    569.8074
    261.5797	   1035.9170
    261.5838	   1234.1686
    261.5878	   1049.8198
    261.5918	    622.6675
    261.5958	      0.0000
    261.5999	      0.0000
    261.6039	      0.0000
    261.6079	      0.0000
    288.0250	      0.0000
    288.0296	      0.0000
    288.0343	      0.0000
    288.0389	      0.0000
    288.0435	    562.0237
    288.0482	   1097.0620
    288.0528	   1349.8876
    288.0574	   1100.7931
    288.0621	    538.3889
    288.0678	      0.0000
    288.0724	      0.0000
    288.0770	      0.0000
    288.0817	      0.0000
    366.0865	      0.0000
    366.0931	      0.0000
    366.0998	      0.0000
    366.1064	      0.0000
    366.1131	    798.4665
    366.1197	   1963.6207
    366.1263	   6221.9956
    366.1330	  11247.1504
    366.1396	  15404.8516
    366.1463	  12677.6768
    366.1529	   7418.9097
    366.1596	   2480.1160
    366.1662	    427.0928
    366.1731	      0.0000
    366.1797	      0.0000
    366.1864	      0.0000
    366.1930	      0.0000
    528.1212	      0.0000
    528.1327	      0.0000
    528.1442	      0.0000
    528.1558	      0.0000
    528.1673	    502.2972
    528.1788	   1062.9592
    528.1903	   1417.2214
    528.2018	   1288.0564
    528.2133	    758.8221
    528.2249	      0.0000
    528.2364	      0.0000
    528.2479	      0.0000
    528.2594	      0.0000
    546.6820	      0.0000
    546.6942	      0.0000
    546.7063	      0.0000
    546.7184	      0.0000
    546.7305	    575.1811
    546.7427	   1076.9762
    546.7548	   1322.5612
    546.7669	   1122.8960
    546.7791	    618.6644
    546.7912	      0.0000
    546.8033	      0.0000
    546.8155	      0.0000
    546.8276	      0.0000
    558.9108	      0.0000
    558.9233	      0.0000
    558.9358	      0.0000
    558.9484	      0.0000
    558.9609	   1073.8016
    558.9734	   1352.2324
    558.9860	   1351.3187
    558.9985	   1113.9340
    559.0110	    763.7060
    559.0236	      0.0000
    559.0361	      0.0000
    559.0487	      0.0000
    559.0612	      0.0000
    592.2136	      0.0000
    592.2273	      0.0000
    592.2410	      0.0000
    592.2546	      0.0000
    592.2683	    634.8163
    592.2820	   1313.7539
    592.2957	   1724.8258
    592.3093	   1583.6565
    592.3230	   1010.0092
    592.3368	      0.0000
    592.3504	      0.0000
    592.3641	      0.0000
    592.3778	      0.0000
    649.2299	      0.0000
    649.2456	      0.0000
    649.2613	      0.0000
    649.2770	      0.0000
    649.2927	    534.1357
    649.3084	   1210.3047
    649.3241	   1796.1328
    649.3398	   1911.6642
    649.3555	   1465.2922
    649.3712	    760.8093
    649.3904	      0.0000
    649.4061	      0.0000
    649.4218	      0.0000
    649.4375	      0.0000
    657.7263	      0.0000
    657.7423	      0.0000
    657.7583	      0.0000
    657.7743	      0.0000
    657.7903	    628.2050
    657.8063	   2065.1833
    657.8223	   5156.8691
    657.8383	   8498.5654
    657.8543	  10096.8799
    657.8703	   7242.6255
    657.8863	   3844.1960
    657.9023	    818.7900
    657.9148	      0.0000
    657.9308	      0.0000
    657.9468	      0.0000
    657.9628	      0.0000
    658.2190	      0.0000
    658.2350	      0.0000
    658.2511	      0.0000
    658.2671	      0.0000
    658.2831	    491.8843
    658.2991	   1181.9459
    658.3151	   3778.9714
    658.3312	   6643.4492
    658.3472	   8924.2246
    658.3632	   7356.1167
    658.3792	   4333.8892
    658.3953	   1558.0911
    658.4113	    657.4243
    658.4273	      0.0000
    658.4433	      0.0000
    658.4594	      0.0000
    658.4754	      0.0000
    658.7640	      0.0000
    658.7800	      0.0000
    658.7961	      0.0000
    658.8121	      0.0000
    658.8281	    630.3865
    658.8442	   1316.7009
    658.8602	   1542.1179
    658.8763	   1162.3915
    658.8923	    542.1248
    658.9084	      0.0000
    658.9244	      0.0000
    658.9405	      0.0000
    658.9565	      0.0000
    694.2314	      0.0000
    694.2488	      0.0000
    694.2661	      0.0000
    694.2835	      0.0000
    694.3008	    709.6410
    694.3182	   1515.7773
    694.3356	   2073.2161
    694.3529	   1992.6221
    694.3703	   1349.2008
    694.3876	    604.5922
    694.4050	      0.0000
    694.4223	      0.0000
    694.4397	      0.0000
    694.4571	      0.0000
    699.2379	      0.0000
    699.2555	      0.0000
    699.2730	      0.0000
    699.2905	      0.0000
    699.3081	    433.6869
    699.3256	   1384.7024
    699.3432	   3939.9216
    699.3607	   5708.8096
    699.3783	   5209.5161
    699.3958	   3042.8042
    699.4133	    992.2586
    699.4309	      0.0000
    699.4484	      0.0000
    699.4660	      0.0000
    699.4835	      0.0000
    711.2464	      0.0000
    711.2644	      0.0000
    711.2824	      0.0000
    711.3004	      0.0000
    711.3184	    945.0460
    711.3364	   1989.3813
    711.3544	   2795.4934
    711.3724	   2753.0737
    711.3904	   1865.5566
    711.4084	    786.4371
    711.4264	      0.0000
    711.4444	      0.0000
    711.4624	      0.0000
    711.4804	      0.0000
    711.7324	      0.0000
    711.7505	      0.0000
    711.7685	      0.0000
    711.7865	      0.0000
    711.8045	    698.8286
    711.8225	   1721.3140
    711.8405	   2843.8142
    711.8585	   4891.3066
    711.8766	   2816.8997
    711.8946	   1685.7157
    711.9126	    672.1380
    711.9306	      0.0000
    711.9486	      0.0000
    711.9666	      0.0000
    711.9847	      0.0000
    712.2370	      0.0000
    712.2550	      0.0000
    712.2731	      0.0000
    712.2911	      0.0000
    712.3091	    762.7280
    712.3272	   1460.5775
    712.3452	   1952.2542
    712.3632	   1922.1946
    712.3813	   1382.8447
    712.3993	    678.4344
    712.4173	      0.0000
    712.4354	      0.0000
    712.4534	      0.0000
    712.4715	      0.0000
    712.7602	      0.0000
    712.7782	      0.0000
    712.7963	      0.0000
    712.8143	      0.0000
    712.8324	    762.8635
    712.8504	   1226.6688
    712.8685	   1454.9484
    712.8865	   1326.3217
    712.9046	    931.0833
    712.9227	      0.0000
    712.9407	      0.0000
    712.9588	      0.0000
    712.9768	      0.0000
    730.2405	      0.0000
    730.2592	      0.0000
    730.2779	      0.0000
    730.2966	      0.0000
    730.3154	    483.5457
    730.3341	   1198.9298
    730.3528	   1802.9812
    730.3715	   1877.8953
    730.3902	   1375.9573
    730.4090	    663.5782
    730.4277	      0.0000
    730.4464	      0.0000
    730.4651	      0.0000
    730.4839	      0.0000
    732.7739	      0.0000
    732.7928	      0.0000
    732.8116	      0.0000
    732.8304	      0.0000
    732.8492	    548.4394
    732.8680	   1135.2325
    732.8868	   1385.2422
    732.9057	   1114.8291
    732.9245	    556.1987
    732.9433	      0.0000
    732.9622	      0.0000
    732.9810	      0.0000
    732.9998	      0.0000
    750.2591	      0.0000
    750.2786	      0.0000
    750.2980	      0.0000
    750.3175	      0.0000
    750.3370	    966.9572
    750.3565	   2051.6597
    750.3760	   2714.8215
    750.3955	   2451.6448
    750.4150	   1502.2026
    750.4345	    562.8533
    750.4540	      0.0000
    750.4735	      0.0000
    750.4930	      0.0000
    750.5125	      0.0000
    750.7466	      0.0000
    750.7661	      0.0000
    750.7856	      0.0000
    750.8052	      0.0000
    750.8247	    665.9589
    750.8442	   1620.9287
    750.8637	   2723.4424
    750.8832	   4666.7803
    750.9027	   2776.2393
    750.9222	   1621.4960
    750.9418	    576.9016
    750.9649	      0.0000
    750.9844	      0.0000
    751.0039	      0.0000
    751.0234	      0.0000
    759.2309	      0.0000
    759.2507	      0.0000
    759.2706	      0.0000
    759.2904	      0.0000
    759.3103	   1031.3557
    759.3301	   3513.1318
    759.3500	  10113.3936
    759.3698	  17321.3730
    759.3897	  22505.7813
    759.4095	  17559.8301
    759.4294	  10137.4395
    759.4492	   3090.1311
    759.4691	    117.5582
    759.4881	      0.0000
    759.5080	      0.0000
    759.5278	      0.0000
    759.5477	      0.0000
    759.7264	      0.0000
    759.7463	      0.0000
    759.7661	      0.0000
    759.7860	      0.0000
    759.8059	    800.6700
    759.8257	   2355.3225
    759.8456	   7720.7305
    759.8655	  14891.8477
    759.8853	  21825.6836
    759.9052	  19848.7148
    759.9251	  12121.7939
    759.9450	   4942.5972
    759.9648	    946.8514
    759.9819	      0.0000
    760.0018	      0.0000
    760.0217	      0.0000
    760.0415	      0.0000
    760.2403	      0.0000
    760.2602	      0.0000
    760.2801	      0.0000
    760.3000	      0.0000
    760.3199	    326.7163
    760.3398	   1230.5085
    760.3596	   3714.7900
    760.3795	   5915.4019
    760.3994	   6209.6636
    760.4193	   3990.8147
    760.4392	   1827.8053
    760.4591	    670.7362
    760.4790	      0.0000
    760.4989	      0.0000
    760.5188	      0.0000
    760.5387	      0.0000
    760.7774	      0.0000
    760.7974	      0.0000
    760.8173	      0.0000
    760.8372	      0.0000
    760.8571	    795.9988
    760.8770	   1351.8864
    760.8969	   1679.6105
    760.9168	   1597.5798
    760.9367	   1160.4094
    760.9566	    600.7587
    760.9766	      0.0000
    760.9965	      0.0000
    761.0164	      0.0000
    761.0363	      0.0000
    800.7405	      0.0000
    800.7620	      0.0000
    800.7835	      0.0000
    800.8050	      0.0000
    800.8265	    580.6608
    800.8480	   1274.0129
    800.8695	   1891.7771
    800.8910	   2065.3022
    800.9125	   1671.1852
    800.9340	    948.7024
    800.9555	      0.0000
    800.9770	      0.0000
    800.9985	      0.0000
    801.0200	      0.0000
    805.2948	      0.0000
    805.3165	      0.0000
    805.3381	      0.0000
    805.3598	      0.0000
    805.3815	   1203.9808
    805.4032	   1768.9821
    805.4249	   1767.8418
    805.4465	   1253.0654
    805.4682	    610.4653
    805.4908	      0.0000
    805.5125	      0.0000
    805.5341	      0.0000
    805.5558	      0.0000
    809.7140	      0.0000
    809.7359	      0.0000
    809.7578	      0.0000
    809.7796	      0.0000
    809.8015	    216.5251
    809.8233	   2170.0054
    809.8452	   5674.8745
    809.8670	   9577.6982
    809.8889	  11130.4277
    809.9108	   7845.3794
    809.9326	   4217.3682
    809.9545	   1096.3860
    809.9785	      0.0000
    810.0004	      0.0000
    810.0222	      0.0000
    810.0441	      0.0000
    810.1972	      0.0000
    810.2191	      0.0000
    810.2409	      0.0000
    810.2628	      0.0000
    810.2847	    781.6516
    810.3066	   1607.1643
    810.3285	   4725.9121
    810.3503	  11048.7412
    810.3722	  17913.6934
    810.3941	  20683.3926
    810.4160	  14507.4424
    810.4379	   7618.2461
    810.4598	   1846.8314
    810.4816	      0.0000
    810.5030	      0.0000
    810.5249	      0.0000
    810.5468	      0.0000
    810.5687	      0.0000
    810.7219	      0.0000
    810.7438	      0.0000
    810.7657	      0.0000
    810.7876	      0.0000
    810.8095	    725.3720
    810.8314	   2838.2222
    810.8533	   6656.8965
    810.8752	  10874.5879
    810.8971	  12185.8047
    810.9190	   8354.6270
    810.9409	   4301.5122
    810.9628	    943.8632
    810.9823	      0.0000
    811.0042	      0.0000
    811.0261	      0.0000
    811.0480	      0.0000
    811.2452	      0.0000
    811.2671	      0.0000
    811.2890	      0.0000
    811.3110	      0.0000
    811.3329	    606.5227
    811.3548	   1569.6744
    811.3767	   2487.3066
    811.3986	   2692.5723
    811.4206	   2060.2744
    811.4425	   1088.6021
    811.4644	      0.0000
    811.4864	      0.0000
    811.5083	      0.0000
    811.5302	      0.0000
    832.2692	      0.0000
    832.2919	      0.0000
    832.3147	      0.0000
    832.3375	      0.0000
    832.3603	    772.7250
    832.3830	   1506.2451
    832.4058	   2029.0452
    832.4286	   1989.6189
    832.4514	   1412.4030
    832.4742	    674.9998
    832.4970	      0.0000
    832.5198	      0.0000
    832.5426	      0.0000
    832.5654	      0.0000
    860.7656	      0.0000
    860.7896	      0.0000
    860.8135	      0.0000
    860.8375	      0.0000
    860.8614	   1051.1631
    860.8854	   2299.2761
    860.9094	   4386.8784
    860.9333	   4419.8945
    860.9573	   2230.6348
    860.9812	    973.6543
    861.0052	      0.0000
    861.0292	      0.0000
    861.0531	      0.0000
    861.0771	      0.0000
    861.2689	      0.0000
    861.2929	      0.0000
    861.3168	      0.0000
    861.3408	      0.0000
    861.3648	   1161.3317
    861.3888	   3337.3906
    861.4127	   5436.0552
    861.4367	   5832.0229
    861.4607	   3703.8892
    861.4847	   1577.9945
    861.5087	    599.2165
    861.5327	      0.0000
    861.5567	      0.0000
    861.5807	      0.0000
    861.6046	      0.0000
    883.2340	      0.0000
    883.2589	      0.0000
    883.2838	      0.0000
    883.3087	      0.0000
    883.3336	    437.0089
    883.3585	   1356.0175
    883.3834	   2505.1533
    883.4083	   3134.8779
    883.4332	   2787.4319
    883.4581	   1743.2561
    883.4830	    727.2040
    883.5079	      0.0000
    883.5329	      0.0000
    883.5578	      0.0000
    883.5827	      0.0000
    911.2462	      0.0000
    911.2723	      0.0000
    911.2984	      0.0000
    911.3245	      0.0000
    911.3506	    746.5687
    911.3767	   1668.9519
    911.4028	   2469.4209
    911.4289	   2631.2961
    911.4550	   2061.5996
    911.4811	   1164.2885
    911.5072	      0.0000
    911.5333	      0.0000
    911.5594	      0.0000
    911.5855	      0.0000
    911.7422	      0.0000
    911.7683	      0.0000
    911.7944	      0.0000
    911.8205	      0.0000
    911.8467	    338.8307
    911.8728	   1255.2657
    911.8989	   2477.1670
    911.9250	   3130.4089
    911.9511	   2685.0166
    911.9773	   1515.3613
    912.0034	    504.1183
    912.0295	      0.0000
    912.0556	      0.0000
    912.0818	      0.0000
    912.1079	      0.0000
    912.2386	      0.0000
    912.2647	      0.0000
    912.2908	      0.0000
    912.3170	      0.0000
    912.3431	    678.0436
    912.3692	   2932.7998
    912.3954	   5368.8433
    912.4215	   7396.8848
    912.4477	   6043.3843
    912.4738	   3495.4514
    912.5000	   1191.3606
    912.5261	      0.0000
    912.5523	      0.0000
    912.5784	      0.0000
    912.6046	      0.0000
    912.7876	      0.0000
    912.8138	      0.0000
    912.8399	      0.0000
    912.8661	      0.0000
    912.8923	    672.2400
    912.9184	   1331.7003
    912.9446	   1620.6349
    912.9708	   1328.5865
    912.9969	    695.5303
    913.0232	      0.0000
    913.0494	      0.0000
    913.0755	      0.0000
    913.1017	      0.0000
    984.7391	      0.0000
    984.7684	      0.0000
    984.7977	      0.0000
    984.8270	      0.0000
    984.8563	    798.1108
    984.8857	   2234.1553
    984.9150	   4192.0679
    984.9443	   5789.1162
    984.9736	   4610.1113
    985.0029	   2571.8525
    985.0323	    870.0464
    985.0616	      0.0000
    985.0909	      0.0000
    985.1203	      0.0000
    985.1496	      0.0000
    993.2650	      0.0000
    993.2947	      0.0000
    993.3244	      0.0000
    993.3541	      0.0000
    993.3838	    601.0278
    993.4135	   1399.3812
    993.4432	   2012.4716
    993.4729	   2015.9800
    993.5026	   1403.4382
    993.5323	    628.3319
    993.5621	      0.0000
    993.5918	      0.0000
    993.6216	      0.0000
    993.6513	      0.0000
   1074.2427	      0.0000
   1074.2761	      0.0000
   1074.3095	      0.0000
   1074.3429	      0.0000
   1074.3763	    585.9085
   1074.4097	   1641.0493
   1074.4431	   4234.1733
   1074.4765	   5595.2900
   1074.5099	   4503.2339
   1074.5433	   2571.1460
   1074.5768	    951.2825
   1074.6102	      0.0000
   1074.6436	      0.0000
   1074.6771	      0.0000
   1074.7105	      0.0000
   1139.7467	      0.0000
   1139.7832	      0.0000
   1139.8197	      0.0000
   1139.8562	      0.0000
   1139.8927	    517.3779
   1139.9292	   1379.1292
   1139.9657	   2314.5901
   1140.0022	   2611.4758
   1140.0387	   2026.6372
   1140.0752	   1022.4033
   1140.1117	      0.0000
   1140.1483	      0.0000
   1140.1848	      0.0000
   1140.2213	      0.0000
   1155.2690	      0.0000
   1155.3062	      0.0000
   1155.3435	      0.0000
   1155.3807	      0.0000
   1155.4180	   1136.6456
   1155.4553	   1873.3755
   1155.4925	   2258.4707
   1155.5298	   1998.8857
   1155.5670	   1228.4763
   1155.6043	      0.0000
   1155.6416	      0.0000
   1155.6789	      0.0000
   1155.7161	      0.0000
   1212.7908	      0.0000
   1212.8309	      0.0000
   1212.8710	      0.0000
   1212.9110	      0.0000
   1212.9511	    539.1497
   1212.9912	   1288.2410
   1213.0312	   1838.9552
   1213.0713	   1790.5172
   1213.1114	   1197.7842
   1213.1654	      0.0000
   1213.2055	      0.0000
   1213.2456	      0.0000
   1213.2856	      0.0000
   1314.3554	      0.0000
   1314.4006	      0.0000
   1314.4458	      0.0000
   1314.4910	      0.0000
   1314.5362	   1108.5359
   1314.5814	   3457.8267
   1314.6266	   6997.9722
   1314.6718	  10692.4121
   1314.7170	  10606.5996
   1314.7623	   6667.9585
   1314.8075	   2967.8374
   1314.8527	    372.2646
   1314.9182	      0.0000
   1314.9634	      0.0000
   1315.0087	      0.0000
   1315.0539	      0.0000
   1315.3706	      0.0000
   1315.4158	      0.0000
   1315.4611	      0.0000
   1315.5064	      0.0000
   1315.5516	    643.7670
   1315.5969	   3434.7415
   1315.6421	   6298.5142
   1315.6874	   9168.4199
   1315.7327	   8857.9004
   1315.7779	   5399.1904
   1315.8232	   2156.0488
   1315.8685	      0.0000
   1315.8797	      0.0000
   1315.9249	      0.0000
   1315.9702	      0.0000
   1316.0155	      0.0000
   1316.3779	      0.0000
   1316.4232	      0.0000
   1316.4685	      0.0000
   1316.5138	      0.0000
   1316.5591	    647.2243
   1316.6044	   1473.0477
   1316.6497	   2215.9043
   1316.6950	   2378.4829
   1316.7404	   1821.3010
   1316.7857	    943.8671
   1316.8552	      0.0000
   1316.9005	      0.0000
   1316.9459	      0.0000
   1316.9912	      0.0000
   1517.3028	      0.0000
   1517.3589	      0.0000
   1517.4149	      0.0000
   1517.4710	      0.0000
   1517.5271	   1260.8010
   1517.5831	   1931.5935
   1517.6392	   5431.7974
   1517.6953	  10848.8594
   1517.7514	  16497.5762
   1517.8075	  15787.3467
   1517.8635	   9439.6406
   1517.9196	   3645.1604
   1517.9757	      0.0000
   1518.0375	      0.0000
   1518.0936	      0.0000
   1518.1497	      0.0000
   1518.2058	      0.0000
   1518.3181	      0.0000
   1518.3742	      0.0000
   1518.4303	      0.0000
   1518.4864	      0.0000
   1518.5425	   1042.7635
   1518.5987	   2056.2869
   1518.6548	   5582.5532
   1518.7109	  10696.1367
   1518.7671	  15986.0156
   1518.8232	  14875.6426
   1518.8794	   8906.6836
   1518.9355	   3350.7393
   1518.9917	    151.1302
   1519.0168	      0.0000
   1519.0730	      0.0000
   1519.1291	      0.0000
   1519.1853	      0.0000
   1519.3538	      0.0000
   1519.4100	      0.0000
   1519.4662	      0.0000
   1519.5223	      0.0000
   1519.5785	    470.3310
   1519.6347	   2464.7605
   1519.6909	   5074.7031
   1519.7471	   7650.2656
   1519.8033	   6790.1675
   1519.8595	   3964.2139
   1519.9157	   1280.8652
   1519.9719	      0.0000
   1520.0281	      0.0000
   1520.0844	      0.0000
   1520.1406	      0.0000
   1616.9560	      0.0000
   1617.0177	      0.0000
   1617.0794	      0.0000
   1617.1411	      0.0000
   1617.2028	   1078.5565
   1617.2644	   1685.4772
   1617.3261	   1849.1267
   1617.3878	   1483.1774
   1617.4495	    843.4184
   1617.5112	      0.0000
   1617.5729	      0.0000
   1617.6347	      0.0000
   1617.6964	      0.0000
   2691.9908	      0.0000
   2692.1233	      0.0000
   2692.2558	      0.0000
   2692.3883	      0.0000
