# ljz_20131022_MR_Chym1_ELUTE.mzML
#
# index: 4165
# id: controllerType=0 controllerNumber=1 scan=10264
# scanNumber: 10264
# massAnalyzerType: quadrupole
# scanEvent: 2
# msLevel: 2
# retentionTime: 2567.01
# filterString: FTMS + p NSI d Full ms2 615.82@hcd28.00 [100.00-1275.00]
# mzLow: 99.0036
# mzHigh: 1287.99
# basePeakMZ: 615.818
# basePeakIntensity: 309840
# totalIonCurrent: 1.22642e+006
# precursorCount: 1
# precursor 0: 615.818 1.54815e+006
# binary (1813): 
     99.0036	      0.0000
     99.0046	      0.0000
     99.0055	      0.0000
     99.0064	      0.0000
    101.0638	      0.0000
    101.0648	      0.0000
    101.0658	      0.0000
    101.0667	      0.0000
    101.0677	      0.0000
    101.0687	   1073.0847
    101.0696	   4111.0728
    101.0706	   7721.1841
    101.0715	  10945.0850
    101.0725	   9392.7930
    101.0735	   5641.4580
    101.0744	   2182.3564
    101.0754	    610.2784
    101.0763	      0.0000
    101.0772	      0.0000
    101.0782	      0.0000
    101.0792	      0.0000
    107.6560	      0.0000
    107.6571	      0.0000
    107.6582	      0.0000
    107.6592	      0.0000
    107.6603	    723.7939
    107.6613	   1175.4215
    107.6624	   1301.3789
    107.6634	   1027.1985
    107.6645	    548.3115
    107.6657	      0.0000
    107.6668	      0.0000
    107.6678	      0.0000
    107.6689	      0.0000
    110.0628	      0.0000
    110.0639	      0.0000
    110.0650	      0.0000
    110.0661	      0.0000
    110.0672	    786.0607
    110.0683	   2400.2939
    110.0694	   7997.5806
    110.0705	  16052.6748
    110.0716	  24471.4063
    110.0726	  23822.3398
    110.0737	  15044.4326
    110.0748	   6819.0127
    110.0759	   1576.3994
    110.0770	    262.3036
    110.0780	      0.0000
    110.0791	      0.0000
    110.0801	      0.0000
    110.0812	      0.0000
    111.0683	      0.0000
    111.0695	      0.0000
    111.0706	      0.0000
    111.0717	      0.0000
    111.0728	    590.6237
    111.0739	   1473.5469
    111.0750	   2133.9783
    111.0761	   2041.4930
    111.0772	   1298.3148
    111.0783	    531.5216
    111.0794	      0.0000
    111.0805	      0.0000
    111.0817	      0.0000
    111.0828	      0.0000
    112.0620	      0.0000
    112.0631	      0.0000
    112.0643	      0.0000
    112.0654	      0.0000
    112.0665	    551.6737
    112.0676	    945.9193
    112.0688	   1096.1442
    112.0699	    919.3419
    112.0710	    531.5438
    112.0721	      0.0000
    112.0733	      0.0000
    112.0744	      0.0000
    112.0755	      0.0000
    113.7289	      0.0000
    113.7300	      0.0000
    113.7312	      0.0000
    113.7323	      0.0000
    113.7335	    703.9931
    113.7346	   1008.4360
    113.7358	   1109.1364
    113.7369	    989.3120
    113.7381	    720.1107
    113.7392	      0.0000
    113.7403	      0.0000
    113.7415	      0.0000
    113.7426	      0.0000
    116.4969	      0.0000
    116.4980	      0.0000
    116.4992	      0.0000
    116.5004	      0.0000
    116.5016	    618.1718
    116.5028	   1055.8267
    116.5040	   1190.3917
    116.5052	    938.7365
    116.5064	    492.3415
    116.5076	      0.0000
    116.5087	      0.0000
    116.5099	      0.0000
    116.5111	      0.0000
    120.0729	      0.0000
    120.0741	      0.0000
    120.0754	      0.0000
    120.0766	      0.0000
    120.0779	    525.9426
    120.0791	   1363.5769
    120.0804	   2147.4556
    120.0816	   2315.9006
    120.0829	   1746.7726
    120.0841	    877.4385
    120.0853	      0.0000
    120.0866	      0.0000
    120.0878	      0.0000
    120.0891	      0.0000
    126.0452	      0.0000
    126.0466	      0.0000
    126.0479	      0.0000
    126.0492	      0.0000
    126.0506	    564.2897
    126.0519	    938.8163
    126.0533	   3291.9038
    126.0546	   5692.0737
    126.0560	   7112.7041
    126.0573	   5231.5117
    126.0586	   2834.6296
    126.0600	    719.8581
    126.0613	      0.0000
    126.0627	      0.0000
    126.0640	      0.0000
    126.0653	      0.0000
    127.0295	      0.0000
    127.0308	      0.0000
    127.0322	      0.0000
    127.0335	      0.0000
    127.0349	    534.2550
    127.0363	   1465.8721
    127.0376	   3339.6416
    127.0390	   5311.6172
    127.0403	   5017.1660
    127.0417	   2973.5193
    127.0431	   1141.7899
    127.0444	    483.0868
    127.0458	      0.0000
    127.0471	      0.0000
    127.0485	      0.0000
    127.0498	      0.0000
    129.0927	      0.0000
    129.0941	      0.0000
    129.0955	      0.0000
    129.0969	      0.0000
    129.0983	    842.7223
    129.0996	   2530.5527
    129.1010	   4653.0479
    129.1024	   6592.1050
    129.1038	   5933.4668
    129.1052	   3653.2007
    129.1066	   1510.8912
    129.1080	    607.2843
    129.1094	      0.0000
    129.1108	      0.0000
    129.1122	      0.0000
    129.1135	      0.0000
    130.0397	      0.0000
    130.0412	      0.0000
    130.0426	      0.0000
    130.0440	      0.0000
    130.0454	    287.7614
    130.0468	    948.7091
    130.0482	   1923.6139
    130.0496	   2644.7642
    130.0510	   2594.9094
    130.0524	   1804.8706
    130.0538	    832.2020
    130.0552	      0.0000
    130.0566	      0.0000
    130.0580	      0.0000
    130.0594	      0.0000
    132.0920	      0.0000
    132.0935	      0.0000
    132.0949	      0.0000
    132.0964	      0.0000
    132.0978	    655.4303
    132.0992	   2279.9529
    132.1007	   4457.4521
    132.1021	   6621.7358
    132.1036	   6061.7622
    132.1050	   3546.7974
    132.1064	   1266.5515
    132.1079	      0.0000
    132.1093	      0.0000
    132.1107	      0.0000
    132.1122	      0.0000
    132.1136	      0.0000
    134.9842	      0.0000
    134.9857	      0.0000
    134.9871	      0.0000
    134.9886	      0.0000
    134.9901	    520.0698
    134.9916	   1167.0310
    134.9931	   1774.5414
    134.9946	   1944.4644
    134.9961	   1549.9283
    134.9976	    860.9408
    134.9990	      0.0000
    135.0005	      0.0000
    135.0020	      0.0000
    135.0035	      0.0000
    136.0661	      0.0000
    136.0677	      0.0000
    136.0692	      0.0000
    136.0707	      0.0000
    136.0722	    847.1718
    136.0737	   1694.1394
    136.0752	   2313.9634
    136.0767	   2256.9912
    136.0782	   1552.6603
    136.0797	    696.3155
    136.0814	      0.0000
    136.0829	      0.0000
    136.0844	      0.0000
    136.0859	      0.0000
    138.0432	      0.0000
    138.0448	      0.0000
    138.0463	      0.0000
    138.0479	      0.0000
    138.0494	    731.3510
    138.0509	   2156.4817
    138.0525	   6709.9927
    138.0540	  11725.3379
    138.0556	  15521.8447
    138.0571	  12175.8809
    138.0586	   6986.4399
    138.0602	   2047.2386
    138.0617	    215.4577
    138.0631	      0.0000
    138.0646	      0.0000
    138.0661	      0.0000
    138.0677	      0.0000
    139.0501	      0.0000
    139.0516	      0.0000
    139.0532	      0.0000
    139.0547	      0.0000
    139.0563	    809.3266
    139.0578	   1418.0811
    139.0594	   1664.4032
    139.0610	   1392.5894
    139.0625	    817.1158
    139.0641	      0.0000
    139.0656	      0.0000
    139.0672	      0.0000
    139.0688	      0.0000
    144.0556	      0.0000
    144.0573	      0.0000
    144.0589	      0.0000
    144.0606	      0.0000
    144.0622	    869.3043
    144.0638	   1436.2104
    144.0655	   1684.0099
    144.0671	   1421.1016
    144.0688	    817.4543
    144.0704	      0.0000
    144.0720	      0.0000
    144.0737	      0.0000
    144.0753	      0.0000
    147.0638	      0.0000
    147.0655	      0.0000
    147.0672	      0.0000
    147.0689	      0.0000
    147.0706	    425.1175
    147.0723	    973.0038
    147.0740	   2977.2869
    147.0757	   5157.3403
    147.0774	   6357.7422
    147.0791	   4533.3618
    147.0807	   2389.2805
    147.0824	    473.4237
    147.0842	      0.0000
    147.0859	      0.0000
    147.0876	      0.0000
    147.0892	      0.0000
    151.0368	      0.0000
    151.0386	      0.0000
    151.0404	      0.0000
    151.0421	      0.0000
    151.0439	    886.7380
    151.0456	   2383.5208
    151.0474	   4092.6968
    151.0492	   4951.6060
    151.0509	   3607.7598
    151.0527	   1525.8335
    151.0545	    603.0692
    151.0562	      0.0000
    151.0579	      0.0000
    151.0597	      0.0000
    151.0615	      0.0000
    155.0704	      0.0000
    155.0722	      0.0000
    155.0740	      0.0000
    155.0758	      0.0000
    155.0777	    497.0079
    155.0795	   1078.4966
    155.0813	   1486.2523
    155.0832	   1388.7227
    155.0850	    837.1616
    155.0869	      0.0000
    155.0887	      0.0000
    155.0906	      0.0000
    155.0924	      0.0000
    157.1238	      0.0000
    157.1256	      0.0000
    157.1275	      0.0000
    157.1294	      0.0000
    157.1312	    568.7209
    157.1331	   1046.3982
    157.1350	   1201.5748
    157.1368	    918.9855
    157.1387	    425.7891
    157.1406	      0.0000
    157.1425	      0.0000
    157.1443	      0.0000
    157.1462	      0.0000
    164.1573	      0.0000
    164.1593	      0.0000
    164.1612	      0.0000
    164.1632	      0.0000
    164.1652	    582.5851
    164.1672	   1023.1058
    164.1692	   1168.5043
    164.1712	    897.9990
    164.1732	    422.4419
    164.1752	      0.0000
    164.1772	      0.0000
    164.1792	      0.0000
    164.1812	      0.0000
    166.0366	      0.0000
    166.0386	      0.0000
    166.0406	      0.0000
    166.0427	      0.0000
    166.0447	    430.5470
    166.0467	   1193.1772
    166.0488	   2000.2152
    166.0508	   2285.7869
    166.0528	   1815.7965
    166.0548	    953.7702
    166.0569	    320.3626
    166.0589	      0.0000
    166.0609	      0.0000
    166.0629	      0.0000
    166.0650	      0.0000
    168.0496	      0.0000
    168.0516	      0.0000
    168.0537	      0.0000
    168.0558	      0.0000
    168.0578	    352.6329
    168.0599	    902.1182
    168.0620	   2341.2256
    168.0640	   4185.2866
    168.0661	   5331.1709
    168.0682	   3953.3374
    168.0702	   2158.4834
    168.0723	    902.4720
    168.0744	    422.4976
    168.0764	      0.0000
    168.0785	      0.0000
    168.0806	      0.0000
    168.0826	      0.0000
    169.0438	      0.0000
    169.0458	      0.0000
    169.0479	      0.0000
    169.0500	      0.0000
    169.0521	    375.5369
    169.0542	   2173.7793
    169.0563	   4523.2910
    169.0583	   6852.1973
    169.0604	   6158.6797
    169.0625	   3684.2151
    169.0646	   1410.3221
    169.0667	    517.1404
    169.0688	      0.0000
    169.0709	      0.0000
    169.0730	      0.0000
    169.0751	      0.0000
    178.0394	      0.0000
    178.0416	      0.0000
    178.0439	      0.0000
    178.0461	      0.0000
    178.0484	    367.0085
    178.0506	    994.6427
    178.0529	   1512.9857
    178.0551	   1544.5699
    178.0574	   1072.1464
    178.0596	    455.2961
    178.0620	      0.0000
    178.0642	      0.0000
    178.0665	      0.0000
    178.0688	      0.0000
    183.0600	      0.0000
    183.0624	      0.0000
    183.0647	      0.0000
    183.0671	      0.0000
    183.0694	    798.6663
    183.0718	   3460.0974
    183.0741	   6860.3726
    183.0765	  10247.0127
    183.0788	   9419.0605
    183.0812	   5792.4038
    183.0835	   2478.0564
    183.0859	    499.7560
    183.0882	      0.0000
    183.0905	      0.0000
    183.0929	      0.0000
    183.0952	      0.0000
    183.0976	      0.0000
    183.0999	      0.0000
    183.1023	      0.0000
    183.1046	      0.0000
    183.1070	    643.7520
    183.1093	   1394.9773
    183.1117	   1997.1273
    183.1140	   2010.5828
    183.1164	   1427.3391
    183.1187	    662.0842
    183.1211	      0.0000
    183.1234	      0.0000
    183.1258	      0.0000
    183.1281	      0.0000
    186.0757	      0.0000
    186.0781	      0.0000
    186.0805	      0.0000
    186.0829	      0.0000
    186.0853	    718.6822
    186.0878	   1426.4557
    186.0902	   1531.0797
    186.0926	    997.5251
    186.0950	    340.3309
    186.0972	      0.0000
    186.0996	      0.0000
    186.1020	      0.0000
    186.1044	      0.0000
    200.0809	      0.0000
    200.0836	      0.0000
    200.0862	      0.0000
    200.0889	      0.0000
    200.0916	      0.0000
    200.0943	   1198.9106
    200.0970	   5398.7666
    200.0997	  11322.2881
    200.1023	  17588.0176
    200.1050	  17312.7559
    200.1077	  11135.5723
    200.1104	   5377.7832
    200.1131	   1493.9736
    200.1158	    345.3456
    200.1187	      0.0000
    200.1214	      0.0000
    200.1240	      0.0000
    200.1267	      0.0000
    201.1051	      0.0000
    201.1078	      0.0000
    201.1105	      0.0000
    201.1132	      0.0000
    201.1159	    280.7581
    201.1186	   1000.6114
    201.1213	   1944.5033
    201.1241	   2465.1638
    201.1268	   2177.9060
    201.1295	   1321.9707
    201.1322	    493.1880
    201.1350	      0.0000
    201.1377	      0.0000
    201.1404	      0.0000
    201.1431	      0.0000
    204.0672	      0.0000
    204.0700	      0.0000
    204.0727	      0.0000
    204.0755	      0.0000
    204.0783	    476.1792
    204.0810	   2397.6763
    204.0838	   5030.6196
    204.0866	   7760.7930
    204.0893	   7392.3848
    204.0921	   4568.2021
    204.0949	   1957.1144
    204.0976	    365.3933
    204.1004	      0.0000
    204.1031	      0.0000
    204.1059	      0.0000
    204.1087	      0.0000
    205.0412	      0.0000
    205.0440	      0.0000
    205.0468	      0.0000
    205.0496	      0.0000
    205.0524	    487.2252
    205.0552	   1282.8815
    205.0579	   1983.8469
    205.0607	   2081.5891
    205.0635	   1524.2787
    205.0663	    749.0393
    205.0691	      0.0000
    205.0718	      0.0000
    205.0746	      0.0000
    205.0774	      0.0000
    210.0089	      0.0000
    210.0118	      0.0000
    210.0147	      0.0000
    210.0176	      0.0000
    210.0205	    800.6968
    210.0234	   1333.4745
    210.0263	   1419.0209
    210.0291	    977.5906
    210.0320	    376.3434
    210.0349	      0.0000
    210.0378	      0.0000
    210.0407	      0.0000
    210.0436	      0.0000
    212.0824	      0.0000
    212.0854	      0.0000
    212.0883	      0.0000
    212.0912	      0.0000
    212.0941	    296.1350
    212.0971	    911.6539
    212.1000	   1630.4806
    212.1029	   2069.3479
    212.1059	   1942.7747
    212.1088	   1325.8662
    212.1117	    605.6450
    212.1147	      0.0000
    212.1177	      0.0000
    212.1206	      0.0000
    212.1235	      0.0000
    215.6933	      0.0000
    215.6963	      0.0000
    215.6993	      0.0000
    215.7024	      0.0000
    215.7054	    577.2167
    215.7084	    929.1365
    215.7114	   1066.6450
    215.7144	    905.7234
    215.7174	    525.7204
    215.7203	      0.0000
    215.7233	      0.0000
    215.7263	      0.0000
    215.7294	      0.0000
    225.0751	      0.0000
    225.0783	      0.0000
    225.0815	      0.0000
    225.0847	      0.0000
    225.0879	    329.9704
    225.0911	    950.9526
    225.0943	   1929.1493
    225.0975	   2667.6926
    225.1007	   2607.9834
    225.1039	   1786.9951
    225.1071	    823.6373
    225.1104	      0.0000
    225.1136	      0.0000
    225.1168	      0.0000
    225.1200	      0.0000
    229.1329	      0.0000
    229.1362	      0.0000
    229.1395	      0.0000
    229.1428	      0.0000
    229.1461	    673.5337
    229.1494	   1266.2167
    229.1526	   1733.4624
    229.1559	   1754.9865
    229.1592	   1294.6167
    229.1625	    661.4915
    229.1657	      0.0000
    229.1690	      0.0000
    229.1723	      0.0000
    229.1756	      0.0000
    242.1297	      0.0000
    242.1333	      0.0000
    242.1369	      0.0000
    242.1404	      0.0000
    242.1440	    707.1710
    242.1476	   1305.4946
    242.1511	   1538.8174
    242.1547	   1253.5024
    242.1583	    686.3378
    242.1619	      0.0000
    242.1655	      0.0000
    242.1691	      0.0000
    242.1727	      0.0000
    254.0917	      0.0000
    254.0955	      0.0000
    254.0994	      0.0000
    254.1032	      0.0000
    254.1070	    428.1909
    254.1109	    940.7487
    254.1147	   1252.4467
    254.1186	   1170.5493
    254.1224	    791.8604
    254.1264	      0.0000
    254.1302	      0.0000
    254.1340	      0.0000
    254.1379	      0.0000
    260.1331	      0.0000
    260.1371	      0.0000
    260.1410	      0.0000
    260.1450	      0.0000
    260.1490	    406.2288
    260.1530	   1181.0924
    260.1570	   2234.6987
    260.1609	   2844.0652
    260.1649	   2539.6973
    260.1689	   1557.9200
    260.1729	    588.9306
    260.1769	      0.0000
    260.1808	      0.0000
    260.1848	      0.0000
    260.1888	      0.0000
    265.1021	      0.0000
    265.1062	      0.0000
    265.1103	      0.0000
    265.1144	      0.0000
    265.1185	    691.0437
    265.1226	   1221.5153
    265.1267	   1435.1482
    265.1308	   1169.2333
    265.1349	    626.5862
    265.1386	      0.0000
    265.1427	      0.0000
    265.1468	      0.0000
    265.1509	      0.0000
    271.1058	      0.0000
    271.1100	      0.0000
    271.1143	      0.0000
    271.1185	      0.0000
    271.1227	    430.6540
    271.1270	   1514.9564
    271.1312	   5299.6626
    271.1354	  10131.8789
    271.1397	  14712.6436
    271.1439	  13417.8584
    271.1481	   8335.8887
    271.1524	   3652.5862
    271.1566	    906.2449
    271.1613	      0.0000
    271.1655	      0.0000
    271.1698	      0.0000
    271.1740	      0.0000
    282.1132	      0.0000
    282.1177	      0.0000
    282.1222	      0.0000
    282.1267	      0.0000
    282.1312	    344.6023
    282.1356	    955.5865
    282.1401	   1650.2123
    282.1446	   1929.1251
    282.1491	   1561.3522
    282.1536	    826.2829
    282.1582	      0.0000
    282.1627	      0.0000
    282.1672	      0.0000
    282.1717	      0.0000
    299.1057	      0.0000
    299.1106	      0.0000
    299.1155	      0.0000
    299.1204	      0.0000
    299.1254	    494.9804
    299.1303	   1075.4624
    299.1352	   1453.5349
    299.1401	   1364.7126
    299.1450	    883.1476
    299.1499	      0.0000
    299.1548	      0.0000
    299.1597	      0.0000
    299.1646	      0.0000
    304.0986	      0.0000
    304.1037	      0.0000
    304.1087	      0.0000
    304.1137	      0.0000
    304.1188	    497.3706
    304.1238	    953.9476
    304.1288	   1146.6478
    304.1338	    913.9381
    304.1389	    429.3109
    304.1439	      0.0000
    304.1489	      0.0000
    304.1539	      0.0000
    304.1590	      0.0000
    312.4927	      0.0000
    312.4979	      0.0000
    312.5032	      0.0000
    312.5084	      0.0000
    312.5137	    508.3488
    312.5189	    940.1472
    312.5241	   1150.3723
    312.5294	   1003.4893
    312.5346	    613.8611
    312.5391	      0.0000
    312.5443	      0.0000
    312.5496	      0.0000
    312.5548	      0.0000
    313.1479	      0.0000
    313.1532	      0.0000
    313.1585	      0.0000
    313.1637	      0.0000
    313.1690	    543.9606
    313.1742	   2675.1814
    313.1795	   5951.8462
    313.1847	   9358.6982
    313.1900	   9399.3818
    313.1953	   6017.7188
    313.2005	   2826.2920
    313.2058	    637.4597
    313.2118	      0.0000
    313.2170	      0.0000
    313.2223	      0.0000
    313.2276	      0.0000
    314.1604	      0.0000
    314.1656	      0.0000
    314.1709	      0.0000
    314.1762	      0.0000
    314.1815	    909.2271
    314.1868	   1483.6964
    314.1921	   1648.3022
    314.1973	   1276.7665
    314.2026	    633.6456
    314.2081	      0.0000
    314.2134	      0.0000
    314.2187	      0.0000
    314.2240	      0.0000
    353.1194	      0.0000
    353.1257	      0.0000
    353.1320	      0.0000
    353.1383	      0.0000
    353.1446	    688.8951
    353.1509	   1199.1016
    353.1572	   1374.6986
    353.1635	   1093.5095
    353.1698	    571.0605
    353.1761	      0.0000
    353.1824	      0.0000
    353.1887	      0.0000
    353.1950	      0.0000
    356.1856	      0.0000
    356.1920	      0.0000
    356.1984	      0.0000
    356.2048	      0.0000
    356.2111	    715.2263
    356.2175	   2019.6107
    356.2239	   3942.9941
    356.2303	   5702.5156
    356.2367	   5001.8584
    356.2430	   3006.2515
    356.2494	   1029.4282
    356.2558	    314.1295
    356.2622	      0.0000
    356.2685	      0.0000
    356.2749	      0.0000
    356.2813	      0.0000
    358.0291	      0.0000
    358.0356	      0.0000
    358.0420	      0.0000
    358.0484	      0.0000
    358.0548	    754.1781
    358.0613	   1230.0314
    358.0677	   1396.7985
    358.0741	   1149.8257
    358.0805	    662.7939
    358.0871	      0.0000
    358.0935	      0.0000
    358.1000	      0.0000
    358.1064	      0.0000
    379.1486	      0.0000
    379.1556	      0.0000
    379.1626	      0.0000
    379.1696	      0.0000
    379.1766	    576.9777
    379.1836	   1041.3978
    379.1906	   1256.4104
    379.1976	   1100.3665
    379.2046	    699.0061
    379.2113	      0.0000
    379.2183	      0.0000
    379.2253	      0.0000
    379.2323	      0.0000
    384.1695	      0.0000
    384.1766	      0.0000
    384.1838	      0.0000
    384.1909	      0.0000
    384.1981	    519.2429
    384.2052	   2937.8049
    384.2124	   7517.4814
    384.2195	  12522.4053
    384.2266	  14439.1797
    384.2338	  10201.8057
    384.2409	   5490.3735
    384.2481	   1632.5930
    384.2552	    423.2881
    384.2627	      0.0000
    384.2699	      0.0000
    384.2770	      0.0000
    384.2842	      0.0000
    385.1861	      0.0000
    385.1932	      0.0000
    385.2004	      0.0000
    385.2076	      0.0000
    385.2148	    804.1773
    385.2219	   1468.0190
    385.2291	   1806.9463
    385.2363	   1604.0344
    385.2435	   1026.1105
    385.2506	    453.1398
    385.2580	      0.0000
    385.2651	      0.0000
    385.2723	      0.0000
    385.2795	      0.0000
    421.1709	      0.0000
    421.1791	      0.0000
    421.1873	      0.0000
    421.1955	      0.0000
    421.2037	    717.8290
    421.2119	   1428.0901
    421.2201	   1798.5134
    421.2283	   1533.0082
    421.2365	    850.6939
    421.2451	      0.0000
    421.2533	      0.0000
    421.2615	      0.0000
    421.2697	      0.0000
    469.1382	      0.0000
    469.1479	      0.0000
    469.1575	      0.0000
    469.1671	      0.0000
    469.1768	    764.6031
    469.1864	   1241.8223
    469.1961	   1461.0745
    469.2057	   1275.7568
    469.2153	    783.5786
    469.2232	      0.0000
    469.2329	      0.0000
    469.2425	      0.0000
    469.2521	      0.0000
    486.1645	      0.0000
    486.1746	      0.0000
    486.1848	      0.0000
    486.1950	      0.0000
    486.2051	    387.0391
    486.2153	   2341.1975
    486.2255	   5103.1650
    486.2356	   8015.0659
    486.2458	   8121.7993
    486.2560	   5404.4390
    486.2661	   2774.0405
    486.2763	    911.8313
    486.2882	      0.0000
    486.2984	      0.0000
    486.3086	      0.0000
    486.3188	      0.0000
    486.6852	      0.0000
    486.6954	      0.0000
    486.7056	      0.0000
    486.7157	      0.0000
    486.7259	   1014.5378
    486.7361	   1567.7347
    486.7463	   1753.5294
    486.7565	   1469.1752
    486.7667	    921.0691
    486.7767	      0.0000
    486.7868	      0.0000
    486.7970	      0.0000
    486.8072	      0.0000
    495.1656	      0.0000
    495.1761	      0.0000
    495.1865	      0.0000
    495.1970	      0.0000
    495.2074	    609.8864
    495.2179	   2267.0525
    495.2283	   5993.7515
    495.2388	   9966.5117
    495.2493	  11472.9355
    495.2597	   8010.4673
    495.2702	   4228.7246
    495.2806	   1112.4061
    495.2911	    268.5425
    495.3017	      0.0000
    495.3122	      0.0000
    495.3226	      0.0000
    495.3331	      0.0000
    495.6783	      0.0000
    495.6888	      0.0000
    495.6993	      0.0000
    495.7098	      0.0000
    495.7202	    743.3056
    495.7307	   1661.8544
    495.7412	   2565.5920
    495.7516	   2796.5352
    495.7621	   2168.6235
    495.7726	   1140.3121
    495.7830	    331.7777
    495.7935	      0.0000
    495.8040	      0.0000
    495.8145	      0.0000
    495.8249	      0.0000
    496.1707	      0.0000
    496.1812	      0.0000
    496.1917	      0.0000
    496.2022	      0.0000
    496.2126	    466.0969
    496.2231	   1149.6116
    496.2336	   1775.8829
    496.2441	   1900.6646
    496.2546	   1430.2400
    496.2651	    710.8732
    496.2758	      0.0000
    496.2863	      0.0000
    496.2968	      0.0000
    496.3073	      0.0000
    527.2014	      0.0000
    527.2129	      0.0000
    527.2244	      0.0000
    527.2359	      0.0000
    527.2474	    945.8932
    527.2589	   2065.4380
    527.2703	   4900.0151
    527.2818	   5160.0806
    527.2933	   3393.0928
    527.3048	   1599.4222
    527.3163	    632.6638
    527.3278	      0.0000
    527.3392	      0.0000
    527.3507	      0.0000
    527.3622	      0.0000
    527.6955	      0.0000
    527.7070	      0.0000
    527.7185	      0.0000
    527.7300	      0.0000
    527.7415	    766.7186
    527.7530	   2921.8596
    527.7645	   5301.7197
    527.7760	   7233.7061
    527.7875	   5919.4648
    527.7990	   3447.8740
    527.8105	   1164.5602
    527.8220	    428.7130
    527.8335	      0.0000
    527.8450	      0.0000
    527.8565	      0.0000
    527.8680	      0.0000
    528.2133	      0.0000
    528.2248	      0.0000
    528.2363	      0.0000
    528.2479	      0.0000
    528.2594	    777.7408
    528.2709	   1386.3879
    528.2824	   1595.9854
    528.2939	   1251.1991
    528.3054	    635.6801
    528.3179	      0.0000
    528.3294	      0.0000
    528.3409	      0.0000
    528.3524	      0.0000
    528.6866	      0.0000
    528.6982	      0.0000
    528.7097	      0.0000
    528.7212	      0.0000
    528.7328	    548.7173
    528.7443	   1724.1721
    528.7558	   6602.1616
    528.7674	  14943.7061
    528.7789	  23990.7871
    528.7904	  25754.5156
    528.8020	  17090.9609
    528.8135	   8485.7529
    528.8250	   1960.5883
    528.8366	    193.9015
    528.8495	      0.0000
    528.8610	      0.0000
    528.8726	      0.0000
    528.8841	      0.0000
    529.1958	      0.0000
    529.2073	      0.0000
    529.2188	      0.0000
    529.2304	      0.0000
    529.2419	    638.1425
    529.2535	   2193.0867
    529.2650	   6215.7852
    529.2766	  10731.6963
    529.2881	  14308.3711
    529.2997	  11675.1582
    529.3112	   6942.0620
    529.3228	   2509.6252
    529.3343	    569.7439
    529.3436	      0.0000
    529.3552	      0.0000
    529.3667	      0.0000
    529.3783	      0.0000
    529.7019	      0.0000
    529.7135	      0.0000
    529.7250	      0.0000
    529.7366	      0.0000
    529.7482	    389.0955
    529.7597	   1172.2109
    529.7713	   2215.1074
    529.7829	   2895.3669
    529.7944	   2710.4150
    529.8060	   1785.8998
    529.8176	    778.6617
    529.8291	      0.0000
    529.8407	      0.0000
    529.8523	      0.0000
    529.8638	      0.0000
    542.2115	      0.0000
    542.2235	      0.0000
    542.2355	      0.0000
    542.2475	      0.0000
    542.2594	    917.1595
    542.2714	   1971.1456
    542.2834	   2779.4678
    542.2954	   2741.6208
    542.3073	   1873.8218
    542.3193	    846.7341
    542.3313	      0.0000
    542.3433	      0.0000
    542.3553	      0.0000
    542.3672	      0.0000
    542.7029	      0.0000
    542.7149	      0.0000
    542.7269	      0.0000
    542.7388	      0.0000
    542.7508	    495.0409
    542.7628	   1492.2958
    542.7748	   3967.9075
    542.7868	   5051.5234
    542.7988	   3951.4436
    542.8108	   1811.8467
    542.8228	    799.0222
    542.8348	      0.0000
    542.8468	      0.0000
    542.8588	      0.0000
    542.8708	      0.0000
    543.2069	      0.0000
    543.2189	      0.0000
    543.2309	      0.0000
    543.2429	      0.0000
    543.2549	    723.9828
    543.2669	   1584.2642
    543.2789	   2251.1433
    543.2910	   2265.5459
    543.3030	   1632.3247
    543.3150	    789.3306
    543.3270	      0.0000
    543.3390	      0.0000
    543.3510	      0.0000
    543.3630	      0.0000
    550.2029	      0.0000
    550.2151	      0.0000
    550.2273	      0.0000
    550.2396	      0.0000
    550.2518	    705.5427
    550.2641	   1186.7308
    550.2763	   1433.8601
    550.2886	   1323.5188
    550.3008	    942.5023
    550.3146	      0.0000
    550.3269	      0.0000
    550.3391	      0.0000
    550.3514	      0.0000
    551.6887	      0.0000
    551.7010	      0.0000
    551.7133	      0.0000
    551.7255	      0.0000
    551.7378	    859.9630
    551.7501	   3024.3992
    551.7624	   9869.2207
    551.7747	  18345.2051
    551.7870	  26063.6113
    551.7993	  22588.8438
    551.8116	  13634.9141
    551.8239	   5311.7271
    551.8362	   1231.1958
    551.8485	    365.7155
    551.8590	      0.0000
    551.8713	      0.0000
    551.8836	      0.0000
    551.8959	      0.0000
    552.1912	      0.0000
    552.2035	      0.0000
    552.2158	      0.0000
    552.2281	      0.0000
    552.2404	    331.8813
    552.2527	   2342.7566
    552.2651	   7924.8027
    552.2774	  14063.1250
    552.2897	  18708.0840
    552.3020	  14777.6660
    552.3143	   8650.0684
    552.3266	   2857.7732
    552.3389	    678.1140
    552.3514	      0.0000
    552.3637	      0.0000
    552.3760	      0.0000
    552.3883	      0.0000
    552.7087	      0.0000
    552.7210	      0.0000
    552.7333	      0.0000
    552.7456	      0.0000
    552.7580	    476.2409
    552.7703	   1380.3395
    552.7826	   2410.4275
    552.7950	   2932.8442
    552.8073	   2584.4692
    552.8196	   1631.4131
    552.8319	    693.8419
    552.8443	      0.0000
    552.8566	      0.0000
    552.8690	      0.0000
    552.8813	      0.0000
    562.2090	      0.0000
    562.2216	      0.0000
    562.2343	      0.0000
    562.2469	      0.0000
    562.2596	    890.6604
    562.2722	   1390.6112
    562.2849	   1512.4475
    562.2975	   1216.6790
    562.3102	    730.8759
    562.3228	      0.0000
    562.3355	      0.0000
    562.3481	      0.0000
    562.3608	      0.0000
    564.6955	      0.0000
    564.7083	      0.0000
    564.7210	      0.0000
    564.7337	      0.0000
    564.7464	    717.2970
    564.7592	   1115.1801
    564.7719	   1290.6045
    564.7846	   1143.9449
    564.7974	    763.6788
    564.8101	      0.0000
    564.8228	      0.0000
    564.8356	      0.0000
    564.8483	      0.0000
    579.2391	      0.0000
    579.2524	      0.0000
    579.2656	      0.0000
    579.2788	      0.0000
    579.2920	    579.1332
    579.3053	   1247.3198
    579.3185	   1655.0719
    579.3317	   1554.2451
    579.3449	   1051.2164
    579.3582	      0.0000
    579.3714	      0.0000
    579.3846	      0.0000
    579.3978	      0.0000
    580.2189	      0.0000
    580.2322	      0.0000
    580.2454	      0.0000
    580.2587	      0.0000
    580.2719	    683.6851
    580.2852	   1177.0857
    580.2985	   1417.2086
    580.3117	   1241.0544
    580.3250	    767.1589
    580.3382	      0.0000
    580.3515	      0.0000
    580.3648	      0.0000
    580.3780	      0.0000
    588.2150	      0.0000
    588.2285	      0.0000
    588.2420	      0.0000
    588.2556	      0.0000
    588.2691	    597.8812
    588.2826	   1142.7017
    588.2962	   1394.1475
    588.3097	   1179.2490
    588.3232	    665.8742
    588.3368	      0.0000
    588.3503	      0.0000
    588.3638	      0.0000
    588.3774	      0.0000
    588.7160	      0.0000
    588.7295	      0.0000
    588.7431	      0.0000
    588.7566	      0.0000
    588.7702	    771.5479
    588.7837	   1234.9376
    588.7973	   1412.3127
    588.8108	   1221.5063
    588.8244	    795.9806
    588.8360	      0.0000
    588.8496	      0.0000
    588.8631	      0.0000
    588.8767	      0.0000
    593.1972	      0.0000
    593.2109	      0.0000
    593.2246	      0.0000
    593.2383	      0.0000
    593.2520	    294.0237
    593.2657	   2965.9661
    593.2794	   8432.3350
    593.2931	  14258.6406
    593.3068	  17623.7422
    593.3205	  13374.7520
    593.3342	   7800.4175
    593.3480	   2665.0439
    593.3617	    509.2319
    593.3799	      0.0000
    593.3936	      0.0000
    593.4073	      0.0000
    593.4210	      0.0000
    593.7090	      0.0000
    593.7228	      0.0000
    593.7365	      0.0000
    593.7502	      0.0000
    593.7639	    771.7792
    593.7777	   3144.3586
    593.7914	   6469.8218
    593.8051	  10010.5762
    593.8188	   9717.6621
    593.8326	   6053.9302
    593.8463	   2656.9871
    593.8600	    500.6912
    593.8712	      0.0000
    593.8849	      0.0000
    593.8986	      0.0000
    593.9123	      0.0000
    594.2282	      0.0000
    594.2420	      0.0000
    594.2557	      0.0000
    594.2695	      0.0000
    594.2832	    928.8569
    594.2969	   1396.7159
    594.3107	   1538.0103
    594.3244	   1230.2228
    594.3382	    671.6691
    594.3519	      0.0000
    594.3657	      0.0000
    594.3794	      0.0000
    594.3932	      0.0000
    597.2072	      0.0000
    597.2211	      0.0000
    597.2349	      0.0000
    597.2487	      0.0000
    597.2626	    874.8700
    597.2764	   1733.6296
    597.2903	   2494.5044
    597.3041	   2699.0911
    597.3180	   2211.1091
    597.3318	   1334.1116
    597.3457	    540.3851
    597.3595	      0.0000
    597.3734	      0.0000
    597.3872	      0.0000
    597.4011	      0.0000
    598.2052	      0.0000
    598.2191	      0.0000
    598.2329	      0.0000
    598.2468	      0.0000
    598.2607	    625.4032
    598.2746	   1504.9241
    598.2885	   2399.7991
    598.3023	   2762.0908
    598.3162	   2345.8115
    598.3301	   1442.9825
    598.3440	    600.3807
    598.3566	      0.0000
    598.3704	      0.0000
    598.3843	      0.0000
    598.3982	      0.0000
    605.6983	      0.0000
    605.7125	      0.0000
    605.7266	      0.0000
    605.7407	      0.0000
    605.7549	    814.2607
    605.7690	   3277.6938
    605.7832	   7418.6606
    605.7973	  11814.3379
    605.8115	  12863.6318
    605.8256	   8845.1582
    605.8397	   4661.5640
    605.8539	   1374.0576
    605.8680	    261.5467
    605.8814	      0.0000
    605.8956	      0.0000
    605.9097	      0.0000
    605.9239	      0.0000
    606.1928	      0.0000
    606.2069	      0.0000
    606.2211	      0.0000
    606.2352	      0.0000
    606.2494	    108.6033
    606.2635	   1980.2739
    606.2777	   5241.4224
    606.2919	   8779.1973
    606.3060	  10838.3174
    606.3202	   8578.0615
    606.3343	   5204.1538
    606.3485	   2111.3328
    606.3627	    603.8798
    606.3789	      0.0000
    606.3931	      0.0000
    606.4072	      0.0000
    606.4214	      0.0000
    606.7048	      0.0000
    606.7190	      0.0000
    606.7332	      0.0000
    606.7473	      0.0000
    606.7615	    380.2141
    606.7757	   1222.9679
    606.7899	   2311.2932
    606.8040	   4912.2471
    606.8182	   4348.4404
    606.8324	   2073.1567
    606.8466	   1052.6920
    606.8618	      0.0000
    606.8760	      0.0000
    606.8902	      0.0000
    606.9043	      0.0000
    607.1739	      0.0000
    607.1881	      0.0000
    607.2023	      0.0000
    607.2165	      0.0000
    607.2307	    355.4245
    607.2448	   1211.8143
    607.2590	   5092.6035
    607.2732	  17394.6484
    607.2874	  33251.1172
    607.3016	  48646.4805
    607.3158	  44294.3242
    607.3300	  27464.5000
    607.3442	  11934.3691
    607.3584	   3091.3052
    607.3726	    964.7494
    607.3858	      0.0000
    607.4000	      0.0000
    607.4142	      0.0000
    607.4284	      0.0000
    607.4418	      0.0000
    607.4560	      0.0000
    607.4702	      0.0000
    607.4844	      0.0000
    607.6832	      0.0000
    607.6975	      0.0000
    607.7117	      0.0000
    607.7259	      0.0000
    607.7401	    483.9845
    607.7543	   1618.7717
    607.7685	   6240.0225
    607.7827	  14037.5410
    607.7969	  22428.1680
    607.8111	  23902.4004
    607.8254	  16009.3223
    607.8396	   8178.0996
    607.8538	   2301.1018
    607.8680	    517.3638
    607.8830	      0.0000
    607.8972	      0.0000
    607.9115	      0.0000
    607.9257	      0.0000
    608.2101	      0.0000
    608.2244	      0.0000
    608.2386	      0.0000
    608.2528	      0.0000
    608.2670	    919.2072
    608.2813	   3447.2866
    608.2955	   5724.4893
    608.3097	   6784.2100
    608.3240	   4824.2012
    608.3382	   2539.9944
    608.3524	    555.3024
    608.3667	      0.0000
    608.3809	      0.0000
    608.3951	      0.0000
    608.4094	      0.0000
    608.7227	      0.0000
    608.7369	      0.0000
    608.7511	      0.0000
    608.7654	      0.0000
    608.7796	    726.0331
    608.7939	   1566.6088
    608.8081	   2260.3247
    608.8224	   2335.5374
    608.8366	   1731.7794
    608.8509	    872.8770
    608.8652	      0.0000
    608.8794	      0.0000
    608.8937	      0.0000
    608.9079	      0.0000
    610.2069	      0.0000
    610.2212	      0.0000
    610.2355	      0.0000
    610.2498	      0.0000
    610.2641	    505.7528
    610.2784	   1231.9994
    610.2927	   1716.1891
    610.3070	   1545.6074
    610.3213	    870.4719
    610.3356	      0.0000
    610.3499	      0.0000
    610.3642	      0.0000
    610.3785	      0.0000
    614.2012	      0.0000
    614.2157	      0.0000
    614.2301	      0.0000
    614.2445	      0.0000
    614.2590	    330.0771
    614.2734	   1136.9370
    614.2879	   3236.5874
    614.3023	   5283.6636
    614.3168	   5495.9614
    614.3312	   3421.8240
    614.3456	   1423.3636
    614.3601	    600.7659
    614.3803	      0.0000
    614.3948	      0.0000
    614.4092	      0.0000
    614.4237	      0.0000
    614.6982	      0.0000
    614.7127	      0.0000
    614.7271	      0.0000
    614.7416	      0.0000
    614.7561	    542.2014
    614.7705	   1625.8431
    614.7850	   4669.3013
    614.7994	   8260.0186
    614.8139	  11288.7900
    614.8283	   9397.2305
    614.8428	   5435.8501
    614.8573	   1738.0768
    614.8717	      0.0000
    614.8815	      0.0000
    614.8960	      0.0000
    614.9105	      0.0000
    614.9249	      0.0000
    615.0262	      0.0000
    615.0406	      0.0000
    615.0551	      0.0000
    615.0696	      0.0000
    615.0841	    244.3589
    615.0985	   1517.4634
    615.1130	   5122.4839
    615.1275	   9020.7148
    615.1419	  11987.4980
    615.1564	   9446.3594
    615.1709	   5376.4458
    615.1854	   1655.4491
    615.1998	      0.0000
    615.2132	      0.0000
    615.2276	      0.0000
    615.2421	      0.0000
    615.2566	    622.7584
    615.2711	   1621.9156
    615.2855	   3657.5999
    615.3000	   5774.5234
    615.3145	   6045.9448
    615.3290	   4500.5547
    615.3435	   1476.4063
    615.3579	    638.0381
    615.3719	      0.0000
    615.3863	      0.0000
    615.4008	      0.0000
    615.4153	      0.0000
    615.6326	      0.0000
    615.6471	      0.0000
    615.6616	      0.0000
    615.6760	      0.0000
    615.6905	      0.0000
    615.7050	   1412.5630
    615.7195	   1860.5496
    615.7340	   5018.9473
    615.7485	   6117.1953
    615.7630	  17897.4609
    615.7775	  65078.9375
    615.7920	 161131.5938
    615.8065	 265174.5313
    615.8210	 307802.2500
    615.8355	 218864.7188
    615.8500	 119700.9531
    615.8645	  37099.2266
    615.8790	  10607.8037
    615.8935	   5167.7798
    615.9080	   3321.9399
    615.9225	    633.6342
    615.9375	      0.0000
    615.9520	      0.0000
    615.9665	      0.0000
    615.9810	      0.0000
    616.0390	      0.0000
    616.0535	      0.0000
    616.0680	      0.0000
    616.0825	      0.0000
    616.0970	    605.4930
    616.1115	   1556.9290
    616.1261	   4890.7930
    616.1406	   6808.8555
    616.1551	   6712.8159
    616.1696	   2428.4915
    616.1841	      0.0000
    616.1993	    129.4645
    616.2138	   2595.2437
    616.2284	   2610.6506
    616.2429	   4073.1465
    616.2574	   6043.0435
    616.2719	  18455.5176
    616.2864	  61072.4297
    616.3009	 117906.9375
    616.3154	 173813.7813
    616.3299	 160174.9688
    616.3444	  99705.1172
    616.3590	  43843.8438
    616.3735	  11603.1367
    616.3880	   3463.3083
    616.4025	   2983.7412
    616.4170	   1917.3811
    616.4308	   2572.2397
    616.4453	    401.5005
    616.4598	      0.0000
    616.4744	      0.0000
    616.4889	      0.0000
    616.5034	      0.0000
    616.6341	      0.0000
    616.6486	      0.0000
    616.6631	      0.0000
    616.6777	      0.0000
    616.6922	      0.0000
    616.7067	      0.0000
    616.7212	      0.0000
    616.7358	      0.0000
    616.7503	      0.0000
    616.7642	   3468.2808
    616.7787	  12391.5234
    616.7933	  31179.3398
    616.8078	  51423.6875
    616.8223	  60493.7148
    616.8369	  43280.0742
    616.8514	  23709.4395
    616.8659	   7100.0273
    616.8805	   1594.8052
    616.8950	    415.6628
    616.9101	      0.0000
    616.9247	      0.0000
    616.9392	      0.0000
    616.9537	      0.0000
    617.0555	      0.0000
    617.0700	      0.0000
    617.0846	      0.0000
    617.0991	      0.0000
    617.1137	    618.6202
    617.1282	   1499.2476
    617.1428	   2147.0652
    617.1573	   2058.6233
    617.1718	   1316.3649
    617.1864	    519.3364
    617.2009	      0.0000
    617.2155	      0.0000
    617.2300	      0.0000
    617.2446	      0.0000
    617.2591	      0.0000
    617.2737	    622.3176
    617.2882	   2367.0830
    617.3027	   4306.9951
    617.3173	   5832.8569
    617.3318	   4661.0161
    617.3464	   2628.2488
    617.3609	    928.0995
    617.3755	      0.0000
    617.3901	      0.0000
    617.4046	      0.0000
    617.4192	      0.0000
    627.2261	      0.0000
    627.2410	      0.0000
    627.2559	      0.0000
    627.2708	      0.0000
    627.2857	    579.7642
    627.3006	   1214.3909
    627.3155	   1596.4762
    627.3304	   1465.5333
    627.3453	    934.5272
    627.3604	      0.0000
    627.3754	      0.0000
    627.3903	      0.0000
    627.4052	      0.0000
    827.2813	      0.0000
    827.3038	      0.0000
    827.3264	      0.0000
    827.3490	      0.0000
    827.3715	    815.9020
    827.3941	   1288.7778
    827.4167	   1448.5801
    827.4393	   1217.3348
    827.4618	    743.3339
    827.4845	      0.0000
    827.5071	      0.0000
    827.5297	      0.0000
    827.5522	      0.0000
    879.1895	      0.0000
    879.2142	      0.0000
    879.2389	      0.0000
    879.2637	      0.0000
    879.2884	    566.6229
    879.3131	   1163.4332
    879.3379	   1518.2648
    879.3626	   1356.9187
    879.3873	    793.2785
    879.4122	      0.0000
    879.4369	      0.0000
    879.4617	      0.0000
    879.4864	      0.0000
    996.9870	      0.0000
    997.0169	      0.0000
    997.0467	      0.0000
    997.0766	      0.0000
    997.1065	    765.4435
    997.1363	   1312.0270
    997.1662	   1576.0831
    997.1961	   1397.1101
    997.2259	    900.4923
    997.2558	      0.0000
    997.2857	      0.0000
    997.3156	      0.0000
    997.3454	      0.0000
   1011.3233	      0.0000
   1011.3538	      0.0000
   1011.3843	      0.0000
   1011.4148	      0.0000
   1011.4453	    629.4185
   1011.4758	   1209.5476
   1011.5063	   1615.9969
   1011.5368	   1545.4347
   1011.5673	   1028.5173
   1011.5979	      0.0000
   1011.6284	      0.0000
   1011.6589	      0.0000
   1011.6894	      0.0000
   1017.0829	      0.0000
   1017.1137	      0.0000
   1017.1445	      0.0000
   1017.1752	      0.0000
   1017.2060	    760.0616
   1017.2368	   1267.5969
   1017.2675	   1604.7607
   1017.2983	   1606.1221
   1017.3291	   1293.9709
   1017.3599	    812.5012
   1017.3926	      0.0000
   1017.4234	      0.0000
   1017.4542	      0.0000
   1017.4850	      0.0000
   1034.3466	      0.0000
   1034.3781	      0.0000
   1034.4097	      0.0000
   1034.4412	      0.0000
   1034.4728	    602.0330
   1034.5044	   2825.5349
   1034.5359	   5794.6323
   1034.5675	   8773.2939
   1034.5991	   8112.9038
   1034.6306	   4907.6875
   1034.6622	   1930.9143
   1034.6938	    213.2564
   1034.7234	      0.0000
   1034.7549	      0.0000
   1034.7865	      0.0000
   1034.8181	      0.0000
   1035.3867	      0.0000
   1035.4183	      0.0000
   1035.4499	      0.0000
   1035.4815	      0.0000
   1035.5131	   1012.1112
   1035.5447	   1895.8140
   1035.5763	   2413.7856
   1035.6079	   2151.3499
   1035.6395	   1298.2211
   1035.6712	    482.3286
   1035.7028	      0.0000
   1035.7344	      0.0000
   1035.7660	      0.0000
   1035.7977	      0.0000
   1064.3590	      0.0000
   1064.3920	      0.0000
   1064.4249	      0.0000
   1064.4579	      0.0000
   1064.4908	    954.7485
   1064.5237	   1432.5383
   1064.5567	   1520.3289
   1064.5896	   1165.3473
   1064.6226	    610.1827
   1064.6556	      0.0000
   1064.6885	      0.0000
   1064.7215	      0.0000
   1064.7544	      0.0000
   1080.3468	      0.0000
   1080.3805	      0.0000
   1080.4142	      0.0000
   1080.4479	      0.0000
   1080.4815	    794.6117
   1080.5152	   2402.0498
   1080.5489	   4254.2500
   1080.5826	   5415.9556
   1080.6163	   4086.0315
   1080.6500	   2276.6743
   1080.6837	    723.2621
   1080.7174	      0.0000
   1080.7511	      0.0000
   1080.7848	      0.0000
   1080.8185	      0.0000
   1081.3917	      0.0000
   1081.4254	      0.0000
   1081.4592	      0.0000
   1081.4929	      0.0000
   1081.5266	    558.1218
   1081.5604	   1253.3588
   1081.5941	   1761.6410
   1081.6279	   1731.2683
   1081.6616	   1204.6260
   1081.6954	    566.3954
   1081.7292	      0.0000
   1081.7629	      0.0000
   1081.7967	      0.0000
   1081.8304	      0.0000
   1145.2411	      0.0000
   1145.2778	      0.0000
   1145.3146	      0.0000
   1145.3514	      0.0000
   1145.3881	    709.3466
   1145.4249	   1130.4066
   1145.4617	   1363.0039
   1145.4984	   1254.2926
   1145.5352	    835.7817
   1145.5720	      0.0000
   1145.6088	      0.0000
   1145.6456	      0.0000
   1145.6824	      0.0000
   1163.3563	      0.0000
   1163.3939	      0.0000
   1163.4316	      0.0000
   1163.4692	      0.0000
   1163.5069	    710.5920
   1163.5445	   1422.3113
   1163.5821	   1842.9042
   1163.6198	   1663.6658
   1163.6574	   1032.3766
   1163.6951	      0.0000
   1163.7328	      0.0000
   1163.7704	      0.0000
   1163.8081	      0.0000
   1191.3653	      0.0000
   1191.4043	      0.0000
   1191.4433	      0.0000
   1191.4823	      0.0000
   1191.5213	   1054.8271
   1191.5603	   2012.7699
   1191.5993	   2787.1743
   1191.6384	   2766.6917
   1191.6774	   1900.6677
   1191.7164	    826.1639
   1191.7624	      0.0000
   1191.8014	      0.0000
   1191.8404	      0.0000
   1191.8795	      0.0000
   1208.3232	      0.0000
   1208.3630	      0.0000
   1208.4029	      0.0000
   1208.4427	      0.0000
   1208.4826	    713.9518
   1208.5224	   2611.3452
   1208.5623	   8063.9287
   1208.6021	  14533.1025
   1208.6420	  20067.0762
   1208.6818	  16641.1563
   1208.7217	   9793.5557
   1208.7616	   3423.7646
   1208.8014	    599.8305
   1208.8343	      0.0000
   1208.8741	      0.0000
   1208.9140	      0.0000
   1208.9539	      0.0000
   1209.3527	      0.0000
   1209.3926	      0.0000
   1209.4325	      0.0000
   1209.4724	      0.0000
   1209.5123	    951.2636
   1209.5522	   3803.8547
   1209.5921	   7424.0156
   1209.6320	  10871.4434
   1209.6719	   9637.4395
   1209.7118	   5834.3159
   1209.7517	   2355.7778
   1209.7916	    604.6011
   1209.8316	      0.0000
   1209.8715	      0.0000
   1209.9114	      0.0000
   1209.9514	      0.0000
   1210.3906	      0.0000
   1210.4306	      0.0000
   1210.4705	      0.0000
   1210.5105	      0.0000
   1210.5504	    964.5923
   1210.5904	   1922.2201
   1210.6303	   2616.0015
   1210.6703	   2570.4392
   1210.7102	   1832.0074
   1210.7502	    910.5693
   1210.7902	      0.0000
   1210.8301	      0.0000
   1210.8701	      0.0000
   1210.9100	      0.0000
   1287.8559	      0.0000
   1287.8997	      0.0000
   1287.9436	      0.0000
   1287.9874	      0.0000
