# ljz_20131022_MR_Chym1_ELUTE.mzML
#
# index: 5590
# id: controllerType=0 controllerNumber=1 scan=12046
# scanNumber: 12046
# massAnalyzerType: quadrupole
# scanEvent: 2
# msLevel: 2
# retentionTime: 2886.98
# filterString: FTMS + p NSI d Full ms2 365.66@hcd28.00 [100.00-765.00]
# mzLow: 99.0036
# mzHigh: 772.78
# basePeakMZ: 207.114
# basePeakIntensity: 239003
# totalIonCurrent: 554294
# precursorCount: 1
# precursor 0: 365.664 709292
# binary (968): 
     99.0036	      0.0000
     99.0045	      0.0000
     99.0055	      0.0000
     99.0064	      0.0000
    100.9993	      0.0000
    101.0002	      0.0000
    101.0012	      0.0000
    101.0022	      0.0000
    101.0031	    351.2935
    101.0041	   1083.8546
    101.0050	   2706.5425
    101.0060	   4029.5667
    101.0070	   3459.1482
    101.0079	   1945.8406
    101.0089	    741.6876
    101.0099	    272.6229
    101.0108	      0.0000
    101.0118	      0.0000
    101.0127	      0.0000
    101.0137	      0.0000
    101.0551	      0.0000
    101.0561	      0.0000
    101.0571	      0.0000
    101.0580	      0.0000
    101.0590	    438.3763
    101.0600	    788.5170
    101.0609	    948.4993
    101.0619	    828.5809
    101.0628	    532.7626
    101.0638	      0.0000
    101.0647	      0.0000
    101.0657	      0.0000
    101.0667	      0.0000
    104.0051	      0.0000
    104.0061	      0.0000
    104.0071	      0.0000
    104.0081	      0.0000
    104.0091	    455.5782
    104.0101	    762.9889
    104.0111	    939.0804
    104.0122	    864.9589
    104.0132	    568.0756
    104.0141	      0.0000
    104.0151	      0.0000
    104.0161	      0.0000
    104.0171	      0.0000
    107.9608	      0.0000
    107.9618	      0.0000
    107.9629	      0.0000
    107.9640	      0.0000
    107.9650	    677.7561
    107.9661	   1180.8607
    107.9672	   1404.9841
    107.9682	   1190.6313
    107.9693	    697.4244
    107.9703	    249.3141
    107.9714	      0.0000
    107.9725	      0.0000
    107.9735	      0.0000
    107.9746	      0.0000
    110.0648	      0.0000
    110.0659	      0.0000
    110.0670	      0.0000
    110.0681	      0.0000
    110.0692	    499.0425
    110.0703	    841.6094
    110.0714	   1023.5865
    110.0725	    906.8466
    110.0736	    548.8928
    110.0747	      0.0000
    110.0758	      0.0000
    110.0769	      0.0000
    110.0780	      0.0000
    112.0789	      0.0000
    112.0800	      0.0000
    112.0812	      0.0000
    112.0823	      0.0000
    112.0834	    327.7562
    112.0845	    940.2880
    112.0857	   1785.8220
    112.0868	   3527.9944
    112.0879	   3186.7358
    112.0890	   1850.2067
    112.0902	    827.3331
    112.0913	    307.0796
    112.0924	      0.0000
    112.0935	      0.0000
    112.0946	      0.0000
    112.0958	      0.0000
    115.9691	      0.0000
    115.9703	      0.0000
    115.9715	      0.0000
    115.9727	      0.0000
    115.9738	    701.2553
    115.9750	   1099.1055
    115.9762	   1167.7234
    115.9774	    870.8082
    115.9786	    429.9681
    115.9797	      0.0000
    115.9809	      0.0000
    115.9821	      0.0000
    115.9833	      0.0000
    119.0412	      0.0000
    119.0425	      0.0000
    119.0437	      0.0000
    119.0449	      0.0000
    119.0462	    412.5771
    119.0474	    998.4389
    119.0486	   1585.6156
    119.0499	   1740.9459
    119.0511	   1328.6936
    119.0523	    658.1954
    119.0536	      0.0000
    119.0548	      0.0000
    119.0560	      0.0000
    119.0573	      0.0000
    120.0704	      0.0000
    120.0717	      0.0000
    120.0729	      0.0000
    120.0742	      0.0000
    120.0754	    546.0885
    120.0767	   2114.5369
    120.0779	   7833.6523
    120.0792	  18449.8027
    120.0804	  29983.9922
    120.0817	  33669.3008
    120.0829	  23359.5742
    120.0841	  12373.4932
    120.0854	   3527.6917
    120.0866	    748.4969
    120.0879	    244.0727
    120.0890	      0.0000
    120.0903	      0.0000
    120.0915	      0.0000
    120.0928	      0.0000
    129.0927	      0.0000
    129.0941	      0.0000
    129.0955	      0.0000
    129.0969	      0.0000
    129.0983	    528.7666
    129.0996	   2040.2891
    129.1010	   3738.3025
    129.1024	   5203.7925
    129.1038	   4272.3228
    129.1052	   2373.6609
    129.1066	    588.9600
    129.1080	      0.0000
    129.1094	      0.0000
    129.1108	      0.0000
    129.1121	      0.0000
    132.0920	      0.0000
    132.0935	      0.0000
    132.0949	      0.0000
    132.0964	      0.0000
    132.0978	    325.3379
    132.0992	   1045.4395
    132.1007	   2750.3770
    132.1021	   3877.3401
    132.1036	   3227.4365
    132.1050	   1801.5193
    132.1064	    701.6238
    132.1079	      0.0000
    132.1093	      0.0000
    132.1108	      0.0000
    132.1122	      0.0000
    133.5600	      0.0000
    133.5615	      0.0000
    133.5630	      0.0000
    133.5644	      0.0000
    133.5659	    557.3006
    133.5674	    874.8939
    133.5688	    967.6771
    133.5703	    779.3737
    133.5717	    430.5763
    133.5732	      0.0000
    133.5747	      0.0000
    133.5761	      0.0000
    133.5776	      0.0000
    134.9842	      0.0000
    134.9857	      0.0000
    134.9872	      0.0000
    134.9886	      0.0000
    134.9901	    615.3337
    134.9916	   1219.5665
    134.9931	   1679.1199
    134.9946	   1649.2213
    134.9961	   1127.8027
    134.9976	    492.0669
    134.9991	      0.0000
    135.0006	      0.0000
    135.0021	      0.0000
    135.0035	      0.0000
    136.0602	      0.0000
    136.0617	      0.0000
    136.0632	      0.0000
    136.0647	      0.0000
    136.0662	    366.8546
    136.0677	    969.1780
    136.0692	   1336.4728
    136.0707	   3708.3037
    136.0722	  12664.9834
    136.0737	  28373.5820
    136.0752	  45404.6406
    136.0767	  49425.6719
    136.0782	  33493.9727
    136.0797	  17298.1504
    136.0813	   4742.9326
    136.0828	    854.2390
    136.0843	    149.2592
    136.0857	      0.0000
    136.0872	      0.0000
    136.0887	      0.0000
    136.0902	      0.0000
    137.0698	      0.0000
    137.0713	      0.0000
    137.0729	      0.0000
    137.0744	      0.0000
    137.0759	    601.7039
    137.0774	   1289.4609
    137.0790	   1821.9872
    137.0805	   1809.2687
    137.0820	   1262.2004
    137.0835	    583.0082
    137.0850	      0.0000
    137.0866	      0.0000
    137.0881	      0.0000
    137.0896	      0.0000
    144.0688	      0.0000
    144.0704	      0.0000
    144.0720	      0.0000
    144.0737	      0.0000
    144.0753	    225.4533
    144.0770	    792.6998
    144.0786	   1666.6787
    144.0802	   3639.7493
    144.0819	   3590.1755
    144.0835	   2209.7734
    144.0852	   1063.1062
    144.0868	    432.3683
    144.0885	      0.0000
    144.0901	      0.0000
    144.0918	      0.0000
    144.0934	      0.0000
    157.0733	      0.0000
    157.0752	      0.0000
    157.0771	      0.0000
    157.0789	      0.0000
    157.0808	    422.8519
    157.0827	    793.8844
    157.0845	    936.0695
    157.0864	    753.7381
    157.0883	    390.5785
    157.0898	      0.0000
    157.0917	      0.0000
    157.0935	      0.0000
    157.0954	      0.0000
    162.0761	      0.0000
    162.0781	      0.0000
    162.0801	      0.0000
    162.0820	      0.0000
    162.0840	    249.6454
    162.0859	   1474.4513
    162.0879	   4124.1406
    162.0898	   6943.0728
    162.0918	   8350.1533
    162.0938	   6030.8091
    162.0957	   3288.2876
    162.0977	    964.2886
    162.0996	    147.3767
    162.1019	      0.0000
    162.1039	      0.0000
    162.1059	      0.0000
    162.1078	      0.0000
    164.9944	      0.0000
    164.9964	      0.0000
    164.9984	      0.0000
    165.0004	      0.0000
    165.0024	    521.4427
    165.0044	    844.9327
    165.0064	    939.5859
    165.0084	    740.7983
    165.0105	    386.2083
    165.0125	      0.0000
    165.0145	      0.0000
    165.0165	      0.0000
    165.0185	      0.0000
    165.0387	      0.0000
    165.0407	      0.0000
    165.0427	      0.0000
    165.0447	      0.0000
    165.0467	    402.2069
    165.0487	   1257.4502
    165.0507	   4284.3105
    165.0527	   8040.5767
    165.0547	  11373.8711
    165.0568	   9786.3115
    165.0588	   5872.3335
    165.0608	   2248.4436
    165.0628	    490.5404
    165.0649	      0.0000
    165.0669	      0.0000
    165.0689	      0.0000
    165.0709	      0.0000
    182.0634	      0.0000
    182.0657	      0.0000
    182.0680	      0.0000
    182.0704	      0.0000
    182.0727	    286.3974
    182.0750	   1849.0397
    182.0774	   6050.3506
    182.0797	  10505.3350
    182.0820	  13691.5117
    182.0844	  10582.7305
    182.0867	   6092.9165
    182.0890	   1830.8732
    182.0914	    191.0781
    182.0936	      0.0000
    182.0959	      0.0000
    182.0982	      0.0000
    182.1006	      0.0000
    185.0400	      0.0000
    185.0424	      0.0000
    185.0447	      0.0000
    185.0471	      0.0000
    185.0495	    330.5966
    185.0519	   1037.2469
    185.0543	   1911.0222
    185.0567	   2296.2944
    185.0591	   1912.7677
    185.0615	   1102.0129
    185.0638	    447.7576
    185.0662	      0.0000
    185.0686	      0.0000
    185.0710	      0.0000
    185.0734	      0.0000
    198.8466	      0.0000
    198.8493	      0.0000
    198.8519	      0.0000
    198.8546	      0.0000
    198.8572	    573.5057
    198.8599	   1009.8621
    198.8626	   1182.4639
    198.8652	    950.3926
    198.8679	    489.5430
    198.8705	      0.0000
    198.8732	      0.0000
    198.8758	      0.0000
    198.8785	      0.0000
    203.0341	      0.0000
    203.0369	      0.0000
    203.0396	      0.0000
    203.0424	      0.0000
    203.0451	    608.3180
    203.0479	   1374.5205
    203.0506	   2780.8657
    203.0533	   3491.6733
    203.0561	   2554.4675
    203.0588	   1117.5105
    203.0616	    408.3570
    203.0644	      0.0000
    203.0671	      0.0000
    203.0699	      0.0000
    203.0726	      0.0000
    207.0810	      0.0000
    207.0838	      0.0000
    207.0866	      0.0000
    207.0895	      0.0000
    207.0923	    424.8850
    207.0951	   2879.7803
    207.0979	   5148.8374
    207.1008	   6701.9165
    207.1036	  20399.1055
    207.1064	  71294.0703
    207.1093	 147447.6406
    207.1121	 228644.7813
    207.1149	 229007.7344
    207.1177	 147964.3750
    207.1206	  71819.2031
    207.1234	  20500.0195
    207.1262	   6703.3281
    207.1290	   5160.2925
    207.1319	   3312.0530
    207.1347	   1144.8674
    207.1375	     64.2801
    207.1404	      0.0000
    207.1432	      0.0000
    207.1460	      0.0000
    207.1488	      0.0000
    208.0966	      0.0000
    208.0995	      0.0000
    208.1023	      0.0000
    208.1052	      0.0000
    208.1080	    270.2019
    208.1109	    748.4795
    208.1137	   1237.3058
    208.1166	   1419.0933
    208.1194	   1152.4377
    208.1223	    631.6656
    208.1251	      0.0000
    208.1280	      0.0000
    208.1308	      0.0000
    208.1337	      0.0000
    222.5817	      0.0000
    222.5849	      0.0000
    222.5880	      0.0000
    222.5912	      0.0000
    222.5943	    471.5959
    222.5975	   1226.3906
    222.6006	   3066.7603
    222.6038	   4206.5132
    222.6069	   3564.9768
    222.6101	   2056.8484
    222.6132	    876.6240
    222.6164	    344.3888
    222.6195	      0.0000
    222.6227	      0.0000
    222.6258	      0.0000
    222.6290	      0.0000
    224.9758	      0.0000
    224.9790	      0.0000
    224.9822	      0.0000
    224.9854	      0.0000
    224.9887	    639.4305
    224.9919	   1028.0120
    224.9951	   1076.9877
    224.9983	    753.9971
    225.0015	    314.7875
    225.0047	      0.0000
    225.0079	      0.0000
    225.0111	      0.0000
    225.0143	      0.0000
    230.0602	      0.0000
    230.0635	      0.0000
    230.0668	      0.0000
    230.0701	      0.0000
    230.0734	    694.2639
    230.0767	    959.4476
    230.0800	    976.1475
    230.0834	    740.0738
    230.0867	    403.5113
    230.0901	      0.0000
    230.0935	      0.0000
    230.0968	      0.0000
    230.1001	      0.0000
    235.0794	      0.0000
    235.0828	      0.0000
    235.0863	      0.0000
    235.0897	      0.0000
    235.0931	    698.8655
    235.0965	   2201.6470
    235.0999	   7486.6519
    235.1034	  15836.4824
    235.1068	  24810.2715
    235.1102	  25642.6738
    235.1136	  16865.6289
    235.1170	   8370.3066
    235.1204	   2248.9634
    235.1239	    516.6142
    235.1271	      0.0000
    235.1305	      0.0000
    235.1339	      0.0000
    235.1374	      0.0000
    237.0782	      0.0000
    237.0817	      0.0000
    237.0852	      0.0000
    237.0886	      0.0000
    237.0921	    674.6099
    237.0955	   1183.8740
    237.0990	   1350.4791
    237.1025	   1022.8046
    237.1059	    462.9676
    237.1094	      0.0000
    237.1129	      0.0000
    237.1164	      0.0000
    237.1198	      0.0000
    252.5924	      0.0000
    252.5962	      0.0000
    252.6000	      0.0000
    252.6038	      0.0000
    252.6076	    678.0823
    252.6114	   1112.9368
    252.6152	   1177.9438
    252.6190	    829.0049
    252.6228	    350.0800
    252.6266	      0.0000
    252.6304	      0.0000
    252.6342	      0.0000
    252.6380	      0.0000
    254.0994	      0.0000
    254.1032	      0.0000
    254.1071	      0.0000
    254.1109	      0.0000
    254.1147	    689.9704
    254.1186	   1366.5034
    254.1224	   1949.9156
    254.1263	   2024.7623
    254.1301	   1494.0659
    254.1340	    724.2059
    254.1378	    206.1577
    254.1417	      0.0000
    254.1456	      0.0000
    254.1494	      0.0000
    254.1533	      0.0000
    261.1029	      0.0000
    261.1069	      0.0000
    261.1109	      0.0000
    261.1149	      0.0000
    261.1189	    358.6853
    261.1229	    771.4451
    261.1269	   1088.0464
    261.1309	   1085.9436
    261.1349	    765.6444
    261.1389	    345.6506
    261.1429	      0.0000
    261.1469	      0.0000
    261.1509	      0.0000
    261.1549	      0.0000
    271.1273	      0.0000
    271.1316	      0.0000
    271.1358	      0.0000
    271.1400	      0.0000
    271.1443	    427.1010
    271.1485	    954.2881
    271.1527	   1352.4279
    271.1570	   1309.7032
    271.1612	    858.2205
    271.1654	    325.7232
    271.1697	      0.0000
    271.1740	      0.0000
    271.1782	      0.0000
    271.1824	      0.0000
    279.1346	      0.0000
    279.1390	      0.0000
    279.1434	      0.0000
    279.1478	      0.0000
    279.1523	     77.8044
    279.1567	    926.0541
    279.1611	   3683.8997
    279.1655	   7238.2935
    279.1699	  10682.6895
    279.1744	   9696.1465
    279.1788	   5936.6367
    279.1832	   2496.1450
    279.1876	    575.0284
    279.1922	      0.0000
    279.1966	      0.0000
    279.2010	      0.0000
    279.2055	      0.0000
    306.9454	      0.0000
    306.9505	      0.0000
    306.9556	      0.0000
    306.9607	      0.0000
    306.9658	    478.7004
    306.9709	   1243.5068
    306.9760	   2649.5874
    306.9811	   3564.8125
    306.9862	   2010.4075
    306.9913	   1120.5739
    306.9964	    385.3132
    307.0015	      0.0000
    307.0066	      0.0000
    307.0117	      0.0000
    307.0168	      0.0000
    309.0887	      0.0000
    309.0939	      0.0000
    309.0990	      0.0000
    309.1042	      0.0000
    309.1093	    724.3175
    309.1145	   1395.3158
    309.1196	   1907.0710
    309.1248	   1929.9125
    309.1300	   1487.5751
    309.1351	    883.7471
    309.1403	    404.9331
    309.1455	      0.0000
    309.1507	      0.0000
    309.1559	      0.0000
    309.1610	      0.0000
    323.8437	      0.0000
    323.8493	      0.0000
    323.8548	      0.0000
    323.8603	      0.0000
    323.8659	    752.8273
    323.8714	   1146.4358
    323.8769	   1162.5944
    323.8824	    781.0497
    323.8880	    298.0016
    323.8935	      0.0000
    323.8990	      0.0000
    323.9046	      0.0000
    323.9101	      0.0000
    326.1221	      0.0000
    326.1277	      0.0000
    326.1333	      0.0000
    326.1389	      0.0000
    326.1445	    531.2974
    326.1501	   1107.4551
    326.1556	   1530.5547
    326.1612	   1473.7623
    326.1668	    970.0205
    326.1724	    374.1015
    326.1780	      0.0000
    326.1836	      0.0000
    326.1891	      0.0000
    326.1947	      0.0000
    336.8543	      0.0000
    336.8601	      0.0000
    336.8660	      0.0000
    336.8718	      0.0000
    336.8777	    336.1838
    336.8836	    830.1971
    336.8894	   1402.0162
    336.8953	   1714.7798
    336.9012	   1544.8176
    336.9070	   1003.8580
    336.9129	    434.8337
    336.9188	      0.0000
    336.9246	      0.0000
    336.9305	      0.0000
    336.9364	      0.0000
    337.8534	      0.0000
    337.8593	      0.0000
    337.8652	      0.0000
    337.8711	      0.0000
    337.8770	    493.6946
    337.8829	    764.9305
    337.8888	    932.5782
    337.8946	    921.9476
    337.9005	    713.7219
    337.9066	      0.0000
    337.9125	      0.0000
    337.9184	      0.0000
    337.9242	      0.0000
    348.9955	      0.0000
    349.0017	      0.0000
    349.0079	      0.0000
    349.0141	      0.0000
    349.0203	    394.6086
    349.0264	    999.6031
    349.0326	   1458.2307
    349.0388	   1347.9482
    349.0450	    753.3682
    349.0512	      0.0000
    349.0574	      0.0000
    349.0635	      0.0000
    349.0697	      0.0000
    351.1014	      0.0000
    351.1077	      0.0000
    351.1139	      0.0000
    351.1202	      0.0000
    351.1264	    302.7274
    351.1326	    902.3812
    351.1389	   1432.1395
    351.1451	   1504.9254
    351.1514	   1065.5535
    351.1576	    468.0685
    351.1640	      0.0000
    351.1702	      0.0000
    351.1765	      0.0000
    351.1827	      0.0000
    364.9458	      0.0000
    364.9524	      0.0000
    364.9590	      0.0000
    364.9656	      0.0000
    364.9722	    606.6979
    364.9789	   1107.3702
    364.9855	   1426.6882
    364.9921	   1344.0863
    364.9987	    910.6430
    365.0053	    399.8727
    365.0119	      0.0000
    365.0185	      0.0000
    365.0252	      0.0000
    365.0318	      0.0000
    365.0649	      0.0000
    365.0715	      0.0000
    365.0781	      0.0000
    365.0847	      0.0000
    365.0913	    520.2738
    365.0979	   2972.5232
    365.1046	   5993.3022
    365.1112	   8226.5205
    365.1178	   7485.6831
    365.1244	   5045.1606
    365.1310	   2333.1018
    365.1376	   1737.8593
    365.1443	   5434.5430
    365.1509	  10635.7285
    365.1575	  15693.3311
    365.1641	  13824.2393
    365.1707	   8292.2461
    365.1774	   3349.0962
    365.1840	   2018.2769
    365.1906	   2644.6482
    365.1972	   3194.6379
    365.2038	   2359.2737
    365.2105	   1069.1244
    365.2171	    571.2991
    365.2243	      0.0000
    365.2310	      0.0000
    365.2376	      0.0000
    365.2442	      0.0000
    365.9404	      0.0000
    365.9470	      0.0000
    365.9537	      0.0000
    365.9603	      0.0000
    365.9670	    199.8504
    365.9736	    872.9476
    365.9802	   3217.8718
    365.9869	   6275.5234
    365.9935	   9298.1738
    366.0002	   8457.5576
    366.0068	   5142.4751
    366.0135	   2136.9663
    366.0201	    358.0024
    366.0261	      0.0000
    366.0327	      0.0000
    366.0394	      0.0000
    366.0460	      0.0000
    366.1125	      0.0000
    366.1191	      0.0000
    366.1258	      0.0000
    366.1324	      0.0000
    366.1390	    382.4054
    366.1457	    915.8052
    366.1523	   2189.5703
    366.1590	   3550.2751
    366.1656	   3231.8789
    366.1723	   1298.6516
    366.1789	    394.6185
    366.1856	      0.0000
    366.1922	      0.0000
    366.1989	      0.0000
    366.2055	      0.0000
    367.0312	      0.0000
    367.0378	      0.0000
    367.0445	      0.0000
    367.0512	      0.0000
    367.0578	    432.1576
    367.0645	   1261.7037
    367.0712	   2072.2253
    367.0778	   2259.7009
    367.0845	   1718.7819
    367.0912	    917.0966
    367.0979	    349.4644
    367.1045	      0.0000
    367.1112	      0.0000
    367.1179	      0.0000
    367.1246	      0.0000
    367.1312	      0.0000
    367.1379	      0.0000
    367.1446	      0.0000
    367.1512	      0.0000
    367.1579	    216.1108
    367.1646	    945.9303
    367.1713	   1643.7664
    367.1779	   1698.4823
    367.1846	   1119.7515
    367.1913	    475.5816
    367.1957	      0.0000
    367.2024	      0.0000
    367.2091	      0.0000
    367.2157	      0.0000
    369.0986	      0.0000
    369.1053	      0.0000
    369.1120	      0.0000
    369.1187	      0.0000
    369.1255	      0.0000
    369.1322	   1031.4447
    369.1389	   3365.3484
    369.1457	   5806.4053
    369.1524	   6881.5581
    369.1591	   4833.6172
    369.1658	   2536.9927
    369.1726	    704.7571
    369.1824	      0.0000
    369.1892	      0.0000
    369.1959	      0.0000
    369.2026	      0.0000
    386.1209	      0.0000
    386.1281	      0.0000
    386.1353	      0.0000
    386.1425	      0.0000
    386.1497	    293.3612
    386.1569	   1329.5640
    386.1641	   4567.8984
    386.1713	   8676.4756
    386.1785	  12571.9727
    386.1857	  11242.2402
    386.1929	   6836.8135
    386.2001	   2777.8684
    386.2073	    490.2607
    386.2137	      0.0000
    386.2209	      0.0000
    386.2281	      0.0000
    386.2353	      0.0000
    399.1353	      0.0000
    399.1429	      0.0000
    399.1504	      0.0000
    399.1580	      0.0000
    399.1656	    479.4076
    399.1731	    845.0778
    399.1807	   1012.3475
    399.1883	    858.8658
    399.1958	    490.4276
    399.2036	      0.0000
    399.2111	      0.0000
    399.2187	      0.0000
    399.2263	      0.0000
    434.1553	      0.0000
    434.1639	      0.0000
    434.1724	      0.0000
    434.1810	      0.0000
    434.1896	    542.8907
    434.1982	   1048.9435
    434.2068	   1468.2021
    434.2154	   1538.0634
    434.2239	   1201.1123
    434.2325	    667.3969
    434.2413	      0.0000
    434.2499	      0.0000
    434.2585	      0.0000
    434.2671	      0.0000
    472.1405	      0.0000
    472.1502	      0.0000
    472.1599	      0.0000
    472.1697	      0.0000
    472.1794	    741.6968
    472.1891	   1148.8218
    472.1989	   1261.0818
    472.2086	   1005.5220
    472.2183	    572.1682
    472.2281	      0.0000
    472.2378	      0.0000
    472.2475	      0.0000
    472.2573	      0.0000
    479.0465	      0.0000
    479.0565	      0.0000
    479.0664	      0.0000
    479.0764	      0.0000
    479.0863	    342.2333
    479.0963	    766.3279
    479.1062	   1096.5791
    479.1162	   1104.9382
    479.1261	    785.5051
    479.1361	    359.0906
    479.1460	      0.0000
    479.1560	      0.0000
    479.1659	      0.0000
    479.1759	      0.0000
    501.1668	      0.0000
    501.1774	      0.0000
    501.1881	      0.0000
    501.1987	      0.0000
    501.2093	    511.7531
    501.2200	   1686.9054
    501.2306	   3643.4473
    501.2413	   5733.1665
    501.2519	   6006.9790
    501.2626	   3935.2166
    501.2732	   1920.1375
    501.2839	    296.5317
    501.2945	      0.0000
    501.3051	      0.0000
    501.3158	      0.0000
    501.3264	      0.0000
    504.1384	      0.0000
    504.1492	      0.0000
    504.1599	      0.0000
    504.1706	      0.0000
    504.1814	    302.4582
    504.1921	    814.6434
    504.2028	   1926.7061
    504.2136	   3353.9656
    504.2243	   3890.2957
    504.2351	   2750.4307
    504.2458	   1112.5594
    504.2565	    406.7540
    504.2675	      0.0000
    504.2783	      0.0000
    504.2890	      0.0000
    504.2998	      0.0000
    521.1796	      0.0000
    521.1908	      0.0000
    521.2021	      0.0000
    521.2134	      0.0000
    521.2247	    521.4151
    521.2360	   1094.4543
    521.2473	   1410.6483
    521.2586	   1207.5493
    521.2699	    648.9885
    521.2812	      0.0000
    521.2924	      0.0000
    521.3037	      0.0000
    521.3150	      0.0000
    528.1443	      0.0000
    528.1558	      0.0000
    528.1673	      0.0000
    528.1788	      0.0000
    528.1903	    500.8345
    528.2018	    952.2299
    528.2133	   1277.3049
    528.2249	   1223.4397
    528.2364	    796.8170
    528.2479	    295.2104
    528.2594	      0.0000
    528.2709	      0.0000
    528.2824	      0.0000
    528.2940	      0.0000
    532.1387	      0.0000
    532.1503	      0.0000
    532.1620	      0.0000
    532.1736	      0.0000
    532.1853	    364.7167
    532.1969	    912.2049
    532.2086	   1450.6937
    532.2202	   1630.4541
    532.2319	   1323.4252
    532.2435	    745.4626
    532.2552	      0.0000
    532.2669	      0.0000
    532.2785	      0.0000
    532.2902	      0.0000
    598.1913	      0.0000
    598.2052	      0.0000
    598.2191	      0.0000
    598.2330	      0.0000
    598.2468	    689.4935
    598.2607	   1157.9675
    598.2746	   1350.4775
    598.2885	   1158.6749
    598.3024	    743.2929
    598.3163	      0.0000
    598.3302	      0.0000
    598.3441	      0.0000
    598.3579	      0.0000
    615.1843	      0.0000
    615.1987	      0.0000
    615.2132	      0.0000
    615.2277	      0.0000
    615.2421	    358.9497
    615.2566	    987.6757
    615.2711	   1749.2448
    615.2856	   2194.5781
    615.3001	   1990.8187
    615.3145	   1275.1301
    615.3290	    534.6476
    615.3435	      0.0000
    615.3580	      0.0000
    615.3725	      0.0000
    615.3870	      0.0000
    656.1576	      0.0000
    656.1735	      0.0000
    656.1894	      0.0000
    656.2054	      0.0000
    656.2213	    726.2325
    656.2373	   1120.0488
    656.2532	   1132.0311
    656.2692	    773.9453
    656.2851	    331.4707
    656.3011	      0.0000
    656.3170	      0.0000
    656.3330	      0.0000
    656.3489	      0.0000
    772.7191	      0.0000
    772.7395	      0.0000
    772.7599	      0.0000
    772.7803	      0.0000
