# ljz_20131022_MR_Chym1_ELUTE.mzML
#
# index: 2389
# id: controllerType=0 controllerNumber=1 scan=7951
# scanNumber: 7951
# massAnalyzerType: quadrupole
# scanEvent: 2
# msLevel: 2
# retentionTime: 2152.1
# filterString: FTMS + p NSI d Full ms2 880.39@hcd28.00 [100.00-3615.00]
# mzLow: 99.0035
# mzHigh: 3652.24
# basePeakMZ: 204.087
# basePeakIntensity: 161398
# totalIonCurrent: 1.33498e+006
# precursorCount: 1
# precursor 0: 879.888 932034
# binary (2079): 
     99.0035	      0.0000
     99.0045	      0.0000
     99.0054	      0.0000
     99.0063	      0.0000
    109.0208	      0.0000
    109.0219	      0.0000
    109.0230	      0.0000
    109.0241	      0.0000
    109.0252	    705.4668
    109.0262	   2390.9246
    109.0273	   4925.8594
    109.0284	   7466.8486
    109.0295	   6780.9644
    109.0306	   3930.5291
    109.0316	   1233.7965
    109.0327	    725.4474
    109.0340	      0.0000
    109.0351	      0.0000
    109.0362	      0.0000
    109.0373	      0.0000
    115.0299	      0.0000
    115.0310	      0.0000
    115.0322	      0.0000
    115.0334	      0.0000
    115.0345	    587.8585
    115.0357	   1535.1558
    115.0369	   4930.3457
    115.0380	   9580.6973
    115.0392	  14175.5078
    115.0404	  13103.3467
    115.0416	   7921.4810
    115.0427	   3144.1978
    115.0439	    246.2055
    115.0449	      0.0000
    115.0461	      0.0000
    115.0473	      0.0000
    115.0484	      0.0000
    126.0415	      0.0000
    126.0428	      0.0000
    126.0442	      0.0000
    126.0455	      0.0000
    126.0468	    137.7420
    126.0482	   1227.0963
    126.0495	   2538.8079
    126.0509	   6780.0854
    126.0522	  20650.6035
    126.0535	  42309.6484
    126.0549	  65554.4844
    126.0562	  67221.3594
    126.0576	  43820.4414
    126.0589	  21317.3379
    126.0603	   4867.8823
    126.0616	    346.4424
    126.0630	      0.0000
    126.0643	      0.0000
    126.0657	      0.0000
    126.0670	      0.0000
    127.0257	      0.0000
    127.0271	      0.0000
    127.0284	      0.0000
    127.0298	      0.0000
    127.0311	    790.0204
    127.0325	   1319.8501
    127.0339	   2304.3796
    127.0352	   6291.4404
    127.0366	  18929.9805
    127.0379	  34877.8984
    127.0393	  49809.1992
    127.0406	  44056.1055
    127.0420	  26712.6387
    127.0434	  10577.9131
    127.0447	   1845.8723
    127.0461	      0.0000
    127.0471	      0.0000
    127.0485	      0.0000
    127.0498	      0.0000
    127.0512	      0.0000
    127.0526	      0.0000
    127.0539	    533.9650
    127.0553	   1300.7494
    127.0566	   2513.2192
    127.0580	   5327.2007
    127.0594	   5217.9121
    127.0607	   2374.8472
    127.0621	   1007.1115
    127.0634	      0.0000
    127.0648	      0.0000
    127.0661	      0.0000
    127.0675	      0.0000
    128.0349	      0.0000
    128.0363	      0.0000
    128.0377	      0.0000
    128.0390	      0.0000
    128.0404	   1107.4053
    128.0418	   1775.4657
    128.0432	   1864.6459
    128.0445	   1332.2407
    128.0459	    602.1479
    128.0473	      0.0000
    128.0487	      0.0000
    128.0500	      0.0000
    128.0514	      0.0000
    129.0927	      0.0000
    129.0941	      0.0000
    129.0955	      0.0000
    129.0969	      0.0000
    129.0983	    539.4044
    129.0996	   1477.5693
    129.1010	   2793.5959
    129.1024	   4958.1533
    129.1038	   3193.3450
    129.1052	   1967.8683
    129.1066	    786.9749
    129.1080	      0.0000
    129.1094	      0.0000
    129.1107	      0.0000
    129.1121	      0.0000
    132.0129	      0.0000
    132.0143	      0.0000
    132.0158	      0.0000
    132.0172	      0.0000
    132.0186	    866.5657
    132.0201	   1657.3054
    132.0215	   2358.5552
    132.0229	   2577.2224
    132.0244	   2197.2468
    132.0258	   1428.2943
    132.0273	    652.7504
    132.0287	      0.0000
    132.0301	      0.0000
    132.0316	      0.0000
    132.0330	      0.0000
    133.0418	      0.0000
    133.0432	      0.0000
    133.0447	      0.0000
    133.0462	      0.0000
    133.0476	    694.3104
    133.0491	   1309.1738
    133.0505	   1534.8683
    133.0520	   1218.5261
    133.0534	    633.5233
    133.0551	      0.0000
    133.0566	      0.0000
    133.0580	      0.0000
    133.0595	      0.0000
    138.0387	      0.0000
    138.0403	      0.0000
    138.0418	      0.0000
    138.0434	      0.0000
    138.0449	      0.0000
    138.0464	   2285.7761
    138.0480	   4298.1978
    138.0495	   9858.0029
    138.0510	  28562.2266
    138.0526	  71918.1328
    138.0541	 119430.7266
    138.0557	 145049.9844
    138.0572	 106429.5391
    138.0587	  59285.3164
    138.0603	  16790.6387
    138.0618	   2627.4392
    138.0634	    619.9424
    138.0655	      0.0000
    138.0670	      0.0000
    138.0685	      0.0000
    138.0701	      0.0000
    139.0462	      0.0000
    139.0478	      0.0000
    139.0494	      0.0000
    139.0509	      0.0000
    139.0525	    505.0577
    139.0540	   1227.8213
    139.0556	   3427.1213
    139.0571	   7015.3555
    139.0587	  10782.7246
    139.0602	  10654.9131
    139.0618	   6544.6777
    139.0634	   2689.1836
    139.0649	      3.4033
    139.0661	      0.0000
    139.0677	      0.0000
    139.0692	      0.0000
    139.0708	      0.0000
    144.0528	      0.0000
    144.0545	      0.0000
    144.0561	      0.0000
    144.0578	      0.0000
    144.0594	    760.9242
    144.0610	   2258.5222
    144.0627	   6778.1133
    144.0643	  12098.9551
    144.0660	  16438.3027
    144.0676	  13281.2070
    144.0692	   7647.4121
    144.0709	   2281.3245
    144.0725	      0.0000
    144.0740	      0.0000
    144.0756	      0.0000
    144.0773	      0.0000
    144.0789	      0.0000
    145.0351	      0.0000
    145.0368	      0.0000
    145.0384	      0.0000
    145.0401	      0.0000
    145.0417	    420.9120
    145.0434	   1525.5258
    145.0450	   5052.6475
    145.0467	  14828.0352
    145.0483	  25569.0254
    145.0500	  33847.7266
    145.0517	  27007.3145
    145.0533	  15704.9609
    145.0550	   5032.4561
    145.0566	    488.2715
    145.0580	      0.0000
    145.0596	      0.0000
    145.0613	      0.0000
    145.0629	      0.0000
    146.0423	      0.0000
    146.0440	      0.0000
    146.0457	      0.0000
    146.0474	      0.0000
    146.0490	    466.7566
    146.0507	   1223.5000
    146.0524	   1940.1050
    146.0541	   2131.7913
    146.0557	   1682.7458
    146.0574	    931.4986
    146.0591	      0.0000
    146.0608	      0.0000
    146.0625	      0.0000
    146.0642	      0.0000
    157.0976	      0.0000
    157.0995	      0.0000
    157.1013	      0.0000
    157.1032	      0.0000
    157.1051	    926.8344
    157.1069	   1427.5593
    157.1088	   1582.1196
    157.1107	   1268.8090
    157.1126	    687.1999
    157.1146	      0.0000
    157.1164	      0.0000
    157.1183	      0.0000
    157.1202	      0.0000
    163.0439	      0.0000
    163.0459	      0.0000
    163.0478	      0.0000
    163.0498	      0.0000
    163.0518	    803.7869
    163.0538	   3019.9714
    163.0557	  11304.9141
    163.0577	  23250.3164
    163.0597	  35868.5742
    163.0617	  34985.0117
    163.0636	  22044.3574
    163.0656	   9955.6289
    163.0676	   2271.8472
    163.0696	    548.8953
    163.0713	      0.0000
    163.0733	      0.0000
    163.0753	      0.0000
    163.0772	      0.0000
    164.0495	      0.0000
    164.0515	      0.0000
    164.0535	      0.0000
    164.0555	      0.0000
    164.0575	    379.0347
    164.0595	   1129.3530
    164.0615	   2018.6588
    164.0635	   2437.1262
    164.0654	   2092.0952
    164.0674	   1256.2488
    164.0694	    463.7625
    164.0718	      0.0000
    164.0738	      0.0000
    164.0758	      0.0000
    164.0777	      0.0000
    168.0457	      0.0000
    168.0478	      0.0000
    168.0499	      0.0000
    168.0519	      0.0000
    168.0540	    666.6039
    168.0561	   1580.1890
    168.0581	   4202.5278
    168.0602	  13240.9580
    168.0623	  32775.0469
    168.0643	  54202.9219
    168.0664	  64194.0664
    168.0685	  46090.0820
    168.0705	  25132.7617
    168.0726	   6963.2510
    168.0747	   1246.0588
    168.0767	    670.8991
    168.0785	      0.0000
    168.0806	      0.0000
    168.0826	      0.0000
    168.0847	      0.0000
    169.0542	      0.0000
    169.0563	      0.0000
    169.0584	      0.0000
    169.0604	      0.0000
    169.0625	    801.2471
    169.0646	   1906.8770
    169.0667	   4637.5249
    169.0688	   6472.4790
    169.0709	   5788.4741
    169.0729	   3558.1863
    169.0750	   1387.8737
    169.0771	    498.3652
    169.0793	      0.0000
    169.0813	      0.0000
    169.0834	      0.0000
    169.0855	      0.0000
    173.1123	      0.0000
    173.1145	      0.0000
    173.1166	      0.0000
    173.1188	      0.0000
    173.1209	    529.5314
    173.1231	   1420.2015
    173.1253	   3599.5112
    173.1274	   5852.3652
    173.1296	   6116.1934
    173.1317	   3866.9460
    173.1339	   1658.0377
    173.1361	    630.1412
    173.1382	      0.0000
    173.1404	      0.0000
    173.1426	      0.0000
    173.1447	      0.0000
    185.1498	      0.0000
    185.1522	      0.0000
    185.1546	      0.0000
    185.1570	      0.0000
    185.1594	   1014.4848
    185.1618	   2297.6292
    185.1642	   3373.2690
    185.1666	   4730.0386
    185.1690	   2477.2109
    185.1713	   1194.3923
    185.1737	    466.0188
    185.1766	      0.0000
    185.1790	      0.0000
    185.1814	      0.0000
    185.1838	      0.0000
    186.0546	      0.0000
    186.0570	      0.0000
    186.0594	      0.0000
    186.0618	      0.0000
    186.0642	    370.2009
    186.0666	   1353.8247
    186.0690	   4733.3555
    186.0714	  14776.9209
    186.0738	  27742.5996
    186.0762	  40328.7305
    186.0786	  36491.0938
    186.0810	  22448.4824
    186.0834	   9426.4551
    186.0858	   1956.1312
    186.0883	    263.8202
    186.0902	      0.0000
    186.0926	      0.0000
    186.0950	      0.0000
    186.0974	      0.0000
    187.0644	      0.0000
    187.0668	      0.0000
    187.0692	      0.0000
    187.0716	      0.0000
    187.0741	    917.5574
    187.0765	   1747.6621
    187.0789	   2254.7100
    187.0813	   2035.0732
    187.0838	   1226.2134
    187.0862	    421.7721
    187.0886	      0.0000
    187.0911	      0.0000
    187.0935	      0.0000
    187.0959	      0.0000
    201.1078	      0.0000
    201.1105	      0.0000
    201.1132	      0.0000
    201.1159	      0.0000
    201.1186	    666.6076
    201.1213	   1239.0022
    201.1241	   1481.9160
    201.1268	   1217.6935
    201.1295	    650.4972
    201.1327	      0.0000
    201.1354	      0.0000
    201.1381	      0.0000
    201.1408	      0.0000
    204.0593	      0.0000
    204.0621	      0.0000
    204.0648	      0.0000
    204.0676	      0.0000
    204.0704	   1012.7504
    204.0731	   3160.5674
    204.0759	   7153.6431
    204.0787	  21732.1035
    204.0814	  65433.0273
    204.0842	 116931.8438
    204.0870	 160851.7813
    204.0897	 134458.9375
    204.0925	  80283.4453
    204.0953	  29777.2461
    204.0980	   6546.7998
    204.1008	   1322.3334
    204.1032	   1655.1414
    204.1059	    465.0027
    204.1093	      0.0000
    204.1121	      0.0000
    204.1148	      0.0000
    204.1176	      0.0000
    205.0697	      0.0000
    205.0725	      0.0000
    205.0753	      0.0000
    205.0781	      0.0000
    205.0809	    795.9650
    205.0836	   2445.8584
    205.0864	   5724.5806
    205.0892	   9330.6016
    205.0920	  10368.8340
    205.0948	   7038.1704
    205.0976	   3572.5999
    205.1004	    646.5491
    205.1025	      0.0000
    205.1053	      0.0000
    205.1081	      0.0000
    205.1109	      0.0000
    241.0469	      0.0000
    241.0505	      0.0000
    241.0540	      0.0000
    241.0576	      0.0000
    241.0611	    557.1799
    241.0647	   1593.3948
    241.0682	   2710.6877
    241.0718	   3136.2673
    241.0753	   2559.0579
    241.0789	   1441.1063
    241.0824	    516.3008
    241.0862	      0.0000
    241.0897	      0.0000
    241.0933	      0.0000
    241.0969	      0.0000
    282.5226	      0.0000
    282.5271	      0.0000
    282.5316	      0.0000
    282.5361	      0.0000
    282.5406	    754.9971
    282.5452	   1207.6720
    282.5497	   1382.9600
    282.5542	   1171.7920
    282.5587	    696.0000
    282.5633	      0.0000
    282.5678	      0.0000
    282.5723	      0.0000
    282.5768	      0.0000
    295.0744	      0.0000
    295.0792	      0.0000
    295.0840	      0.0000
    295.0888	      0.0000
    295.0936	   1085.6879
    295.0984	   1779.7494
    295.1032	   2067.2490
    295.1080	   1753.0330
    295.1128	   1048.5863
    295.1192	      0.0000
    295.1240	      0.0000
    295.1288	      0.0000
    295.1336	      0.0000
    366.0871	      0.0000
    366.0937	      0.0000
    366.1004	      0.0000
    366.1070	      0.0000
    366.1136	    880.0497
    366.1203	   2371.8105
    366.1269	   6767.2383
    366.1336	  11981.1670
    366.1402	  16221.9395
    366.1469	  13327.7100
    366.1535	   7813.4150
    366.1602	   2718.6985
    366.1668	    420.1605
    366.1723	      0.0000
    366.1789	      0.0000
    366.1856	      0.0000
    366.1922	      0.0000
    367.0979	      0.0000
    367.1045	      0.0000
    367.1112	      0.0000
    367.1179	      0.0000
    367.1245	    523.2330
    367.1312	   1336.9960
    367.1379	   2150.0000
    367.1446	   2421.9824
    367.1512	   1962.9130
    367.1579	   1107.3838
    367.1646	    367.1973
    367.1712	      0.0000
    367.1779	      0.0000
    367.1846	      0.0000
    367.1913	      0.0000
    384.1056	      0.0000
    384.1127	      0.0000
    384.1199	      0.0000
    384.1270	      0.0000
    384.1342	    588.8060
    384.1413	   1213.5936
    384.1484	   1613.0920
    384.1556	   1485.5929
    384.1627	    905.6094
    384.1702	      0.0000
    384.1774	      0.0000
    384.1845	      0.0000
    384.1917	      0.0000
    431.6095	      0.0000
    431.6180	      0.0000
    431.6265	      0.0000
    431.6350	      0.0000
    431.6435	    770.8917
    431.6520	   1751.8165
    431.6605	   2752.7539
    431.6690	   3093.0667
    431.6775	   2472.8369
    431.6860	   1318.4386
    431.6945	    382.5764
    431.7035	      0.0000
    431.7120	      0.0000
    431.7206	      0.0000
    431.7291	      0.0000
    528.0406	      0.0000
    528.0521	      0.0000
    528.0637	      0.0000
    528.0752	      0.0000
    528.0867	    586.7449
    528.0982	   1264.8815
    528.1097	   2001.8499
    528.1212	   2285.2759
    528.1327	   1786.7222
    528.1442	    833.2452
    528.1557	      0.0000
    528.1673	    546.2625
    528.1788	   1393.9519
    528.1903	   1938.2584
    528.2018	   1697.5970
    528.2133	    943.1866
    528.2251	      0.0000
    528.2367	      0.0000
    528.2482	      0.0000
    528.2597	      0.0000
    782.5511	      0.0000
    782.5719	      0.0000
    782.5926	      0.0000
    782.6134	      0.0000
    782.6342	    655.6674
    782.6549	   1639.3665
    782.6757	   2729.2617
    782.6965	   3281.8081
    782.7173	   2891.9238
    782.7380	   1805.8706
    782.7588	    735.3000
    782.7796	      0.0000
    782.8003	      0.0000
    782.8211	      0.0000
    782.8419	      0.0000
    782.8834	      0.0000
    782.9042	      0.0000
    782.9250	      0.0000
    782.9458	      0.0000
    782.9666	    895.1395
    782.9873	   2636.3962
    783.0081	   5268.2705
    783.0289	   7814.3276
    783.0497	   7172.8848
    783.0705	   4292.9673
    783.0913	   1588.7898
    783.1121	    779.2736
    783.1328	      0.0000
    783.1536	      0.0000
    783.1744	      0.0000
    783.1952	      0.0000
    783.2160	      0.0000
    783.2368	      0.0000
    783.2576	      0.0000
    783.2784	      0.0000
    783.2992	    908.3979
    783.3200	   3676.8171
    783.3408	   6253.2710
    783.3616	   8371.5615
    783.3824	   7044.3823
    783.4032	   4111.4531
    783.4239	   1326.4747
    783.4447	    743.2841
    783.4656	      0.0000
    783.4864	      0.0000
    783.5072	      0.0000
    783.5280	      0.0000
    787.2022	      0.0000
    787.2232	      0.0000
    787.2441	      0.0000
    787.2651	      0.0000
    787.2860	    521.7535
    787.3070	   1507.5743
    787.3280	   2289.6370
    787.3489	   2288.1196
    787.3699	   1542.2701
    787.3908	    657.0081
    787.4118	      0.0000
    787.4327	      0.0000
    787.4537	      0.0000
    787.4747	      0.0000
    793.2283	      0.0000
    793.2495	      0.0000
    793.2707	      0.0000
    793.2919	      0.0000
    793.3131	   1258.2391
    793.3343	   1810.1968
    793.3555	   1860.7849
    793.3767	   1341.4802
    793.3979	    596.6953
    793.4191	      0.0000
    793.4403	      0.0000
    793.4615	      0.0000
    793.4827	      0.0000
    815.2709	      0.0000
    815.2930	      0.0000
    815.3151	      0.0000
    815.3372	      0.0000
    815.3593	   1110.1810
    815.3813	   1929.4163
    815.4034	   2293.5413
    815.4255	   1931.1904
    815.4476	   1114.8229
    815.4697	      0.0000
    815.4918	      0.0000
    815.5139	      0.0000
    815.5360	      0.0000
    826.2440	      0.0000
    826.2665	      0.0000
    826.2891	      0.0000
    826.3116	      0.0000
    826.3341	    963.3940
    826.3567	   1849.2380
    826.3792	   2436.0583
    826.4017	   2265.5442
    826.4243	   1418.9349
    826.4468	    502.5602
    826.4693	      0.0000
    826.4919	      0.0000
    826.5144	      0.0000
    826.5370	      0.0000
    826.7399	      0.0000
    826.7624	      0.0000
    826.7849	      0.0000
    826.8075	      0.0000
    826.8301	    752.4730
    826.8526	   1651.0289
    826.8752	   2482.6077
    826.8977	   2723.8801
    826.9203	   2181.2244
    826.9428	   1208.3058
    826.9654	      0.0000
    826.9879	      0.0000
    827.0105	      0.0000
    827.0331	      0.0000
    834.1855	      0.0000
    834.2084	      0.0000
    834.2312	      0.0000
    834.2541	      0.0000
    834.2769	    480.6952
    834.2998	   1347.5735
    834.3226	   3610.5139
    834.3455	   6019.1045
    834.3684	   7169.7100
    834.3912	   5360.4272
    834.4141	   3047.1819
    834.4369	   1035.0251
    834.4598	      0.0000
    834.4827	      0.0000
    834.5055	      0.0000
    834.5284	      0.0000
    834.7114	      0.0000
    834.7342	      0.0000
    834.7571	      0.0000
    834.7800	      0.0000
    834.8029	   1272.3285
    834.8258	   2358.2100
    834.8486	   3068.3059
    834.8715	   2896.1411
    834.8944	   1947.8923
    834.9173	    851.8619
    834.9402	      0.0000
    834.9631	      0.0000
    834.9859	      0.0000
    835.0088	      0.0000
    835.2148	      0.0000
    835.2377	      0.0000
    835.2606	      0.0000
    835.2835	      0.0000
    835.3064	    887.5046
    835.3293	   1807.1057
    835.3522	   2382.0981
    835.3751	   2163.5039
    835.3980	   1304.5514
    835.4209	      0.0000
    835.4438	      0.0000
    835.4668	      0.0000
    835.4897	      0.0000
    835.7417	      0.0000
    835.7646	      0.0000
    835.7875	      0.0000
    835.8104	      0.0000
    835.8334	    438.9928
    835.8563	   1619.6953
    835.8792	   5989.4844
    835.9021	   8598.2197
    835.9251	   8759.2930
    835.9480	   5658.0225
    835.9709	   2593.2922
    835.9938	     89.6486
    836.0168	      0.0000
    836.0397	      0.0000
    836.0627	      0.0000
    836.0856	      0.0000
    836.2691	      0.0000
    836.2920	      0.0000
    836.3149	      0.0000
    836.3379	      0.0000
    836.3608	   1194.9705
    836.3838	   2317.5764
    836.4067	   3388.0461
    836.4297	   5749.5435
    836.4526	   3864.7866
    836.4756	   1546.7209
    836.4985	    524.6592
    836.5215	      0.0000
    836.5444	      0.0000
    836.5674	      0.0000
    836.5903	      0.0000
    837.2333	      0.0000
    837.2563	      0.0000
    837.2793	      0.0000
    837.3023	      0.0000
    837.3253	    745.7335
    837.3482	   1722.8292
    837.3712	   2758.6184
    837.3942	   3262.0063
    837.4172	   2930.1780
    837.4402	   1992.6554
    837.4632	    990.8968
    837.4862	      0.0000
    837.5092	      0.0000
    837.5321	      0.0000
    837.5551	      0.0000
    850.2042	      0.0000
    850.2277	      0.0000
    850.2512	      0.0000
    850.2747	      0.0000
    850.2983	    393.5547
    850.3218	   1589.3975
    850.3453	   4420.2935
    850.3688	   7608.5693
    850.3923	   9588.7939
    850.4159	   7071.8135
    850.4394	   3784.8369
    850.4629	    672.7435
    850.4864	      0.0000
    850.5100	      0.0000
    850.5335	      0.0000
    850.5570	      0.0000
    850.5805	      0.0000
    850.6041	      0.0000
    850.6276	      0.0000
    850.6511	    918.6909
    850.6747	   3225.6375
    850.6982	   5705.7651
    850.7217	   7748.2153
    850.7453	   6297.2598
    850.7688	   3513.1694
    850.7924	   1021.2195
    850.8159	      0.0000
    850.8394	      0.0000
    850.8630	      0.0000
    850.8865	      0.0000
    850.9101	      0.0000
    850.9336	      0.0000
    850.9572	      0.0000
    850.9807	    483.0232
    851.0043	   2482.7424
    851.0278	   5032.3403
    851.0513	   7653.1450
    851.0749	   7269.8247
    851.0985	   4267.3608
    851.1220	   1488.6947
    851.1456	      0.0000
    851.1691	      0.0000
    851.1927	      0.0000
    851.2162	      0.0000
    851.2398	      0.0000
    851.2633	      0.0000
    851.2869	      0.0000
    851.3105	      0.0000
    851.3340	    857.2900
    851.3576	   1976.9429
    851.3811	   3043.2727
    851.4047	   3348.4258
    851.4283	   2653.8735
    851.4518	   1468.5796
    851.4754	    559.5775
    851.4990	      0.0000
    851.5226	      0.0000
    851.5461	      0.0000
    851.5697	      0.0000
    862.6611	      0.0000
    862.6851	      0.0000
    862.7092	      0.0000
    862.7332	      0.0000
    862.7572	   1224.7858
    862.7813	   2576.4641
    862.8053	   5311.0176
    862.8294	   5404.8398
    862.8534	   2658.9348
    862.8774	   1324.0741
    862.9015	    433.2516
    862.9255	      0.0000
    862.9496	      0.0000
    862.9736	      0.0000
    862.9977	      0.0000
    863.1660	      0.0000
    863.1901	      0.0000
    863.2141	      0.0000
    863.2382	      0.0000
    863.2623	   1094.7772
    863.2863	   2141.7141
    863.3104	   2817.9309
    863.3344	   2623.9133
    863.3585	   1696.1506
    863.3826	    677.8589
    863.4067	      0.0000
    863.4307	      0.0000
    863.4548	      0.0000
    863.4789	      0.0000
    898.5944	      0.0000
    898.6200	      0.0000
    898.6455	      0.0000
    898.6711	      0.0000
    898.6966	    770.9430
    898.7222	   1458.3466
    898.7478	   1814.9554
    898.7733	   1616.3398
    898.7989	   1013.3190
    898.8244	      0.0000
    898.8500	      0.0000
    898.8756	      0.0000
    898.9011	      0.0000
    904.2420	      0.0000
    904.2678	      0.0000
    904.2936	      0.0000
    904.3194	      0.0000
    904.3452	    897.3121
    904.3710	   2069.4072
    904.3968	   2973.1399
    904.4226	   2963.9910
    904.4484	   2101.2747
    904.4742	   1031.5245
    904.5000	      0.0000
    904.5258	      0.0000
    904.5516	      0.0000
    904.5774	      0.0000
    904.6032	      0.0000
    904.6290	      0.0000
    904.6548	      0.0000
    904.6806	   1146.1385
    904.7065	   2490.3481
    904.7323	   5121.2603
    904.7581	   5052.8457
    904.7839	   3033.9624
    904.8097	   1341.0471
    904.8355	    475.2829
    904.8613	      0.0000
    904.8872	      0.0000
    904.9130	      0.0000
    904.9388	      0.0000
    904.9646	      0.0000
    904.9904	    648.1230
    905.0163	   2366.3821
    905.0421	   5112.3682
    905.0679	   7918.1167
    905.0938	   7779.3228
    905.1196	   4793.1084
    905.1454	   1849.7656
    905.1712	    144.3872
    905.1971	      0.0000
    905.2229	      0.0000
    905.2487	      0.0000
    905.2746	      0.0000
    905.3004	      0.0000
    905.3263	      0.0000
    905.3521	   1117.3890
    905.3779	   2263.7144
    905.4038	   3116.0103
    905.4296	   3055.5435
    905.4555	   2098.5054
    905.4813	    919.3829
    905.5071	      0.0000
    905.5330	      0.0000
    905.5588	      0.0000
    905.5847	      0.0000
    905.6105	      0.0000
    905.6364	      0.0000
    905.6622	      0.0000
    905.6881	   1016.6628
    905.7139	   1577.6014
    905.7398	   1721.2036
    905.7657	   1362.4052
    905.7915	    739.2741
    905.8174	      0.0000
    905.8432	      0.0000
    905.8691	      0.0000
    905.8950	      0.0000
    907.2413	      0.0000
    907.2672	      0.0000
    907.2932	      0.0000
    907.3191	      0.0000
    907.3450	    908.9566
    907.3709	   1620.8397
    907.3968	   1955.5623
    907.4228	   1666.3826
    907.4487	    960.7896
    907.4746	      0.0000
    907.5006	      0.0000
    907.5265	      0.0000
    907.5524	      0.0000
    907.7340	      0.0000
    907.7599	      0.0000
    907.7859	      0.0000
    907.8118	      0.0000
    907.8378	    993.7077
    907.8637	   1786.1002
    907.8897	   2107.4504
    907.9156	   1704.4247
    907.9416	    889.3256
    907.9675	      0.0000
    907.9935	      0.0000
    908.0194	      0.0000
    908.0454	      0.0000
    909.2925	      0.0000
    909.3185	      0.0000
    909.3445	      0.0000
    909.3705	      0.0000
    909.3965	    904.0396
    909.4225	   1663.1433
    909.4485	   1955.5413
    909.4746	   1583.6890
    909.5006	    851.3564
    909.5266	      0.0000
    909.5526	      0.0000
    909.5786	      0.0000
    909.6047	      0.0000
    910.2816	      0.0000
    910.3076	      0.0000
    910.3337	      0.0000
    910.3597	      0.0000
    910.3858	   1210.9559
    910.4119	   2172.1641
    910.4379	   2631.6018
    910.4640	   2310.5745
    910.4900	   1498.3717
    910.5161	    711.5089
    910.5422	      0.0000
    910.5682	      0.0000
    910.5943	      0.0000
    910.6204	      0.0000
    927.2126	      0.0000
    927.2394	      0.0000
    927.2662	      0.0000
    927.2929	      0.0000
    927.3197	    999.3627
    927.3465	   1616.4360
    927.3733	   1805.6252
    927.4001	   1462.6531
    927.4269	    824.9733
    927.4537	      0.0000
    927.4805	      0.0000
    927.5073	      0.0000
    927.5341	      0.0000
    935.7608	      0.0000
    935.7879	      0.0000
    935.8151	      0.0000
    935.8422	      0.0000
    935.8694	   1290.9751
    935.8965	   1947.8842
    935.9237	   2090.9207
    935.9508	   1615.2646
    935.9780	    854.7100
    936.0052	      0.0000
    936.0323	      0.0000
    936.0595	      0.0000
    936.0867	      0.0000
    936.2225	      0.0000
    936.2497	      0.0000
    936.2769	      0.0000
    936.3040	      0.0000
    936.3312	   1032.9261
    936.3584	   2087.6494
    936.3856	   2839.9910
    936.4127	   2761.8567
    936.4399	   1907.5244
    936.4671	    867.9661
    936.4943	      0.0000
    936.5215	      0.0000
    936.5487	      0.0000
    936.5758	      0.0000
    936.7662	      0.0000
    936.7934	      0.0000
    936.8206	      0.0000
    936.8478	      0.0000
    936.8750	   1226.2656
    936.9022	   1547.0502
    936.9294	   1607.2146
    936.9566	   1345.6227
    936.9838	    849.0676
    937.0110	      0.0000
    937.0382	      0.0000
    937.0654	      0.0000
    937.0926	      0.0000
    937.2831	      0.0000
    937.3103	      0.0000
    937.3376	      0.0000
    937.3648	      0.0000
    937.3920	    914.8263
    937.4192	   1698.7350
    937.4465	   2202.0339
    937.4737	   2088.8079
    937.5009	   1428.1644
    937.5281	    650.8690
    937.5554	      0.0000
    937.5826	      0.0000
    937.6098	      0.0000
    937.6371	      0.0000
    937.7732	      0.0000
    937.8005	      0.0000
    937.8277	      0.0000
    937.8550	      0.0000
    937.8822	    601.5961
    937.9095	   1379.0917
    937.9367	   2151.3098
    937.9639	   2428.1838
    937.9912	   1975.2921
    938.0184	   1112.3711
    938.0457	      0.0000
    938.0729	      0.0000
    938.1002	      0.0000
    938.1275	      0.0000
    938.7546	      0.0000
    938.7819	      0.0000
    938.8092	      0.0000
    938.8365	      0.0000
    938.8638	   1119.6733
    938.8911	   2471.6924
    938.9184	   3448.4155
    938.9456	   4381.2070
    938.9729	   2258.4182
    939.0002	   1027.6124
    939.0276	      0.0000
    939.0549	      0.0000
    939.0822	      0.0000
    939.1095	      0.0000
    955.3127	      0.0000
    955.3407	      0.0000
    955.3687	      0.0000
    955.3967	      0.0000
    955.4247	    691.9937
    955.4527	   1371.6488
    955.4807	   1671.7695
    955.5088	   1400.2050
    955.5368	    796.9705
    955.5648	      0.0000
    955.5929	      0.0000
    955.6209	      0.0000
    955.6489	      0.0000
    995.2574	      0.0000
    995.2872	      0.0000
    995.3170	      0.0000
    995.3468	      0.0000
    995.3766	   1119.7123
    995.4063	   1787.1483
    995.4361	   2014.4717
    995.4659	   1670.7893
    995.4957	   1002.5031
    995.5255	      0.0000
    995.5553	      0.0000
    995.5851	      0.0000
    995.6149	      0.0000
   1008.2492	      0.0000
   1008.2795	      0.0000
   1008.3099	      0.0000
   1008.3403	      0.0000
   1008.3706	   1146.5216
   1008.4010	   1768.4240
   1008.4314	   1981.4578
   1008.4618	   1619.1589
   1008.4921	    910.3070
   1008.5225	      0.0000
   1008.5529	      0.0000
   1008.5833	      0.0000
   1008.6137	      0.0000
   1008.7352	      0.0000
   1008.7656	      0.0000
   1008.7960	      0.0000
   1008.8264	      0.0000
   1008.8568	   1295.2399
   1008.8872	   2278.6318
   1008.9176	   2681.5798
   1008.9480	   2194.8662
   1008.9784	   1195.8989
   1009.0088	      0.0000
   1009.0392	      0.0000
   1009.0696	      0.0000
   1009.1000	      0.0000
   1009.2520	      0.0000
   1009.2824	      0.0000
   1009.3129	      0.0000
   1009.3433	      0.0000
   1009.3737	   1091.9562
   1009.4041	   1701.4580
   1009.4345	   1876.9254
   1009.4650	   1517.2271
   1009.4954	    871.3369
   1009.5258	      0.0000
   1009.5562	      0.0000
   1009.5867	      0.0000
   1009.6171	      0.0000
   1009.7084	      0.0000
   1009.7388	      0.0000
   1009.7692	      0.0000
   1009.7997	      0.0000
   1009.8301	    531.1281
   1009.8606	   1399.3495
   1009.8910	   2293.2041
   1009.9214	   2645.3508
   1009.9519	   2168.7429
   1009.9823	   1177.9409
   1010.0128	      0.0000
   1010.0432	      0.0000
   1010.0737	      0.0000
   1010.1041	      0.0000
   1010.2869	      0.0000
   1010.3173	      0.0000
   1010.3478	      0.0000
   1010.3782	      0.0000
   1010.4087	    853.9716
   1010.4392	   1562.8693
   1010.4696	   2010.9841
   1010.5001	   1963.0791
   1010.5306	   1461.8116
   1010.5610	    791.1419
   1010.5915	      0.0000
   1010.6220	      0.0000
   1010.6525	      0.0000
   1010.6829	      0.0000
   1010.7744	      0.0000
   1010.8049	      0.0000
   1010.8353	      0.0000
   1010.8658	      0.0000
   1010.8963	    962.9786
   1010.9268	   2045.0675
   1010.9573	   3134.7893
   1010.9878	   5731.3501
   1011.0183	   3080.8894
   1011.0488	   1927.8099
   1011.0793	    827.6367
   1011.1098	      0.0000
   1011.1403	      0.0000
   1011.1708	      0.0000
   1011.2013	      0.0000
   1016.7446	      0.0000
   1016.7753	      0.0000
   1016.8061	      0.0000
   1016.8368	      0.0000
   1016.8676	   1315.0869
   1016.8984	   2162.9939
   1016.9291	   2503.5764
   1016.9599	   2102.0725
   1016.9906	   1240.3851
   1017.0214	      0.0000
   1017.0522	      0.0000
   1017.0829	      0.0000
   1017.1137	      0.0000
   1018.2531	      0.0000
   1018.2839	      0.0000
   1018.3147	      0.0000
   1018.3456	      0.0000
   1018.3764	    544.1569
   1018.4072	   1560.0226
   1018.4380	   3902.7649
   1018.4689	   5714.3892
   1018.4997	   5116.2744
   1018.5305	   2420.1001
   1018.5614	   1057.3322
   1018.5923	      0.0000
   1018.6231	      0.0000
   1018.6540	      0.0000
   1018.6848	      0.0000
   1072.2750	      0.0000
   1072.3083	      0.0000
   1072.3416	      0.0000
   1072.3749	      0.0000
   1072.4082	    542.0069
   1072.4415	   1537.6945
   1072.4748	   2571.5134
   1072.5081	   2921.0317
   1072.5415	   2315.2805
   1072.5748	   1223.0546
   1072.6081	      0.0000
   1072.6414	      0.0000
   1072.6747	      0.0000
   1072.7081	      0.0000
   1083.7568	      0.0000
   1083.7906	      0.0000
   1083.8245	      0.0000
   1083.8583	      0.0000
   1083.8921	   1000.9336
   1083.9260	   1538.7494
   1083.9598	   1737.2186
   1083.9937	   1492.4663
   1084.0276	    978.9390
   1084.0614	      0.0000
   1084.0953	      0.0000
   1084.1291	      0.0000
   1084.1630	      0.0000
   1092.3012	      0.0000
   1092.3355	      0.0000
   1092.3697	      0.0000
   1092.4040	      0.0000
   1092.4382	    866.1495
   1092.4725	   1457.4229
   1092.5067	   1709.9448
   1092.5410	   1423.3546
   1092.5752	    777.0898
   1092.6095	      0.0000
   1092.6437	      0.0000
   1092.6780	      0.0000
   1092.7123	      0.0000
   1097.1800	      0.0000
   1097.2144	      0.0000
   1097.2489	      0.0000
   1097.2834	      0.0000
   1097.3179	   1045.9376
   1097.3523	   1773.7908
   1097.3868	   2315.0479
   1097.4213	   2404.8767
   1097.4558	   1969.4521
   1097.4903	   1213.5980
   1097.5248	      0.0000
   1097.5593	      0.0000
   1097.5938	      0.0000
   1097.6282	      0.0000
   1098.2149	      0.0000
   1098.2494	      0.0000
   1098.2839	      0.0000
   1098.3184	      0.0000
   1098.3530	    597.0689
   1098.3875	   1560.2782
   1098.4220	   2506.8682
   1098.4566	   2737.6831
   1098.4911	   2050.7314
   1098.5256	    983.3484
   1098.5602	      0.0000
   1098.5947	      0.0000
   1098.6292	      0.0000
   1098.6638	      0.0000
   1098.7674	      0.0000
   1098.8020	      0.0000
   1098.8365	      0.0000
   1098.8711	      0.0000
   1098.9056	   1031.3461
   1098.9402	   1697.6665
   1098.9747	   1909.1014
   1099.0093	   1505.7207
   1099.0438	    801.3518
   1099.0784	      0.0000
   1099.1130	      0.0000
   1099.1475	      0.0000
   1099.1821	      0.0000
   1099.2512	      0.0000
   1099.2858	      0.0000
   1099.3204	      0.0000
   1099.3550	      0.0000
   1099.3895	    859.5447
   1099.4241	   1555.2670
   1099.4587	   2054.6292
   1099.4933	   2069.5039
   1099.5278	   1548.7504
   1099.5624	    772.1092
   1099.5970	      0.0000
   1099.6316	      0.0000
   1099.6662	      0.0000
   1099.7008	      0.0000
   1099.8046	      0.0000
   1099.8392	      0.0000
   1099.8738	      0.0000
   1099.9084	      0.0000
   1099.9430	   1243.7937
   1099.9776	   1740.2299
   1100.0122	   1881.8286
   1100.0468	   1523.4059
   1100.0814	    846.1859
   1100.1160	      0.0000
   1100.1506	      0.0000
   1100.1852	      0.0000
   1100.2198	      0.0000
   1100.7739	      0.0000
   1100.8085	      0.0000
   1100.8432	      0.0000
   1100.8778	      0.0000
   1100.9125	    675.5585
   1100.9471	   1401.0717
   1100.9818	   1844.9052
   1101.0164	   1709.2412
   1101.0511	   1130.6718
   1101.0857	      0.0000
   1101.1204	      0.0000
   1101.1551	      0.0000
   1101.1897	      0.0000
   1113.3165	      0.0000
   1113.3517	      0.0000
   1113.3870	      0.0000
   1113.4222	      0.0000
   1113.4575	    785.4344
   1113.4927	   1707.0619
   1113.5279	   2242.5654
   1113.5632	   2012.3081
   1113.5984	   1228.5691
   1113.6337	      0.0000
   1113.6690	      0.0000
   1113.7042	      0.0000
   1113.7395	      0.0000
   1134.7266	      0.0000
   1134.7628	      0.0000
   1134.7991	      0.0000
   1134.8354	      0.0000
   1134.8716	    826.0941
   1134.9079	   1513.4152
   1134.9442	   2091.5674
   1134.9804	   2193.8796
   1135.0167	   1693.4365
   1135.0530	    886.3264
   1135.0893	      0.0000
   1135.1255	      0.0000
   1135.1618	      0.0000
   1135.1981	      0.0000
   1163.7328	      0.0000
   1163.7704	      0.0000
   1163.8081	      0.0000
   1163.8458	      0.0000
   1163.8834	    967.6188
   1163.9211	   1819.8519
   1163.9587	   2303.1438
   1163.9964	   2065.9724
   1164.0341	   1281.9423
   1164.0718	      0.0000
   1164.1094	      0.0000
   1164.1471	      0.0000
   1164.1848	      0.0000
   1164.2601	      0.0000
   1164.2978	      0.0000
   1164.3355	      0.0000
   1164.3732	      0.0000
   1164.4109	    907.9927
   1164.4486	   1697.0482
   1164.4863	   2213.4919
   1164.5240	   2145.9216
   1164.5617	   1540.1185
   1164.5993	    762.9592
   1164.6370	      0.0000
   1164.6747	      0.0000
   1164.7125	      0.0000
   1164.7502	      0.0000
   1164.7879	      0.0000
   1164.8256	      0.0000
   1164.8633	      0.0000
   1164.9010	    603.6354
   1164.9387	   1519.9514
   1164.9764	   2313.2451
   1165.0141	   2427.3506
   1165.0519	   1810.5897
   1165.0896	    921.0449
   1165.1273	      0.0000
   1165.1650	      0.0000
   1165.2028	      0.0000
   1165.2405	      0.0000
   1165.2782	      0.0000
   1165.3159	      0.0000
   1165.3537	      0.0000
   1165.3914	    905.9383
   1165.4291	   1878.3403
   1165.4669	   2757.7573
   1165.5046	   3009.1782
   1165.5424	   2436.5657
   1165.5801	   1404.0763
   1165.6179	    517.3961
   1165.6556	      0.0000
   1165.6934	      0.0000
   1165.7311	      0.0000
   1165.7689	      0.0000
   1166.2976	      0.0000
   1166.3354	      0.0000
   1166.3732	      0.0000
   1166.4110	      0.0000
   1166.4488	    963.7027
   1166.4865	   2012.3231
   1166.5243	   2705.2610
   1166.5621	   2603.4775
   1166.5999	   1814.4565
   1166.6377	    887.2531
   1166.6755	      0.0000
   1166.7133	      0.0000
   1166.7511	      0.0000
   1166.7889	      0.0000
   1166.8267	      0.0000
   1166.8645	      0.0000
   1166.9023	    754.0131
   1166.9402	   1883.1365
   1166.9780	   3034.6128
   1167.0158	   5360.4551
   1167.0536	   2985.6316
   1167.0914	   1845.1429
   1167.1292	    801.8160
   1167.1671	      0.0000
   1167.2049	      0.0000
   1167.2427	      0.0000
   1167.2805	      0.0000
   1171.2246	      0.0000
   1171.2627	      0.0000
   1171.3007	      0.0000
   1171.3387	      0.0000
   1171.3767	    655.8858
   1171.4148	   1524.5933
   1171.4528	   2260.7351
   1171.4908	   2311.6875
   1171.5289	   1604.2186
   1171.5669	    675.4355
   1171.6049	      0.0000
   1171.6430	      0.0000
   1171.6810	      0.0000
   1171.7191	      0.0000
   1172.2899	      0.0000
   1172.3280	      0.0000
   1172.3661	      0.0000
   1172.4042	      0.0000
   1172.4422	    650.6039
   1172.4803	   1480.6086
   1172.5184	   2014.0801
   1172.5565	   1875.3923
   1172.5946	   1219.5361
   1172.6489	      0.0000
   1172.6870	      0.0000
   1172.7251	      0.0000
   1172.7632	      0.0000
   1173.2205	      0.0000
   1173.2586	      0.0000
   1173.2967	      0.0000
   1173.3348	      0.0000
   1173.3729	    654.2144
   1173.4111	   1694.2267
   1173.4492	   5034.0679
   1173.4873	  12547.0439
   1173.5255	  20703.5430
   1173.5636	  24719.8379
   1173.6017	  17674.8047
   1173.6399	   9287.1953
   1173.6780	   1340.9034
   1173.7158	      0.0000
   1173.7539	      0.0000
   1173.7921	      0.0000
   1173.8302	      0.0000
   1173.8683	    845.4277
   1173.9065	   2691.0928
   1173.9446	   6993.8936
   1173.9828	  17201.9473
   1174.0210	  28237.2695
   1174.0591	  34791.2305
   1174.0973	  26265.5586
   1174.1354	  14946.7930
   1174.1736	   3629.2415
   1174.2118	      0.0000
   1174.2472	      0.0000
   1174.2854	      0.0000
   1174.3236	      0.0000
   1174.3617	      0.0000
   1174.3999	    615.6353
   1174.4381	   2770.9465
   1174.4763	   9196.1670
   1174.5144	  16007.7998
   1174.5526	  21019.7598
   1174.5908	  16769.9746
   1174.6290	   9696.2578
   1174.6672	   2484.4478
   1174.7054	      0.0000
   1174.7568	      0.0000
   1174.7950	      0.0000
   1174.8332	      0.0000
   1174.8714	      0.0000
   1174.9096	    565.9610
   1174.9478	   1903.5104
   1174.9860	   5239.7109
   1175.0242	   9087.0859
   1175.0624	  11850.2148
   1175.1006	   9507.5352
   1175.1388	   5366.0103
   1175.1770	   1095.4469
   1175.1888	      0.0000
   1175.2270	      0.0000
   1175.2652	      0.0000
   1175.3034	      0.0000
   1175.3416	      0.0000
   1175.3799	      0.0000
   1175.4181	      0.0000
   1175.4563	    663.4447
   1175.4945	   1466.2249
   1175.5328	   1944.8860
   1175.5710	   1721.0105
   1175.6092	    963.5567
   1175.6475	      0.0000
   1175.6857	      0.0000
   1175.7240	      0.0000
   1175.7622	      0.0000
   1205.7705	      0.0000
   1205.8102	      0.0000
   1205.8499	      0.0000
   1205.8897	      0.0000
   1205.9294	   1179.8752
   1205.9691	   1745.0753
   1206.0088	   1854.5540
   1206.0486	   1455.0256
   1206.0883	    810.0745
   1206.1281	      0.0000
   1206.1678	      0.0000
   1206.2076	      0.0000
   1206.2473	      0.0000
   1237.2314	      0.0000
   1237.2727	      0.0000
   1237.3140	      0.0000
   1237.3553	      0.0000
   1237.3966	    642.1493
   1237.4379	   1576.8312
   1237.4791	   2359.2190
   1237.5204	   2492.5581
   1237.5617	   1899.3348
   1237.6030	   1003.9525
   1237.6443	      0.0000
   1237.6856	      0.0000
   1237.7269	      0.0000
   1237.7682	      0.0000
   1239.2980	      0.0000
   1239.3394	      0.0000
   1239.3807	      0.0000
   1239.4221	      0.0000
   1239.4635	   1300.8516
   1239.5049	   2013.3655
   1239.5463	   2178.0242
   1239.5877	   1656.1243
   1239.6291	    828.8919
   1239.6705	      0.0000
   1239.7119	      0.0000
   1239.7533	      0.0000
   1239.7947	      0.0000
   1244.7369	      0.0000
   1244.7786	      0.0000
   1244.8202	      0.0000
   1244.8619	      0.0000
   1244.9036	   1308.1791
   1244.9452	   2509.5422
   1244.9869	   3273.3765
   1245.0286	   3069.6072
   1245.0702	   2064.3909
   1245.1119	    949.1102
   1245.1536	      0.0000
   1245.1953	      0.0000
   1245.2369	      0.0000
   1245.2786	      0.0000
   1246.2379	      0.0000
   1246.2796	      0.0000
   1246.3213	      0.0000
   1246.3631	      0.0000
   1246.4048	    703.7396
   1246.4466	   2872.0906
   1246.4883	   5477.3306
   1246.5300	   8161.0415
   1246.5718	   8524.3721
   1246.6135	   5813.1831
   1246.6553	   2494.8784
   1246.6970	    182.8241
   1246.7494	      0.0000
   1246.7912	      0.0000
   1246.8329	      0.0000
   1246.8747	      0.0000
   1246.9165	    648.0477
   1246.9582	   3198.5618
   1247.0000	   9334.8906
   1247.0418	  16072.6563
   1247.0835	  20339.3984
   1247.1253	  15234.1582
   1247.1671	   8342.4033
   1247.2089	   2168.8867
   1247.2506	     59.5639
   1247.2807	      0.0000
   1247.3224	      0.0000
   1247.3642	      0.0000
   1247.4060	    416.7489
   1247.4478	   1919.9532
   1247.4896	   5351.2603
   1247.5314	   9455.9717
   1247.5732	  10993.5498
   1247.6150	   7533.7695
   1247.6568	   3820.3506
   1247.6986	    801.0928
   1247.7415	      0.0000
   1247.7834	      0.0000
   1247.8252	      0.0000
   1247.8670	      0.0000
   1247.9088	    527.4247
   1247.9506	   2024.1693
   1247.9924	   4571.5317
   1248.0342	   7380.4692
   1248.0761	   7654.3931
   1248.1179	   4813.5698
   1248.1597	   2019.9783
   1248.2015	     35.9070
   1248.2434	      0.0000
   1248.2852	      0.0000
   1248.3270	      0.0000
   1248.3689	      0.0000
   1248.7874	      0.0000
   1248.8292	      0.0000
   1248.8711	      0.0000
   1248.9129	      0.0000
   1248.9548	    702.8573
   1248.9967	   1557.6519
   1249.0385	   2135.9243
   1249.0804	   1968.4263
   1249.1223	   1194.9351
   1249.1642	      0.0000
   1249.2061	      0.0000
   1249.2479	      0.0000
   1249.2898	      0.0000
   1254.7948	      0.0000
   1254.8369	      0.0000
   1254.8791	      0.0000
   1254.9212	      0.0000
   1254.9634	    916.4366
   1255.0056	   1739.5646
   1255.0478	   2080.4751
   1255.0899	   1672.0859
   1255.1321	    846.3157
   1255.2014	      0.0000
   1255.2436	      0.0000
   1255.2858	      0.0000
   1255.3280	      0.0000
   1274.7453	      0.0000
   1274.7885	      0.0000
   1274.8316	      0.0000
   1274.8748	      0.0000
   1274.9180	    655.3512
   1274.9612	   1880.6893
   1275.0044	   5744.4878
   1275.0475	  10665.5215
   1275.0907	  15408.3320
   1275.1339	  13661.3193
   1275.1771	   7786.4131
   1275.2203	   2637.1973
   1275.2635	      0.0000
   1275.3086	      0.0000
   1275.3518	      0.0000
   1275.3950	      0.0000
   1275.4382	    664.4631
   1275.4814	   3123.9470
   1275.5246	   7273.5068
   1275.5678	  12126.6758
   1275.6110	  15017.6221
   1275.6542	  10935.1104
   1275.6974	   5785.1680
   1275.7407	    977.7021
   1275.7770	      0.0000
   1275.8202	      0.0000
   1275.8634	      0.0000
   1275.9066	      0.0000
   1275.9499	   1049.3884
   1275.9931	   3522.4275
   1276.0363	   7264.6299
   1276.0796	  11435.5615
   1276.1228	  11781.0869
   1276.1660	   7347.3467
   1276.2093	   3225.6609
   1276.2525	      7.0015
   1276.2737	      0.0000
   1276.3170	      0.0000
   1276.3602	      0.0000
   1276.4035	      0.0000
   1276.4467	   1125.7600
   1276.4900	   4029.5798
   1276.5333	   6496.3208
   1276.5765	   7830.7896
   1276.6198	   5789.6157
   1276.6631	   3138.4600
   1276.7063	    736.8860
   1276.7496	      0.0000
   1276.7929	      0.0000
   1276.8361	      0.0000
   1276.8794	      0.0000
   1276.9227	      0.0000
   1276.9660	      0.0000
   1277.0093	   1267.7694
   1277.0526	   1980.0846
   1277.0958	   2091.1821
   1277.1391	   1524.1289
   1277.1824	    697.8802
   1277.2258	      0.0000
   1277.2691	      0.0000
   1277.3124	      0.0000
   1277.3557	      0.0000
   1347.7799	      0.0000
   1347.8269	      0.0000
   1347.8738	      0.0000
   1347.9207	      0.0000
   1347.9677	   1145.1948
   1348.0146	   3209.2019
   1348.0616	   5614.9302
   1348.1085	   6474.9272
   1348.1555	   4147.1318
   1348.2024	   1836.2777
   1348.2494	      0.0000
   1348.2963	      0.0000
   1348.3433	      0.0000
   1348.3903	      0.0000
   1348.4372	    498.4167
   1348.4842	   2241.7539
   1348.5312	   4923.8721
   1348.5781	   7961.4795
   1348.6251	   8359.6953
   1348.6721	   5438.1299
   1348.7191	   2572.0769
   1348.7661	    806.3920
   1348.8362	      0.0000
   1348.8832	      0.0000
   1348.9302	      0.0000
   1348.9772	   1081.0306
   1349.0242	   4049.0315
   1349.0712	   7675.4175
   1349.1182	  11159.1826
   1349.1652	   9529.5322
   1349.2122	   5355.7485
   1349.2592	   1473.9208
   1349.3062	      0.0000
   1349.3301	      0.0000
   1349.3771	      0.0000
   1349.4241	      0.0000
   1349.4711	   1276.0792
   1349.5181	   3650.5940
   1349.5652	   5956.0938
   1349.6122	   7168.7378
   1349.6592	   5313.8350
   1349.7063	   2935.8188
   1349.7533	    853.5917
   1349.8003	      0.0000
   1349.8474	      0.0000
   1349.8944	      0.0000
   1349.9415	      0.0000
   1355.7942	      0.0000
   1355.8415	      0.0000
   1355.8889	      0.0000
   1355.9362	      0.0000
   1355.9836	    966.0930
   1356.0310	   2336.7776
   1356.0783	   4768.5898
   1356.1257	   4488.9429
   1356.1731	   2544.4255
   1356.2205	    302.9377
   1356.2847	      0.0000
   1356.3321	      0.0000
   1356.3795	      0.0000
   1356.4268	    846.4951
   1356.4742	   2396.0198
   1356.5216	   6148.6787
   1356.5690	  10247.4053
   1356.6164	  13077.6807
   1356.6638	  10094.6914
   1356.7112	   5896.1230
   1356.7586	   1844.1705
   1356.8060	     10.4121
   1356.8570	      0.0000
   1356.9044	      0.0000
   1356.9518	    564.8992
   1356.9992	   1956.1809
   1357.0466	   5092.5591
   1357.0940	   8520.9014
   1357.1414	  10026.7490
   1357.1889	   6612.1157
   1357.2363	   3030.5779
   1357.2837	      0.0000
   1357.3107	      0.0000
   1357.3582	      0.0000
   1357.4056	      0.0000
   1357.4530	    704.7422
   1357.5005	   1492.8334
   1357.5479	   2675.0278
   1357.5954	   5238.9082
   1357.6428	   4568.6650
   1357.6903	   2187.7822
   1357.7377	    974.2369
   1357.7840	      0.0000
   1357.8315	      0.0000
   1357.8789	      0.0000
   1357.9264	      0.0000
   1422.3073	      0.0000
   1422.3582	      0.0000
   1422.4091	      0.0000
   1422.4600	      0.0000
   1422.5109	    530.1827
   1422.5618	   1634.3934
   1422.6126	   2726.1531
   1422.6635	   3083.1833
   1422.7144	   2506.7703
   1422.7653	   1487.9963
   1422.8163	    682.5339
   1422.8672	      0.0000
   1422.9181	      0.0000
   1422.9690	      0.0000
   1423.0199	      0.0000
   1423.8349	      0.0000
   1423.8859	      0.0000
   1423.9369	      0.0000
   1423.9878	      0.0000
   1424.0388	    933.1668
   1424.0898	   1735.6377
   1424.1408	   2155.5156
   1424.1917	   1877.3120
   1424.2427	   1123.1273
   1424.2937	      0.0000
   1424.3447	      0.0000
   1424.3957	      0.0000
   1424.4467	      0.0000
   1428.7911	      0.0000
   1428.8424	      0.0000
   1428.8936	      0.0000
   1428.9448	      0.0000
   1428.9961	   1072.4025
   1429.0473	   2109.4619
   1429.0985	   2876.8320
   1429.1498	   2834.9802
   1429.2010	   2026.9115
   1429.2523	   1036.7827
   1429.3035	      0.0000
   1429.3548	      0.0000
   1429.4061	      0.0000
   1429.4573	      0.0000
   1429.5086	   1305.7057
   1429.5599	   2275.0388
   1429.6111	   2825.9126
   1429.6624	   2472.7529
   1429.7137	   1480.2661
   1429.7650	    583.0946
   1429.8162	      0.0000
   1429.8675	      0.0000
   1429.9188	      0.0000
   1429.9701	    916.3040
   1430.0214	   3264.1372
   1430.0727	   5874.5698
   1430.1240	   7968.8101
   1430.1753	   6401.9146
   1430.2266	   3475.2681
   1430.2779	    629.1620
   1430.3292	      0.0000
   1430.3805	      0.0000
   1430.4318	      0.0000
   1430.4832	   1046.4594
   1430.5345	   1894.9875
   1430.5858	   2835.1311
   1430.6371	   3179.2410
   1430.6885	   2584.0671
   1430.7398	   1464.6489
   1430.7911	      0.0000
   1430.8425	      0.0000
   1430.8938	      0.0000
   1430.9451	      0.0000
   1436.7647	      0.0000
   1436.8164	      0.0000
   1436.8680	      0.0000
   1436.9197	      0.0000
   1436.9713	   1082.3483
   1437.0230	   2215.4324
   1437.0747	   3275.4490
   1437.1264	   4887.7388
   1437.1780	   3292.8516
   1437.2297	   1536.9020
   1437.2814	    652.0102
   1437.3331	      0.0000
   1437.3848	      0.0000
   1437.4365	    629.7896
   1437.4882	   2147.3428
   1437.5399	   4910.0596
   1437.5916	   7836.4609
   1437.6433	   8910.2822
   1437.6950	   6345.2217
   1437.7467	   3241.6338
   1437.7984	    458.5056
   1437.8501	      0.0000
   1437.9018	      0.0000
   1437.9536	      0.0000
   1438.0053	   1662.2202
   1438.0570	   4764.7461
   1438.1087	   7969.9028
   1438.1605	   8062.6841
   1438.2122	   5012.2725
   1438.2639	   2082.2908
   1438.3157	    306.7747
   1438.3674	      0.0000
   1438.4192	      0.0000
   1438.4709	   1039.8982
   1438.5227	   2068.1787
   1438.5744	   5392.9355
   1438.6262	   6835.2026
   1438.6779	   5744.3560
   1438.7297	   3307.5742
   1438.7815	   1417.8986
   1438.8332	      0.0000
   1438.8850	      0.0000
   1438.9368	      0.0000
   1438.9885	      0.0000
   1439.0403	   1303.5508
   1439.0921	   2096.7537
   1439.1439	   2370.9580
   1439.1957	   1788.5040
   1439.2475	    766.1938
   1439.2993	      0.0000
   1439.3511	      0.0000
   1439.4029	      0.0000
   1439.4547	      0.0000
   1495.3190	      0.0000
   1495.3738	      0.0000
   1495.4287	      0.0000
   1495.4835	      0.0000
   1495.5384	    933.5845
   1495.5932	   1875.3557
   1495.6481	   2627.0330
   1495.7030	   2682.8027
   1495.7578	   2019.7523
   1495.8127	   1122.7592
   1495.8676	      0.0000
   1495.9225	      0.0000
   1495.9774	      0.0000
   1496.0322	   1202.1083
   1496.0871	   1779.0756
   1496.1420	   2143.5779
   1496.1969	   2066.2046
   1496.2518	   1576.0829
   1496.3067	    948.8383
   1496.3616	      0.0000
   1496.4165	      0.0000
   1496.4714	      0.0000
   1496.5263	      0.0000
   1502.8062	      0.0000
   1502.8615	      0.0000
   1502.9167	      0.0000
   1502.9720	      0.0000
   1503.0273	   1378.9878
   1503.0825	   2126.6252
   1503.1378	   2327.3511
   1503.1931	   1825.1859
   1503.2484	   1021.9437
   1503.3037	      0.0000
   1503.3590	      0.0000
   1503.4142	      0.0000
   1503.4695	    684.6459
   1503.5248	   1737.4994
   1503.5801	   4180.4048
   1503.6354	   6043.5088
   1503.6907	   5046.6426
   1503.7461	   2672.1990
   1503.8014	    406.4552
   1503.8567	      0.0000
   1503.9120	      0.0000
   1503.9673	      0.0000
   1504.0227	   1412.7443
   1504.0780	   2288.1147
   1504.1333	   3126.8159
   1504.1887	   3330.2532
   1504.2440	   2691.6882
   1504.2993	   1644.9526
   1504.3547	    789.6245
   1504.4100	      0.0000
   1504.4654	      0.0000
   1504.5207	      0.0000
   1504.5761	   1453.1621
   1504.6314	   2087.7639
   1504.6868	   2215.0886
   1504.7422	   1693.4783
   1504.7975	    874.9118
   1504.8529	      0.0000
   1504.9083	      0.0000
   1504.9637	      0.0000
   1505.0190	      0.0000
   1510.2385	      0.0000
   1510.2941	      0.0000
   1510.3498	      0.0000
   1510.4055	      0.0000
   1510.4612	    701.4791
   1510.5169	   1781.5586
   1510.5725	   4438.0840
   1510.6282	   6478.3979
   1510.6839	   5731.8457
   1510.7396	   3294.1365
   1510.7953	   1032.4846
   1510.8510	      0.0000
   1510.9067	      0.0000
   1510.9624	      0.0000
   1511.0182	   1202.3013
   1511.0739	   1996.0280
   1511.1296	   2723.8391
   1511.1853	   2814.2134
   1511.2410	   2121.0386
   1511.2968	   1148.8417
   1511.3525	      0.0000
   1511.4082	      0.0000
   1511.4640	      0.0000
   1511.5197	   1053.0834
   1511.5754	   1668.6985
   1511.6312	   2158.5925
   1511.6869	   2172.6802
   1511.7427	   1664.5531
   1511.7984	    963.3118
   1511.8542	      0.0000
   1511.9099	      0.0000
   1511.9657	      0.0000
   1512.0215	      0.0000
   2478.8617	      0.0000
   2478.9788	      0.0000
   2479.0959	      0.0000
   2479.2130	      0.0000
   2479.3301	    789.5701
   2479.4472	   1508.3380
   2479.5643	   1867.6040
   2479.6814	   1603.2715
   2479.7985	    913.1758
   2479.9157	      0.0000
   2480.0328	      0.0000
   2480.1500	      0.0000
   2480.2671	      0.0000
   2546.5959	      0.0000
   2546.7178	      0.0000
   2546.8397	      0.0000
   2546.9617	      0.0000
   2547.0836	    817.5267
   2547.2055	   1582.4132
   2547.3275	   1967.4481
   2547.4494	   1615.1740
   2547.5714	    777.9393
   2547.6934	      0.0000
   2547.8154	      0.0000
   2547.9373	      0.0000
   2548.0593	      0.0000
   2782.8608	      0.0000
   2783.0001	      0.0000
   2783.1393	      0.0000
   2783.2786	      0.0000
   2783.4179	    979.7603
   2783.5572	   1727.3394
   2783.6965	   2126.2034
   2783.8358	   1887.9827
   2783.9751	   1169.5514
   2784.1145	      0.0000
   2784.2538	      0.0000
   2784.3932	      0.0000
   2784.5326	      0.0000
   3651.6153	      0.0000
   3651.8246	      0.0000
   3652.0339	      0.0000
   3652.2433	      0.0000
