# ljz_20131022_MR_Chym1_ELUTE.mzML
#
# index: 1029
# id: controllerType=0 controllerNumber=1 scan=6229
# scanNumber: 6229
# massAnalyzerType: quadrupole
# scanEvent: 2
# msLevel: 2
# retentionTime: 1841.34
# filterString: FTMS + p NSI d Full ms2 804.80@hcd28.00 [100.00-1660.00]
# mzLow: 99.0036
# mzHigh: 1676.98
# basePeakMZ: 138.055
# basePeakIntensity: 36426.6
# totalIonCurrent: 235628
# precursorCount: 1
# precursor 0: 804.805 520847
# binary (779): 
     99.0036	      0.0000
     99.0045	      0.0000
     99.0055	      0.0000
     99.0064	      0.0000
    101.6543	      0.0000
    101.6552	      0.0000
    101.6562	      0.0000
    101.6572	      0.0000
    101.6581	    675.8709
    101.6591	   1078.5542
    101.6601	   1192.9904
    101.6611	    974.5009
    101.6620	    565.1368
    101.6629	      0.0000
    101.6639	      0.0000
    101.6649	      0.0000
    101.6659	      0.0000
    109.0219	      0.0000
    109.0230	      0.0000
    109.0241	      0.0000
    109.0252	      0.0000
    109.0262	    373.3198
    109.0273	    951.6201
    109.0284	   1473.4276
    109.0295	   1587.5435
    109.0306	   1211.8707
    109.0316	    617.0897
    109.0327	      0.0000
    109.0337	      0.0000
    109.0348	      0.0000
    109.0359	      0.0000
    115.0319	      0.0000
    115.0331	      0.0000
    115.0342	      0.0000
    115.0354	      0.0000
    115.0366	    828.3150
    115.0377	   1473.1528
    115.0389	   1979.0016
    115.0401	   1999.0677
    115.0413	   1480.9451
    115.0424	    766.2139
    115.0435	      0.0000
    115.0447	      0.0000
    115.0458	      0.0000
    115.0470	      0.0000
    125.7424	      0.0000
    125.7438	      0.0000
    125.7451	      0.0000
    125.7464	      0.0000
    125.7478	    602.4916
    125.7491	   1078.4946
    125.7505	   1241.4827
    125.7518	    981.8716
    125.7531	    503.6638
    125.7548	      0.0000
    125.7561	      0.0000
    125.7575	      0.0000
    125.7588	      0.0000
    126.0442	      0.0000
    126.0456	      0.0000
    126.0469	      0.0000
    126.0482	      0.0000
    126.0496	    430.4935
    126.0509	   1402.2180
    126.0523	   4723.9600
    126.0536	   9982.4023
    126.0550	  15577.8926
    126.0563	  15820.9961
    126.0576	  10085.4082
    126.0590	   4647.2930
    126.0603	    752.6172
    126.0615	      0.0000
    126.0628	      0.0000
    126.0642	      0.0000
    126.0655	      0.0000
    127.0296	      0.0000
    127.0310	      0.0000
    127.0324	      0.0000
    127.0337	      0.0000
    127.0351	    914.9257
    127.0364	   3516.3337
    127.0378	   6957.0249
    127.0392	  10271.4502
    127.0405	   9232.0762
    127.0419	   5551.0464
    127.0432	   2154.5581
    127.0446	    297.0859
    127.0457	      0.0000
    127.0471	      0.0000
    127.0485	      0.0000
    127.0498	      0.0000
    132.2160	      0.0000
    132.2174	      0.0000
    132.2189	      0.0000
    132.2203	      0.0000
    132.2218	    834.6445
    132.2232	   1100.4247
    132.2246	   1288.4966
    132.2261	   1325.5292
    132.2275	   1092.7972
    132.2290	    627.4055
    132.2304	      0.0000
    132.2318	      0.0000
    132.2333	      0.0000
    132.2347	      0.0000
    132.2405	      0.0000
    132.2419	      0.0000
    132.2434	      0.0000
    132.2448	      0.0000
    132.2463	    608.7263
    132.2477	   1262.3398
    132.2492	   2003.5981
    132.2506	   2262.8528
    132.2520	   1844.4856
    132.2535	   1038.8445
    132.2549	    344.1702
    132.2565	      0.0000
    132.2579	      0.0000
    132.2593	      0.0000
    132.2608	      0.0000
    138.0402	      0.0000
    138.0417	      0.0000
    138.0432	      0.0000
    138.0448	      0.0000
    138.0463	    896.8112
    138.0479	   1041.4648
    138.0494	   2131.3459
    138.0509	   6640.8887
    138.0525	  17681.1426
    138.0540	  29618.8867
    138.0556	  36365.8281
    138.0571	  26803.7363
    138.0586	  14926.2363
    138.0602	   4283.5933
    138.0617	    797.3942
    138.0631	      0.0000
    138.0646	      0.0000
    138.0662	      0.0000
    138.0677	      0.0000
    144.0557	      0.0000
    144.0573	      0.0000
    144.0589	      0.0000
    144.0606	      0.0000
    144.0622	    718.6913
    144.0639	   1504.2666
    144.0655	   2062.1323
    144.0671	   2020.8998
    144.0688	   1447.2765
    144.0704	    756.9911
    144.0721	      0.0000
    144.0737	      0.0000
    144.0753	      0.0000
    144.0770	      0.0000
    145.0381	      0.0000
    145.0398	      0.0000
    145.0414	      0.0000
    145.0431	      0.0000
    145.0447	    920.5867
    145.0464	   3134.1350
    145.0481	   5560.9268
    145.0497	   7456.6577
    145.0514	   6035.0273
    145.0530	   3503.0896
    145.0547	   1111.3447
    145.0563	    490.1519
    145.0580	      0.0000
    145.0596	      0.0000
    145.0613	      0.0000
    145.0630	      0.0000
    163.0457	      0.0000
    163.0476	      0.0000
    163.0496	      0.0000
    163.0516	      0.0000
    163.0536	    476.7116
    163.0555	   1944.5660
    163.0575	   4055.0383
    163.0595	   6181.7886
    163.0615	   5637.6641
    163.0634	   3274.6704
    163.0654	   1078.0823
    163.0674	    560.2775
    163.0697	      0.0000
    163.0717	      0.0000
    163.0737	      0.0000
    163.0757	      0.0000
    168.0499	      0.0000
    168.0520	      0.0000
    168.0540	      0.0000
    168.0561	      0.0000
    168.0582	    810.6072
    168.0602	   3125.0151
    168.0623	   8013.2466
    168.0644	  13393.6641
    168.0664	  15989.8564
    168.0685	  11551.3965
    168.0706	   6339.4541
    168.0726	   1704.4891
    168.0747	    201.3932
    168.0764	      0.0000
    168.0785	      0.0000
    168.0806	      0.0000
    168.0827	      0.0000
    169.0563	      0.0000
    169.0584	      0.0000
    169.0605	      0.0000
    169.0625	      0.0000
    169.0646	    705.6370
    169.0667	   1321.9436
    169.0688	   1744.5258
    169.0709	   1701.0012
    169.0730	   1213.3497
    169.0751	    584.4244
    169.0772	      0.0000
    169.0793	      0.0000
    169.0814	      0.0000
    169.0835	      0.0000
    186.0589	      0.0000
    186.0613	      0.0000
    186.0637	      0.0000
    186.0661	      0.0000
    186.0685	    717.0679
    186.0709	   2732.0032
    186.0733	   5089.8442
    186.0757	   7263.7134
    186.0781	   6533.3535
    186.0806	   4023.8591
    186.0830	   1665.4089
    186.0854	    574.6185
    186.0882	      0.0000
    186.0906	      0.0000
    186.0930	      0.0000
    186.0954	      0.0000
    204.0620	      0.0000
    204.0648	      0.0000
    204.0675	      0.0000
    204.0703	      0.0000
    204.0731	    512.4575
    204.0758	   1234.5713
    204.0786	   4529.7109
    204.0814	  14534.1660
    204.0841	  26007.2871
    204.0869	  35585.5664
    204.0897	  29283.4316
    204.0924	  17273.2988
    204.0952	   6086.0835
    204.0979	   1152.2007
    204.1007	    100.3292
    204.1032	      0.0000
    204.1059	      0.0000
    204.1087	      0.0000
    204.1115	      0.0000
    205.0719	      0.0000
    205.0747	      0.0000
    205.0775	      0.0000
    205.0803	      0.0000
    205.0830	    609.7031
    205.0858	   1423.4476
    205.0886	   2174.1367
    205.0914	   2360.9382
    205.0942	   1851.5748
    205.0970	   1003.1674
    205.0998	    332.9554
    205.1026	      0.0000
    205.1054	      0.0000
    205.1081	      0.0000
    205.1109	      0.0000
    241.0505	      0.0000
    241.0541	      0.0000
    241.0576	      0.0000
    241.0612	      0.0000
    241.0647	    504.2161
    241.0683	   1002.2078
    241.0718	   1225.7944
    241.0754	    996.2603
    241.0789	    494.2117
    241.0828	      0.0000
    241.0864	      0.0000
    241.0899	      0.0000
    241.0935	      0.0000
    330.5007	      0.0000
    330.5064	      0.0000
    330.5121	      0.0000
    330.5178	      0.0000
    330.5235	    461.2592
    330.5292	   1001.9724
    330.5349	   1413.7742
    330.5406	   1430.7501
    330.5463	   1040.9415
    330.5520	    493.4179
    330.5577	      0.0000
    330.5634	      0.0000
    330.5691	      0.0000
    330.5748	      0.0000
    334.1033	      0.0000
    334.1091	      0.0000
    334.1149	      0.0000
    334.1207	      0.0000
    334.1265	    553.6160
    334.1323	   1104.3080
    334.1381	   1481.9963
    334.1438	   1411.2645
    334.1496	    934.9492
    334.1554	    384.2231
    334.1614	      0.0000
    334.1672	      0.0000
    334.1730	      0.0000
    334.1788	      0.0000
    345.1440	      0.0000
    345.1501	      0.0000
    345.1562	      0.0000
    345.1623	      0.0000
    345.1684	    725.6802
    345.1745	   1083.3342
    345.1805	   1241.3431
    345.1866	   1088.7316
    345.1927	    695.7850
    345.1989	      0.0000
    345.2050	      0.0000
    345.2111	      0.0000
    345.2172	      0.0000
    366.0926	      0.0000
    366.0992	      0.0000
    366.1059	      0.0000
    366.1125	      0.0000
    366.1191	    624.9660
    366.1258	   1958.0879
    366.1324	   3741.8494
    366.1391	   5171.8062
    366.1457	   4120.3525
    366.1524	   1779.0531
    366.1590	    656.9092
    366.1658	      0.0000
    366.1725	      0.0000
    366.1791	      0.0000
    366.1858	      0.0000
    394.1155	      0.0000
    394.1229	      0.0000
    394.1304	      0.0000
    394.1378	      0.0000
    394.1452	    836.5707
    394.1526	   1585.5956
    394.1601	   2017.3442
    394.1675	   1806.1412
    394.1749	   1118.8119
    394.1823	    462.3380
    394.1897	      0.0000
    394.1972	      0.0000
    394.2046	      0.0000
    394.2120	      0.0000
    405.9454	      0.0000
    405.9532	      0.0000
    405.9609	      0.0000
    405.9687	      0.0000
    405.9764	    572.3865
    405.9842	   1048.4296
    405.9920	   1276.4594
    405.9997	   1083.5707
    406.0075	    615.5660
    406.0154	      0.0000
    406.0232	      0.0000
    406.0309	      0.0000
    406.0387	      0.0000
    434.8426	      0.0000
    434.8512	      0.0000
    434.8598	      0.0000
    434.8684	      0.0000
    434.8770	    548.9559
    434.8856	   1038.9453
    434.8942	   1351.2975
    434.9028	   1265.6506
    434.9114	    833.6588
    434.9205	      0.0000
    434.9291	      0.0000
    434.9377	      0.0000
    434.9463	      0.0000
    528.8704	      0.0000
    528.8819	      0.0000
    528.8934	      0.0000
    528.9050	      0.0000
    528.9165	    911.9144
    528.9280	   1189.1719
    528.9396	   1458.2877
    528.9511	   1509.0015
    528.9627	   1191.8193
    528.9742	    670.5068
    528.9857	      0.0000
    528.9973	    556.5537
    529.0088	   1095.2933
    529.0204	   1502.0669
    529.0319	   1421.0682
    529.0434	    917.8271
    529.0550	      0.0000
    529.0666	      0.0000
    529.0781	      0.0000
    529.0897	      0.0000
    576.6298	      0.0000
    576.6430	      0.0000
    576.6561	      0.0000
    576.6693	      0.0000
    576.6824	    266.5975
    576.6955	   1188.3114
    576.7087	   2503.4985
    576.7218	   5072.4683
    576.7349	   4056.6033
    576.7481	   2181.5203
    576.7612	   1024.5909
    576.7743	    400.0049
    576.7875	      0.0000
    576.8006	      0.0000
    576.8138	      0.0000
    576.8269	      0.0000
    577.1556	      0.0000
    577.1687	      0.0000
    577.1819	      0.0000
    577.1950	      0.0000
    577.2082	    822.2078
    577.2213	   1364.7845
    577.2345	   1503.2925
    577.2476	   1162.3785
    577.2608	    604.2201
    577.2740	      0.0000
    577.2871	      0.0000
    577.3003	      0.0000
    577.3134	      0.0000
    591.6673	      0.0000
    591.6809	      0.0000
    591.6946	      0.0000
    591.7082	      0.0000
    591.7219	    827.6463
    591.7355	   1314.6239
    591.7492	   1483.8127
    591.7628	   1207.0966
    591.7765	    670.1248
    591.7924	      0.0000
    591.8061	      0.0000
    591.8197	      0.0000
    591.8334	      0.0000
    623.1361	      0.0000
    623.1509	      0.0000
    623.1656	      0.0000
    623.1804	      0.0000
    623.1951	    750.6871
    623.2099	   2820.7268
    623.2246	   5942.3447
    623.2394	   9239.4258
    623.2542	   9122.7363
    623.2689	   5662.6064
    623.2837	   2392.3643
    623.2984	    317.6420
    623.3110	      0.0000
    623.3257	      0.0000
    623.3405	      0.0000
    623.3553	      0.0000
    624.1532	      0.0000
    624.1680	      0.0000
    624.1828	      0.0000
    624.1976	      0.0000
    624.2124	    586.1311
    624.2272	   1284.2692
    624.2420	   1855.5154
    624.2568	   1908.5692
    624.2715	   1400.8235
    624.2863	    699.1388
    624.3012	      0.0000
    624.3159	      0.0000
    624.3307	      0.0000
    624.3455	      0.0000
    638.1241	      0.0000
    638.1394	      0.0000
    638.1546	      0.0000
    638.1699	      0.0000
    638.1852	    685.7337
    638.2005	   1248.6151
    638.2158	   1441.2384
    638.2311	   1112.7202
    638.2464	    533.0311
    638.2617	      0.0000
    638.2770	      0.0000
    638.2923	      0.0000
    638.3076	      0.0000
    667.1673	      0.0000
    667.1836	      0.0000
    667.2000	      0.0000
    667.2163	      0.0000
    667.2327	    655.9432
    667.2490	   1612.6306
    667.2654	   2431.7280
    667.2817	   2521.0940
    667.2981	   1817.9723
    667.3144	    868.4719
    667.3308	      0.0000
    667.3471	      0.0000
    667.3635	      0.0000
    667.3798	      0.0000
    668.7228	      0.0000
    668.7392	      0.0000
    668.7556	      0.0000
    668.7720	      0.0000
    668.7885	    536.0274
    668.8049	   1045.5211
    668.8213	   1322.1154
    668.8377	   1182.7083
    668.8541	    756.2488
    668.8706	      0.0000
    668.8870	      0.0000
    668.9034	      0.0000
    668.9198	      0.0000
    740.9703	      0.0000
    740.9894	      0.0000
    741.0086	      0.0000
    741.0277	      0.0000
    741.0468	    653.0132
    741.0660	   1076.4268
    741.0851	   1253.8975
    741.1042	   1081.5303
    741.1234	    691.8411
    741.1425	      0.0000
    741.1617	      0.0000
    741.1808	      0.0000
    741.1999	      0.0000
    743.1561	      0.0000
    743.1754	      0.0000
    743.1946	      0.0000
    743.2138	      0.0000
    743.2330	    401.8839
    743.2522	   1117.3096
    743.2715	   1860.6105
    743.2907	   2041.6426
    743.3099	   1477.5167
    743.3291	    613.5457
    743.3484	      0.0000
    743.3676	      0.0000
    743.3868	      0.0000
    743.4061	      0.0000
    750.2591	      0.0000
    750.2786	      0.0000
    750.2981	      0.0000
    750.3176	      0.0000
    750.3371	    560.3531
    750.3566	   1083.2517
    750.3761	   1288.9973
    750.3956	   1076.2900
    750.4151	    630.1032
    750.4346	      0.0000
    750.4541	      0.0000
    750.4736	      0.0000
    750.4931	      0.0000
    774.2906	      0.0000
    774.3110	      0.0000
    774.3315	      0.0000
    774.3519	      0.0000
    774.3723	    919.2183
    774.3928	   1540.5662
    774.4132	   1695.9646
    774.4337	   1244.0239
    774.4541	    529.2635
    774.4746	      0.0000
    774.4950	      0.0000
    774.5154	      0.0000
    774.5359	      0.0000
    776.5230	      0.0000
    776.5435	      0.0000
    776.5641	      0.0000
    776.5846	      0.0000
    776.6051	    289.4235
    776.6256	   1076.6212
    776.6462	   2157.6804
    776.6667	   2872.1951
    776.6872	   3283.9724
    776.7078	   1673.6782
    776.7283	    681.2597
    776.7488	      0.0000
    776.7694	      0.0000
    776.7899	      0.0000
    776.8104	      0.0000
    776.8720	      0.0000
    776.8926	      0.0000
    776.9131	      0.0000
    776.9337	      0.0000
    776.9542	    727.9922
    776.9748	   1711.7064
    776.9953	   2523.0728
    777.0158	   2579.9604
    777.0364	   1865.0475
    777.0569	    916.6636
    777.0775	      0.0000
    777.0980	      0.0000
    777.1186	      0.0000
    777.1391	      0.0000
    777.2213	      0.0000
    777.2419	      0.0000
    777.2624	      0.0000
    777.2830	      0.0000
    777.3035	    702.2653
    777.3241	   1238.2567
    777.3447	   1379.6620
    777.3652	   1063.7843
    777.3858	    549.9324
    777.4063	      0.0000
    777.4269	      0.0000
    777.4475	      0.0000
    777.4680	      0.0000
    777.5297	      0.0000
    777.5503	      0.0000
    777.5708	      0.0000
    777.5914	      0.0000
    777.6120	    582.8122
    777.6325	   1082.5062
    777.6531	   1307.8599
    777.6737	   1082.7023
    777.6943	    564.7889
    777.7148	      0.0000
    777.7354	      0.0000
    777.7560	      0.0000
    777.7766	      0.0000
    785.8006	      0.0000
    785.8215	      0.0000
    785.8423	      0.0000
    785.8632	      0.0000
    785.8841	    446.7440
    785.9050	    995.0365
    785.9259	   1467.4507
    785.9468	   1557.3844
    785.9677	   1178.4784
    785.9886	    575.8358
    786.0095	      0.0000
    786.0304	      0.0000
    786.0513	      0.0000
    786.0723	      0.0000
    787.1604	      0.0000
    787.1814	      0.0000
    787.2023	      0.0000
    787.2233	      0.0000
    787.2442	    834.4189
    787.2652	   2601.1482
    787.2861	   4879.2920
    787.3071	   6933.6680
    787.3280	   5988.4341
    787.3490	   3555.4341
    787.3700	   1257.5374
    787.3909	    610.3029
    787.4121	      0.0000
    787.4331	      0.0000
    787.4540	      0.0000
    787.4750	      0.0000
    990.2138	      0.0000
    990.2434	      0.0000
    990.2729	      0.0000
    990.3025	      0.0000
    990.3320	    954.9996
    990.3616	   1738.5206
    990.3912	   2022.0051
    990.4207	   1564.2679
    990.4503	    735.3043
    990.4800	      0.0000
    990.5096	      0.0000
    990.5391	      0.0000
    990.5687	      0.0000
   1072.2418	      0.0000
   1072.2751	      0.0000
   1072.3084	      0.0000
   1072.3417	      0.0000
   1072.3750	    558.8868
   1072.4083	   1089.9752
   1072.4416	   1385.0118
   1072.4750	   1234.7252
   1072.5083	    745.5716
   1072.5416	      0.0000
   1072.5749	      0.0000
   1072.6083	      0.0000
   1072.6416	      0.0000
   1104.7687	      0.0000
   1104.8035	      0.0000
   1104.8383	      0.0000
   1104.8732	      0.0000
   1104.9080	    807.0935
   1104.9429	   1343.3400
   1104.9777	   1526.8429
   1105.0125	   1207.7882
   1105.0474	    617.9263
   1105.0823	      0.0000
   1105.1171	      0.0000
   1105.1520	      0.0000
   1105.1868	      0.0000
   1152.1839	      0.0000
   1152.2210	      0.0000
   1152.2581	      0.0000
   1152.2952	      0.0000
   1152.3323	    621.5045
   1152.3694	   1136.0149
   1152.4065	   1359.1117
   1152.4436	   1164.7339
   1152.4807	    718.4499
   1152.5179	      0.0000
   1152.5550	      0.0000
   1152.5921	      0.0000
   1152.6292	      0.0000
   1179.4037	      0.0000
   1179.4421	      0.0000
   1179.4805	      0.0000
   1179.5190	      0.0000
   1179.5574	    872.0358
   1179.5958	   1403.5677
   1179.6342	   1553.8456
   1179.6727	   1238.7240
   1179.7111	    683.5265
   1179.7496	      0.0000
   1179.7881	      0.0000
   1179.8265	      0.0000
   1179.8650	      0.0000
   1228.6083	      0.0000
   1228.6491	      0.0000
   1228.6900	      0.0000
   1228.7309	      0.0000
   1228.7717	    686.6473
   1228.8126	   1225.9871
   1228.8534	   1459.9409
   1228.8943	   1276.5175
   1228.9352	    834.0027
   1228.9760	      0.0000
   1229.0169	      0.0000
   1229.0578	      0.0000
   1229.0986	      0.0000
   1237.2729	      0.0000
   1237.3141	      0.0000
   1237.3554	      0.0000
   1237.3967	      0.0000
   1237.4380	    750.7721
   1237.4793	   1458.6263
   1237.5206	   1895.3065
   1237.5619	   1737.1754
   1237.6032	   1095.4617
   1237.6434	      0.0000
   1237.6847	      0.0000
   1237.7260	      0.0000
   1237.7673	      0.0000
   1440.3359	      0.0000
   1440.3877	      0.0000
   1440.4396	      0.0000
   1440.4914	      0.0000
   1440.5433	    939.9824
   1440.5952	   1512.2053
   1440.6470	   1705.4009
   1440.6989	   1377.8420
   1440.7508	    760.2706
   1440.8026	      0.0000
   1440.8545	      0.0000
   1440.9064	      0.0000
   1440.9583	      0.0000
   1441.3734	      0.0000
   1441.4253	      0.0000
   1441.4773	      0.0000
   1441.5292	      0.0000
   1441.5811	   1084.0109
   1441.6330	   1687.9805
   1441.6849	   1794.5947
   1441.7369	   1364.4447
   1441.7888	    723.8676
   1441.8407	      0.0000
   1441.8926	      0.0000
   1441.9446	      0.0000
   1441.9965	      0.0000
   1447.8314	      0.0000
   1447.8837	      0.0000
   1447.9359	      0.0000
   1447.9882	      0.0000
   1448.0405	   1085.3165
   1448.0927	   1597.1587
   1448.1450	   1641.3820
   1448.1973	   1190.6893
   1448.2496	    566.3436
   1448.3018	      0.0000
   1448.3541	      0.0000
   1448.4064	      0.0000
   1448.4587	      0.0000
   1676.7872	      0.0000
   1676.8524	      0.0000
   1676.9175	      0.0000
   1676.9826	      0.0000
