# ljz_20131022_MR_Chym1_ELUTE.mzML
#
# index: 678
# id: controllerType=0 controllerNumber=1 scan=5748
# scanNumber: 5748
# massAnalyzerType: quadrupole
# scanEvent: 2
# msLevel: 2
# retentionTime: 1749.1
# filterString: FTMS + p NSI d Full ms2 529.77@hcd28.00 [100.00-1100.00]
# mzLow: 99.0036
# mzHigh: 1111.21
# basePeakMZ: 671.351
# basePeakIntensity: 11712
# totalIonCurrent: 52172.9
# precursorCount: 1
# precursor 0: 529.768 117675
# binary (316): 
     99.0036	      0.0000
     99.0045	      0.0000
     99.0055	      0.0000
     99.0064	      0.0000
    101.0657	      0.0000
    101.0667	      0.0000
    101.0677	      0.0000
    101.0686	      0.0000
    101.0696	    643.9702
    101.0706	   1131.8367
    101.0715	   1374.5938
    101.0725	   1213.1149
    101.0735	    767.4542
    101.0744	    319.5512
    101.0752	      0.0000
    101.0762	      0.0000
    101.0771	      0.0000
    101.0781	      0.0000
    119.0745	      0.0000
    119.0758	      0.0000
    119.0770	      0.0000
    119.0782	      0.0000
    119.0795	    658.9219
    119.0807	   1156.7048
    119.0819	   1412.2440
    119.0832	   1229.6880
    119.0844	    740.8280
    119.0855	      0.0000
    119.0867	      0.0000
    119.0880	      0.0000
    119.0892	      0.0000
    132.2665	      0.0000
    132.2679	      0.0000
    132.2694	      0.0000
    132.2708	      0.0000
    132.2722	    482.9862
    132.2737	   1041.1055
    132.2751	   1622.5841
    132.2766	   1849.5398
    132.2780	   1543.3798
    132.2795	    899.9036
    132.2809	    322.9122
    132.2823	      0.0000
    132.2838	      0.0000
    132.2852	      0.0000
    132.2867	      0.0000
    132.2910	      0.0000
    132.2924	      0.0000
    132.2939	      0.0000
    132.2953	      0.0000
    132.2968	    413.1598
    132.2982	    931.1052
    132.2997	   1241.5791
    132.3011	   1124.4365
    132.3026	    701.9357
    132.3040	      0.0000
    132.3054	      0.0000
    132.3069	      0.0000
    132.3083	      0.0000
    159.0620	      0.0000
    159.0639	      0.0000
    159.0658	      0.0000
    159.0677	      0.0000
    159.0696	    537.2554
    159.0715	   1198.5941
    159.0734	   3268.5442
    159.0753	   5468.3052
    159.0772	   6551.7896
    159.0791	   4804.9717
    159.0810	   2663.5469
    159.0830	    700.3261
    159.0849	      0.0000
    159.0868	      0.0000
    159.0887	      0.0000
    159.0906	      0.0000
    177.0252	      0.0000
    177.0275	      0.0000
    177.0297	      0.0000
    177.0319	      0.0000
    177.0342	    264.5148
    177.0364	    772.4142
    177.0386	   1211.5134
    177.0409	   1227.2156
    177.0431	    788.0294
    177.0453	    236.6645
    177.0476	      0.0000
    177.0499	      0.0000
    177.0521	      0.0000
    177.0543	      0.0000
    196.6783	      0.0000
    196.6809	      0.0000
    196.6835	      0.0000
    196.6861	      0.0000
    196.6887	    420.2305
    196.6913	    782.6299
    196.6939	    944.4976
    196.6966	    814.9161
    196.6992	    498.2425
    196.7018	      0.0000
    196.7045	      0.0000
    196.7071	      0.0000
    196.7097	      0.0000
    225.0239	      0.0000
    225.0271	      0.0000
    225.0303	      0.0000
    225.0335	      0.0000
    225.0367	    486.3199
    225.0399	   1056.4945
    225.0431	   1442.4606
    225.0463	   1375.4063
    225.0495	    934.3840
    225.0527	    432.5292
    225.0560	      0.0000
    225.0592	      0.0000
    225.0624	      0.0000
    225.0656	      0.0000
    239.0713	      0.0000
    239.0748	      0.0000
    239.0783	      0.0000
    239.0818	      0.0000
    239.0853	    477.3231
    239.0888	   1035.0955
    239.0923	   1437.8196
    239.0958	   1387.3672
    239.0993	    908.9630
    239.1028	    335.8250
    239.1067	      0.0000
    239.1102	      0.0000
    239.1137	      0.0000
    239.1172	      0.0000
    333.0169	      0.0000
    333.0227	      0.0000
    333.0285	      0.0000
    333.0342	      0.0000
    333.0400	    342.6768
    333.0458	    840.8984
    333.0515	   1170.2136
    333.0573	   1088.3962
    333.0631	    675.2312
    333.0691	      0.0000
    333.0749	      0.0000
    333.0806	      0.0000
    333.0864	      0.0000
    372.1532	      0.0000
    372.1600	      0.0000
    372.1668	      0.0000
    372.1736	      0.0000
    372.1804	    450.2336
    372.1872	    972.8964
    372.1940	   1450.8646
    372.2009	   1559.4318
    372.2077	   1192.6545
    372.2145	    599.2890
    372.2216	      0.0000
    372.2284	      0.0000
    372.2353	      0.0000
    372.2421	      0.0000
    433.0334	      0.0000
    433.0420	      0.0000
    433.0505	      0.0000
    433.0591	      0.0000
    433.0676	    395.6841
    433.0762	    800.3856
    433.0847	   1106.2887
    433.0933	   1113.2645
    433.1018	    807.4080
    433.1104	    384.1019
    433.1189	      0.0000
    433.1275	      0.0000
    433.1360	      0.0000
    433.1446	      0.0000
    440.9967	      0.0000
    441.0055	      0.0000
    441.0143	      0.0000
    441.0231	      0.0000
    441.0318	    611.1177
    441.0406	   1119.6174
    441.0494	   1382.7297
    441.0582	   1203.3251
    441.0670	    709.0941
    441.0760	      0.0000
    441.0848	      0.0000
    441.0936	      0.0000
    441.1024	      0.0000
    485.2119	      0.0000
    485.2221	      0.0000
    485.2322	      0.0000
    485.2423	      0.0000
    485.2525	    456.0783
    485.2626	   1212.6824
    485.2727	   2114.1504
    485.2829	   3905.0886
    485.2930	   3026.3362
    485.3032	   1502.0364
    485.3133	    657.8098
    485.3237	      0.0000
    485.3339	      0.0000
    485.3440	      0.0000
    485.3541	      0.0000
    521.4167	      0.0000
    521.4280	      0.0000
    521.4393	      0.0000
    521.4506	      0.0000
    521.4619	    480.6489
    521.4732	    914.3950
    521.4845	   1116.8623
    521.4958	    932.1473
    521.5071	    515.1611
    521.5184	      0.0000
    521.5297	      0.0000
    521.5410	      0.0000
    521.5523	      0.0000
    528.9858	      0.0000
    528.9973	      0.0000
    529.0088	      0.0000
    529.0204	      0.0000
    529.0319	    569.5475
    529.0435	   1660.7612
    529.0550	   3146.5320
    529.0665	   4272.8984
    529.0781	   3138.7932
    529.0896	   1526.1364
    529.1012	    517.5095
    529.1127	      0.0000
    529.1243	      0.0000
    529.1358	      0.0000
    529.1474	      0.0000
    529.9912	      0.0000
    530.0028	      0.0000
    530.0143	      0.0000
    530.0259	      0.0000
    530.0375	    428.2423
    530.0491	    929.1208
    530.0606	   1306.7797
    530.0722	   1255.4937
    530.0838	    777.4702
    530.0955	      0.0000
    530.1071	      0.0000
    530.1186	      0.0000
    530.1302	      0.0000
    614.2446	      0.0000
    614.2591	      0.0000
    614.2735	      0.0000
    614.2880	      0.0000
    614.3024	    577.1854
    614.3169	   1076.7339
    614.3313	   1266.3546
    614.3457	    997.6425
    614.3602	    495.9315
    614.3746	      0.0000
    614.3891	      0.0000
    614.4035	      0.0000
    614.4180	      0.0000
    642.1799	      0.0000
    642.1953	      0.0000
    642.2108	      0.0000
    642.2262	      0.0000
    642.2417	    441.7560
    642.2571	    841.6907
    642.2725	   1100.5226
    642.2880	   1036.2474
    642.3034	    679.4521
    642.3230	      0.0000
    642.3385	      0.0000
    642.3539	      0.0000
    642.3694	      0.0000
    671.2108	      0.0000
    671.2272	      0.0000
    671.2437	      0.0000
    671.2602	      0.0000
    671.2767	    379.5400
    671.2932	   1068.9730
    671.3097	   3583.0037
    671.3262	   7298.5493
    671.3427	  11242.8633
    671.3592	  11177.7412
    671.3757	   7013.4829
    671.3922	   3129.6228
    671.4087	    420.3365
    671.4211	      0.0000
    671.4376	      0.0000
    671.4541	      0.0000
    671.4706	      0.0000
    672.2304	      0.0000
    672.2470	      0.0000
    672.2635	      0.0000
    672.2800	      0.0000
    672.2966	    420.3721
    672.3131	   1125.7008
    672.3296	   1933.5566
    672.3462	   2274.4912
    672.3627	   1883.4719
    672.3792	   1063.9850
    672.3958	    357.6863
    672.4125	      0.0000
    672.4290	      0.0000
    672.4456	      0.0000
    672.4621	      0.0000
    799.2596	      0.0000
    799.2811	      0.0000
    799.3025	      0.0000
    799.3239	      0.0000
    799.3454	    800.6846
    799.3668	   1557.0068
    799.3883	   2137.4758
    799.4097	   2116.0337
    799.4311	   1483.5176
    799.4526	    677.2253
    799.4740	      0.0000
    799.4955	      0.0000
    799.5169	      0.0000
    799.5383	      0.0000
   1111.0997	      0.0000
   1111.1349	      0.0000
   1111.1700	      0.0000
   1111.2051	      0.0000
