# ljz_20131022_MR_Chym1_ELUTE.mzML
#
# index: 6382
# id: controllerType=0 controllerNumber=1 scan=13334
# scanNumber: 13334
# massAnalyzerType: quadrupole
# scanEvent: 2
# msLevel: 2
# retentionTime: 3165.84
# filterString: FTMS + p NSI d Full ms2 631.78@hcd28.00 [100.00-1310.00]
# mzLow: 99.0035
# mzHigh: 1323.38
# basePeakMZ: 778.88
# basePeakIntensity: 27078.9
# totalIonCurrent: 309033
# precursorCount: 1
# precursor 0: 631.781 273618
# binary (889): 
     99.0035	      0.0000
     99.0045	      0.0000
     99.0054	      0.0000
     99.0063	      0.0000
    107.9342	      0.0000
    107.9352	      0.0000
    107.9363	      0.0000
    107.9374	      0.0000
    107.9384	    575.5359
    107.9395	    927.2820
    107.9406	   1093.1908
    107.9416	    964.7887
    107.9427	    604.1155
    107.9437	      0.0000
    107.9448	      0.0000
    107.9459	      0.0000
    107.9469	      0.0000
    110.0637	      0.0000
    110.0648	      0.0000
    110.0659	      0.0000
    110.0670	      0.0000
    110.0681	    328.3344
    110.0692	   1109.5886
    110.0703	   3118.7209
    110.0714	   4784.0654
    110.0725	   4532.1318
    110.0736	   2769.7271
    110.0747	   1090.8406
    110.0758	    391.0295
    110.0769	      0.0000
    110.0780	      0.0000
    110.0791	      0.0000
    110.0802	      0.0000
    111.0684	      0.0000
    111.0695	      0.0000
    111.0706	      0.0000
    111.0717	      0.0000
    111.0728	    524.0867
    111.0739	    985.5756
    111.0750	   1189.2827
    111.0761	    970.7567
    111.0772	    498.2418
    111.0783	      0.0000
    111.0794	      0.0000
    111.0805	      0.0000
    111.0816	      0.0000
    115.0284	      0.0000
    115.0296	      0.0000
    115.0307	      0.0000
    115.0319	      0.0000
    115.0331	    472.8999
    115.0342	   1057.3762
    115.0354	   2890.0972
    115.0366	   4834.4902
    115.0377	   5953.5254
    115.0389	   4800.1602
    115.0401	   2930.2000
    115.0413	   1049.7233
    115.0424	    409.7524
    115.0435	      0.0000
    115.0447	      0.0000
    115.0458	      0.0000
    115.0470	      0.0000
    126.0452	      0.0000
    126.0466	      0.0000
    126.0479	      0.0000
    126.0493	      0.0000
    126.0506	      0.0000
    126.0519	   1468.0194
    126.0533	   3713.9397
    126.0546	   6159.2090
    126.0560	   6325.0864
    126.0573	   4064.6191
    126.0587	   1911.9279
    126.0600	    544.9714
    126.0613	      0.0000
    126.0627	      0.0000
    126.0640	      0.0000
    126.0654	      0.0000
    127.0295	      0.0000
    127.0308	      0.0000
    127.0322	      0.0000
    127.0336	      0.0000
    127.0349	    529.2549
    127.0363	   2849.0842
    127.0376	   6001.9624
    127.0390	   9265.4141
    127.0404	   8788.6719
    127.0417	   5468.5073
    127.0431	   2389.2546
    127.0444	    550.7217
    127.0457	      0.0000
    127.0471	      0.0000
    127.0484	      0.0000
    127.0498	      0.0000
    134.9857	      0.0000
    134.9872	      0.0000
    134.9886	      0.0000
    134.9901	      0.0000
    134.9916	    757.8539
    134.9931	   1304.1039
    134.9946	   1426.6106
    134.9961	   1033.5979
    134.9976	    452.1483
    134.9989	      0.0000
    135.0004	      0.0000
    135.0019	      0.0000
    135.0034	      0.0000
    138.0430	      0.0000
    138.0445	      0.0000
    138.0461	      0.0000
    138.0476	      0.0000
    138.0491	    456.5523
    138.0507	   2916.3674
    138.0522	   9957.9316
    138.0538	  17774.3672
    138.0553	  24194.9375
    138.0568	  19922.1641
    138.0584	  11892.4443
    138.0599	   4517.5024
    138.0615	   1173.4010
    138.0630	    198.8600
    138.0646	      0.0000
    138.0662	      0.0000
    138.0677	      0.0000
    138.0692	      0.0000
    139.0485	      0.0000
    139.0501	      0.0000
    139.0516	      0.0000
    139.0532	      0.0000
    139.0547	    537.9942
    139.0563	    936.1210
    139.0579	   1141.2130
    139.0594	    988.3126
    139.0610	    564.7004
    139.0625	      0.0000
    139.0641	      0.0000
    139.0657	      0.0000
    139.0672	      0.0000
    144.0556	      0.0000
    144.0573	      0.0000
    144.0589	      0.0000
    144.0606	      0.0000
    144.0622	    440.5512
    144.0639	    874.9641
    144.0655	   1134.2466
    144.0671	   1010.5689
    144.0688	    582.2911
    144.0704	      0.0000
    144.0720	      0.0000
    144.0737	      0.0000
    144.0753	      0.0000
    145.0381	      0.0000
    145.0398	      0.0000
    145.0414	      0.0000
    145.0431	      0.0000
    145.0447	    734.6494
    145.0464	   1837.6050
    145.0480	   3556.2397
    145.0497	   5049.7583
    145.0514	   4358.7085
    145.0530	   2682.5620
    145.0547	    926.8659
    145.0563	    341.2653
    145.0580	      0.0000
    145.0596	      0.0000
    145.0613	      0.0000
    145.0630	      0.0000
    163.0457	      0.0000
    163.0476	      0.0000
    163.0496	      0.0000
    163.0516	      0.0000
    163.0536	    605.8038
    163.0555	   1993.9230
    163.0575	   4123.9868
    163.0595	   6277.4658
    163.0615	   5993.9326
    163.0634	   3722.8647
    163.0654	   1578.2933
    163.0674	    611.1740
    163.0694	      0.0000
    163.0714	      0.0000
    163.0734	      0.0000
    163.0753	      0.0000
    168.0496	      0.0000
    168.0516	      0.0000
    168.0537	      0.0000
    168.0558	      0.0000
    168.0578	    394.1455
    168.0599	   1481.8463
    168.0620	   3695.1143
    168.0640	   6167.5464
    168.0661	   7496.5166
    168.0682	   5529.2207
    168.0702	   3015.7319
    168.0723	    737.2946
    168.0744	      0.0000
    168.0765	      0.0000
    168.0786	      0.0000
    168.0806	      0.0000
    186.0613	      0.0000
    186.0637	      0.0000
    186.0661	      0.0000
    186.0685	      0.0000
    186.0709	    446.0430
    186.0733	   1212.7750
    186.0757	   2010.8546
    186.0781	   2277.3064
    186.0805	   1825.6263
    186.0830	   1014.7604
    186.0854	    347.1924
    186.0880	      0.0000
    186.0904	      0.0000
    186.0929	      0.0000
    186.0953	      0.0000
    204.0646	      0.0000
    204.0674	      0.0000
    204.0702	      0.0000
    204.0729	      0.0000
    204.0757	    507.7594
    204.0785	   1016.2947
    204.0812	   3265.3220
    204.0840	   6490.2705
    204.0868	   9786.2559
    204.0895	   9366.4365
    204.0923	   5866.0479
    204.0951	   2614.9583
    204.0978	    640.6859
    204.1000	      0.0000
    204.1028	      0.0000
    204.1056	      0.0000
    204.1083	      0.0000
    252.9617	      0.0000
    252.9655	      0.0000
    252.9693	      0.0000
    252.9731	      0.0000
    252.9769	    493.7874
    252.9808	   2897.3037
    252.9846	   7324.4097
    252.9884	  12142.4951
    252.9922	  13337.9775
    252.9960	   8921.7910
    252.9999	   4455.3701
    253.0037	   1218.8865
    253.0075	    485.6670
    253.0117	      0.0000
    253.0156	      0.0000
    253.0194	      0.0000
    253.0232	      0.0000
    253.9726	      0.0000
    253.9765	      0.0000
    253.9803	      0.0000
    253.9842	      0.0000
    253.9880	    552.0342
    253.9918	   1087.6902
    253.9957	   1335.9834
    253.9995	   1127.4369
    254.0034	    638.1468
    254.0074	      0.0000
    254.0113	      0.0000
    254.0151	      0.0000
    254.0189	      0.0000
    307.0832	      0.0000
    307.0883	      0.0000
    307.0934	      0.0000
    307.0985	      0.0000
    307.1036	    702.0303
    307.1087	   1378.2122
    307.1138	   1780.7643
    307.1189	   1598.5837
    307.1240	    958.6014
    307.1291	    345.6443
    307.1343	      0.0000
    307.1394	      0.0000
    307.1445	      0.0000
    307.1496	      0.0000
    329.8463	      0.0000
    329.8520	      0.0000
    329.8576	      0.0000
    329.8633	      0.0000
    329.8690	    563.0167
    329.8747	    941.6572
    329.8804	   1067.1018
    329.8861	    892.9938
    329.8917	    564.0774
    329.8975	      0.0000
    329.9032	      0.0000
    329.9089	      0.0000
    329.9146	      0.0000
    347.6451	      0.0000
    347.6513	      0.0000
    347.6574	      0.0000
    347.6636	      0.0000
    347.6697	    865.7365
    347.6759	   1364.2054
    347.6820	   1468.8610
    347.6882	   1103.2927
    347.6943	    547.4932
    347.7006	      0.0000
    347.7067	      0.0000
    347.7129	      0.0000
    347.7191	      0.0000
    370.8627	      0.0000
    370.8694	      0.0000
    370.8762	      0.0000
    370.8830	      0.0000
    370.8898	    441.7951
    370.8965	    868.4718
    370.9033	   1116.4365
    370.9101	   1018.4575
    370.9169	    636.6389
    370.9242	      0.0000
    370.9310	      0.0000
    370.9377	      0.0000
    370.9445	      0.0000
    482.9187	      0.0000
    482.9288	      0.0000
    482.9389	      0.0000
    482.9489	      0.0000
    482.9590	    138.5798
    482.9691	   1825.1387
    482.9791	   4058.8062
    482.9892	   6418.0986
    482.9993	   6207.2827
    483.0093	   3888.3174
    483.0194	   1734.9653
    483.0295	    623.2928
    483.0399	      0.0000
    483.0499	      0.0000
    483.0600	      0.0000
    483.0701	      0.0000
    587.1879	      0.0000
    587.2014	      0.0000
    587.2149	      0.0000
    587.2284	      0.0000
    587.2419	    655.0315
    587.2554	   1157.8860
    587.2689	   1473.4258
    587.2824	   1366.5068
    587.2959	    885.7828
    587.3095	      0.0000
    587.3230	      0.0000
    587.3365	      0.0000
    587.3500	      0.0000
    631.0881	      0.0000
    631.1032	      0.0000
    631.1182	      0.0000
    631.1333	      0.0000
    631.1483	    390.0336
    631.1633	   1272.4983
    631.1784	   3372.0764
    631.1934	   4641.8555
    631.2085	   3619.9854
    631.2235	   1981.0583
    631.2385	    705.0984
    631.2536	      0.0000
    631.2687	      0.0000
    631.2837	      0.0000
    631.2988	      0.0000
    677.2176	      0.0000
    677.2344	      0.0000
    677.2511	      0.0000
    677.2678	      0.0000
    677.2845	    647.3660
    677.3012	   1559.9397
    677.3180	   3337.7080
    677.3347	   4247.7959
    677.3514	   3097.9824
    677.3681	   1428.5338
    677.3848	    556.0502
    677.4016	      0.0000
    677.4183	      0.0000
    677.4350	      0.0000
    677.4517	      0.0000
    677.7362	      0.0000
    677.7529	      0.0000
    677.7696	      0.0000
    677.7864	      0.0000
    677.8031	    379.2433
    677.8198	   1001.2692
    677.8366	   1584.9492
    677.8533	   1732.6024
    677.8701	   1321.1487
    677.8868	    650.5175
    677.9036	      0.0000
    677.9203	      0.0000
    677.9370	      0.0000
    677.9538	      0.0000
    696.7367	      0.0000
    696.7541	      0.0000
    696.7716	      0.0000
    696.7890	      0.0000
    696.8065	    642.6000
    696.8239	   1150.4183
    696.8414	   1311.4060
    696.8588	    989.5316
    696.8763	    430.2775
    696.8937	      0.0000
    696.9112	      0.0000
    696.9286	      0.0000
    696.9461	      0.0000
    706.8588	      0.0000
    706.8766	      0.0000
    706.8944	      0.0000
    706.9122	      0.0000
    706.9301	    385.1524
    706.9479	    986.6478
    706.9657	   1485.3822
    706.9836	   1530.6647
    707.0014	   1083.5605
    707.0192	    474.6833
    707.0394	      0.0000
    707.0572	      0.0000
    707.0750	      0.0000
    707.0929	      0.0000
    718.7199	      0.0000
    718.7381	      0.0000
    718.7564	      0.0000
    718.7747	      0.0000
    718.7930	    594.3585
    718.8112	   2257.3013
    718.8295	   4758.4424
    718.8478	   7353.5898
    718.8661	   7258.3477
    718.8844	   4623.5815
    718.9027	   2089.2327
    718.9209	    503.9817
    718.9369	      0.0000
    718.9552	      0.0000
    718.9735	      0.0000
    718.9918	      0.0000
    719.2296	      0.0000
    719.2479	      0.0000
    719.2662	      0.0000
    719.2845	      0.0000
    719.3028	    687.0161
    719.3211	   2782.3394
    719.3394	   4939.0879
    719.3577	   6329.5630
    719.3760	   4834.1592
    719.3943	   2772.9832
    719.4126	    830.8453
    719.4309	      0.0000
    719.4492	      0.0000
    719.4675	      0.0000
    719.4858	      0.0000
    719.7421	      0.0000
    719.7605	      0.0000
    719.7788	      0.0000
    719.7971	      0.0000
    719.8154	    517.2795
    719.8337	   1269.0885
    719.8520	   1834.1033
    719.8704	   1817.9659
    719.8887	   1260.7810
    719.9070	    576.9014
    719.9254	      0.0000
    719.9437	      0.0000
    719.9620	      0.0000
    719.9804	      0.0000
    760.7377	      0.0000
    760.7576	      0.0000
    760.7775	      0.0000
    760.7974	      0.0000
    760.8173	    697.5366
    760.8372	   1148.4166
    760.8571	   1329.8608
    760.8770	   1120.7675
    760.8969	    660.8056
    760.9185	      0.0000
    760.9384	      0.0000
    760.9583	      0.0000
    760.9782	      0.0000
    778.7048	      0.0000
    778.7254	      0.0000
    778.7460	      0.0000
    778.7666	      0.0000
    778.7873	    745.9202
    778.8079	   2300.3438
    778.8285	   8158.3398
    778.8491	  16808.9277
    778.8697	  25996.5938
    778.8903	  25815.5000
    778.9110	  16466.4180
    778.9316	   7675.2783
    778.9522	   1802.7491
    778.9728	    144.6177
    778.9934	      0.0000
    779.0140	      0.0000
    779.0346	      0.0000
    779.0553	      0.0000
    779.1997	      0.0000
    779.2203	      0.0000
    779.2409	      0.0000
    779.2616	      0.0000
    779.2822	    665.4847
    779.3028	   1794.4318
    779.3235	   6090.6475
    779.3441	  14065.6953
    779.3647	  22781.0742
    779.3854	  25531.0859
    779.4060	  17553.4961
    779.4267	   9141.8652
    779.4473	   2331.9126
    779.4679	    177.5938
    779.4942	      0.0000
    779.5148	      0.0000
    779.5354	      0.0000
    779.5561	      0.0000
    779.7213	      0.0000
    779.7419	      0.0000
    779.7626	      0.0000
    779.7832	      0.0000
    779.8039	    560.6342
    779.8245	   1731.9771
    779.8452	   4542.6958
    779.8659	   7664.8306
    779.8865	   9181.4072
    779.9072	   6491.8462
    779.9278	   3341.8518
    779.9485	    592.2711
    779.9620	      0.0000
    779.9827	      0.0000
    780.0034	      0.0000
    780.0240	      0.0000
    780.2307	      0.0000
    780.2514	      0.0000
    780.2720	      0.0000
    780.2927	      0.0000
    780.3134	    302.2424
    780.3341	   1020.4050
    780.3548	   1960.5398
    780.3754	   2499.4829
    780.3961	   2214.5906
    780.4168	   1321.9014
    780.4375	    463.5360
    780.4582	      0.0000
    780.4789	      0.0000
    780.4996	      0.0000
    780.5203	      0.0000
    851.7583	      0.0000
    851.7819	      0.0000
    851.8055	      0.0000
    851.8291	      0.0000
    851.8527	    539.9360
    851.8762	   1298.2119
    851.8998	   1912.4443
    851.9234	   1893.4426
    851.9470	   1243.0198
    851.9706	    448.4178
    851.9942	      0.0000
    852.0178	      0.0000
    852.0414	      0.0000
    852.0650	      0.0000
    852.2537	      0.0000
    852.2773	      0.0000
    852.3009	      0.0000
    852.3245	      0.0000
    852.3481	    389.8116
    852.3717	   1128.6112
    852.3953	   1757.3798
    852.4189	   1813.8038
    852.4425	   1264.7567
    852.4662	    551.3640
    852.4898	      0.0000
    852.5134	      0.0000
    852.5370	      0.0000
    852.5606	      0.0000
    871.7692	      0.0000
    871.7936	      0.0000
    871.8180	      0.0000
    871.8424	      0.0000
    871.8669	    677.5590
    871.8913	   1206.8512
    871.9157	   1394.3876
    871.9401	   1110.1190
    871.9645	    576.1426
    871.9890	      0.0000
    872.0134	      0.0000
    872.0378	      0.0000
    872.0623	      0.0000
    880.2290	      0.0000
    880.2538	      0.0000
    880.2786	      0.0000
    880.3033	      0.0000
    880.3281	    432.6346
    880.3529	   2442.5625
    880.3777	   4651.7549
    880.4024	   6802.8594
    880.4272	   6151.6387
    880.4520	   3591.2510
    880.4768	   1163.6208
    880.5016	      0.0000
    880.5305	      0.0000
    880.5553	      0.0000
    880.5801	      0.0000
    880.6049	      0.0000
    880.7288	      0.0000
    880.7536	      0.0000
    880.7784	      0.0000
    880.8032	      0.0000
    880.8280	    671.0319
    880.8528	   2465.1484
    880.8776	   5711.0259
    880.9024	   9230.4209
    880.9272	  10289.9531
    880.9520	   7042.3164
    880.9768	   3593.0063
    881.0016	    725.4476
    881.0222	      0.0000
    881.0470	      0.0000
    881.0718	      0.0000
    881.0967	      0.0000
    881.2455	      0.0000
    881.2703	      0.0000
    881.2952	      0.0000
    881.3200	      0.0000
    881.3448	    352.4577
    881.3696	   1165.6129
    881.3944	   2159.0168
    881.4192	   4240.4297
    881.4441	   2433.7974
    881.4689	   1544.4562
    881.4937	    647.2997
    881.5185	      0.0000
    881.5434	      0.0000
    881.5682	      0.0000
    881.5930	      0.0000
    881.7668	      0.0000
    881.7917	      0.0000
    881.8165	      0.0000
    881.8414	      0.0000
    881.8662	    679.4969
    881.8910	   1223.5774
    881.9159	   1449.2179
    881.9407	   1196.2246
    881.9656	    668.2249
    881.9905	      0.0000
    882.0154	      0.0000
    882.0402	      0.0000
    882.0651	      0.0000
    953.2715	      0.0000
    953.2994	      0.0000
    953.3273	      0.0000
    953.3552	      0.0000
    953.3832	    650.7969
    953.4111	   1489.8402
    953.4390	   2126.5603
    953.4669	   2070.2258
    953.4949	   1355.9438
    953.5228	    533.3530
    953.5507	      0.0000
    953.5787	      0.0000
    953.6066	      0.0000
    953.6345	      0.0000
    953.7463	      0.0000
    953.7742	      0.0000
    953.8021	      0.0000
    953.8301	      0.0000
    953.8580	    474.4236
    953.8860	   1248.4368
    953.9139	   2100.8442
    953.9419	   2477.0320
    953.9698	   2116.0713
    953.9978	   1297.8130
    954.0257	    554.2014
    954.0521	      0.0000
    954.0800	      0.0000
    954.1080	      0.0000
    954.1359	      0.0000
    961.2200	      0.0000
    961.2482	      0.0000
    961.2765	      0.0000
    961.3048	      0.0000
    961.3330	    324.5887
    961.3613	   2012.5156
    961.3896	   5108.4756
    961.4179	   8454.8086
    961.4461	   9415.7734
    961.4744	   6438.0332
    961.5027	   3315.5728
    961.5310	    926.3708
    961.5656	      0.0000
    961.5939	      0.0000
    961.6222	      0.0000
    961.6505	      0.0000
    961.7353	      0.0000
    961.7636	      0.0000
    961.7919	      0.0000
    961.8202	      0.0000
    961.8485	    864.4365
    961.8768	   3518.4543
    961.9051	   7360.5488
    961.9334	  11420.2314
    961.9617	  11196.2314
    961.9900	   7100.8608
    962.0183	   3189.3911
    962.0466	    680.5837
    962.0702	      0.0000
    962.0985	      0.0000
    962.1268	      0.0000
    962.1551	      0.0000
    962.2400	      0.0000
    962.2683	      0.0000
    962.2966	      0.0000
    962.3249	      0.0000
    962.3533	    473.9899
    962.3816	   2379.1155
    962.4099	   4393.6230
    962.4382	   6229.7412
    962.4665	   5260.5234
    962.4949	   2920.0403
    962.5232	    703.4194
    962.5515	      0.0000
    962.5798	      0.0000
    962.6082	      0.0000
    962.6365	      0.0000
    962.7782	      0.0000
    962.8065	      0.0000
    962.8348	      0.0000
    962.8632	      0.0000
    962.8915	    891.7341
    962.9199	   1576.7919
    962.9482	   1884.6936
    962.9766	   1599.5497
    963.0049	    942.4672
    963.0333	      0.0000
    963.0617	      0.0000
    963.0900	      0.0000
    963.1184	      0.0000
   1027.2503	      0.0000
   1027.2815	      0.0000
   1027.3127	      0.0000
   1027.3440	      0.0000
   1027.3752	    717.9937
   1027.4064	   1368.7107
   1027.4377	   1888.6666
   1027.4689	   1932.1274
   1027.5001	   1437.6992
   1027.5314	    722.4807
   1027.5626	      0.0000
   1027.5939	      0.0000
   1027.6251	      0.0000
   1027.6564	      0.0000
   1027.7501	      0.0000
   1027.7814	      0.0000
   1027.8126	      0.0000
   1027.8439	      0.0000
   1027.8751	    477.8814
   1027.9064	   1249.7131
   1027.9377	   2071.3328
   1027.9689	   2393.8755
   1028.0002	   1978.7050
   1028.0314	   1129.6371
   1028.0627	    387.0331
   1028.0940	      0.0000
   1028.1253	      0.0000
   1028.1565	      0.0000
   1028.1878	      0.0000
   1034.7550	      0.0000
   1034.7866	      0.0000
   1034.8182	      0.0000
   1034.8498	      0.0000
   1034.8813	    862.0684
   1034.9129	   2589.6091
   1034.9445	   4413.6753
   1034.9761	   5540.5728
   1035.0077	   4166.7119
   1035.0392	   2366.3137
   1035.0708	    825.1602
   1035.1024	      0.0000
   1035.1340	      0.0000
   1035.1656	      0.0000
   1035.1972	      0.0000
   1035.2604	      0.0000
   1035.2920	      0.0000
   1035.3236	      0.0000
   1035.3552	      0.0000
   1035.3868	    868.5121
   1035.4184	   1696.2356
   1035.4500	   2334.6265
   1035.4816	   2342.9148
   1035.5132	   1706.1667
   1035.5448	    842.9734
   1035.5764	      0.0000
   1035.6080	      0.0000
   1035.6396	      0.0000
   1035.6713	      0.0000
   1042.2466	      0.0000
   1042.2785	      0.0000
   1042.3104	      0.0000
   1042.3424	      0.0000
   1042.3743	    831.1996
   1042.4062	   2899.6819
   1042.4381	   4907.3032
   1042.4701	   5826.0981
   1042.5020	   4080.9973
   1042.5339	   2069.0510
   1042.5658	    686.0895
   1042.6173	      0.0000
   1042.6493	      0.0000
   1042.6812	      0.0000
   1042.7131	      0.0000
   1042.7451	      0.0000
   1042.7770	      0.0000
   1042.8089	      0.0000
   1042.8409	    223.3769
   1042.8728	   1052.1361
   1042.9048	   3078.8484
   1042.9367	   5677.8931
   1042.9687	   8040.9858
   1043.0006	   6989.3511
   1043.0326	   4103.0215
   1043.0645	   1317.0801
   1043.0965	      0.0000
   1043.1089	      0.0000
   1043.1408	      0.0000
   1043.1728	      0.0000
   1043.2047	      0.0000
   1043.7803	      0.0000
   1043.8123	      0.0000
   1043.8442	      0.0000
   1043.8762	      0.0000
   1043.9082	    843.9606
   1043.9402	   1355.9557
   1043.9722	   1516.8380
   1044.0042	   1214.8005
   1044.0362	    665.3193
   1044.0683	      0.0000
   1044.1003	      0.0000
   1044.1323	      0.0000
   1044.1643	      0.0000
   1108.2949	      0.0000
   1108.3299	      0.0000
   1108.3649	      0.0000
   1108.3999	      0.0000
   1108.4349	    698.1496
   1108.4699	   1303.8380
   1108.5049	   1469.9036
   1108.5400	   1067.4923
   1108.5750	    447.1636
   1108.6100	      0.0000
   1108.6450	      0.0000
   1108.6800	      0.0000
   1108.7150	      0.0000
   1115.2571	      0.0000
   1115.2924	      0.0000
   1115.3277	      0.0000
   1115.3631	      0.0000
   1115.3984	    604.4143
   1115.4337	   1187.2941
   1115.4691	   1608.7401
   1115.5044	   1562.3344
   1115.5397	   1061.6766
   1115.5751	    432.2841
   1115.6104	      0.0000
   1115.6458	      0.0000
   1115.6811	      0.0000
   1115.7165	      0.0000
   1123.7486	      0.0000
   1123.7843	      0.0000
   1123.8201	      0.0000
   1123.8558	      0.0000
   1123.8915	    796.7587
   1123.9273	   1403.1467
   1123.9630	   1702.7537
   1123.9988	   1457.0909
   1124.0345	    828.3629
   1124.0703	      0.0000
   1124.1060	      0.0000
   1124.1418	      0.0000
   1124.1775	      0.0000
   1125.2508	      0.0000
   1125.2867	      0.0000
   1125.3225	      0.0000
   1125.3583	      0.0000
   1125.3941	    741.2444
   1125.4299	   1216.4354
   1125.4657	   1394.3907
   1125.5015	   1131.4231
   1125.5373	    591.1153
   1125.5732	      0.0000
   1125.6090	      0.0000
   1125.6448	      0.0000
   1125.6806	      0.0000
   1323.2452	      0.0000
   1323.2908	      0.0000
   1323.3365	      0.0000
   1323.3821	      0.0000
