# ljz_20131022_MR_Chym1_ELUTE.mzML
#
# index: 1962
# id: controllerType=0 controllerNumber=1 scan=7429
# scanNumber: 7429
# massAnalyzerType: quadrupole
# scanEvent: 2
# msLevel: 2
# retentionTime: 2061.81
# filterString: FTMS + p NSI d Full ms2 348.14@hcd28.00 [100.00-730.00]
# mzLow: 99.0036
# mzHigh: 737.425
# basePeakMZ: 136.076
# basePeakIntensity: 62272.5
# totalIonCurrent: 371955
# precursorCount: 1
# precursor 0: 348.145 2.13539e+006
# binary (1319): 
     99.0036	      0.0000
     99.0045	      0.0000
     99.0055	      0.0000
     99.0064	      0.0000
    100.9983	      0.0000
    100.9993	      0.0000
    101.0002	      0.0000
    101.0012	      0.0000
    101.0022	    234.6286
    101.0031	    660.8950
    101.0041	   1878.8850
    101.0051	   3382.5737
    101.0060	   4487.7715
    101.0070	   3515.8308
    101.0079	   2001.0869
    101.0089	    698.6389
    101.0099	    247.3091
    101.0108	      0.0000
    101.0118	      0.0000
    101.0127	      0.0000
    101.0137	      0.0000
    104.0645	      0.0000
    104.0655	      0.0000
    104.0665	      0.0000
    104.0675	      0.0000
    104.0685	    346.2739
    104.0695	    865.5789
    104.0705	   1296.7054
    104.0715	   1305.2108
    104.0726	    877.0528
    104.0736	    353.2538
    104.0745	      0.0000
    104.0755	      0.0000
    104.0766	      0.0000
    104.0776	      0.0000
    107.0420	      0.0000
    107.0431	      0.0000
    107.0441	      0.0000
    107.0452	      0.0000
    107.0462	    351.0701
    107.0473	   1824.4679
    107.0483	   3521.9114
    107.0494	   5077.2856
    107.0504	   4358.8149
    107.0515	   2614.8545
    107.0525	    974.6122
    107.0536	    426.1804
    107.0548	      0.0000
    107.0559	      0.0000
    107.0569	      0.0000
    107.0580	      0.0000
    110.0629	      0.0000
    110.0640	      0.0000
    110.0651	      0.0000
    110.0662	      0.0000
    110.0673	    455.9209
    110.0683	   1020.7523
    110.0694	   3299.2122
    110.0705	   6370.7070
    110.0716	   9306.1113
    110.0727	   8279.7266
    110.0738	   4971.7861
    110.0749	   1881.0529
    110.0760	    366.0735
    110.0769	      0.0000
    110.0780	      0.0000
    110.0791	      0.0000
    110.0802	      0.0000
    110.5186	      0.0000
    110.5197	      0.0000
    110.5208	      0.0000
    110.5219	      0.0000
    110.5230	    558.8381
    110.5241	    893.1210
    110.5252	    981.3331
    110.5263	    765.6612
    110.5274	    403.5783
    110.5286	      0.0000
    110.5297	      0.0000
    110.5308	      0.0000
    110.5319	      0.0000
    111.1084	      0.0000
    111.1096	      0.0000
    111.1107	      0.0000
    111.1118	      0.0000
    111.1129	    169.1915
    111.1140	    817.1736
    111.1151	   2843.1565
    111.1162	   5120.6353
    111.1173	   6978.6450
    111.1184	   5678.4961
    111.1196	   3297.1233
    111.1207	   1032.1018
    111.1218	    109.4842
    111.1228	      0.0000
    111.1239	      0.0000
    111.1250	      0.0000
    111.1261	      0.0000
    112.0800	      0.0000
    112.0812	      0.0000
    112.0823	      0.0000
    112.0834	      0.0000
    112.0845	    559.0969
    112.0857	   1234.2233
    112.0868	   1783.1945
    112.0879	   1807.2122
    112.0890	   1290.9969
    112.0902	    628.7932
    112.0912	      0.0000
    112.0924	      0.0000
    112.0935	      0.0000
    112.0946	      0.0000
    119.0400	      0.0000
    119.0412	      0.0000
    119.0425	      0.0000
    119.0437	      0.0000
    119.0449	    228.0043
    119.0462	    706.3618
    119.0474	   2092.4915
    119.0486	   3586.3958
    119.0499	   4293.7568
    119.0511	   3047.2175
    119.0523	   1587.7166
    119.0536	    499.9579
    119.0550	      0.0000
    119.0562	      0.0000
    119.0575	      0.0000
    119.0587	      0.0000
    120.0719	      0.0000
    120.0731	      0.0000
    120.0744	      0.0000
    120.0756	      0.0000
    120.0769	    461.5692
    120.0781	   1313.9210
    120.0794	   3242.5574
    120.0806	   5348.1953
    120.0819	   6095.3071
    120.0831	   4129.3560
    120.0844	   2021.4415
    120.0856	    290.3405
    120.0866	      0.0000
    120.0879	      0.0000
    120.0891	      0.0000
    120.0904	      0.0000
    123.0358	      0.0000
    123.0371	      0.0000
    123.0384	      0.0000
    123.0397	      0.0000
    123.0410	    492.9511
    123.0423	   1081.7147
    123.0435	   1559.4656
    123.0448	   1596.0840
    123.0461	   1165.9664
    123.0474	    573.7954
    123.0487	      0.0000
    123.0500	      0.0000
    123.0513	      0.0000
    123.0526	      0.0000
    128.0624	      0.0000
    128.0638	      0.0000
    128.0652	      0.0000
    128.0665	      0.0000
    128.0679	    289.3162
    128.0693	    721.2794
    128.0707	   1043.6460
    128.0720	   1032.0707
    128.0734	    722.4167
    128.0748	    340.3420
    128.0761	      0.0000
    128.0775	      0.0000
    128.0789	      0.0000
    128.0803	      0.0000
    129.0913	      0.0000
    129.0927	      0.0000
    129.0941	      0.0000
    129.0955	      0.0000
    129.0969	     45.7474
    129.0982	    775.8040
    129.0996	   2869.4514
    129.1010	   5306.4351
    129.1024	   7377.5537
    129.1038	   6175.0786
    129.1052	   3643.4597
    129.1066	   1328.0597
    129.1080	    180.6599
    129.1094	      0.0000
    129.1108	      0.0000
    129.1122	      0.0000
    129.1135	      0.0000
    132.0561	      0.0000
    132.0575	      0.0000
    132.0589	      0.0000
    132.0604	      0.0000
    132.0618	    401.0023
    132.0633	    944.6160
    132.0647	   1479.9919
    132.0661	   1641.6282
    132.0676	   1323.6045
    132.0690	    767.3450
    132.0705	    302.7415
    132.0719	      0.0000
    132.0733	      0.0000
    132.0748	      0.0000
    132.0762	      0.0000
    133.0782	      0.0000
    133.0797	      0.0000
    133.0811	      0.0000
    133.0826	      0.0000
    133.0840	    391.6950
    133.0855	    753.8513
    133.0869	    983.7981
    133.0884	    962.9174
    133.0898	    748.4370
    133.0913	    481.0946
    133.0930	      0.0000
    133.0944	      0.0000
    133.0959	      0.0000
    133.0973	      0.0000
    136.0604	      0.0000
    136.0619	      0.0000
    136.0634	      0.0000
    136.0649	      0.0000
    136.0664	    655.2415
    136.0679	   1381.4670
    136.0694	   2145.4543
    136.0709	   5774.5313
    136.0724	  18569.8945
    136.0739	  38158.6328
    136.0754	  59153.4297
    136.0769	  59881.0898
    136.0784	  38663.2734
    136.0799	  18489.0820
    136.0814	   4422.3589
    136.0829	    776.8476
    136.0842	      0.0000
    136.0857	      0.0000
    136.0872	      0.0000
    136.0887	      0.0000
    136.0902	      0.0000
    136.0917	      0.0000
    136.0933	      0.0000
    136.0948	      0.0000
    137.0683	      0.0000
    137.0698	      0.0000
    137.0713	      0.0000
    137.0729	      0.0000
    137.0744	    261.5860
    137.0759	    889.9425
    137.0774	   2466.9036
    137.0790	   3677.1968
    137.0805	   3315.1062
    137.0820	   1912.0199
    137.0835	    832.5189
    137.0850	    321.7935
    137.0866	      0.0000
    137.0881	      0.0000
    137.0896	      0.0000
    137.0911	      0.0000
    139.0656	      0.0000
    139.0672	      0.0000
    139.0687	      0.0000
    139.0703	      0.0000
    139.0719	    310.5499
    139.0734	    689.3511
    139.0750	    987.0796
    139.0765	    997.9662
    139.0781	    710.0305
    139.0796	    332.2382
    139.0812	      0.0000
    139.0827	      0.0000
    139.0843	      0.0000
    139.0859	      0.0000
    139.9063	      0.0000
    139.9079	      0.0000
    139.9095	      0.0000
    139.9110	      0.0000
    139.9126	    519.4683
    139.9142	    875.1392
    139.9157	   1013.8904
    139.9173	    842.2784
    139.9189	    487.1197
    139.9204	      0.0000
    139.9220	      0.0000
    139.9236	      0.0000
    139.9252	      0.0000
    140.0713	      0.0000
    140.0729	      0.0000
    140.0744	      0.0000
    140.0760	      0.0000
    140.0776	    365.0249
    140.0791	    871.9257
    140.0807	   1370.1936
    140.0823	   1520.6882
    140.0839	   1187.0760
    140.0854	    606.7389
    140.0870	      0.0000
    140.0886	      0.0000
    140.0901	      0.0000
    140.0917	      0.0000
    141.0545	      0.0000
    141.0561	      0.0000
    141.0577	      0.0000
    141.0593	      0.0000
    141.0609	    470.2508
    141.0624	   1142.1101
    141.0640	   2505.3958
    141.0656	   3607.8062
    141.0672	   3092.5327
    141.0688	   1415.5870
    141.0704	    597.4175
    141.0720	      0.0000
    141.0736	      0.0000
    141.0752	      0.0000
    141.0768	      0.0000
    143.1075	      0.0000
    143.1091	      0.0000
    143.1108	      0.0000
    143.1124	      0.0000
    143.1140	    390.1073
    143.1156	    904.7814
    143.1172	   1297.5316
    143.1189	   1272.2535
    143.1205	    850.3901
    143.1221	    342.0331
    143.1237	      0.0000
    143.1253	      0.0000
    143.1270	      0.0000
    143.1286	      0.0000
    147.0334	      0.0000
    147.0351	      0.0000
    147.0368	      0.0000
    147.0385	      0.0000
    147.0402	    457.3095
    147.0419	    982.7106
    147.0435	   1388.7509
    147.0452	   1379.1580
    147.0469	    947.2209
    147.0486	    407.1889
    147.0506	      0.0000
    147.0523	      0.0000
    147.0540	      0.0000
    147.0557	      0.0000
    149.0083	      0.0000
    149.0100	      0.0000
    149.0118	      0.0000
    149.0135	      0.0000
    149.0152	    265.8971
    149.0169	    819.1069
    149.0187	   2934.5015
    149.0204	   9010.8174
    149.0221	  15567.4619
    149.0238	  20272.3203
    149.0256	  15656.0205
    149.0273	   9031.9990
    149.0290	   2687.6423
    149.0307	    520.5299
    149.0323	      0.0000
    149.0340	      0.0000
    149.0357	      0.0000
    149.0375	      0.0000
    156.0643	      0.0000
    156.0661	      0.0000
    156.0680	      0.0000
    156.0698	      0.0000
    156.0717	    251.9933
    156.0735	    805.7471
    156.0754	   1470.4244
    156.0772	   1789.3175
    156.0791	   1519.9641
    156.0809	    874.4881
    156.0828	    282.8073
    156.0846	      0.0000
    156.0865	      0.0000
    156.0883	      0.0000
    156.0902	      0.0000
    157.0715	      0.0000
    157.0733	      0.0000
    157.0752	      0.0000
    157.0771	      0.0000
    157.0789	    355.2803
    157.0808	   1004.5223
    157.0827	   1739.7197
    157.0845	   2040.6718
    157.0864	   1688.9689
    157.0883	    968.7315
    157.0901	    364.7432
    157.0920	      0.0000
    157.0939	      0.0000
    157.0958	      0.0000
    157.0976	      0.0000
    157.1238	      0.0000
    157.1256	      0.0000
    157.1275	      0.0000
    157.1294	      0.0000
    157.1312	    681.8544
    157.1331	   1149.2557
    157.1350	   1305.9794
    157.1368	   1047.4988
    157.1387	    573.5214
    157.1406	      0.0000
    157.1424	      0.0000
    157.1443	      0.0000
    157.1462	      0.0000
    159.0658	      0.0000
    159.0677	      0.0000
    159.0696	      0.0000
    159.0715	      0.0000
    159.0734	    604.6417
    159.0753	   1164.9054
    159.0772	   1446.5566
    159.0791	   1230.3452
    159.0810	    696.3833
    159.0832	      0.0000
    159.0851	      0.0000
    159.0870	      0.0000
    159.0889	      0.0000
    165.0388	      0.0000
    165.0408	      0.0000
    165.0429	      0.0000
    165.0449	      0.0000
    165.0469	    357.1035
    165.0489	   1381.6157
    165.0509	   4442.3652
    165.0529	   7945.5825
    165.0549	  10826.4453
    165.0569	   8867.4277
    165.0589	   5189.2915
    165.0610	   1769.2538
    165.0630	    252.5105
    165.0647	      0.0000
    165.0668	      0.0000
    165.0688	      0.0000
    165.0708	      0.0000
    166.0711	      0.0000
    166.0731	      0.0000
    166.0752	      0.0000
    166.0772	      0.0000
    166.0792	    245.4867
    166.0813	    729.2452
    166.0833	   1525.9874
    166.0853	   3247.8645
    166.0873	   3537.5051
    166.0894	   2332.6804
    166.0914	   1067.1411
    166.0934	    421.3201
    166.0955	      0.0000
    166.0975	      0.0000
    166.0995	      0.0000
    166.1015	      0.0000
    167.0068	      0.0000
    167.0089	      0.0000
    167.0109	      0.0000
    167.0129	      0.0000
    167.0150	    504.2761
    167.0170	    965.1012
    167.0191	   1216.1383
    167.0211	   1058.1537
    167.0232	    606.0803
    167.0253	      0.0000
    167.0273	      0.0000
    167.0294	      0.0000
    167.0314	      0.0000
    173.1145	      0.0000
    173.1166	      0.0000
    173.1188	      0.0000
    173.1210	      0.0000
    173.1231	    554.9663
    173.1253	   1040.3159
    173.1274	   1384.5266
    173.1296	   1356.5398
    173.1318	    955.5544
    173.1339	    432.3446
    173.1361	      0.0000
    173.1382	      0.0000
    173.1404	      0.0000
    173.1426	      0.0000
    175.1040	      0.0000
    175.1062	      0.0000
    175.1084	      0.0000
    175.1106	      0.0000
    175.1128	    214.8720
    175.1150	    852.5429
    175.1172	   1696.5902
    175.1194	   2184.1775
    175.1216	   1946.2433
    175.1238	   1189.6095
    175.1260	    467.3187
    175.1282	      0.0000
    175.1304	      0.0000
    175.1326	      0.0000
    175.1347	      0.0000
    182.0632	      0.0000
    182.0656	      0.0000
    182.0679	      0.0000
    182.0702	      0.0000
    182.0725	    159.8840
    182.0749	   1234.2052
    182.0772	   3937.5693
    182.0795	   6822.4058
    182.0819	   8526.0693
    182.0842	   6251.8999
    182.0865	   3391.2122
    182.0889	    874.9398
    182.0912	    100.2174
    182.0936	      0.0000
    182.0959	      0.0000
    182.0982	      0.0000
    182.1006	      0.0000
    184.0815	      0.0000
    184.0839	      0.0000
    184.0863	      0.0000
    184.0886	      0.0000
    184.0910	    324.3446
    184.0934	    727.0490
    184.0957	   1014.5031
    184.0981	    979.2506
    184.1005	    643.5865
    184.1031	      0.0000
    184.1055	      0.0000
    184.1078	      0.0000
    184.1102	      0.0000
    185.0976	      0.0000
    185.0999	      0.0000
    185.1023	      0.0000
    185.1047	      0.0000
    185.1071	    446.4418
    185.1095	   1834.1649
    185.1119	   4285.5625
    185.1143	   6943.8901
    185.1167	   7407.0273
    185.1191	   4824.5552
    185.1214	   2311.0923
    185.1238	    408.0679
    185.1260	      0.0000
    185.1283	      0.0000
    185.1307	      0.0000
    185.1331	      0.0000
    186.5727	      0.0000
    186.5751	      0.0000
    186.5775	      0.0000
    186.5799	      0.0000
    186.5824	    354.0794
    186.5848	    747.6044
    186.5872	    979.5314
    186.5896	    862.3281
    186.5920	    480.9579
    186.5945	      0.0000
    186.5969	      0.0000
    186.5993	      0.0000
    186.6018	      0.0000
    194.0775	      0.0000
    194.0801	      0.0000
    194.0827	      0.0000
    194.0852	      0.0000
    194.0878	    590.6742
    194.0904	    980.1767
    194.0929	   1149.9580
    194.0955	    945.4420
    194.0981	    495.6522
    194.1006	      0.0000
    194.1032	      0.0000
    194.1058	      0.0000
    194.1083	      0.0000
    195.0609	      0.0000
    195.0635	      0.0000
    195.0661	      0.0000
    195.0687	      0.0000
    195.0713	    599.1754
    195.0739	   1012.8324
    195.0764	   1131.0978
    195.0790	    847.8846
    195.0816	    383.6031
    195.0842	      0.0000
    195.0867	      0.0000
    195.0893	      0.0000
    195.0919	      0.0000
    201.1078	      0.0000
    201.1105	      0.0000
    201.1132	      0.0000
    201.1160	      0.0000
    201.1187	    621.6158
    201.1214	   1054.0353
    201.1241	   1253.4427
    201.1268	   1078.2517
    201.1295	    648.2866
    201.1322	      0.0000
    201.1349	      0.0000
    201.1376	      0.0000
    201.1403	      0.0000
    213.0909	      0.0000
    213.0938	      0.0000
    213.0968	      0.0000
    213.0997	      0.0000
    213.1027	    578.4886
    213.1056	    923.6900
    213.1086	   1068.6497
    213.1115	    898.0057
    213.1145	    514.9394
    213.1175	      0.0000
    213.1205	      0.0000
    213.1234	      0.0000
    213.1264	      0.0000
    222.0566	      0.0000
    222.0598	      0.0000
    222.0629	      0.0000
    222.0661	      0.0000
    222.0692	    367.6839
    222.0723	    734.1234
    222.0755	    974.5339
    222.0786	    908.0273
    222.0818	    565.7563
    222.0849	      0.0000
    222.0880	      0.0000
    222.0912	      0.0000
    222.0943	      0.0000
    225.0783	      0.0000
    225.0815	      0.0000
    225.0847	      0.0000
    225.0879	      0.0000
    225.0911	    348.1685
    225.0943	    718.0010
    225.0975	    930.3118
    225.1007	    815.0853
    225.1039	    448.4529
    225.1072	      0.0000
    225.1104	      0.0000
    225.1136	      0.0000
    225.1168	      0.0000
    228.9817	      0.0000
    228.9849	      0.0000
    228.9882	      0.0000
    228.9915	      0.0000
    228.9948	    381.4196
    228.9981	    760.8127
    229.0014	    930.9315
    229.0047	    732.0697
    229.0080	    321.7392
    229.0112	      0.0000
    229.0145	      0.0000
    229.0178	      0.0000
    229.0211	      0.0000
    234.5843	      0.0000
    234.5877	      0.0000
    234.5911	      0.0000
    234.5945	      0.0000
    234.5979	    633.8600
    234.6013	   1100.0720
    234.6047	   1213.8768
    234.6082	    890.5048
    234.6116	    399.9355
    234.6150	      0.0000
    234.6184	      0.0000
    234.6218	      0.0000
    234.6252	      0.0000
    235.0758	      0.0000
    235.0792	      0.0000
    235.0827	      0.0000
    235.0861	      0.0000
    235.0895	    475.5027
    235.0929	    857.5392
    235.0963	   1004.4548
    235.0998	    830.7975
    235.1032	    483.0392
    235.1066	      0.0000
    235.1100	      0.0000
    235.1134	      0.0000
    235.1169	      0.0000
    236.0911	      0.0000
    236.0945	      0.0000
    236.0979	      0.0000
    236.1014	      0.0000
    236.1048	    427.4384
    236.1083	    805.3420
    236.1117	   1031.6710
    236.1151	    930.2076
    236.1186	    547.1972
    236.1220	      0.0000
    236.1255	      0.0000
    236.1289	      0.0000
    236.1323	      0.0000
    237.0713	      0.0000
    237.0748	      0.0000
    237.0782	      0.0000
    237.0817	      0.0000
    237.0852	    264.2155
    237.0886	    772.9535
    237.0921	   2158.1907
    237.0956	   3674.0027
    237.0990	   4386.4946
    237.1025	   3195.9912
    237.1059	   1752.5232
    237.1094	    617.8763
    237.1130	      0.0000
    237.1164	      0.0000
    237.1199	      0.0000
    237.1233	      0.0000
    242.9611	      0.0000
    242.9647	      0.0000
    242.9683	      0.0000
    242.9719	      0.0000
    242.9755	    478.2337
    242.9791	    918.2127
    242.9826	   1102.2264
    242.9862	    877.8672
    242.9898	    432.8325
    242.9934	      0.0000
    242.9970	      0.0000
    243.0006	      0.0000
    243.0042	      0.0000
    254.0994	      0.0000
    254.1032	      0.0000
    254.1071	      0.0000
    254.1109	      0.0000
    254.1147	    660.5760
    254.1186	   1320.9827
    254.1224	   1882.5885
    254.1263	   1966.5142
    254.1301	   1500.7620
    254.1340	    805.9792
    254.1378	    280.5909
    254.1416	      0.0000
    254.1455	      0.0000
    254.1493	      0.0000
    254.1532	      0.0000
    257.0525	      0.0000
    257.0564	      0.0000
    257.0603	      0.0000
    257.0642	      0.0000
    257.0681	    549.2651
    257.0720	    859.1666
    257.0760	    931.0093
    257.0799	    712.6964
    257.0838	    354.6661
    257.0878	      0.0000
    257.0917	      0.0000
    257.0956	      0.0000
    257.0995	      0.0000
    259.0896	      0.0000
    259.0936	      0.0000
    259.0975	      0.0000
    259.1015	      0.0000
    259.1054	    658.4442
    259.1094	   1473.9883
    259.1133	   3047.6069
    259.1173	   3356.9841
    259.1213	   1749.0389
    259.1252	    904.7040
    259.1292	    303.2665
    259.1331	      0.0000
    259.1371	      0.0000
    259.1410	      0.0000
    259.1450	      0.0000
    260.0933	      0.0000
    260.0973	      0.0000
    260.1013	      0.0000
    260.1053	      0.0000
    260.1092	    283.0829
    260.1132	    790.9466
    260.1172	   1232.9763
    260.1212	   1289.4521
    260.1252	    947.8358
    260.1291	    473.8736
    260.1331	      0.0000
    260.1371	      0.0000
    260.1411	      0.0000
    260.1450	      0.0000
    263.0871	      0.0000
    263.0911	      0.0000
    263.0952	      0.0000
    263.0992	      0.0000
    263.1033	    443.3531
    263.1073	    792.3697
    263.1114	    948.1394
    263.1154	    801.4649
    263.1195	    460.3001
    263.1235	      0.0000
    263.1276	      0.0000
    263.1316	    577.9001
    263.1357	    976.1056
    263.1397	   1123.5690
    263.1438	    902.4753
    263.1478	    470.3606
    263.1518	      0.0000
    263.1559	      0.0000
    263.1599	      0.0000
    263.1640	      0.0000
    273.0772	      0.0000
    273.0815	      0.0000
    273.0858	      0.0000
    273.0901	      0.0000
    273.0944	    295.0758
    273.0987	    717.5369
    273.1029	   1083.1295
    273.1072	   1138.5742
    273.1115	    846.1496
    273.1158	    414.4264
    273.1201	      0.0000
    273.1244	      0.0000
    273.1287	      0.0000
    273.1330	      0.0000
    287.0261	      0.0000
    287.0307	      0.0000
    287.0353	      0.0000
    287.0399	      0.0000
    287.0446	    403.1283
    287.0492	    904.4156
    287.0538	   1476.5758
    287.0584	   1753.6782
    287.0630	   1544.8920
    287.0676	   1000.5910
    287.0722	    457.6709
    287.0768	      0.0000
    287.0815	      0.0000
    287.0861	      0.0000
    287.0907	      0.0000
    287.0953	    386.6009
    287.0999	    988.1742
    287.1045	   1792.7042
    287.1091	   3258.5869
    287.1138	   2928.9397
    287.1184	   1505.8314
    287.1230	    721.5675
    287.1276	      0.0000
    287.1322	      0.0000
    287.1368	      0.0000
    287.1414	      0.0000
    288.1734	      0.0000
    288.1781	      0.0000
    288.1827	      0.0000
    288.1874	      0.0000
    288.1920	    372.2076
    288.1966	    901.9553
    288.2013	   1307.5662
    288.2059	   1298.5383
    288.2106	    890.0377
    288.2152	    385.7739
    288.2199	      0.0000
    288.2246	      0.0000
    288.2292	      0.0000
    288.2339	      0.0000
    301.0930	      0.0000
    301.0980	      0.0000
    301.1029	      0.0000
    301.1079	      0.0000
    301.1128	    474.3200
    301.1178	    961.4340
    301.1227	   1374.7855
    301.1277	   1480.9203
    301.1327	   1220.5988
    301.1376	    757.5048
    301.1426	    339.8905
    301.1475	      0.0000
    301.1525	      0.0000
    301.1574	      0.0000
    301.1624	      0.0000
    303.1101	      0.0000
    303.1152	      0.0000
    303.1202	      0.0000
    303.1252	      0.0000
    303.1302	    395.7638
    303.1352	    934.3965
    303.1402	   1425.4689
    303.1452	   1528.5601
    303.1502	   1159.2377
    303.1552	    586.4655
    303.1602	      0.0000
    303.1652	      0.0000
    303.1702	      0.0000
    303.1752	      0.0000
    306.0902	      0.0000
    306.0953	      0.0000
    306.1004	      0.0000
    306.1055	      0.0000
    306.1106	    570.3135
    306.1156	    922.6184
    306.1207	   1002.8256
    306.1258	    745.9622
    306.1309	    332.0714
    306.1360	      0.0000
    306.1410	      0.0000
    306.1461	      0.0000
    306.1512	      0.0000
    307.1189	      0.0000
    307.1240	      0.0000
    307.1291	      0.0000
    307.1342	      0.0000
    307.1393	    505.8236
    307.1444	   1155.4364
    307.1495	   1643.9747
    307.1546	   1617.9043
    307.1598	   1132.3617
    307.1649	    548.0460
    307.1703	      0.0000
    307.1755	      0.0000
    307.1806	      0.0000
    307.1857	      0.0000
    309.0788	      0.0000
    309.0840	      0.0000
    309.0891	      0.0000
    309.0943	      0.0000
    309.0994	    312.4186
    309.1046	    851.1464
    309.1097	   2626.3950
    309.1149	   4732.9380
    309.1200	   6464.2700
    309.1252	   5409.6499
    309.1304	   3218.6768
    309.1355	   1206.9800
    309.1407	    467.4437
    309.1455	      0.0000
    309.1507	      0.0000
    309.1559	      0.0000
    309.1610	      0.0000
    328.8937	      0.0000
    328.8994	      0.0000
    328.9050	      0.0000
    328.9107	      0.0000
    328.9164	    233.5105
    328.9220	    777.7016
    328.9277	   1415.1534
    328.9333	   1635.3125
    328.9390	   1236.9832
    328.9446	    553.5375
    328.9503	      0.0000
    328.9560	      0.0000
    328.9616	      0.0000
    328.9673	      0.0000
    330.1533	      0.0000
    330.1590	      0.0000
    330.1647	      0.0000
    330.1704	      0.0000
    330.1761	    321.4983
    330.1818	    807.0243
    330.1875	   1323.5398
    330.1932	   1537.7289
    330.1989	   1304.0464
    330.2046	    790.3685
    330.2102	    308.4101
    330.2159	      0.0000
    330.2216	      0.0000
    330.2273	      0.0000
    330.2330	      0.0000
    330.8943	      0.0000
    330.9000	      0.0000
    330.9057	      0.0000
    330.9114	      0.0000
    330.9171	    410.0567
    330.9229	   1057.6329
    330.9286	   1813.7281
    330.9343	   3517.7749
    330.9400	   2020.7150
    330.9457	   1332.8163
    330.9514	    615.2192
    330.9571	      0.0000
    330.9628	      0.0000
    330.9685	      0.0000
    330.9742	      0.0000
    331.0714	      0.0000
    331.0771	      0.0000
    331.0828	      0.0000
    331.0885	      0.0000
    331.0942	    483.8359
    331.0999	    990.6979
    331.1057	   1176.5186
    331.1114	    871.4499
    331.1171	    340.9955
    331.1228	      0.0000
    331.1285	      0.0000
    331.1342	      0.0000
    331.1399	      0.0000
    331.1857	      0.0000
    331.1914	      0.0000
    331.1971	      0.0000
    331.2028	      0.0000
    331.2085	    290.7052
    331.2143	    819.9293
    331.2200	   1349.6923
    331.2257	   1464.8423
    331.2314	   1089.1000
    331.2371	    529.1643
    331.2428	      0.0000
    331.2486	      0.0000
    331.2543	      0.0000
    331.2600	      0.0000
    334.0801	      0.0000
    334.0859	      0.0000
    334.0917	      0.0000
    334.0975	      0.0000
    334.1033	    593.5903
    334.1091	   1064.8403
    334.1149	   1219.1125
    334.1207	    941.9509
    334.1265	    459.7069
    334.1321	      0.0000
    334.1379	      0.0000
    334.1437	      0.0000
    334.1495	      0.0000
    347.0799	      0.0000
    347.0860	      0.0000
    347.0921	      0.0000
    347.0983	      0.0000
    347.1044	     85.6334
    347.1106	   1496.5435
    347.1167	   5862.1870
    347.1228	  11360.5635
    347.1290	  16714.8262
    347.1351	  15261.7344
    347.1412	   9540.7813
    347.1474	   4177.4277
    347.1535	   1467.0573
    347.1596	   1040.4011
    347.1660	   1311.0751
    347.1722	    833.6739
    347.1783	    379.1830
    347.1845	      0.0000
    347.1906	      0.0000
    347.1967	    730.1912
    347.2029	   1179.1943
    347.2090	   1627.6573
    347.2151	   1874.9022
    347.2213	   1764.5885
    347.2274	    641.6759
    347.2336	      0.0000
    347.2397	    353.9583
    347.2458	   1581.2170
    347.2520	   2928.5208
    347.2581	   2774.7871
    347.2642	   1326.0659
    347.2704	    467.9090
    347.2765	      0.0000
    347.2827	      0.0000
    347.2888	      0.0000
    347.2949	      0.0000
    348.0882	      0.0000
    348.0944	      0.0000
    348.1005	      0.0000
    348.1067	      0.0000
    348.1129	    342.5336
    348.1190	    869.7031
    348.1252	   2434.3772
    348.1314	   3718.6228
    348.1375	   4191.1470
    348.1437	   3257.2229
    348.1498	   1289.8931
    348.1560	    668.4649
    348.1622	      0.0000
    348.1683	      0.0000
    348.1745	      0.0000
    348.1806	    367.3206
    348.1868	    772.5856
    348.1930	   1253.3511
    348.1991	   1542.0481
    348.2053	   1467.3405
    348.2115	   1099.2556
    348.2176	    660.7761
    348.2238	      0.0000
    348.2300	      0.0000
    348.2361	      0.0000
    348.2423	      0.0000
    348.2484	    738.9414
    348.2546	   1104.8011
    348.2608	   1236.6709
    348.2669	   1020.6178
    348.2731	    587.8656
    348.2789	      0.0000
    348.2851	      0.0000
    348.2912	      0.0000
    348.2974	      0.0000
    348.9828	      0.0000
    348.9890	      0.0000
    348.9952	      0.0000
    349.0013	      0.0000
    349.0075	    232.3068
    349.0137	    896.3351
    349.0199	   3575.5310
    349.0261	   6549.9307
    349.0323	   8754.1143
    349.0384	   6640.9282
    349.0446	   3649.8523
    349.0508	    943.8513
    349.0570	      0.0000
    349.0645	      0.0000
    349.0707	      0.0000
    349.0769	      0.0000
    349.0830	      0.0000
    349.0892	      0.0000
    349.0954	      0.0000
    349.1016	      0.0000
    349.1078	    437.2349
    349.1140	    949.3474
    349.1202	   1447.7311
    349.1264	   3661.7209
    349.1325	  11853.2891
    349.1387	  24416.9668
    349.1449	  37803.1094
    349.1511	  37548.9141
    349.1573	  24104.9258
    349.1635	  11252.8262
    349.1697	   3260.7795
    349.1759	   2044.2594
    349.1811	   2991.5569
    349.1873	   2970.9482
    349.1935	   1906.3033
    349.1997	    436.7614
    349.2059	      0.0000
    349.2121	    586.3405
    349.2183	    749.7645
    349.2245	    900.7411
    349.2307	   1082.1578
    349.2368	   1098.7126
    349.2430	    797.8492
    349.2492	    367.4573
    349.2560	      0.0000
    349.2622	      0.0000
    349.2684	      0.0000
    349.2746	      0.0000
    351.0896	      0.0000
    351.0958	      0.0000
    351.1020	      0.0000
    351.1083	      0.0000
    351.1145	     74.4143
    351.1208	   1263.9578
    351.1270	   4765.5625
    351.1332	   9514.3242
    351.1395	  14452.2832
    351.1457	  13985.1143
    351.1520	   8856.3984
    351.1582	   4101.5229
    351.1644	    928.4473
    351.1707	      9.5049
    351.1764	      0.0000
    351.1826	      0.0000
    351.1888	      0.0000
    351.1951	      0.0000
    352.1083	      0.0000
    352.1146	      0.0000
    352.1208	      0.0000
    352.1271	      0.0000
    352.1334	    586.1956
    352.1396	    913.8735
    352.1459	   1064.6428
    352.1522	    902.7614
    352.1584	    513.3539
    352.1649	      0.0000
    352.1711	      0.0000
    352.1774	      0.0000
    352.1837	      0.0000
    369.1076	      0.0000
    369.1143	      0.0000
    369.1210	      0.0000
    369.1277	      0.0000
    369.1345	    536.5999
    369.1412	   1209.9302
    369.1479	   1838.3212
    369.1546	   2003.6753
    369.1614	   1575.6561
    369.1681	    858.5541
    369.1748	    293.9491
    369.1815	      0.0000
    369.1883	      0.0000
    369.1950	      0.0000
    369.2017	      0.0000
    378.3376	      0.0000
    378.3446	      0.0000
    378.3516	      0.0000
    378.3585	      0.0000
    378.3655	    350.7001
    378.3725	    763.5910
    378.3795	   1048.8109
    378.3865	   1042.5964
    378.3935	    765.8734
    378.4004	    387.5738
    378.4074	      0.0000
    378.4144	      0.0000
    378.4214	      0.0000
    378.4284	      0.0000
    389.1386	      0.0000
    389.1459	      0.0000
    389.1532	      0.0000
    389.1605	      0.0000
    389.1678	    383.3721
    389.1750	    768.1522
    389.1823	   1056.9296
    389.1896	   1034.5402
    389.1969	    686.1539
    389.2044	      0.0000
    389.2116	      0.0000
    389.2189	      0.0000
    389.2262	      0.0000
    400.1128	      0.0000
    400.1204	      0.0000
    400.1280	      0.0000
    400.1356	      0.0000
    400.1432	    455.5456
    400.1508	   1059.7205
    400.1584	   1578.9557
    400.1660	   1659.0205
    400.1736	   1244.8357
    400.1812	    636.4044
    400.1888	      0.0000
    400.1964	      0.0000
    400.2040	      0.0000
    400.2115	      0.0000
    401.2311	      0.0000
    401.2388	      0.0000
    401.2464	      0.0000
    401.2540	      0.0000
    401.2616	    249.6711
    401.2693	    861.4817
    401.2769	   1751.9469
    401.2845	   3596.1770
    401.2921	   3308.7432
    401.2997	   1997.4092
    401.3074	    819.7062
    401.3150	    291.5817
    401.3226	      0.0000
    401.3302	      0.0000
    401.3379	      0.0000
    401.3455	      0.0000
    414.1197	      0.0000
    414.1277	      0.0000
    414.1357	      0.0000
    414.1437	      0.0000
    414.1517	    502.4518
    414.1597	    820.1873
    414.1677	    938.2556
    414.1757	    764.9660
    414.1837	    404.0669
    414.1921	      0.0000
    414.2001	      0.0000
    414.2081	      0.0000
    414.2161	      0.0000
    486.1358	      0.0000
    486.1459	      0.0000
    486.1561	      0.0000
    486.1663	      0.0000
    486.1764	    334.8427
    486.1866	    907.0065
    486.1968	   2008.7517
    486.2069	   3314.4854
    486.2171	   3221.8999
    486.2273	   1577.6039
    486.2374	    699.8994
    486.2476	      0.0000
    486.2578	      0.0000
    486.2680	      0.0000
    486.2781	      0.0000
    501.1881	      0.0000
    501.1987	      0.0000
    501.2094	      0.0000
    501.2200	      0.0000
    501.2306	    425.4897
    501.2413	    866.0129
    501.2519	   1120.1112
    501.2626	   1015.4841
    501.2732	    639.0700
    501.2841	      0.0000
    501.2948	      0.0000
    501.3054	      0.0000
    501.3161	      0.0000
    516.2379	      0.0000
    516.2491	      0.0000
    516.2602	      0.0000
    516.2713	      0.0000
    516.2824	    355.4398
    516.2936	    794.4769
    516.3047	   1195.5582
    516.3158	   1296.9568
    516.3270	   1010.2733
    516.3381	    522.4948
    516.3493	      0.0000
    516.3604	      0.0000
    516.3715	      0.0000
    516.3827	      0.0000
    581.1348	      0.0000
    581.1481	      0.0000
    581.1613	      0.0000
    581.1746	      0.0000
    581.1879	    199.6727
    581.2012	    749.5726
    581.2145	   1565.4542
    581.2278	   2183.0635
    581.2411	   3007.6870
    581.2544	   1396.9365
    581.2677	    574.9643
    581.2810	      0.0000
    581.2943	      0.0000
    581.3076	      0.0000
    581.3209	      0.0000
    641.5937	      0.0000
    641.6091	      0.0000
    641.6245	      0.0000
    641.6399	      0.0000
    641.6554	    387.5189
    641.6708	    758.9417
    641.6862	   1022.5601
    641.7016	    978.2389
    641.7170	    640.2026
    641.7325	      0.0000
    641.7480	      0.0000
    641.7634	      0.0000
    641.7788	      0.0000
    714.6773	      0.0000
    714.6954	      0.0000
    714.7136	      0.0000
    714.7317	      0.0000
    714.7498	    615.5142
    714.7679	    947.5265
    714.7861	   1099.2368
    714.8042	    954.8444
    714.8223	    591.5272
    714.8405	      0.0000
    714.8586	      0.0000
    714.8767	      0.0000
    714.8948	      0.0000
    737.3675	      0.0000
    737.3865	      0.0000
    737.4055	      0.0000
    737.4245	      0.0000
