# ljz_20131022_MR_Chym1_ELUTE.mzML
#
# index: 7428
# id: controllerType=0 controllerNumber=1 scan=19923
# scanNumber: 19923
# massAnalyzerType: quadrupole
# scanEvent: 2
# msLevel: 2
# retentionTime: 5096.92
# filterString: FTMS + p NSI d Full ms2 707.58@hcd28.00 [100.00-2910.00]
# mzLow: 99.0036
# mzHigh: 2939.88
# basePeakMZ: 115.037
# basePeakIntensity: 15429.2
# totalIonCurrent: 97833.5
# precursorCount: 1
# precursor 0: 707.326 124522
# binary (411): 
     99.0036	      0.0000
     99.0045	      0.0000
     99.0054	      0.0000
     99.0064	      0.0000
    115.0273	      0.0000
    115.0285	      0.0000
    115.0296	      0.0000
    115.0308	      0.0000
    115.0320	    386.9442
    115.0332	   1226.9513
    115.0343	   4355.5356
    115.0355	   9311.4180
    115.0367	  14627.7295
    115.0378	  14846.3467
    115.0390	   9562.3477
    115.0402	   4532.1509
    115.0414	   1030.1697
    115.0425	    164.1235
    115.0435	      0.0000
    115.0447	      0.0000
    115.0458	      0.0000
    115.0470	      0.0000
    126.0452	      0.0000
    126.0466	      0.0000
    126.0479	      0.0000
    126.0493	      0.0000
    126.0506	    568.8519
    126.0519	   1319.6841
    126.0533	   3234.4133
    126.0546	   5315.9741
    126.0560	   5949.1953
    126.0573	   4186.1489
    126.0586	   2285.7939
    126.0600	    763.3102
    126.0613	      0.0000
    126.0627	      0.0000
    126.0640	      0.0000
    126.0654	      0.0000
    127.0308	      0.0000
    127.0322	      0.0000
    127.0336	      0.0000
    127.0349	      0.0000
    127.0363	    382.4355
    127.0376	    887.0992
    127.0390	   1233.0688
    127.0403	   1134.2866
    127.0417	    664.3511
    127.0430	      0.0000
    127.0443	      0.0000
    127.0457	      0.0000
    127.0470	      0.0000
    138.0431	      0.0000
    138.0446	      0.0000
    138.0462	      0.0000
    138.0477	      0.0000
    138.0492	    353.0697
    138.0508	   1436.2618
    138.0523	   4408.4375
    138.0539	   7638.7500
    138.0554	   9765.6533
    138.0569	   7349.6743
    138.0585	   4119.8979
    138.0600	   1227.6537
    138.0615	    268.4446
    138.0631	      0.0000
    138.0647	      0.0000
    138.0662	      0.0000
    138.0677	      0.0000
    159.0335	      0.0000
    159.0354	      0.0000
    159.0373	      0.0000
    159.0392	      0.0000
    159.0411	    500.6979
    159.0430	    881.1501
    159.0449	   1029.9988
    159.0468	    849.5984
    159.0487	    471.8054
    159.0506	      0.0000
    159.0525	      0.0000
    159.0544	      0.0000
    159.0563	      0.0000
    168.0537	      0.0000
    168.0558	      0.0000
    168.0578	      0.0000
    168.0599	      0.0000
    168.0620	    804.4207
    168.0640	   1234.4961
    168.0661	   1334.8588
    168.0682	   1007.5043
    168.0702	    477.9500
    168.0724	      0.0000
    168.0744	      0.0000
    168.0765	      0.0000
    168.0786	      0.0000
    186.0637	      0.0000
    186.0661	      0.0000
    186.0685	      0.0000
    186.0709	      0.0000
    186.0733	    845.6520
    186.0757	   1372.2703
    186.0781	   1501.2797
    186.0805	   1122.6563
    186.0829	    509.8293
    186.0854	      0.0000
    186.0878	      0.0000
    186.0902	      0.0000
    186.0926	      0.0000
    200.0865	      0.0000
    200.0892	      0.0000
    200.0918	      0.0000
    200.0945	      0.0000
    200.0972	    721.2635
    200.0999	   1402.8563
    200.1026	   1896.7065
    200.1053	   1864.3518
    200.1079	   1318.3448
    200.1106	    628.8649
    200.1137	      0.0000
    200.1163	      0.0000
    200.1190	      0.0000
    200.1217	      0.0000
    204.0647	      0.0000
    204.0675	      0.0000
    204.0702	      0.0000
    204.0730	      0.0000
    204.0758	    308.8040
    204.0785	   1088.5646
    204.0813	   4321.2480
    204.0841	   8439.4600
    204.0868	  12284.3506
    204.0896	  10731.0273
    204.0924	   6404.3350
    204.0951	   2333.4829
    204.0979	    496.5318
    204.1006	      0.0000
    204.1034	      0.0000
    204.1062	      0.0000
    204.1089	      0.0000
    285.7206	      0.0000
    285.7252	      0.0000
    285.7298	      0.0000
    285.7344	      0.0000
    285.7389	    487.5896
    285.7435	    967.8847
    285.7481	   1254.1886
    285.7527	   1147.3337
    285.7573	    726.0512
    285.7620	      0.0000
    285.7666	      0.0000
    285.7712	      0.0000
    285.7758	      0.0000
    323.2641	      0.0000
    323.2696	      0.0000
    323.2751	      0.0000
    323.2806	      0.0000
    323.2862	    447.9208
    323.2917	    950.7733
    323.2972	   1303.0822
    323.3027	   1262.3993
    323.3082	    861.9734
    323.3140	      0.0000
    323.3195	      0.0000
    323.3250	      0.0000
    323.3305	      0.0000
    366.0992	      0.0000
    366.1058	      0.0000
    366.1125	      0.0000
    366.1191	      0.0000
    366.1258	    794.2991
    366.1324	   1238.5424
    366.1390	   1323.7126
    366.1457	    989.6995
    366.1523	    466.7092
    366.1595	      0.0000
    366.1662	      0.0000
    366.1728	      0.0000
    366.1795	      0.0000
    503.3448	      0.0000
    503.3555	      0.0000
    503.3662	      0.0000
    503.3770	      0.0000
    503.3877	    498.8880
    503.3984	   1029.7019
    503.4091	   1396.8901
    503.4198	   1352.7948
    503.4305	    918.5262
    503.4418	      0.0000
    503.4525	      0.0000
    503.4632	      0.0000
    503.4739	      0.0000
    767.2877	      0.0000
    767.3079	      0.0000
    767.3281	      0.0000
    767.3482	      0.0000
    767.3684	    886.1395
    767.3885	   1422.7880
    767.4087	   1621.5612
    767.4289	   1312.0441
    767.4490	    712.3701
    767.4692	      0.0000
    767.4894	      0.0000
    767.5096	      0.0000
    767.5297	      0.0000
    775.7846	      0.0000
    775.8050	      0.0000
    775.8255	      0.0000
    775.8460	      0.0000
    775.8665	    610.1804
    775.8870	   1266.2981
    775.9075	   1555.7440
    775.9280	   1206.4547
    775.9485	    537.4620
    775.9691	      0.0000
    775.9896	      0.0000
    776.0101	      0.0000
    776.0306	      0.0000
    791.6836	      0.0000
    791.7048	      0.0000
    791.7259	      0.0000
    791.7470	      0.0000
    791.7682	    813.7910
    791.7893	   1398.8024
    791.8104	   1587.5739
    791.8316	   1205.6609
    791.8527	    564.1345
    791.8739	      0.0000
    791.8950	      0.0000
    791.9162	      0.0000
    791.9373	      0.0000
    837.1874	      0.0000
    837.2104	      0.0000
    837.2334	      0.0000
    837.2563	      0.0000
    837.2793	    788.5736
    837.3023	   1266.1913
    837.3253	   1400.4845
    837.3483	   1073.8690
    837.3712	    508.2077
    837.4050	      0.0000
    837.4280	      0.0000
    837.4510	      0.0000
    837.4740	      0.0000
    876.7574	      0.0000
    876.7820	      0.0000
    876.8066	      0.0000
    876.8312	      0.0000
    876.8559	    566.9127
    876.8805	   1184.8679
    876.9051	   3459.6243
    876.9298	   6548.1006
    876.9544	   9396.0127
    876.9790	   8174.4424
    877.0037	   4732.6719
    877.0283	   1442.3656
    877.0529	      0.0000
    877.0668	      0.0000
    877.0915	      0.0000
    877.1161	      0.0000
    877.1407	      0.0000
    877.2886	      0.0000
    877.3132	      0.0000
    877.3379	      0.0000
    877.3625	      0.0000
    877.3872	   1002.5929
    877.4118	   3215.6157
    877.4365	   5246.0854
    877.4612	   5570.7148
    877.4858	   3518.6155
    877.5105	   1533.4749
    877.5351	    545.4070
    877.5598	      0.0000
    877.5844	      0.0000
    877.6091	      0.0000
    877.6338	      0.0000
    877.7817	      0.0000
    877.8064	      0.0000
    877.8311	      0.0000
    877.8558	      0.0000
    877.8804	    774.1988
    877.9051	   2792.4780
    877.9298	   4889.3970
    877.9545	   6091.9033
    877.9791	   4491.7563
    878.0038	   2482.9705
    878.0285	    700.0989
    878.0532	      0.0000
    878.0778	      0.0000
    878.1025	      0.0000
    878.1272	      0.0000
    878.3000	      0.0000
    878.3247	      0.0000
    878.3494	      0.0000
    878.3741	      0.0000
    878.3988	    746.0281
    878.4235	   1519.7592
    878.4482	   2043.0038
    878.4729	   1921.4364
    878.4976	   1247.9911
    878.5223	    527.9481
    878.5470	      0.0000
    878.5717	      0.0000
    878.5964	      0.0000
    878.6211	      0.0000
    934.1067	      0.0000
    934.1338	      0.0000
    934.1609	      0.0000
    934.1880	      0.0000
    934.2150	    761.2227
    934.2421	   1264.0690
    934.2692	   1416.7601
    934.2963	   1094.0859
    934.3234	    530.9110
    934.3505	      0.0000
    934.3776	      0.0000
    934.4047	      0.0000
    934.4318	      0.0000
    950.3190	      0.0000
    950.3468	      0.0000
    950.3746	      0.0000
    950.4024	      0.0000
    950.4302	    593.7629
    950.4580	   1102.3174
    950.4858	   1416.9443
    950.5136	   1320.2091
    950.5414	    872.3047
    950.5692	      0.0000
    950.5970	      0.0000
    950.6248	      0.0000
    950.6526	      0.0000
    978.8448	      0.0000
    978.8738	      0.0000
    978.9029	      0.0000
    978.9319	      0.0000
    978.9610	    913.3335
    978.9901	   1371.8278
    979.0191	   1495.8430
    979.0482	   1233.1012
    979.0772	    756.9622
    979.1067	      0.0000
    979.1358	      0.0000
    979.1648	      0.0000
    979.1939	      0.0000
   1354.6585	      0.0000
   1354.7058	      0.0000
   1354.7531	      0.0000
   1354.8004	      0.0000
   1354.8477	   1001.3987
   1354.8950	   1504.1979
   1354.9423	   1664.7173
   1354.9896	   1359.9802
   1355.0369	    781.1667
   1355.0842	      0.0000
   1355.1315	      0.0000
   1355.1788	      0.0000
   1355.2262	      0.0000
   1360.3515	      0.0000
   1360.3991	      0.0000
   1360.4467	      0.0000
   1360.4943	      0.0000
   1360.5419	    660.0551
   1360.5895	   1282.4431
   1360.6371	   1586.9274
   1360.6847	   1382.7103
   1360.7323	    837.5939
   1360.7788	      0.0000
   1360.8264	      0.0000
   1360.8741	      0.0000
   1360.9217	      0.0000
   1924.6612	      0.0000
   1924.7413	      0.0000
   1924.8214	      0.0000
   1924.9015	      0.0000
   1924.9816	    730.4921
   1925.0617	   1202.8788
   1925.1419	   1437.9934
   1925.2220	   1295.8590
   1925.3021	    853.3454
   1925.3822	      0.0000
   1925.4624	      0.0000
   1925.5425	      0.0000
   1925.6227	      0.0000
   2151.6718	      0.0000
   2151.7664	      0.0000
   2151.8611	      0.0000
   2151.9558	      0.0000
   2152.0505	    893.8909
   2152.1452	   1381.6444
   2152.2399	   1574.7098
   2152.3346	   1375.8143
   2152.4293	    930.9934
   2152.5240	      0.0000
   2152.6188	      0.0000
   2152.7135	      0.0000
   2152.8083	      0.0000
   2664.9051	      0.0000
   2665.0356	      0.0000
   2665.1661	      0.0000
   2665.2966	      0.0000
   2665.4271	    961.5980
   2665.5576	   1420.4109
   2665.6882	   1544.9613
   2665.8187	   1264.2416
   2665.9493	    739.3738
   2666.0799	      0.0000
   2666.2104	      0.0000
   2666.3410	      0.0000
   2666.4716	      0.0000
   2939.4218	      0.0000
   2939.5729	      0.0000
   2939.7241	      0.0000
   2939.8753	      0.0000
