# ljz_20131022_MR_Chym1_ELUTE.mzML
#
# index: 3348
# id: controllerType=0 controllerNumber=1 scan=9213
# scanNumber: 9213
# massAnalyzerType: quadrupole
# scanEvent: 2
# msLevel: 2
# retentionTime: 2382.1
# filterString: FTMS + p NSI d Full ms2 343.20@hcd28.00 [100.00-720.00]
# mzLow: 99.0036
# mzHigh: 727.329
# basePeakMZ: 136.076
# basePeakIntensity: 54341.1
# totalIonCurrent: 417830
# precursorCount: 1
# precursor 0: 343.201 730901
# binary (1111): 
     99.0036	      0.0000
     99.0045	      0.0000
     99.0055	      0.0000
     99.0064	      0.0000
    103.0340	      0.0000
    103.0350	      0.0000
    103.0360	      0.0000
    103.0370	      0.0000
    103.0380	    573.8893
    103.0390	    916.0920
    103.0400	   1008.2786
    103.0410	    767.5178
    103.0420	    364.7026
    103.0430	      0.0000
    103.0439	      0.0000
    103.0449	      0.0000
    103.0459	      0.0000
    105.0267	      0.0000
    105.0277	      0.0000
    105.0288	      0.0000
    105.0298	      0.0000
    105.0308	    281.2986
    105.0318	    815.7564
    105.0328	   1614.0256
    105.0339	   3191.0361
    105.0349	   3083.7810
    105.0359	   1585.4108
    105.0369	    822.1472
    105.0379	    324.5420
    105.0390	      0.0000
    105.0400	      0.0000
    105.0410	      0.0000
    105.0420	      0.0000
    106.0272	      0.0000
    106.0282	      0.0000
    106.0293	      0.0000
    106.0303	      0.0000
    106.0313	    368.8302
    106.0324	    717.2454
    106.0334	    850.8793
    106.0344	    675.7814
    106.0355	    333.6226
    106.0365	      0.0000
    106.0375	      0.0000
    106.0386	      0.0000
    106.0396	      0.0000
    107.0431	      0.0000
    107.0441	      0.0000
    107.0452	      0.0000
    107.0462	      0.0000
    107.0473	    302.3821
    107.0483	    738.9612
    107.0494	   1085.7843
    107.0504	   1061.5206
    107.0515	    678.6309
    107.0525	    222.2565
    107.0536	      0.0000
    107.0546	      0.0000
    107.0557	      0.0000
    107.0567	      0.0000
    110.0637	      0.0000
    110.0648	      0.0000
    110.0659	      0.0000
    110.0670	      0.0000
    110.0681	    363.8425
    110.0692	   1037.8972
    110.0703	   2729.6157
    110.0714	   4295.8735
    110.0725	   4291.1729
    110.0736	   2671.4807
    110.0747	   1155.5836
    110.0758	    482.2695
    110.0769	      0.0000
    110.0780	      0.0000
    110.0791	      0.0000
    110.0801	      0.0000
    112.0789	      0.0000
    112.0800	      0.0000
    112.0812	      0.0000
    112.0823	      0.0000
    112.0834	    400.5638
    112.0845	    687.0447
    112.0857	   2343.1445
    112.0868	   4059.5881
    112.0879	   4898.7715
    112.0890	   3494.2085
    112.0902	   1868.4154
    112.0913	    611.3735
    112.0924	      0.0000
    112.0935	      0.0000
    112.0946	      0.0000
    112.0958	      0.0000
    115.0307	      0.0000
    115.0319	      0.0000
    115.0331	      0.0000
    115.0342	      0.0000
    115.0354	    590.8214
    115.0366	   1084.6494
    115.0377	   1337.7048
    115.0389	   1169.1432
    115.0401	    704.8546
    115.0413	    252.6408
    115.0424	      0.0000
    115.0436	      0.0000
    115.0448	      0.0000
    115.0459	      0.0000
    115.0787	      0.0000
    115.0799	      0.0000
    115.0811	      0.0000
    115.0822	      0.0000
    115.0834	    258.6931
    115.0846	    703.8129
    115.0857	   1302.9188
    115.0869	   1710.0771
    115.0881	   1644.6509
    115.0893	   1142.3964
    115.0904	    537.2888
    115.0916	      0.0000
    115.0927	      0.0000
    115.0939	      0.0000
    115.0951	      0.0000
    119.0400	      0.0000
    119.0412	      0.0000
    119.0425	      0.0000
    119.0437	      0.0000
    119.0449	    195.6028
    119.0462	   1090.0552
    119.0474	   3295.6997
    119.0486	   5723.6934
    119.0499	   6924.9077
    119.0511	   4889.3813
    119.0523	   2553.2107
    119.0536	    592.4524
    119.0548	      0.0000
    119.0560	      0.0000
    119.0572	      0.0000
    119.0585	      0.0000
    120.0716	      0.0000
    120.0729	      0.0000
    120.0741	      0.0000
    120.0754	      0.0000
    120.0766	    436.4685
    120.0779	   2107.8452
    120.0791	   5429.5903
    120.0804	   9019.8320
    120.0816	  10151.5869
    120.0829	   6901.1426
    120.0841	   3522.9802
    120.0854	    890.2839
    120.0866	    225.2707
    120.0879	      0.0000
    120.0891	      0.0000
    120.0904	      0.0000
    120.0916	      0.0000
    123.0358	      0.0000
    123.0371	      0.0000
    123.0384	      0.0000
    123.0397	      0.0000
    123.0410	    542.4761
    123.0423	   1065.2312
    123.0435	   1503.9731
    123.0448	   1594.3973
    123.0461	   1263.9247
    123.0474	    713.0339
    123.0487	    246.6339
    123.0502	      0.0000
    123.0515	      0.0000
    123.0528	      0.0000
    123.0540	      0.0000
    123.1072	      0.0000
    123.1084	      0.0000
    123.1097	      0.0000
    123.1110	      0.0000
    123.1123	    306.0350
    123.1136	   1467.1461
    123.1149	   4756.0586
    123.1162	   8338.9902
    123.1175	  11080.4375
    123.1188	   8762.7139
    123.1201	   5088.9844
    123.1214	   1578.9614
    123.1227	    214.4202
    123.1238	      0.0000
    123.1251	      0.0000
    123.1264	      0.0000
    123.1277	      0.0000
    126.6744	      0.0000
    126.6758	      0.0000
    126.6771	      0.0000
    126.6785	      0.0000
    126.6798	    294.7480
    126.6812	    666.8486
    126.6825	    836.6130
    126.6839	    680.0294
    126.6852	    342.9670
    126.6866	      0.0000
    126.6879	      0.0000
    126.6893	      0.0000
    126.6906	      0.0000
    129.0941	      0.0000
    129.0955	      0.0000
    129.0969	      0.0000
    129.0983	      0.0000
    129.0997	    325.2056
    129.1010	    806.9855
    129.1024	   1170.6887
    129.1038	   1150.1666
    129.1052	    775.8380
    129.1066	    331.4489
    129.1080	      0.0000
    129.1094	      0.0000
    129.1108	      0.0000
    129.1122	      0.0000
    129.3882	      0.0000
    129.3895	      0.0000
    129.3909	      0.0000
    129.3923	      0.0000
    129.3937	    339.0092
    129.3951	    785.5532
    129.3965	   1076.6807
    129.3979	    914.0489
    129.3993	    433.7838
    129.4007	      0.0000
    129.4021	      0.0000
    129.4035	      0.0000
    129.4049	      0.0000
    132.0935	      0.0000
    132.0949	      0.0000
    132.0964	      0.0000
    132.0978	      0.0000
    132.0992	    380.4166
    132.1007	    824.8450
    132.1021	   1084.1238
    132.1036	    962.2241
    132.1050	    550.8899
    132.1065	      0.0000
    132.1080	      0.0000
    132.1094	      0.0000
    132.1108	      0.0000
    133.0739	      0.0000
    133.0754	      0.0000
    133.0768	      0.0000
    133.0783	      0.0000
    133.0797	    628.2575
    133.0812	   1879.4061
    133.0826	   6495.0083
    133.0841	  14470.7393
    133.0856	  23053.8438
    133.0870	  24861.8906
    133.0885	  16717.5117
    133.0899	   8521.2988
    133.0914	   2184.2473
    133.0928	    249.7762
    133.0942	      0.0000
    133.0957	      0.0000
    133.0971	      0.0000
    133.0986	      0.0000
    136.0617	      0.0000
    136.0632	      0.0000
    136.0647	      0.0000
    136.0662	      0.0000
    136.0677	    642.1105
    136.0692	   1248.6940
    136.0707	   4006.4539
    136.0722	  13805.2852
    136.0737	  30839.2813
    136.0752	  49268.0352
    136.0767	  53323.1602
    136.0783	  36106.1875
    136.0798	  18650.9824
    136.0813	   5175.8916
    136.0828	   1170.6746
    136.0843	    667.3807
    136.0857	      0.0000
    136.0872	      0.0000
    136.0887	      0.0000
    136.0902	      0.0000
    137.0683	      0.0000
    137.0698	      0.0000
    137.0713	      0.0000
    137.0729	      0.0000
    137.0744	    229.2517
    137.0759	    740.0815
    137.0774	   1449.0750
    137.0790	   1991.4851
    137.0805	   1995.6453
    137.0820	   1460.5872
    137.0835	    770.8603
    137.0850	    322.1457
    137.0866	      0.0000
    137.0881	      0.0000
    137.0896	      0.0000
    137.0911	      0.0000
    139.0656	      0.0000
    139.0672	      0.0000
    139.0687	      0.0000
    139.0703	      0.0000
    139.0719	    561.7776
    139.0734	    863.3281
    139.0750	    979.3419
    139.0765	    840.2133
    139.0781	    531.2144
    139.0797	      0.0000
    139.0813	      0.0000
    139.0828	      0.0000
    139.0844	      0.0000
    145.0365	      0.0000
    145.0382	      0.0000
    145.0398	      0.0000
    145.0415	      0.0000
    145.0431	     18.0271
    145.0448	    980.4744
    145.0464	   3745.5735
    145.0481	   7094.1792
    145.0498	  10194.3350
    145.0514	   9035.9785
    145.0531	   5491.3442
    145.0547	   2249.5554
    145.0564	    353.0143
    145.0580	      0.0000
    145.0596	      0.0000
    145.0613	      0.0000
    145.0629	      0.0000
    147.1028	      0.0000
    147.1045	      0.0000
    147.1061	      0.0000
    147.1078	      0.0000
    147.1095	    546.7675
    147.1112	    864.4225
    147.1129	    997.4402
    147.1146	    858.9603
    147.1163	    535.1047
    147.1180	      0.0000
    147.1197	      0.0000
    147.1214	      0.0000
    147.1231	      0.0000
    149.6607	      0.0000
    149.6624	      0.0000
    149.6642	      0.0000
    149.6659	      0.0000
    149.6676	    412.5395
    149.6694	    720.2621
    149.6711	    859.7512
    149.6728	    739.9573
    149.6746	    440.5170
    149.6763	      0.0000
    149.6780	      0.0000
    149.6798	      0.0000
    149.6815	      0.0000
    151.0104	      0.0000
    151.0122	      0.0000
    151.0140	      0.0000
    151.0157	      0.0000
    151.0175	    329.8810
    151.0193	    827.4491
    151.0210	   1157.6904
    151.0228	   1009.8389
    151.0245	    512.0581
    151.0263	      0.0000
    151.0281	      0.0000
    151.0298	      0.0000
    151.0316	      0.0000
    157.0491	      0.0000
    157.0509	      0.0000
    157.0528	      0.0000
    157.0547	      0.0000
    157.0565	    607.5969
    157.0584	   1165.8215
    157.0603	   1518.9794
    157.0621	   1424.5281
    157.0640	    952.7197
    157.0659	    414.7535
    157.0677	      0.0000
    157.0696	      0.0000
    157.0715	      0.0000
    157.0733	      0.0000
    157.0752	      0.0000
    157.0771	      0.0000
    157.0789	    622.4667
    157.0808	   2146.4729
    157.0827	   3785.6187
    157.0845	   4537.8452
    157.0864	   3236.1343
    157.0883	   1718.0409
    157.0901	    484.4078
    157.0920	      0.0000
    157.0938	      0.0000
    157.0957	      0.0000
    157.0976	      0.0000
    162.0627	      0.0000
    162.0647	      0.0000
    162.0667	      0.0000
    162.0686	      0.0000
    162.0706	    520.8090
    162.0725	   1507.1639
    162.0745	   2854.7905
    162.0764	   3902.2493
    162.0784	   3074.9834
    162.0804	   1731.5835
    162.0823	    587.5077
    162.0843	      0.0000
    162.0862	      0.0000
    162.0882	      0.0000
    162.0901	      0.0000
    163.0615	      0.0000
    163.0634	      0.0000
    163.0654	      0.0000
    163.0674	      0.0000
    163.0694	    512.5780
    163.0713	   1364.7921
    163.0733	   3036.7915
    163.0753	   4727.1367
    163.0773	   4590.1675
    163.0792	   2930.4690
    163.0812	   1348.0038
    163.0832	    303.6638
    163.0851	      0.0000
    163.0871	      0.0000
    163.0891	      0.0000
    163.0911	      0.0000
    165.0385	      0.0000
    165.0405	      0.0000
    165.0425	      0.0000
    165.0446	      0.0000
    165.0466	    176.0000
    165.0486	    988.9609
    165.0506	   3791.0176
    165.0526	   7238.1191
    165.0546	  10462.7373
    165.0566	   9202.3125
    165.0586	   5555.1406
    165.0606	   2238.3518
    165.0627	    490.7941
    165.0648	      0.0000
    165.0668	      0.0000
    165.0688	      0.0000
    165.0708	      0.0000
    174.9810	      0.0000
    174.9832	      0.0000
    174.9854	      0.0000
    174.9876	      0.0000
    174.9898	    661.1393
    174.9920	   1061.6151
    174.9942	   1146.9252
    174.9964	    859.1678
    174.9986	    420.1953
    175.0000	      0.0000
    175.0022	      0.0000
    175.0044	      0.0000
    175.0066	      0.0000
    177.0960	      0.0000
    177.0982	      0.0000
    177.1005	      0.0000
    177.1027	      0.0000
    177.1049	    671.4709
    177.1072	   2922.1533
    177.1094	   5572.7217
    177.1116	   7988.3398
    177.1139	   7046.1367
    177.1161	   4332.8872
    177.1183	   1867.4017
    177.1206	    443.3402
    177.1230	      0.0000
    177.1252	      0.0000
    177.1274	      0.0000
    177.1297	      0.0000
    182.0626	      0.0000
    182.0650	      0.0000
    182.0673	      0.0000
    182.0696	      0.0000
    182.0720	      0.0000
    182.0743	    884.9117
    182.0766	   3341.4604
    182.0790	   5865.4775
    182.0813	   7699.6035
    182.0836	   6048.2969
    182.0859	   3535.2878
    182.0883	   1245.2106
    182.0906	    233.3271
    182.0936	      0.0000
    182.0959	      0.0000
    182.0982	      0.0000
    182.1006	      0.0000
    183.0483	      0.0000
    183.0506	      0.0000
    183.0530	      0.0000
    183.0553	      0.0000
    183.0577	    553.0660
    183.0600	   1000.2924
    183.0624	   1258.1627
    183.0647	   1141.6827
    183.0671	    739.3707
    183.0694	    308.3714
    183.0717	      0.0000
    183.0741	      0.0000
    183.0764	      0.0000
    183.0788	      0.0000
    188.9471	      0.0000
    188.9496	      0.0000
    188.9521	      0.0000
    188.9545	      0.0000
    188.9570	    351.0142
    188.9594	    741.7621
    188.9619	    971.2025
    188.9644	    866.3043
    188.9668	    517.1088
    188.9695	      0.0000
    188.9719	      0.0000
    188.9744	      0.0000
    188.9769	      0.0000
    202.0800	      0.0000
    202.0827	      0.0000
    202.0854	      0.0000
    202.0881	      0.0000
    202.0909	    197.3963
    202.0936	    715.1409
    202.0963	   1331.3479
    202.0990	   4757.1802
    202.1018	  16112.0020
    202.1045	  31032.7969
    202.1072	  45704.7070
    202.1099	  41895.3086
    202.1127	  25990.9512
    202.1154	  11288.9277
    202.1181	   2952.3962
    202.1208	    761.4683
    202.1236	    467.9936
    202.1261	      0.0000
    202.1289	      0.0000
    202.1316	      0.0000
    202.1343	      0.0000
    203.0918	      0.0000
    203.0945	      0.0000
    203.0973	      0.0000
    203.1000	      0.0000
    203.1028	    573.5521
    203.1055	   1360.1938
    203.1082	   2915.9792
    203.1110	   3758.8291
    203.1137	   2876.0693
    203.1165	   1212.4502
    203.1192	    459.5333
    203.1221	      0.0000
    203.1248	      0.0000
    203.1276	      0.0000
    203.1303	      0.0000
    204.0285	      0.0000
    204.0313	      0.0000
    204.0340	      0.0000
    204.0368	      0.0000
    204.0396	    482.2746
    204.0423	    836.2563
    204.0451	   1021.8410
    204.0479	    946.2696
    204.0506	    684.1915
    204.0534	      0.0000
    204.0562	      0.0000
    204.0589	      0.0000
    204.0617	      0.0000
    205.1025	      0.0000
    205.1053	      0.0000
    205.1081	      0.0000
    205.1109	      0.0000
    205.1137	    403.6937
    205.1165	    797.4214
    205.1192	   1096.7516
    205.1220	   1125.1606
    205.1248	    864.7397
    205.1276	    474.3026
    205.1304	      0.0000
    205.1331	      0.0000
    205.1359	      0.0000
    205.1387	      0.0000
    211.0753	      0.0000
    211.0782	      0.0000
    211.0811	      0.0000
    211.0841	      0.0000
    211.0870	    683.7451
    211.0899	    997.0956
    211.0928	   1075.9772
    211.0957	    852.2896
    211.0986	    451.6986
    211.1015	      0.0000
    211.1044	      0.0000
    211.1073	      0.0000
    211.1102	      0.0000
    214.9440	      0.0000
    214.9470	      0.0000
    214.9500	      0.0000
    214.9530	      0.0000
    214.9560	    327.4456
    214.9590	    866.8605
    214.9620	   1615.6069
    214.9649	   2096.5625
    214.9679	   1952.8312
    214.9709	   1296.9830
    214.9739	    579.0148
    214.9770	      0.0000
    214.9800	      0.0000
    214.9830	      0.0000
    214.9860	      0.0000
    215.9941	      0.0000
    215.9972	      0.0000
    216.0002	      0.0000
    216.0032	      0.0000
    216.0062	    403.3563
    216.0092	   1071.1101
    216.0122	   1674.7979
    216.0152	   1780.2080
    216.0182	   1339.3938
    216.0213	    696.2210
    216.0243	      0.0000
    216.0273	      0.0000
    216.0303	      0.0000
    216.0333	      0.0000
    230.0834	      0.0000
    230.0867	      0.0000
    230.0900	      0.0000
    230.0933	      0.0000
    230.0966	    361.2657
    230.0999	    783.0001
    230.1032	   1042.2883
    230.1065	    936.6837
    230.1099	    544.3689
    230.1128	      0.0000
    230.1161	      0.0000
    230.1194	      0.0000
    230.1227	      0.0000
    243.1152	      0.0000
    243.1188	      0.0000
    243.1224	      0.0000
    243.1260	      0.0000
    243.1296	    227.9236
    243.1332	    867.3753
    243.1368	   4031.5603
    243.1404	  10823.5605
    243.1440	  18113.2520
    243.1476	  21535.9570
    243.1512	  15472.3857
    243.1548	   8502.7910
    243.1584	   2633.9036
    243.1620	    595.6616
    243.1655	      0.0000
    243.1691	      0.0000
    243.1727	      0.0000
    243.1763	      0.0000
    243.6194	      0.0000
    243.6230	      0.0000
    243.6266	      0.0000
    243.6302	      0.0000
    243.6338	      0.0000
    243.6374	    765.5624
    243.6410	   2947.6077
    243.6446	   5307.4326
    243.6482	   7177.7031
    243.6518	   5833.8604
    243.6554	   3416.9116
    243.6590	   1220.5072
    243.6627	    145.4484
    243.6667	      0.0000
    243.6703	      0.0000
    243.6739	      0.0000
    243.6775	      0.0000
    251.0685	      0.0000
    251.0723	      0.0000
    251.0761	      0.0000
    251.0798	      0.0000
    251.0836	    399.1905
    251.0874	    785.8839
    251.0912	    955.0946
    251.0949	    806.5267
    251.0987	    485.9821
    251.1025	      0.0000
    251.1063	      0.0000
    251.1100	      0.0000
    251.1138	      0.0000
    251.1176	    527.6219
    251.1214	    977.6222
    251.1251	   1309.6338
    251.1289	   1263.9120
    251.1327	    841.8074
    251.1365	    334.9413
    251.1403	      0.0000
    251.1441	      0.0000
    251.1478	      0.0000
    251.1516	      0.0000
    264.9467	      0.0000
    264.9507	      0.0000
    264.9548	      0.0000
    264.9589	      0.0000
    264.9630	    546.3853
    264.9671	   1067.9675
    264.9712	   1374.5294
    264.9753	   1237.4172
    264.9794	    762.3223
    264.9835	    265.7886
    264.9876	      0.0000
    264.9917	      0.0000
    264.9958	      0.0000
    264.9999	      0.0000
    281.0957	      0.0000
    281.1002	      0.0000
    281.1046	      0.0000
    281.1091	      0.0000
    281.1136	    384.8208
    281.1180	    901.7051
    281.1225	   1342.9757
    281.1270	   1391.7484
    281.1315	   1004.2047
    281.1359	    470.5586
    281.1404	      0.0000
    281.1449	      0.0000
    281.1493	      0.0000
    281.1538	      0.0000
    282.0772	      0.0000
    282.0817	      0.0000
    282.0862	      0.0000
    282.0907	      0.0000
    282.0952	    494.0443
    282.0997	   2318.1516
    282.1042	   4350.4653
    282.1087	   6036.0034
    282.1132	   4999.8311
    282.1177	   2992.7163
    282.1222	   1207.0050
    282.1267	    257.4404
    282.1312	      0.0000
    282.1357	      0.0000
    282.1402	      0.0000
    282.1447	      0.0000
    283.0865	      0.0000
    283.0911	      0.0000
    283.0956	      0.0000
    283.1001	      0.0000
    283.1046	    422.5063
    283.1091	    921.8064
    283.1136	   1170.3585
    283.1182	    971.3074
    283.1227	    505.5125
    283.1272	      0.0000
    283.1317	      0.0000
    283.1362	      0.0000
    283.1408	      0.0000
    284.1603	      0.0000
    284.1649	      0.0000
    284.1694	      0.0000
    284.1739	      0.0000
    284.1785	    775.3781
    284.1830	   1339.4888
    284.1876	   1528.4205
    284.1921	   1180.9739
    284.1967	    573.3436
    284.2013	      0.0000
    284.2058	      0.0000
    284.2104	      0.0000
    284.2149	      0.0000
    301.1079	      0.0000
    301.1128	      0.0000
    301.1178	      0.0000
    301.1227	      0.0000
    301.1277	    425.7862
    301.1327	   1020.8527
    301.1376	   1484.2036
    301.1426	   1476.1299
    301.1475	   1016.6097
    301.1525	    444.8217
    301.1574	      0.0000
    301.1624	      0.0000
    301.1673	      0.0000
    301.1723	      0.0000
    313.1225	      0.0000
    313.1277	      0.0000
    313.1330	      0.0000
    313.1382	      0.0000
    313.1435	    126.3302
    313.1487	   1187.2371
    313.1540	   3161.7400
    313.1592	   5274.4565
    313.1645	   5914.2197
    313.1698	   4034.8093
    313.1750	   2069.0525
    313.1803	    495.6708
    313.1857	      0.0000
    313.1909	      0.0000
    313.1962	      0.0000
    313.2014	      0.0000
    323.9433	      0.0000
    323.9488	      0.0000
    323.9543	      0.0000
    323.9599	      0.0000
    323.9654	    301.4462
    323.9709	    836.8794
    323.9765	   1362.1669
    323.9820	   1517.3379
    323.9875	   1195.4098
    323.9931	    642.7567
    323.9973	      0.0000
    324.0029	      0.0000
    324.0084	      0.0000
    324.0139	      0.0000
    324.0859	      0.0000
    324.0914	      0.0000
    324.0969	      0.0000
    324.1025	      0.0000
    324.1080	      0.0000
    324.1135	   1425.2125
    324.1191	   4743.5786
    324.1246	   8256.0723
    324.1301	  10883.0762
    324.1357	   8981.4570
    324.1412	   5495.3867
    324.1467	   2234.5105
    324.1523	    561.0048
    324.1591	      0.0000
    324.1646	      0.0000
    324.1701	      0.0000
    324.1757	      0.0000
    324.1868	      0.0000
    324.1923	      0.0000
    324.1978	      0.0000
    324.2034	      0.0000
    324.2089	    439.8204
    324.2144	    876.5305
    324.2200	   1124.6808
    324.2255	   1046.3750
    324.2311	    717.8937
    324.2366	      0.0000
    324.2421	      0.0000
    324.2477	      0.0000
    324.2532	      0.0000
    327.0402	      0.0000
    327.0458	      0.0000
    327.0514	      0.0000
    327.0570	      0.0000
    327.0627	    401.3762
    327.0683	   1150.5231
    327.0739	   2001.0164
    327.0795	   3259.0342
    327.0851	   2161.6350
    327.0907	    949.2346
    327.0963	    478.7653
    327.1036	      0.0000
    327.1093	      0.0000
    327.1149	      0.0000
    327.1205	      0.0000
    327.1598	      0.0000
    327.1654	      0.0000
    327.1710	      0.0000
    327.1766	      0.0000
    327.1822	    745.4236
    327.1878	   1975.2053
    327.1935	   5238.4019
    327.1991	   8861.0645
    327.2047	  10852.5977
    327.2103	   7795.9971
    327.2159	   4092.9426
    327.2215	    809.7694
    327.2271	      0.0000
    327.2308	      0.0000
    327.2364	      0.0000
    327.2420	      0.0000
    327.2476	      0.0000
    341.1044	      0.0000
    341.1104	      0.0000
    341.1164	      0.0000
    341.1223	      0.0000
    341.1283	    167.1390
    341.1343	    919.7758
    341.1403	   4539.6104
    341.1463	  12708.7754
    341.1522	  21470.9805
    341.1582	  26074.7656
    341.1642	  19009.2070
    341.1702	  10521.2070
    341.1761	   3145.9153
    341.1821	    779.1096
    341.1885	      0.0000
    341.1945	      0.0000
    341.2004	      0.0000
    341.2064	      0.0000
    341.2124	      0.0000
    341.2184	      0.0000
    341.2244	      0.0000
    341.2303	      0.0000
    341.2363	    778.2573
    341.2423	   1248.1478
    341.2483	   1320.6705
    341.2543	    934.5491
    341.2602	    409.6777
    341.2662	      0.0000
    341.2722	      0.0000
    341.2782	      0.0000
    341.2842	      0.0000
    342.0089	      0.0000
    342.0149	      0.0000
    342.0209	      0.0000
    342.0269	      0.0000
    342.0329	    682.2982
    342.0389	   1274.8260
    342.0449	   1546.2344
    342.0509	   1287.7743
    342.0569	    717.8937
    342.0662	      0.0000
    342.0722	      0.0000
    342.0782	      0.0000
    342.0842	      0.0000
    342.1142	      0.0000
    342.1202	      0.0000
    342.1262	      0.0000
    342.1322	      0.0000
    342.1382	    288.0713
    342.1443	   1036.3623
    342.1503	   2927.3708
    342.1563	   5146.8296
    342.1623	   6831.2671
    342.1683	   5369.9473
    342.1743	   3065.1101
    342.1803	    832.9376
    342.1863	    278.2510
    342.1890	    980.3168
    342.1950	   1287.7991
    342.2010	   1127.0292
    342.2070	    635.8621
    342.2156	      0.0000
    342.2216	      0.0000
    342.2276	      0.0000
    342.2336	      0.0000
    343.0578	      0.0000
    343.0638	      0.0000
    343.0699	      0.0000
    343.0759	      0.0000
    343.0819	      0.0000
    343.0880	   1229.2793
    343.0940	   3891.2917
    343.1000	   6631.8081
    343.1060	   7163.7388
    343.1121	   4399.6211
    343.1181	   1600.0869
    343.1241	    692.6315
    343.1276	   2183.8105
    343.1336	   3997.9114
    343.1396	   4621.7251
    343.1456	   2811.5801
    343.1517	    913.6266
    343.1577	    575.8230
    343.1637	   2318.2222
    343.1698	   4311.9668
    343.1758	   4718.5361
    343.1818	   1485.1855
    343.1879	    257.4030
    343.1939	    644.4571
    343.1999	   1975.6249
    343.2059	   4335.9800
    343.2120	   2766.8555
    343.2180	   1258.3931
    343.2240	    461.9834
    343.2301	      0.0000
    343.2361	      0.0000
    343.2421	      0.0000
    343.2482	      0.0000
    343.9490	      0.0000
    343.9550	      0.0000
    343.9611	      0.0000
    343.9671	      0.0000
    343.9732	    703.2554
    343.9792	   1215.2521
    343.9853	   1373.0345
    343.9913	    978.2639
    343.9974	    330.6472
    344.0034	      0.0000
    344.0095	    333.7734
    344.0155	    899.5927
    344.0216	   1104.2307
    344.0276	    805.5075
    344.0337	    358.4001
    344.0411	      0.0000
    344.0471	      0.0000
    344.0532	      0.0000
    344.0592	      0.0000
    402.1486	      0.0000
    402.1562	      0.0000
    402.1639	      0.0000
    402.1715	      0.0000
    402.1792	    111.4675
    402.1868	    938.0410
    402.1945	   3237.6785
    402.2021	   6732.5029
    402.2098	  10511.3906
    402.2174	  10867.6299
    402.2251	   7117.1753
    402.2327	   3494.8938
    402.2404	    762.3266
    402.2470	      0.0000
    402.2546	      0.0000
    402.2623	      0.0000
    402.2699	      0.0000
    403.1668	      0.0000
    403.1745	      0.0000
    403.1822	      0.0000
    403.1898	      0.0000
    403.1975	    338.4691
    403.2052	    918.0993
    403.2129	   1464.1858
    403.2206	   1599.7323
    403.2282	   1239.1622
    403.2359	    655.0104
    403.2438	      0.0000
    403.2515	      0.0000
    403.2592	      0.0000
    403.2668	      0.0000
    445.1901	      0.0000
    445.1990	      0.0000
    445.2079	      0.0000
    445.2168	      0.0000
    445.2257	    394.2013
    445.2347	    918.8270
    445.2436	   1641.9755
    445.2525	   2078.3547
    445.2614	   1878.5432
    445.2703	   1170.7023
    445.2792	    440.5992
    445.2881	      0.0000
    445.2970	      0.0000
    445.3059	      0.0000
    445.3149	      0.0000
    459.1325	      0.0000
    459.1418	      0.0000
    459.1511	      0.0000
    459.1605	      0.0000
    459.1698	    369.5074
    459.1791	   1029.0782
    459.1885	   2579.7148
    459.1978	   3610.4358
    459.2071	   3052.0171
    459.2165	   1479.0994
    459.2258	    662.1293
    459.2354	      0.0000
    459.2447	      0.0000
    459.2540	      0.0000
    459.2634	      0.0000
    476.1557	      0.0000
    476.1655	      0.0000
    476.1754	      0.0000
    476.1852	      0.0000
    476.1951	    338.5908
    476.2049	   1069.4969
    476.2148	   2699.4309
    476.2247	   3858.9099
    476.2345	   3241.7205
    476.2444	   1411.3787
    476.2542	    546.3635
    476.2641	      0.0000
    476.2740	      0.0000
    476.2838	      0.0000
    476.2937	      0.0000
    487.1336	      0.0000
    487.1438	      0.0000
    487.1540	      0.0000
    487.1642	      0.0000
    487.1744	    704.5679
    487.1846	   1089.3790
    487.1948	   1147.5583
    487.2050	    830.4324
    487.2152	    372.2698
    487.2258	      0.0000
    487.2360	      0.0000
    487.2462	      0.0000
    487.2564	      0.0000
    571.7748	      0.0000
    571.7878	      0.0000
    571.8008	      0.0000
    571.8137	      0.0000
    571.8267	    556.7526
    571.8397	    906.4028
    571.8526	   1020.4322
    571.8656	    836.0565
    571.8786	    487.8091
    571.8916	      0.0000
    571.9045	      0.0000
    571.9175	      0.0000
    571.9305	      0.0000
    594.1459	      0.0000
    594.1596	      0.0000
    594.1733	      0.0000
    594.1871	      0.0000
    594.2008	    413.2887
    594.2145	    835.3565
    594.2283	   1049.9139
    594.2420	    908.1713
    594.2558	    537.6773
    594.2696	      0.0000
    594.2834	      0.0000
    594.2971	      0.0000
    594.3109	      0.0000
    690.9638	      0.0000
    690.9810	      0.0000
    690.9983	      0.0000
    691.0155	      0.0000
    691.0327	    450.6143
    691.0500	    815.2329
    691.0672	   1017.5281
    691.0844	    928.8616
    691.1017	    618.1678
    691.1189	      0.0000
    691.1361	      0.0000
    691.1534	      0.0000
    691.1706	      0.0000
    727.2734	      0.0000
    727.2920	      0.0000
    727.3106	      0.0000
    727.3292	      0.0000
