# ljz_20131022_MR_Chym1_ELUTE.mzML
#
# index: 6197
# id: controllerType=0 controllerNumber=1 scan=12943
# scanNumber: 12943
# massAnalyzerType: quadrupole
# scanEvent: 2
# msLevel: 2
# retentionTime: 3070.26
# filterString: FTMS + p NSI d Full ms2 659.77@hcd28.00 [100.00-1365.00]
# mzLow: 99.0036
# mzHigh: 1378.96
# basePeakMZ: 216.098
# basePeakIntensity: 17529.8
# totalIonCurrent: 151819
# precursorCount: 1
# precursor 0: 659.267 279591
# binary (701): 
     99.0036	      0.0000
     99.0045	      0.0000
     99.0055	      0.0000
     99.0064	      0.0000
    100.9463	      0.0000
    100.9473	      0.0000
    100.9483	      0.0000
    100.9492	      0.0000
    100.9502	    587.4946
    100.9512	    990.4150
    100.9521	   1117.8444
    100.9531	    864.1871
    100.9540	    414.1606
    100.9550	      0.0000
    100.9560	      0.0000
    100.9569	      0.0000
    100.9579	      0.0000
    101.2327	      0.0000
    101.2336	      0.0000
    101.2346	      0.0000
    101.2356	      0.0000
    101.2365	    504.2054
    101.2375	    942.7910
    101.2385	   1126.3483
    101.2394	    918.7901
    101.2404	    481.0656
    101.2413	      0.0000
    101.2423	      0.0000
    101.2432	      0.0000
    101.2442	      0.0000
    109.0219	      0.0000
    109.0230	      0.0000
    109.0241	      0.0000
    109.0252	      0.0000
    109.0262	    513.3907
    109.0273	   1096.1548
    109.0284	   1515.0566
    109.0295	   1449.5022
    109.0306	    933.1227
    109.0316	    347.8571
    109.0327	      0.0000
    109.0338	      0.0000
    109.0349	      0.0000
    109.0360	      0.0000
    110.0637	      0.0000
    110.0648	      0.0000
    110.0659	      0.0000
    110.0670	      0.0000
    110.0681	    259.9899
    110.0692	    927.1611
    110.0703	   1862.9550
    110.0714	   2513.6387
    110.0725	   2408.5408
    110.0736	   1633.6309
    110.0747	    748.5886
    110.0757	      0.0000
    110.0768	      0.0000
    110.0779	      0.0000
    110.0790	      0.0000
    115.0296	      0.0000
    115.0307	      0.0000
    115.0319	      0.0000
    115.0331	      0.0000
    115.0342	    841.7265
    115.0354	   2907.3779
    115.0366	   4765.9521
    115.0377	   5580.2852
    115.0389	   4026.1692
    115.0401	   2208.1060
    115.0413	    765.1747
    115.0424	      0.0000
    115.0436	      0.0000
    115.0447	      0.0000
    115.0459	      0.0000
    120.0729	      0.0000
    120.0742	      0.0000
    120.0754	      0.0000
    120.0767	      0.0000
    120.0779	    608.7534
    120.0791	   1357.9943
    120.0804	   1998.2090
    120.0816	   2086.9956
    120.0829	   1551.9056
    120.0841	    772.9135
    120.0853	      0.0000
    120.0866	      0.0000
    120.0878	      0.0000
    120.0891	      0.0000
    126.0466	      0.0000
    126.0479	      0.0000
    126.0493	      0.0000
    126.0506	      0.0000
    126.0519	    801.0340
    126.0533	   1916.8746
    126.0546	   4181.5771
    126.0560	   4257.0132
    126.0573	   2610.5537
    126.0587	   1197.5895
    126.0600	    467.6841
    126.0613	      0.0000
    126.0627	      0.0000
    126.0640	      0.0000
    126.0654	      0.0000
    127.0295	      0.0000
    127.0308	      0.0000
    127.0322	      0.0000
    127.0336	      0.0000
    127.0349	    670.0161
    127.0363	   2617.1675
    127.0376	   5117.2720
    127.0390	   7564.0981
    127.0404	   6795.0688
    127.0417	   4034.5601
    127.0431	   1522.0990
    127.0444	     50.5338
    127.0458	      0.0000
    127.0471	      0.0000
    127.0485	      0.0000
    127.0498	      0.0000
    129.0565	      0.0000
    129.0579	      0.0000
    129.0593	      0.0000
    129.0607	      0.0000
    129.0621	    802.2161
    129.0635	   2061.0371
    129.0649	   3871.3989
    129.0663	   5268.0864
    129.0677	   4194.2041
    129.0691	   2417.4702
    129.0704	    825.4101
    129.0718	      0.0000
    129.0732	      0.0000
    129.0746	      0.0000
    129.0760	      0.0000
    129.0941	      0.0000
    129.0955	      0.0000
    129.0969	      0.0000
    129.0983	      0.0000
    129.0997	    629.1028
    129.1010	   1044.5428
    129.1024	   1190.6029
    129.1038	    957.6009
    129.1052	    518.8764
    129.1066	      0.0000
    129.1080	      0.0000
    129.1094	      0.0000
    129.1108	      0.0000
    132.0935	      0.0000
    132.0949	      0.0000
    132.0964	      0.0000
    132.0978	      0.0000
    132.0993	    488.3263
    132.1007	   1039.7169
    132.1021	   1399.2108
    132.1036	   1327.2755
    132.1050	    904.8965
    132.1065	    428.1935
    132.1079	      0.0000
    132.1093	      0.0000
    132.1107	      0.0000
    132.1122	      0.0000
    134.9842	      0.0000
    134.9857	      0.0000
    134.9872	      0.0000
    134.9886	      0.0000
    134.9901	    594.1976
    134.9916	   1432.9857
    134.9931	   2090.8787
    134.9946	   2085.8276
    134.9961	   1448.1064
    134.9976	    668.7959
    134.9991	      0.0000
    135.0006	      0.0000
    135.0020	      0.0000
    135.0035	      0.0000
    138.0431	      0.0000
    138.0447	      0.0000
    138.0462	      0.0000
    138.0477	      0.0000
    138.0493	     44.7818
    138.0508	   1202.2986
    138.0524	   4000.5596
    138.0539	   7037.8975
    138.0554	   9228.7441
    138.0570	   7314.2485
    138.0585	   4350.3442
    138.0600	   1523.7349
    138.0616	    371.3174
    138.0631	      0.0000
    138.0646	      0.0000
    138.0661	      0.0000
    138.0677	      0.0000
    141.0911	      0.0000
    141.0926	      0.0000
    141.0942	      0.0000
    141.0958	      0.0000
    141.0974	    392.5014
    141.0990	   1176.1384
    141.1006	   2237.1138
    141.1022	   4140.7524
    141.1038	   3433.0864
    141.1054	   1677.8290
    141.1069	    717.4449
    141.1086	      0.0000
    141.1102	      0.0000
    141.1118	      0.0000
    141.1134	      0.0000
    142.8837	      0.0000
    142.8853	      0.0000
    142.8869	      0.0000
    142.8885	      0.0000
    142.8902	    661.9899
    142.8918	    976.9916
    142.8934	   1076.2018
    142.8950	    913.8005
    142.8966	    593.9273
    142.8982	      0.0000
    142.8999	      0.0000
    142.9015	      0.0000
    142.9031	      0.0000
    145.0381	      0.0000
    145.0398	      0.0000
    145.0414	      0.0000
    145.0431	      0.0000
    145.0447	    208.4031
    145.0464	    868.1238
    145.0480	   1841.3195
    145.0497	   2508.4282
    145.0514	   2384.3848
    145.0530	   1588.6289
    145.0547	    719.4743
    145.0563	      0.0000
    145.0580	      0.0000
    145.0596	      0.0000
    145.0613	      0.0000
    147.5608	      0.0000
    147.5625	      0.0000
    147.5642	      0.0000
    147.5659	      0.0000
    147.5676	    642.7512
    147.5693	    969.1487
    147.5710	   1053.3199
    147.5727	    841.0475
    147.5744	    468.2170
    147.5761	      0.0000
    147.5778	      0.0000
    147.5795	      0.0000
    147.5812	      0.0000
    151.4373	      0.0000
    151.4391	      0.0000
    151.4409	      0.0000
    151.4426	      0.0000
    151.4444	    659.8451
    151.4462	    992.0185
    151.4479	   1097.0015
    151.4497	    894.2291
    151.4515	    510.5052
    151.4533	      0.0000
    151.4550	      0.0000
    151.4568	      0.0000
    151.4586	      0.0000
    159.0011	      0.0000
    159.0030	      0.0000
    159.0049	      0.0000
    159.0068	      0.0000
    159.0087	    538.9820
    159.0106	    984.8495
    159.0125	   1110.1106
    159.0144	    825.6989
    159.0164	    378.0318
    159.0182	      0.0000
    159.0202	      0.0000
    159.0221	      0.0000
    159.0240	      0.0000
    159.4853	      0.0000
    159.4872	      0.0000
    159.4891	      0.0000
    159.4910	      0.0000
    159.4929	    455.0306
    159.4948	    827.5654
    159.4967	   1006.5720
    159.4987	    841.8447
    159.5006	    435.3568
    159.5025	      0.0000
    159.5044	      0.0000
    159.5063	      0.0000
    159.5082	      0.0000
    163.0476	      0.0000
    163.0496	      0.0000
    163.0516	      0.0000
    163.0536	      0.0000
    163.0555	    780.5425
    163.0575	   1383.8616
    163.0595	   1739.7458
    163.0615	   1589.1863
    163.0634	   1025.6783
    163.0654	    408.7317
    163.0674	      0.0000
    163.0694	      0.0000
    163.0714	      0.0000
    163.0734	      0.0000
    166.0752	      0.0000
    166.0772	      0.0000
    166.0792	      0.0000
    166.0813	      0.0000
    166.0833	    705.3609
    166.0853	   1145.1176
    166.0873	   1217.5388
    166.0894	    850.0156
    166.0914	    329.5189
    166.0934	      0.0000
    166.0955	      0.0000
    166.0975	      0.0000
    166.0995	      0.0000
    168.0537	      0.0000
    168.0558	      0.0000
    168.0579	      0.0000
    168.0599	      0.0000
    168.0620	    808.9380
    168.0641	   1212.6561
    168.0661	   1272.1422
    168.0682	    981.6000
    168.0703	    570.7632
    168.0723	      0.0000
    168.0744	      0.0000
    168.0764	      0.0000
    168.0785	      0.0000
    172.0584	      0.0000
    172.0606	      0.0000
    172.0627	      0.0000
    172.0649	      0.0000
    172.0670	    443.6505
    172.0691	   1123.2491
    172.0713	   1745.7592
    172.0734	   1896.0090
    172.0756	   1467.6102
    172.0777	    775.1877
    172.0799	      0.0000
    172.0820	      0.0000
    172.0842	      0.0000
    172.0863	      0.0000
    181.0469	      0.0000
    181.0492	      0.0000
    181.0515	      0.0000
    181.0538	      0.0000
    181.0561	    593.0981
    181.0584	   1067.8774
    181.0607	   1262.7516
    181.0630	   1023.8718
    181.0653	    528.3380
    181.0680	      0.0000
    181.0703	      0.0000
    181.0726	      0.0000
    181.0749	      0.0000
    186.0688	      0.0000
    186.0712	      0.0000
    186.0736	      0.0000
    186.0760	      0.0000
    186.0784	    589.5599
    186.0808	    995.2321
    186.0832	   3308.4116
    186.0856	   6410.3965
    186.0880	   9129.5684
    186.0904	   7776.7178
    186.0929	   4585.6333
    186.0953	   1600.4033
    186.0977	    286.3537
    186.0998	      0.0000
    186.1022	      0.0000
    186.1046	      0.0000
    186.1070	      0.0000
    188.0878	      0.0000
    188.0903	      0.0000
    188.0927	      0.0000
    188.0952	      0.0000
    188.0976	    687.5762
    188.1001	   1461.5854
    188.1025	   2048.2664
    188.1050	   2057.3889
    188.1074	   1503.4965
    188.1099	    774.3429
    188.1123	      0.0000
    188.1148	      0.0000
    188.1172	      0.0000
    188.1197	      0.0000
    199.0569	      0.0000
    199.0596	      0.0000
    199.0622	      0.0000
    199.0649	      0.0000
    199.0676	    645.9219
    199.0702	   1201.1010
    199.0729	   1338.8422
    199.0755	    976.8308
    199.0782	    442.4428
    199.0808	      0.0000
    199.0835	      0.0000
    199.0862	      0.0000
    199.0888	      0.0000
    204.0671	      0.0000
    204.0699	      0.0000
    204.0726	      0.0000
    204.0754	      0.0000
    204.0782	    524.5662
    204.0809	   2585.4336
    204.0837	   5131.0186
    204.0865	   7617.0322
    204.0892	   6867.8633
    204.0920	   4134.4785
    204.0948	   1658.1713
    204.0975	    228.1150
    204.1004	      0.0000
    204.1031	      0.0000
    204.1059	      0.0000
    204.1087	      0.0000
    210.0090	      0.0000
    210.0118	      0.0000
    210.0147	      0.0000
    210.0176	      0.0000
    210.0205	    766.8494
    210.0234	   1129.6963
    210.0263	   1191.0957
    210.0292	    903.8979
    210.0321	    459.9765
    210.0350	      0.0000
    210.0378	      0.0000
    210.0407	      0.0000
    210.0436	      0.0000
    216.0724	      0.0000
    216.0754	      0.0000
    216.0784	      0.0000
    216.0814	      0.0000
    216.0845	     12.5236
    216.0875	    979.5154
    216.0905	   4534.2349
    216.0935	  10206.0732
    216.0965	  16344.0742
    216.0995	  17008.2305
    216.1025	  11112.4492
    216.1056	   5412.5679
    216.1086	   1386.5181
    216.1116	    395.1489
    216.1146	      0.0000
    216.1176	      0.0000
    216.1207	      0.0000
    216.1237	      0.0000
    242.1262	      0.0000
    242.1297	      0.0000
    242.1333	      0.0000
    242.1369	      0.0000
    242.1405	    746.2866
    242.1440	   3006.3696
    242.1476	   5437.0366
    242.1512	   6909.0127
    242.1547	   5019.4141
    242.1583	   2739.1804
    242.1619	    761.0358
    242.1656	      0.0000
    242.1692	      0.0000
    242.1727	      0.0000
    242.1763	      0.0000
    243.1300	      0.0000
    243.1336	      0.0000
    243.1372	      0.0000
    243.1408	      0.0000
    243.1444	    580.3785
    243.1480	   1384.7859
    243.1516	   2102.1917
    243.1552	   2257.4294
    243.1588	   1757.1691
    243.1624	    970.4085
    243.1660	    365.1028
    243.1696	      0.0000
    243.1732	      0.0000
    243.1768	      0.0000
    243.1804	      0.0000
    262.3882	      0.0000
    262.3923	      0.0000
    262.3963	      0.0000
    262.4003	      0.0000
    262.4044	    525.1859
    262.4084	   1047.9353
    262.4124	   1362.9330
    262.4165	   1225.0839
    262.4205	    731.1586
    262.4246	      0.0000
    262.4286	      0.0000
    262.4326	      0.0000
    262.4367	      0.0000
    288.9732	      0.0000
    288.9779	      0.0000
    288.9825	      0.0000
    288.9872	      0.0000
    288.9918	    490.7171
    288.9965	    932.9306
    289.0012	   1205.4948
    289.0058	   1114.1436
    289.0105	    701.1863
    289.0152	      0.0000
    289.0199	      0.0000
    289.0246	      0.0000
    289.0292	      0.0000
    307.0781	      0.0000
    307.0832	      0.0000
    307.0883	      0.0000
    307.0934	      0.0000
    307.0985	    459.5461
    307.1036	   1278.7242
    307.1087	   3222.9592
    307.1138	   4999.3926
    307.1189	   4907.0508
    307.1240	   3063.9739
    307.1291	   1300.1624
    307.1342	    479.6780
    307.1395	      0.0000
    307.1447	      0.0000
    307.1498	      0.0000
    307.1549	      0.0000
    353.1384	      0.0000
    353.1447	      0.0000
    353.1510	      0.0000
    353.1573	      0.0000
    353.1635	    453.2186
    353.1698	   1287.5082
    353.1761	   2314.0959
    353.1824	   4418.0884
    353.1887	   3742.3777
    353.1950	   1656.5450
    353.2013	    699.4087
    353.2079	      0.0000
    353.2142	      0.0000
    353.2205	      0.0000
    353.2268	      0.0000
    424.1629	      0.0000
    424.1712	      0.0000
    424.1794	      0.0000
    424.1877	      0.0000
    424.1960	    665.2863
    424.2043	   1446.4037
    424.2126	   2127.3096
    424.2209	   2223.0625
    424.2292	   1643.9165
    424.2375	    812.2219
    424.2464	      0.0000
    424.2547	      0.0000
    424.2630	      0.0000
    424.2713	      0.0000
    506.0877	      0.0000
    506.0985	      0.0000
    506.1093	      0.0000
    506.1201	      0.0000
    506.1309	    438.5048
    506.1417	   1172.1937
    506.1525	   1724.7786
    506.1633	   1687.5631
    506.1741	   1122.7654
    506.1849	    463.5656
    506.1957	      0.0000
    506.2065	      0.0000
    506.2173	      0.0000
    506.2281	      0.0000
    510.2165	      0.0000
    510.2274	      0.0000
    510.2384	      0.0000
    510.2493	      0.0000
    510.2602	    872.8856
    510.2712	   1338.8875
    510.2821	   1433.9249
    510.2930	   1076.2625
    510.3040	    515.8722
    510.3149	      0.0000
    510.3258	      0.0000
    510.3368	      0.0000
    510.3477	      0.0000
    523.1148	      0.0000
    523.1262	      0.0000
    523.1375	      0.0000
    523.1489	      0.0000
    523.1602	    720.8168
    523.1716	   1210.5181
    523.1829	   1382.1815
    523.1943	   1104.7611
    523.2056	    573.5551
    523.2171	      0.0000
    523.2284	      0.0000
    523.2398	      0.0000
    523.2511	      0.0000
    565.6387	      0.0000
    565.6514	      0.0000
    565.6642	      0.0000
    565.6770	      0.0000
    565.6897	    857.0143
    565.7025	   1458.4417
    565.7152	   1694.2233
    565.7280	   1355.1272
    565.7408	    678.8628
    565.7535	      0.0000
    565.7663	      0.0000
    565.7791	      0.0000
    565.7918	      0.0000
    566.0600	      0.0000
    566.0728	      0.0000
    566.0856	      0.0000
    566.0983	      0.0000
    566.1111	    900.9476
    566.1239	   1700.0753
    566.1367	   2118.9380
    566.1494	   1837.5612
    566.1622	   1064.7151
    566.1750	    328.7296
    566.1878	      0.0000
    566.2006	      0.0000
    566.2134	      0.0000
    566.2261	      0.0000
    606.1241	      0.0000
    606.1383	      0.0000
    606.1524	      0.0000
    606.1666	      0.0000
    606.1807	    950.0679
    606.1949	   2602.5088
    606.2091	   4438.0649
    606.2232	   4773.2671
    606.2374	   3024.3691
    606.2515	   1197.3546
    606.2657	    381.3883
    606.2799	      0.0000
    606.2941	      0.0000
    606.3082	      0.0000
    606.3224	      0.0000
    645.5738	      0.0000
    645.5893	      0.0000
    645.6049	      0.0000
    645.6205	      0.0000
    645.6360	    507.8587
    645.6516	   1044.7911
    645.6671	   1306.0026
    645.6827	   1053.8376
    645.6983	    499.1177
    645.7139	      0.0000
    645.7295	      0.0000
    645.7450	      0.0000
    645.7606	      0.0000
    718.1696	      0.0000
    718.1879	      0.0000
    718.2061	      0.0000
    718.2244	      0.0000
    718.2426	    485.3437
    718.2609	   1122.5909
    718.2791	   1632.3458
    718.2974	   1621.8748
    718.3157	   1093.1563
    718.3339	    427.1677
    718.3522	      0.0000
    718.3705	      0.0000
    718.3887	      0.0000
    718.4070	      0.0000
    735.1694	      0.0000
    735.1883	      0.0000
    735.2072	      0.0000
    735.2261	      0.0000
    735.2450	    383.5988
    735.2639	   1128.7671
    735.2828	   2916.2849
    735.3017	   4569.8735
    735.3207	   4760.4351
    735.3396	   3244.8296
    735.3585	   1222.9458
    735.3774	    445.6092
    735.3964	      0.0000
    735.4153	      0.0000
    735.4342	      0.0000
    735.4531	      0.0000
    759.3464	      0.0000
    759.3663	      0.0000
    759.3861	      0.0000
    759.4060	      0.0000
    759.4258	    632.7911
    759.4457	   1075.2833
    759.4655	   1242.9503
    759.4854	   1040.9417
    759.5052	    615.3435
    759.5253	      0.0000
    759.5452	      0.0000
    759.5650	      0.0000
    759.5849	      0.0000
    946.6893	      0.0000
    946.7169	      0.0000
    946.7446	      0.0000
    946.7722	      0.0000
    946.7998	    587.9225
    946.8275	   1047.4839
    946.8551	   1356.7604
    946.8827	   1334.6163
    946.9104	    980.0059
    946.9380	      0.0000
    946.9657	      0.0000
    946.9933	      0.0000
    947.0209	      0.0000
   1378.8121	      0.0000
   1378.8607	      0.0000
   1378.9093	      0.0000
   1378.9578	      0.0000
