# ljz_20131022_MR_Chym1_ELUTE.mzML
#
# index: 7417
# id: controllerType=0 controllerNumber=1 scan=19874
# scanNumber: 19874
# massAnalyzerType: quadrupole
# scanEvent: 2
# msLevel: 2
# retentionTime: 5082.61
# filterString: FTMS + p NSI d Full ms2 632.28@hcd28.00 [100.00-2600.00]
# mzLow: 99.0033
# mzHigh: 2626.7
# basePeakMZ: 778.879
# basePeakIntensity: 22077.7
# totalIonCurrent: 207418
# precursorCount: 1
# precursor 0: 631.78 160053
# binary (738): 
     99.0033	      0.0000
     99.0042	      0.0000
     99.0051	      0.0000
     99.0061	      0.0000
    115.0282	      0.0000
    115.0294	      0.0000
    115.0305	      0.0000
    115.0317	      0.0000
    115.0329	    744.1346
    115.0340	   3150.4548
    115.0352	   6503.6973
    115.0364	  10044.0439
    115.0375	  10515.4307
    115.0387	   7261.1387
    115.0399	   3963.8796
    115.0411	   1313.3657
    115.0422	    134.1680
    115.0435	      0.0000
    115.0447	      0.0000
    115.0458	      0.0000
    115.0470	      0.0000
    126.0452	      0.0000
    126.0466	      0.0000
    126.0479	      0.0000
    126.0493	      0.0000
    126.0506	    577.2069
    126.0519	   1329.9301
    126.0533	   2219.4158
    126.0546	   4041.4126
    126.0560	   3202.5801
    126.0573	   1590.3441
    126.0586	    691.5026
    126.0606	      0.0000
    126.0619	      0.0000
    126.0633	      0.0000
    126.0646	      0.0000
    127.0287	      0.0000
    127.0301	      0.0000
    127.0314	      0.0000
    127.0328	      0.0000
    127.0342	    511.3933
    127.0355	   1049.7968
    127.0369	   3354.7759
    127.0382	   6422.8823
    127.0396	   9370.0732
    127.0409	   8379.1143
    127.0423	   4970.0054
    127.0437	   1834.6514
    127.0450	     13.2319
    127.0456	      0.0000
    127.0469	      0.0000
    127.0483	      0.0000
    127.0496	      0.0000
    138.0430	      0.0000
    138.0445	      0.0000
    138.0460	      0.0000
    138.0476	      0.0000
    138.0491	    386.0240
    138.0507	   1992.4125
    138.0522	   5847.4326
    138.0537	   9958.9775
    138.0553	  12269.3633
    138.0568	   9037.1621
    138.0584	   4950.6499
    138.0599	   1569.7050
    138.0614	    576.5043
    138.0631	      0.0000
    138.0646	      0.0000
    138.0662	      0.0000
    138.0677	      0.0000
    145.0364	      0.0000
    145.0381	      0.0000
    145.0398	      0.0000
    145.0414	      0.0000
    145.0431	    444.0394
    145.0447	   1053.3798
    145.0464	   3212.3101
    145.0480	   5562.6948
    145.0497	   7267.0142
    145.0513	   5620.0093
    145.0530	   3214.5667
    145.0547	    854.8623
    145.0563	      0.0000
    145.0580	      0.0000
    145.0597	      0.0000
    145.0613	      0.0000
    145.0630	      0.0000
    156.6336	      0.0000
    156.6354	      0.0000
    156.6373	      0.0000
    156.6392	      0.0000
    156.6410	    541.5413
    156.6429	    917.6125
    156.6447	   1067.7393
    156.6466	    888.9590
    156.6485	    520.6500
    156.6503	      0.0000
    156.6521	      0.0000
    156.6540	      0.0000
    156.6558	      0.0000
    163.0457	      0.0000
    163.0476	      0.0000
    163.0496	      0.0000
    163.0516	      0.0000
    163.0536	    433.5148
    163.0555	   1192.9614
    163.0575	   2812.1704
    163.0595	   4568.5977
    163.0615	   4580.3350
    163.0634	   2894.4587
    163.0654	   1051.3341
    163.0674	    324.7362
    163.0694	      0.0000
    163.0714	      0.0000
    163.0733	      0.0000
    163.0753	      0.0000
    168.0516	      0.0000
    168.0537	      0.0000
    168.0558	      0.0000
    168.0578	      0.0000
    168.0599	    719.4994
    168.0620	   1689.7134
    168.0640	   3782.5403
    168.0661	   4485.6680
    168.0682	   3184.5405
    168.0702	   1426.0272
    168.0723	    562.5096
    168.0744	      0.0000
    168.0765	      0.0000
    168.0786	      0.0000
    168.0806	      0.0000
    186.0613	      0.0000
    186.0637	      0.0000
    186.0661	      0.0000
    186.0685	      0.0000
    186.0709	    673.1303
    186.0733	   1283.2281
    186.0757	   1694.0099
    186.0781	   1601.4354
    186.0805	   1058.7626
    186.0829	    437.8798
    186.0853	      0.0000
    186.0878	      0.0000
    186.0902	      0.0000
    186.0926	      0.0000
    186.4205	      0.0000
    186.4229	      0.0000
    186.4253	      0.0000
    186.4277	      0.0000
    186.4301	    502.7147
    186.4326	    988.5383
    186.4350	   1255.1320
    186.4374	   1104.7897
    186.4398	    657.7028
    186.4423	      0.0000
    186.4447	      0.0000
    186.4471	      0.0000
    186.4495	      0.0000
    193.2085	      0.0000
    193.2110	      0.0000
    193.2136	      0.0000
    193.2161	      0.0000
    193.2187	    464.6680
    193.2212	    904.7042
    193.2238	   1121.6653
    193.2263	    970.4039
    193.2289	    573.8471
    193.2315	      0.0000
    193.2340	      0.0000
    193.2366	      0.0000
    193.2391	      0.0000
    204.0644	      0.0000
    204.0672	      0.0000
    204.0700	      0.0000
    204.0727	      0.0000
    204.0755	    346.3479
    204.0783	   1022.9885
    204.0810	   3030.7520
    204.0838	   5292.5215
    204.0866	   7047.8579
    204.0893	   5618.0732
    204.0921	   3195.8047
    204.0949	    894.4156
    204.0976	    549.3517
    204.1004	      0.0000
    204.1032	      0.0000
    204.1059	      0.0000
    204.1087	      0.0000
    218.9908	      0.0000
    218.9939	      0.0000
    218.9970	      0.0000
    219.0001	      0.0000
    219.0031	    429.4531
    219.0062	    840.9879
    219.0093	   1045.8448
    219.0124	    869.0908
    219.0154	    429.4352
    219.0185	      0.0000
    219.0216	      0.0000
    219.0247	      0.0000
    219.0277	      0.0000
    240.3067	      0.0000
    240.3103	      0.0000
    240.3138	      0.0000
    240.3173	      0.0000
    240.3209	    417.7907
    240.3244	    823.2889
    240.3279	   1048.4003
    240.3315	    930.2762
    240.3350	    553.1452
    240.3387	      0.0000
    240.3422	      0.0000
    240.3457	      0.0000
    240.3493	      0.0000
    268.1081	      0.0000
    268.1122	      0.0000
    268.1164	      0.0000
    268.1206	      0.0000
    268.1247	    783.9723
    268.1289	   1144.1444
    268.1331	   1159.1945
    268.1372	    807.5657
    268.1414	    334.8156
    268.1457	      0.0000
    268.1498	      0.0000
    268.1540	      0.0000
    268.1581	      0.0000
    280.7562	      0.0000
    280.7607	      0.0000
    280.7652	      0.0000
    280.7696	      0.0000
    280.7741	    636.2538
    280.7785	    923.0948
    280.7830	   1042.3289
    280.7875	    905.8767
    280.7919	    571.0945
    280.7965	      0.0000
    280.8009	      0.0000
    280.8054	      0.0000
    280.8099	      0.0000
    301.5792	      0.0000
    301.5842	      0.0000
    301.5892	      0.0000
    301.5941	      0.0000
    301.5991	    501.8252
    301.6041	    906.8737
    301.6090	   1093.0808
    301.6140	    936.1855
    301.6190	    560.8073
    301.6243	      0.0000
    301.6293	      0.0000
    301.6342	      0.0000
    301.6392	      0.0000
    368.2481	      0.0000
    368.2548	      0.0000
    368.2615	      0.0000
    368.2682	      0.0000
    368.2749	    591.5688
    368.2816	    975.2603
    368.2883	   1091.8909
    368.2950	    865.1610
    368.3017	    460.1980
    368.3087	      0.0000
    368.3154	      0.0000
    368.3221	      0.0000
    368.3288	      0.0000
    446.7982	      0.0000
    446.8072	      0.0000
    446.8161	      0.0000
    446.8251	      0.0000
    446.8340	    402.9251
    446.8430	   1231.6396
    446.8520	   3207.4385
    446.8609	   4751.4624
    446.8699	   4363.5957
    446.8788	   2591.0422
    446.8878	   1087.5310
    446.8968	    395.2867
    446.9059	      0.0000
    446.9149	      0.0000
    446.9239	      0.0000
    446.9328	      0.0000
    464.8118	      0.0000
    464.8213	      0.0000
    464.8308	      0.0000
    464.8403	      0.0000
    464.8499	    404.4045
    464.8594	    972.9979
    464.8689	   1454.2837
    464.8784	   1489.0563
    464.8879	   1059.2572
    464.8974	    489.8318
    464.9091	      0.0000
    464.9186	      0.0000
    464.9281	      0.0000
    464.9376	      0.0000
    631.0749	      0.0000
    631.0899	      0.0000
    631.1050	      0.0000
    631.1200	      0.0000
    631.1350	    424.1433
    631.1501	   1786.7346
    631.1651	   4283.6484
    631.1802	   7019.1509
    631.1952	   7886.1567
    631.2102	   5371.0254
    631.2253	   2711.7896
    631.2403	    566.2484
    631.2536	      0.0000
    631.2686	      0.0000
    631.2836	      0.0000
    631.2987	      0.0000
    632.0969	      0.0000
    632.1119	      0.0000
    632.1270	      0.0000
    632.1421	      0.0000
    632.1572	    794.0572
    632.1722	   1753.9318
    632.1873	   2431.8416
    632.2024	   2273.7673
    632.2175	   1398.2953
    632.2325	    496.5264
    632.2476	      0.0000
    632.2627	      0.0000
    632.2778	      0.0000
    632.2929	      0.0000
    633.0929	      0.0000
    633.1080	      0.0000
    633.1231	      0.0000
    633.1382	      0.0000
    633.1534	    913.2299
    633.1685	   1359.1704
    633.1836	   1489.3107
    633.1987	   1208.5342
    633.2138	    696.0517
    633.2289	      0.0000
    633.2441	      0.0000
    633.2592	      0.0000
    633.2743	      0.0000
    660.2098	      0.0000
    660.2258	      0.0000
    660.2419	      0.0000
    660.2580	      0.0000
    660.2741	    754.9294
    660.2902	   1149.5797
    660.3063	   1230.0415
    660.3224	    944.9232
    660.3385	    483.6913
    660.3611	      0.0000
    660.3772	      0.0000
    660.3933	      0.0000
    660.4094	      0.0000
    778.6683	      0.0000
    778.6889	      0.0000
    778.7095	      0.0000
    778.7301	      0.0000
    778.7507	    369.1737
    778.7713	   1039.7809
    778.7919	   1185.3112
    778.8125	   2946.3450
    778.8332	   8283.2383
    778.8538	  15248.9189
    778.8744	  21830.8438
    778.8950	  19454.6777
    778.9156	  11807.8184
    778.9363	   4665.3823
    778.9569	    797.4644
    778.9714	      0.0000
    778.9921	      0.0000
    779.0127	      0.0000
    779.0333	      0.0000
    779.2190	      0.0000
    779.2396	      0.0000
    779.2602	      0.0000
    779.2809	      0.0000
    779.3015	    613.9415
    779.3221	   2561.9243
    779.3428	   6299.8477
    779.3634	  10365.5938
    779.3841	  11914.3809
    779.4047	   8404.5615
    779.4253	   4526.8965
    779.4460	   1224.3807
    779.4666	     22.7812
    779.4870	      0.0000
    779.5076	      0.0000
    779.5283	      0.0000
    779.5489	      0.0000
    779.7141	      0.0000
    779.7348	      0.0000
    779.7554	      0.0000
    779.7761	      0.0000
    779.7967	    273.5843
    779.8174	    972.4115
    779.8380	   3284.3191
    779.8587	   5192.6309
    779.8793	   5842.3989
    779.9000	   3970.7964
    779.9207	   1894.6702
    779.9413	     80.1267
    779.9620	      0.0000
    779.9827	      0.0000
    780.0033	      0.0000
    780.0240	      0.0000
    785.0906	      0.0000
    785.1114	      0.0000
    785.1323	      0.0000
    785.1532	      0.0000
    785.1740	    485.3195
    785.1949	    967.5872
    785.2158	   1293.6774
    785.2366	   1253.8960
    785.2575	    875.9290
    785.2785	      0.0000
    785.2993	      0.0000
    785.3202	      0.0000
    785.3411	      0.0000
    851.7347	      0.0000
    851.7583	      0.0000
    851.7819	      0.0000
    851.8055	      0.0000
    851.8290	    253.3617
    851.8526	    959.6751
    851.8762	   1909.3668
    851.8998	   2480.8074
    851.9234	   2225.4734
    851.9470	   1345.6147
    851.9705	    510.7030
    851.9941	      0.0000
    852.0177	      0.0000
    852.0413	      0.0000
    852.0649	      0.0000
    852.2537	      0.0000
    852.2773	      0.0000
    852.3009	      0.0000
    852.3245	      0.0000
    852.3481	    393.6302
    852.3717	    997.1542
    852.3953	   1462.8087
    852.4189	   1483.0547
    852.4425	   1072.3477
    852.4661	    531.0983
    852.4897	      0.0000
    852.5134	      0.0000
    852.5370	      0.0000
    852.5606	      0.0000
    880.2290	      0.0000
    880.2537	      0.0000
    880.2785	      0.0000
    880.3033	      0.0000
    880.3281	    653.2197
    880.3528	   2447.3518
    880.3776	   4719.0474
    880.4024	   6969.4697
    880.4272	   6491.7466
    880.4520	   3950.2876
    880.4767	   1567.7930
    880.5015	    124.1635
    880.5362	      0.0000
    880.5609	      0.0000
    880.5857	      0.0000
    880.6105	      0.0000
    880.7345	      0.0000
    880.7593	      0.0000
    880.7841	      0.0000
    880.8088	      0.0000
    880.8336	    580.5348
    880.8584	   2367.6016
    880.8832	   5222.6553
    880.9080	   8411.9336
    880.9328	   9439.9004
    880.9576	   6394.2632
    880.9824	   3179.3425
    881.0072	    463.0840
    881.0222	      0.0000
    881.0470	      0.0000
    881.0718	      0.0000
    881.0966	      0.0000
    881.2455	      0.0000
    881.2703	      0.0000
    881.2951	      0.0000
    881.3199	      0.0000
    881.3447	    755.8765
    881.3696	   1778.7894
    881.3944	   4047.2646
    881.4192	   4334.8281
    881.4440	   2744.7603
    881.4688	   1160.6830
    881.4937	    566.2756
    881.5186	      0.0000
    881.5434	      0.0000
    881.5682	      0.0000
    881.5931	      0.0000
    953.2714	      0.0000
    953.2993	      0.0000
    953.3273	      0.0000
    953.3552	      0.0000
    953.3831	    914.9617
    953.4110	   1623.2820
    953.4390	   1933.4017
    953.4669	   1596.2145
    953.4948	    869.0438
    953.5227	      0.0000
    953.5507	      0.0000
    953.5786	      0.0000
    953.6065	      0.0000
    953.7741	      0.0000
    953.8021	      0.0000
    953.8300	      0.0000
    953.8580	      0.0000
    953.8859	    678.7471
    953.9139	   1307.3485
    953.9418	   1656.2600
    953.9698	   1499.3733
    953.9977	    961.4343
    954.0257	    404.9815
    954.0709	      0.0000
    954.0988	      0.0000
    954.1268	      0.0000
    954.1547	      0.0000
    961.2388	      0.0000
    961.2670	      0.0000
    961.2953	      0.0000
    961.3236	      0.0000
    961.3518	    338.7318
    961.3801	   2096.2114
    961.4084	   4337.0132
    961.4367	   6839.1978
    961.4649	   7485.1162
    961.4932	   4968.3203
    961.5215	   2409.2451
    961.5498	    242.9510
    961.5608	      0.0000
    961.5891	      0.0000
    961.6174	      0.0000
    961.6457	      0.0000
    961.7305	      0.0000
    961.7588	      0.0000
    961.7871	      0.0000
    961.8154	      0.0000
    961.8437	    724.7725
    961.8720	   2479.4063
    961.9003	   4519.7388
    961.9286	   6415.1348
    961.9569	   5610.7822
    961.9852	   3324.0818
    962.0135	   1127.4435
    962.0418	    514.3144
    962.0701	      0.0000
    962.0984	      0.0000
    962.1267	      0.0000
    962.1550	      0.0000
    962.2399	      0.0000
    962.2683	      0.0000
    962.2966	      0.0000
    962.3249	      0.0000
    962.3532	    657.5841
    962.3815	   1610.8429
    962.4098	   3910.6470
    962.4382	   5105.8569
    962.4665	   4082.3076
    962.4948	   2298.2878
    962.5231	    591.7147
    962.5515	      0.0000
    962.5798	      0.0000
    962.6082	      0.0000
    962.6365	      0.0000
   1027.7501	      0.0000
   1027.7813	      0.0000
   1027.8126	      0.0000
   1027.8438	      0.0000
   1027.8751	    438.6779
   1027.9063	   1137.9150
   1027.9376	   1813.9918
   1027.9689	   2009.8849
   1028.0001	   1573.7933
   1028.0314	    827.4677
   1028.0627	      0.0000
   1028.0939	      0.0000
   1028.1252	      0.0000
   1028.1565	      0.0000
   1034.2500	      0.0000
   1034.2816	      0.0000
   1034.3131	      0.0000
   1034.3447	      0.0000
   1034.3762	    344.8722
   1034.4078	    927.0493
   1034.4393	   1419.7930
   1034.4709	   1481.6864
   1034.5024	   1082.1827
   1034.5340	    506.6873
   1034.5656	      0.0000
   1034.5971	      0.0000
   1034.6287	      0.0000
   1034.6603	      0.0000
   1034.7550	      0.0000
   1034.7866	      0.0000
   1034.8181	      0.0000
   1034.8497	      0.0000
   1034.8813	    554.2947
   1034.9129	   1157.4272
   1034.9444	   1677.9880
   1034.9760	   1772.5967
   1035.0076	   1351.6990
   1035.0392	    688.6943
   1035.0708	      0.0000
   1035.1024	      0.0000
   1035.1340	      0.0000
   1035.1656	      0.0000
   1042.2465	      0.0000
   1042.2785	      0.0000
   1042.3104	      0.0000
   1042.3423	      0.0000
   1042.3742	    692.5489
   1042.4061	   2746.8843
   1042.4381	   4597.2295
   1042.4700	   5353.4297
   1042.5019	   3602.3330
   1042.5338	   1696.1031
   1042.5658	     17.5143
   1042.5977	      0.0000
   1042.6296	      0.0000
   1042.6616	      0.0000
   1042.6935	      0.0000
   1042.7255	      0.0000
   1042.7574	      0.0000
   1042.7893	      0.0000
   1042.8213	      0.0000
   1042.8532	    478.7281
   1042.8852	   1263.9430
   1042.9171	   2963.0989
   1042.9491	   4658.5269
   1042.9810	   4600.7568
   1043.0130	   2991.0713
   1043.0449	   1089.0876
   1043.0769	    353.3407
   1043.1088	      0.0000
   1043.1408	      0.0000
   1043.1727	      0.0000
   1043.2047	      0.0000
   1043.2686	      0.0000
   1043.3006	      0.0000
   1043.3325	      0.0000
   1043.3645	      0.0000
   1043.3965	    604.4196
   1043.4284	   1150.0203
   1043.4604	   1522.8298
   1043.4924	   1451.6282
   1043.5244	    961.4789
   1043.5563	    390.6507
   1043.5883	      0.0000
   1043.6203	      0.0000
   1043.6523	      0.0000
   1043.6843	      0.0000
   1043.7802	      0.0000
   1043.8122	      0.0000
   1043.8442	      0.0000
   1043.8762	      0.0000
   1043.9082	    873.5749
   1043.9402	   1470.2761
   1043.9722	   1708.4375
   1044.0041	   1411.8281
   1044.0361	    806.5021
   1044.0682	      0.0000
   1044.1002	      0.0000
   1044.1322	      0.0000
   1044.1643	      0.0000
   1108.2599	      0.0000
   1108.2949	      0.0000
   1108.3299	      0.0000
   1108.3649	      0.0000
   1108.3999	    495.1005
   1108.4349	   1112.3308
   1108.4699	   1606.6163
   1108.5049	   1628.7450
   1108.5399	   1149.4429
   1108.5749	    521.3050
   1108.6099	      0.0000
   1108.6449	      0.0000
   1108.6800	      0.0000
   1108.7150	      0.0000
   1116.2468	      0.0000
   1116.2822	      0.0000
   1116.3176	      0.0000
   1116.3530	      0.0000
   1116.3884	    384.2615
   1116.4237	    980.8052
   1116.4591	   1497.8607
   1116.4945	   1607.4550
   1116.5299	   1251.4708
   1116.5653	    693.8240
   1116.6007	      0.0000
   1116.6361	      0.0000
   1116.6715	      0.0000
   1116.7069	      0.0000
   1123.2842	      0.0000
   1123.3199	      0.0000
   1123.3556	      0.0000
   1123.3913	      0.0000
   1123.4270	    823.1603
   1123.4627	   1474.1763
   1123.4985	   1715.9635
   1123.5342	   1385.8157
   1123.5699	    760.4101
   1123.6047	      0.0000
   1123.6405	      0.0000
   1123.6762	      0.0000
   1123.7119	      0.0000
   1778.4939	      0.0000
   1778.5651	      0.0000
   1778.6362	      0.0000
   1778.7074	      0.0000
   1778.7785	    778.8502
   1778.8497	   1245.5059
   1778.9209	   1384.7986
   1778.9921	   1115.3208
   1779.0632	    625.3021
   1779.1344	      0.0000
   1779.2056	      0.0000
   1779.2768	      0.0000
   1779.3480	      0.0000
   2203.6219	      0.0000
   2203.7200	      0.0000
   2203.8181	      0.0000
   2203.9163	      0.0000
   2204.0144	    661.1912
   2204.1126	   1158.3062
   2204.2107	   1365.8477
   2204.3089	   1168.6486
   2204.4070	    710.2234
   2204.5052	      0.0000
   2204.6034	      0.0000
   2204.7016	      0.0000
   2204.7998	      0.0000
   2626.3127	      0.0000
   2626.4404	      0.0000
   2626.5680	      0.0000
   2626.6957	      0.0000
