# ljz_20131022_MR_Chym1_ELUTE.mzML
#
# index: 1145
# id: controllerType=0 controllerNumber=1 scan=6375
# scanNumber: 6375
# massAnalyzerType: quadrupole
# scanEvent: 2
# msLevel: 2
# retentionTime: 1867.84
# filterString: FTMS + p NSI d Full ms2 809.34@hcd28.00 [100.00-2500.00]
# mzLow: 99.0035
# mzHigh: 2525.64
# basePeakMZ: 138.055
# basePeakIntensity: 123644
# totalIonCurrent: 2.02544e+006
# precursorCount: 1
# precursor 0: 809.009 3.59366e+006
# binary (1963): 
     99.0035	      0.0000
     99.0045	      0.0000
     99.0054	      0.0000
     99.0063	      0.0000
    107.7642	      0.0000
    107.7652	      0.0000
    107.7663	      0.0000
    107.7674	      0.0000
    107.7684	      0.0000
    107.7695	      0.0000
    107.7705	      0.0000
    107.7716	      0.0000
    107.7727	      0.0000
    107.7737	      0.0000
    107.7748	      0.0000
    107.7758	      0.0000
    107.7769	      0.0000
    107.7780	      0.0000
    108.6514	      0.0000
    108.6525	      0.0000
    108.6536	      0.0000
    108.6546	      0.0000
    108.6557	      0.0000
    108.6568	      0.0000
    108.6579	      0.0000
    108.6589	      0.0000
    108.6600	      0.0000
    108.6611	      0.0000
    108.6622	      0.0000
    108.6632	      0.0000
    108.6643	      0.0000
    108.6654	      0.0000
    108.7073	      0.0000
    108.7084	      0.0000
    108.7095	      0.0000
    108.7105	      0.0000
    108.7116	      0.0000
    108.7127	      0.0000
    108.7138	      0.0000
    108.7148	      0.0000
    108.7159	      0.0000
    108.7170	      0.0000
    108.7183	      0.0000
    108.7194	      0.0000
    108.7204	      0.0000
    108.7215	      0.0000
    109.0200	      0.0000
    109.0211	      0.0000
    109.0221	      0.0000
    109.0232	      0.0000
    109.0243	    777.3861
    109.0254	   1077.1644
    109.0265	   3894.0103
    109.0275	   8035.0293
    109.0286	  12339.6797
    109.0297	  12129.2451
    109.0308	   7647.2939
    109.0319	   3381.8933
    109.0329	    613.8799
    109.0338	      0.0000
    109.0348	      0.0000
    109.0359	      0.0000
    109.0370	      0.0000
    111.0361	      0.0000
    111.0373	      0.0000
    111.0384	      0.0000
    111.0395	      0.0000
    111.0406	    408.5604
    111.0417	   1175.2925
    111.0428	   2229.8535
    111.0439	   2986.1294
    111.0450	   2948.8960
    111.0461	   2168.4209
    111.0472	   1169.5245
    111.0484	    457.7512
    111.0494	      0.0000
    111.0505	      0.0000
    111.0516	      0.0000
    111.0528	      0.0000
    115.0307	      0.0000
    115.0319	      0.0000
    115.0330	      0.0000
    115.0342	      0.0000
    115.0354	    685.5202
    115.0366	   2006.0676
    115.0377	   5710.3374
    115.0389	   7879.1904
    115.0401	   6894.6846
    115.0412	   4037.8452
    115.0424	   1336.9952
    115.0436	      0.0000
    115.0447	      0.0000
    115.0459	      0.0000
    115.0471	      0.0000
    115.0482	      0.0000
    116.8219	      0.0000
    116.8231	      0.0000
    116.8243	      0.0000
    116.8255	      0.0000
    116.8267	      0.0000
    116.8279	      0.0000
    116.8291	      0.0000
    116.8303	      0.0000
    116.8315	      0.0000
    116.8327	      0.0000
    116.8339	      0.0000
    116.8351	      0.0000
    116.8363	      0.0000
    117.6540	      0.0000
    117.6552	      0.0000
    117.6564	      0.0000
    117.6576	      0.0000
    117.6588	      0.0000
    117.6600	      0.0000
    117.6612	      0.0000
    117.6624	      0.0000
    117.6636	      0.0000
    117.6648	      0.0000
    117.6661	      0.0000
    117.6673	      0.0000
    117.6685	      0.0000
    117.6697	      0.0000
    117.7097	      0.0000
    117.7109	      0.0000
    117.7121	      0.0000
    117.7133	      0.0000
    117.7145	      0.0000
    117.7157	      0.0000
    117.7169	      0.0000
    117.7181	      0.0000
    117.7193	      0.0000
    117.7206	      0.0000
    117.7218	      0.0000
    117.7231	      0.0000
    117.7243	      0.0000
    117.7255	      0.0000
    126.0427	      0.0000
    126.0440	      0.0000
    126.0454	      0.0000
    126.0467	      0.0000
    126.0481	    771.0742
    126.0494	   1296.8733
    126.0507	   3627.3235
    126.0521	  12130.6211
    126.0534	  26049.8242
    126.0548	  41023.6055
    126.0561	  42597.0313
    126.0575	  27860.9082
    126.0588	  13553.4902
    126.0601	   3300.0098
    126.0615	    684.1354
    126.0627	      0.0000
    126.0640	      0.0000
    126.0653	      0.0000
    126.0667	      0.0000
    126.6568	      0.0000
    126.6582	      0.0000
    126.6595	      0.0000
    126.6609	      0.0000
    126.6622	      0.0000
    126.6636	      0.0000
    126.6649	      0.0000
    126.6663	      0.0000
    126.6676	      0.0000
    126.6693	      0.0000
    126.6706	      0.0000
    126.6720	      0.0000
    126.6733	      0.0000
    127.0257	      0.0000
    127.0270	      0.0000
    127.0284	      0.0000
    127.0297	      0.0000
    127.0311	    897.9075
    127.0324	   1743.5570
    127.0338	   3026.8518
    127.0352	   8456.6533
    127.0365	  26073.2305
    127.0379	  48785.1406
    127.0392	  70401.5313
    127.0406	  63037.0781
    127.0419	  38573.2188
    127.0433	  15788.8242
    127.0447	   3341.1396
    127.0460	    508.0972
    127.0471	      0.0000
    127.0485	      0.0000
    127.0498	      0.0000
    127.0512	      0.0000
    127.0526	      0.0000
    127.0539	      0.0000
    127.0553	    880.1047
    127.0566	   1242.7191
    127.0580	   1542.8539
    127.0593	   1390.1110
    127.0607	    781.6582
    127.0621	      0.0000
    127.0634	      0.0000
    127.0648	      0.0000
    127.0661	      0.0000
    128.0335	      0.0000
    128.0349	      0.0000
    128.0363	      0.0000
    128.0377	      0.0000
    128.0390	    718.5377
    128.0404	   1804.8416
    128.0418	   2847.8008
    128.0432	   3112.6865
    128.0445	   2422.5627
    128.0459	   1296.9678
    128.0473	    407.2538
    128.0486	      0.0000
    128.0500	      0.0000
    128.0514	      0.0000
    128.0528	      0.0000
    129.0454	      0.0000
    129.0468	      0.0000
    129.0482	      0.0000
    129.0496	      0.0000
    129.0510	    550.5994
    129.0523	   1389.2465
    129.0537	   2128.0112
    129.0551	   2278.6353
    129.0565	   1734.4473
    129.0579	    882.7589
    129.0594	      0.0000
    129.0608	      0.0000
    129.0622	      0.0000
    129.0636	      0.0000
    138.0386	      0.0000
    138.0402	      0.0000
    138.0417	      0.0000
    138.0433	      0.0000
    138.0448	      0.0000
    138.0463	   1361.7743
    138.0479	   2480.8059
    138.0494	   6960.7642
    138.0509	  22366.8672
    138.0525	  59418.9922
    138.0540	  99723.5938
    138.0556	 123515.4375
    138.0571	  92190.6172
    138.0586	  52328.9727
    138.0602	  15692.9395
    138.0617	   2988.6438
    138.0633	    633.4180
    138.0646	      0.0000
    138.0661	      0.0000
    138.0677	      0.0000
    138.0692	      0.0000
    139.0470	      0.0000
    139.0485	      0.0000
    139.0501	      0.0000
    139.0516	      0.0000
    139.0532	    383.5543
    139.0547	   1451.0073
    139.0563	   4784.1333
    139.0578	   7463.7603
    139.0594	   7815.7256
    139.0610	   4968.4551
    139.0625	   2151.7126
    139.0641	    148.4386
    139.0656	      0.0000
    139.0672	      0.0000
    139.0688	      0.0000
    139.0703	      0.0000
    144.0524	      0.0000
    144.0540	      0.0000
    144.0556	      0.0000
    144.0573	      0.0000
    144.0589	    422.9276
    144.0606	   1113.4951
    144.0622	   3650.9819
    144.0638	   6750.7275
    144.0655	   9479.9727
    144.0671	   7963.2876
    144.0688	   4583.9326
    144.0704	   1407.2064
    144.0720	      0.0000
    144.0739	      0.0000
    144.0755	      0.0000
    144.0772	      0.0000
    144.0788	      0.0000
    145.0350	      0.0000
    145.0366	      0.0000
    145.0383	      0.0000
    145.0400	      0.0000
    145.0416	    413.4210
    145.0433	   1648.6083
    145.0449	   5995.3208
    145.0466	  18402.0391
    145.0482	  32027.4902
    145.0499	  42351.2734
    145.0516	  33418.5195
    145.0532	  19481.7344
    145.0549	   6225.3667
    145.0565	   1199.7103
    145.0582	    253.8779
    145.0597	      0.0000
    145.0613	      0.0000
    145.0630	      0.0000
    145.0646	      0.0000
    157.0976	      0.0000
    157.0995	      0.0000
    157.1013	      0.0000
    157.1032	      0.0000
    157.1051	   1043.5405
    157.1069	   2129.9744
    157.1088	   2803.9570
    157.1107	   2559.1382
    157.1125	   1608.5240
    157.1144	    658.7336
    157.1164	      0.0000
    157.1183	      0.0000
    157.1201	      0.0000
    157.1220	      0.0000
    163.0438	      0.0000
    163.0458	      0.0000
    163.0478	      0.0000
    163.0498	      0.0000
    163.0517	    509.0534
    163.0537	   2351.6995
    163.0557	   8529.3750
    163.0577	  16993.3496
    163.0596	  25724.8281
    163.0616	  24498.0020
    163.0636	  15345.8750
    163.0656	   6790.8872
    163.0675	   1644.2378
    163.0695	    350.5592
    163.0713	      0.0000
    163.0733	      0.0000
    163.0753	      0.0000
    163.0772	      0.0000
    164.0515	      0.0000
    164.0535	      0.0000
    164.0555	      0.0000
    164.0575	      0.0000
    164.0595	    823.9065
    164.0614	   1454.6625
    164.0634	   1739.9579
    164.0654	   1457.7247
    164.0674	    805.4986
    164.0695	      0.0000
    164.0715	      0.0000
    164.0735	      0.0000
    164.0755	      0.0000
    165.5688	      0.0000
    165.5708	      0.0000
    165.5728	      0.0000
    165.5748	      0.0000
    165.5769	    616.3839
    165.5789	   1144.0557
    165.5809	   1380.8726
    165.5829	   1179.9153
    165.5849	    701.2842
    165.5870	      0.0000
    165.5890	      0.0000
    165.5911	      0.0000
    165.5931	      0.0000
    168.0476	      0.0000
    168.0496	      0.0000
    168.0517	      0.0000
    168.0538	      0.0000
    168.0558	   1065.2747
    168.0579	   2782.7637
    168.0600	   9620.7871
    168.0620	  25691.8340
    168.0641	  43039.1094
    168.0662	  52366.6094
    168.0682	  38381.8867
    168.0703	  21305.8965
    168.0724	   6389.8667
    168.0744	   1421.1425
    168.0765	    290.0177
    168.0785	      0.0000
    168.0806	      0.0000
    168.0826	      0.0000
    168.0847	      0.0000
    169.0563	      0.0000
    169.0583	      0.0000
    169.0604	      0.0000
    169.0625	      0.0000
    169.0646	    724.3607
    169.0667	   1510.4712
    169.0688	   1930.7263
    169.0709	   1658.9789
    169.0729	    923.1459
    169.0754	      0.0000
    169.0774	      0.0000
    169.0795	      0.0000
    169.0816	      0.0000
    186.0567	      0.0000
    186.0591	      0.0000
    186.0615	      0.0000
    186.0639	      0.0000
    186.0664	    691.1705
    186.0688	   3035.1650
    186.0712	  10568.8945
    186.0736	  20154.9863
    186.0760	  29466.0977
    186.0784	  26646.6445
    186.0808	  16358.4219
    186.0832	   6832.5786
    186.0856	   1565.1121
    186.0880	    292.7484
    186.0901	      0.0000
    186.0926	      0.0000
    186.0950	      0.0000
    186.0974	      0.0000
    187.0643	      0.0000
    187.0668	      0.0000
    187.0692	      0.0000
    187.0716	      0.0000
    187.0741	    605.2466
    187.0765	   1347.6442
    187.0789	   1851.4147
    187.0813	   1772.9154
    187.0838	   1185.3479
    187.0862	    501.5451
    187.0890	      0.0000
    187.0914	      0.0000
    187.0939	      0.0000
    187.0963	      0.0000
    204.0592	      0.0000
    204.0620	      0.0000
    204.0647	      0.0000
    204.0675	      0.0000
    204.0703	    986.4857
    204.0730	   2068.2278
    204.0758	   4117.0278
    204.0786	  12977.0908
    204.0813	  40374.6563
    204.0841	  73244.6797
    204.0869	 102318.5703
    204.0896	  87251.7422
    204.0924	  52444.0977
    204.0952	  20256.2383
    204.0979	   4525.2017
    204.1007	    684.2329
    204.1030	      0.0000
    204.1057	      0.0000
    204.1085	      0.0000
    204.1113	      0.0000
    205.0689	      0.0000
    205.0717	      0.0000
    205.0745	      0.0000
    205.0773	      0.0000
    205.0800	    616.9332
    205.0828	   2550.8591
    205.0856	   6087.9370
    205.0884	   9833.3574
    205.0912	  10519.2139
    205.0940	   6922.0557
    205.0968	   3332.6567
    205.0995	    754.5230
    205.1026	      0.0000
    205.1054	      0.0000
    205.1081	      0.0000
    205.1109	      0.0000
    232.4519	      0.0000
    232.4552	      0.0000
    232.4586	      0.0000
    232.4619	      0.0000
    232.4653	    696.8656
    232.4687	   1124.7811
    232.4720	   1312.3934
    232.4754	   1131.3602
    232.4788	    679.0217
    232.4827	      0.0000
    232.4861	      0.0000
    232.4895	      0.0000
    232.4928	      0.0000
    366.0925	      0.0000
    366.0991	      0.0000
    366.1058	      0.0000
    366.1124	      0.0000
    366.1191	   1051.9122
    366.1257	   3531.2134
    366.1324	   6561.8667
    366.1390	   9315.2227
    366.1457	   8232.2510
    366.1523	   4994.6465
    366.1589	   2016.1067
    366.1656	    242.1502
    366.1726	      0.0000
    366.1792	      0.0000
    366.1859	      0.0000
    366.1925	      0.0000
    455.2104	      0.0000
    455.2196	      0.0000
    455.2288	      0.0000
    455.2381	      0.0000
    455.2473	    806.9839
    455.2565	   1932.3605
    455.2657	   3028.4399
    455.2749	   3281.4866
    455.2841	   2501.5283
    455.2933	   1288.1986
    455.3026	    421.9391
    455.3123	      0.0000
    455.3215	      0.0000
    455.3307	      0.0000
    455.3399	      0.0000
    528.1212	      0.0000
    528.1327	      0.0000
    528.1442	      0.0000
    528.1557	      0.0000
    528.1672	    987.2606
    528.1787	   2093.0278
    528.1903	   2884.1790
    528.2018	   2793.2502
    528.2133	   1926.8220
    528.2248	    909.5847
    528.2363	      0.0000
    528.2478	      0.0000
    528.2594	      0.0000
    528.2709	      0.0000
    530.5007	      0.0000
    530.5123	      0.0000
    530.5239	      0.0000
    530.5354	      0.0000
    530.5470	    593.1080
    530.5586	   1354.8654
    530.5702	   1834.3434
    530.5818	   1615.5153
    530.5934	    886.6485
    530.6050	      0.0000
    530.6166	      0.0000
    530.6282	      0.0000
    530.6398	      0.0000
    530.8253	      0.0000
    530.8369	      0.0000
    530.8485	      0.0000
    530.8601	      0.0000
    530.8718	    625.6669
    530.8834	   1503.9277
    530.8950	   2387.2629
    530.9066	   2707.6145
    530.9182	   2233.7866
    530.9298	   1288.6111
    530.9414	    459.2240
    530.9530	      0.0000
    530.9646	      0.0000
    530.9762	      0.0000
    530.9879	      0.0000
    582.5458	      0.0000
    582.5591	      0.0000
    582.5725	      0.0000
    582.5858	      0.0000
    582.5992	    843.1533
    582.6125	   1283.2830
    582.6258	   1434.0922
    582.6392	   1214.4973
    582.6525	    766.0563
    582.6659	      0.0000
    582.6792	      0.0000
    582.6925	      0.0000
    582.7059	      0.0000
    598.5245	      0.0000
    598.5384	      0.0000
    598.5523	      0.0000
    598.5661	      0.0000
    598.5800	   1054.4813
    598.5939	   1829.3593
    598.6078	   2056.9836
    598.6217	   1575.5436
    598.6356	    773.4536
    598.6495	      0.0000
    598.6634	      0.0000
    598.6773	      0.0000
    598.6912	      0.0000
    598.8580	      0.0000
    598.8719	      0.0000
    598.8858	      0.0000
    598.8997	      0.0000
    598.9136	    684.0487
    598.9275	   1393.7874
    598.9414	   1730.3789
    598.9553	   1440.8762
    598.9692	    784.0636
    598.9832	      0.0000
    598.9971	      0.0000
    599.0110	      0.0000
    599.0249	      0.0000
    685.1943	      0.0000
    685.2113	      0.0000
    685.2283	      0.0000
    685.2453	      0.0000
    685.2623	    814.0571
    685.2793	   1816.3639
    685.2963	   2589.4795
    685.3134	   2552.8582
    685.3304	   1731.6163
    685.3474	    724.9737
    685.3695	      0.0000
    685.3865	      0.0000
    685.4035	      0.0000
    685.4205	      0.0000
    693.6816	      0.0000
    693.6989	      0.0000
    693.7162	      0.0000
    693.7336	      0.0000
    693.7509	    601.3733
    693.7682	   1844.2281
    693.7856	   5046.6973
    693.8029	   8564.5830
    693.8202	  11055.8623
    693.8376	   8549.4287
    693.8549	   4865.1382
    693.8722	   1318.8544
    693.8896	      0.0000
    693.9018	      0.0000
    693.9192	      0.0000
    693.9365	      0.0000
    693.9539	      0.0000
    694.1793	      0.0000
    694.1967	      0.0000
    694.2140	      0.0000
    694.2314	      0.0000
    694.2487	    628.9244
    694.2661	   1621.4413
    694.2834	   4460.0391
    694.3008	   7439.3481
    694.3181	   8495.6885
    694.3355	   5906.3394
    694.3528	   3059.0220
    694.3702	    824.5756
    694.3876	      0.0000
    694.4049	      0.0000
    694.4223	      0.0000
    694.4396	      0.0000
    712.7060	      0.0000
    712.7240	      0.0000
    712.7421	      0.0000
    712.7601	      0.0000
    712.7781	    766.1313
    712.7962	   1354.6453
    712.8143	   1680.2737
    712.8323	   1530.0286
    712.8504	    993.1121
    712.8684	      0.0000
    712.8865	      0.0000
    712.9045	      0.0000
    712.9226	      0.0000
    721.6874	      0.0000
    721.7058	      0.0000
    721.7242	      0.0000
    721.7426	      0.0000
    721.7610	    461.7745
    721.7794	   1294.1868
    721.7978	   2291.0994
    721.8162	   2903.4290
    721.8346	   2719.0359
    721.8530	   1863.7094
    721.8714	    880.4981
    721.8898	      0.0000
    721.9082	      0.0000
    721.9266	      0.0000
    721.9450	      0.0000
    722.2026	      0.0000
    722.2210	      0.0000
    722.2394	      0.0000
    722.2578	      0.0000
    722.2763	    846.8918
    722.2947	   1754.2468
    722.3131	   2324.6272
    722.3315	   2102.8596
    722.3499	   1273.5132
    722.3683	    436.9857
    722.3867	      0.0000
    722.4052	      0.0000
    722.4236	      0.0000
    722.4420	      0.0000
    729.2120	      0.0000
    729.2307	      0.0000
    729.2494	      0.0000
    729.2681	      0.0000
    729.2867	   1082.7161
    729.3054	   2336.1970
    729.3241	   4827.8657
    729.3428	   5410.1191
    729.3615	   2750.5818
    729.3802	   1470.4403
    729.3988	    501.6092
    729.4215	      0.0000
    729.4401	      0.0000
    729.4588	      0.0000
    729.4775	      0.0000
    735.1732	      0.0000
    735.1921	      0.0000
    735.2110	      0.0000
    735.2299	      0.0000
    735.2488	    514.1767
    735.2677	   1637.0573
    735.2866	   5196.7227
    735.3056	  11282.9082
    735.3245	  17884.0840
    735.3434	  19163.7012
    735.3623	  12829.9492
    735.3812	   6434.5908
    735.4001	   1452.8312
    735.4190	      0.0000
    735.4404	      0.0000
    735.4593	      0.0000
    735.4782	      0.0000
    735.4972	      0.0000
    735.6864	      0.0000
    735.7053	      0.0000
    735.7242	      0.0000
    735.7432	      0.0000
    735.7621	    714.5215
    735.7810	   1531.5192
    735.8000	   4971.1167
    735.8189	   9279.1016
    735.8378	  12994.7676
    735.8568	  10828.7998
    735.8757	   6253.1104
    735.8946	   1835.2554
    735.9136	     42.5238
    735.9261	      0.0000
    735.9451	      0.0000
    735.9640	      0.0000
    735.9830	      0.0000
    736.1913	      0.0000
    736.2103	      0.0000
    736.2292	      0.0000
    736.2482	      0.0000
    736.2671	    806.7177
    736.2861	   2168.0920
    736.3050	   4931.7246
    736.3240	   7801.9258
    736.3429	   7698.0688
    736.3619	   4847.6450
    736.3808	   2154.2546
    736.3998	    673.4527
    736.4187	      0.0000
    736.4377	      0.0000
    736.4567	      0.0000
    736.4756	      0.0000
    736.6842	      0.0000
    736.7032	      0.0000
    736.7221	      0.0000
    736.7411	      0.0000
    736.7601	    553.1957
    736.7790	   1516.0923
    736.7980	   2804.6182
    736.8170	   5670.1284
    736.8359	   5296.4272
    736.8549	   3226.8823
    736.8739	   1407.2571
    736.8929	    517.3181
    736.9119	      0.0000
    736.9309	      0.0000
    736.9498	      0.0000
    736.9688	      0.0000
    750.2395	      0.0000
    750.2590	      0.0000
    750.2785	      0.0000
    750.2980	      0.0000
    750.3175	    574.5919
    750.3370	   1317.3467
    750.3565	   1746.8475
    750.3760	   1558.0134
    750.3955	    919.5497
    750.4150	      0.0000
    750.4345	      0.0000
    750.4540	      0.0000
    750.4735	      0.0000
    750.7270	      0.0000
    750.7465	      0.0000
    750.7661	      0.0000
    750.7856	      0.0000
    750.8051	    328.2204
    750.8246	   1195.7767
    750.8441	   2287.7046
    750.8636	   2926.3481
    750.8831	   2674.4526
    750.9027	   1738.5841
    750.9222	    754.1534
    750.9417	      0.0000
    750.9612	      0.0000
    750.9807	      0.0000
    751.0003	      0.0000
    751.2346	      0.0000
    751.2541	      0.0000
    751.2736	      0.0000
    751.2932	      0.0000
    751.3127	    648.7160
    751.3322	   1605.8085
    751.3518	   2502.0212
    751.3713	   2715.4561
    751.3908	   2094.2583
    751.4104	   1102.7594
    751.4299	      0.0000
    751.4495	      0.0000
    751.4690	      0.0000
    751.4885	      0.0000
    755.2347	      0.0000
    755.2544	      0.0000
    755.2741	      0.0000
    755.2938	      0.0000
    755.3135	   1030.5348
    755.3332	   1704.1772
    755.3529	   2002.5253
    755.3726	   1762.7543
    755.3923	   1166.5325
    755.4120	      0.0000
    755.4317	      0.0000
    755.4514	      0.0000
    755.4711	      0.0000
    775.3952	      0.0000
    775.4157	      0.0000
    775.4362	      0.0000
    775.4567	      0.0000
    775.4771	    697.0265
    775.4976	   1225.3496
    775.5181	   1454.4873
    775.5386	   1222.8732
    775.5591	    693.1884
    775.5796	      0.0000
    775.6001	      0.0000
    775.6205	      0.0000
    775.6410	      0.0000
    777.2212	      0.0000
    777.2417	      0.0000
    777.2623	      0.0000
    777.2828	      0.0000
    777.3034	   1113.5100
    777.3240	   1941.0271
    777.3445	   2288.2551
    777.3651	   1859.0045
    777.3856	    951.1768
    777.4062	      0.0000
    777.4268	      0.0000
    777.4473	      0.0000
    777.4679	      0.0000
    786.2394	      0.0000
    786.2603	      0.0000
    786.2812	      0.0000
    786.3021	      0.0000
    786.3230	   1166.1156
    786.3439	   1905.3527
    786.3649	   1914.2262
    786.3858	   1240.7728
    786.4067	    476.9989
    786.4276	      0.0000
    786.4485	      0.0000
    786.4695	      0.0000
    786.4904	      0.0000
    786.6996	      0.0000
    786.7206	      0.0000
    786.7415	      0.0000
    786.7624	      0.0000
    786.7834	    818.8480
    786.8043	   2173.6563
    786.8252	   5441.2871
    786.8462	   6275.7964
    786.8671	   4263.0186
    786.8880	   2082.4783
    786.9090	    155.9775
    786.9299	      0.0000
    786.9508	      0.0000
    786.9718	      0.0000
    786.9927	      0.0000
    787.2022	      0.0000
    787.2231	      0.0000
    787.2441	      0.0000
    787.2650	      0.0000
    787.2860	    643.4635
    787.3069	   1862.6302
    787.3279	   3150.4153
    787.3489	   5072.8638
    787.3698	   2785.1326
    787.3908	   1421.3263
    787.4117	    438.8697
    787.4327	      0.0000
    787.4537	      0.0000
    787.4746	      0.0000
    787.4956	      0.0000
    795.0964	      0.0000
    795.1176	      0.0000
    795.1389	      0.0000
    795.1602	      0.0000
    795.1814	      0.0000
    795.2027	      0.0000
    795.2240	      0.0000
    795.2515	   2847.1262
    795.2728	   4934.8730
    795.2941	  11976.7021
    795.3154	  32840.8164
    795.3366	  56324.5664
    795.3579	  74191.8516
    795.3792	  58647.5273
    795.4005	  34049.9102
    795.4217	  10347.3066
    795.4430	   1044.8492
    795.4616	      0.0000
    795.4829	      0.0000
    795.5042	      0.0000
    795.5254	      0.0000
    795.6532	      0.0000
    795.6744	      0.0000
    795.6957	      0.0000
    795.7170	      0.0000
    795.7383	   1255.3419
    795.7596	   2392.4985
    795.7809	   6026.7339
    795.8022	  18647.5156
    795.8235	  39678.4609
    795.8448	  62551.9102
    795.8661	  66158.5703
    795.8874	  43756.4922
    795.9087	  21680.8105
    795.9300	   5151.0649
    795.9513	    558.4537
    795.9744	      0.0000
    795.9957	      0.0000
    796.0170	      0.0000
    796.0383	      0.0000
    796.1661	      0.0000
    796.1874	      0.0000
    796.2088	      0.0000
    796.2301	      0.0000
    796.2514	    777.5059
    796.2727	   1622.7917
    796.2940	   4335.4004
    796.3153	  12398.6104
    796.3366	  21325.1719
    796.3579	  28030.4102
    796.3793	  22068.6680
    796.4006	  12767.4014
    796.4219	   3753.8755
    796.4432	    340.2814
    796.4546	      0.0000
    796.4760	      0.0000
    796.4973	      0.0000
    796.5186	      0.0000
    796.6892	      0.0000
    796.7106	      0.0000
    796.7319	      0.0000
    796.7532	      0.0000
    796.7745	    533.5552
    796.7959	   2500.2327
    796.8172	   6846.2939
    796.8386	  11466.3154
    796.8599	  13006.1699
    796.8812	   8862.1797
    796.9026	   4475.6909
    796.9239	   1110.7993
    796.9497	      0.0000
    796.9711	      0.0000
    796.9924	      0.0000
    797.0138	      0.0000
    810.6975	      0.0000
    810.7194	      0.0000
    810.7413	      0.0000
    810.7632	      0.0000
    810.7851	    533.2957
    810.8070	   1464.0852
    810.8289	   2492.3606
    810.8508	   2953.7800
    810.8727	   2500.7754
    810.8946	   1462.5934
    810.9165	    523.9867
    810.9384	      0.0000
    810.9603	      0.0000
    810.9822	      0.0000
    811.0041	      0.0000
    811.2232	      0.0000
    811.2451	      0.0000
    811.2671	      0.0000
    811.2890	      0.0000
    811.3109	   1088.0092
    811.3328	   1822.7073
    811.3547	   2198.3372
    811.3767	   1912.7778
    811.3986	   1133.5730
    811.4205	      0.0000
    811.4424	      0.0000
    811.4644	      0.0000
    811.4863	      0.0000
    814.2120	      0.0000
    814.2341	      0.0000
    814.2561	      0.0000
    814.2782	      0.0000
    814.3002	    781.0087
    814.3222	   1347.8763
    814.3443	   1631.9369
    814.3663	   1431.7993
    814.3884	    877.0190
    814.4104	      0.0000
    814.4325	      0.0000
    814.4545	      0.0000
    814.4766	      0.0000
    816.2212	      0.0000
    816.2433	      0.0000
    816.2654	      0.0000
    816.2875	      0.0000
    816.3096	    858.2084
    816.3318	   1597.3173
    816.3539	   1950.9747
    816.3760	   1643.7699
    816.3981	    901.2604
    816.4203	      0.0000
    816.4424	      0.0000
    816.4645	      0.0000
    816.4867	      0.0000
    823.2111	      0.0000
    823.2335	      0.0000
    823.2559	      0.0000
    823.2783	      0.0000
    823.3007	    553.0914
    823.3231	   1483.2463
    823.3455	   2698.1594
    823.3680	   5352.2114
    823.3904	   4706.0923
    823.4128	   2307.5972
    823.4352	   1068.2188
    823.4576	      0.0000
    823.4800	      0.0000
    823.5024	      0.0000
    823.5248	      0.0000
    824.2426	      0.0000
    824.2651	      0.0000
    824.2875	      0.0000
    824.3100	      0.0000
    824.3324	    655.5168
    824.3549	   1366.1885
    824.3773	   1800.9882
    824.3998	   1639.5057
    824.4222	    996.7820
    824.4447	      0.0000
    824.4672	      0.0000
    824.4896	      0.0000
    824.5121	      0.0000
    831.2224	      0.0000
    831.2452	      0.0000
    831.2679	      0.0000
    831.2906	      0.0000
    831.3134	    656.8684
    831.3361	   1567.5359
    831.3588	   2344.0371
    831.3816	   2396.3840
    831.4043	   1677.4653
    831.4271	    721.3071
    831.4498	      0.0000
    831.4726	      0.0000
    831.4953	      0.0000
    831.5181	      0.0000
    841.2228	      0.0000
    841.2459	      0.0000
    841.2691	      0.0000
    841.2922	      0.0000
    841.3154	    883.8781
    841.3385	   1543.6772
    841.3617	   1808.8120
    841.3848	   1482.2998
    841.4080	    801.7729
    841.4311	      0.0000
    841.4543	      0.0000
    841.4774	      0.0000
    841.5006	      0.0000
    859.2345	      0.0000
    859.2584	      0.0000
    859.2823	      0.0000
    859.3062	      0.0000
    859.3301	    871.2543
    859.3540	   1603.1492
    859.3779	   1901.0983
    859.4018	   1526.5565
    859.4257	    772.8829
    859.4549	      0.0000
    859.4788	      0.0000
    859.5027	      0.0000
    859.5266	      0.0000
    868.1722	      0.0000
    868.1965	      0.0000
    868.2207	      0.0000
    868.2450	      0.0000
    868.2693	   1272.8541
    868.2935	   3132.6196
    868.3178	   9736.9180
    868.3421	  24903.1484
    868.3663	  41601.0352
    868.3906	  50259.4297
    868.4149	  36432.9961
    868.4392	  19923.0137
    868.4634	   5110.8833
    868.4877	    378.8185
    868.5067	      0.0000
    868.5309	      0.0000
    868.5552	      0.0000
    868.5795	      0.0000
    868.6038	      0.0000
    868.6281	      0.0000
    868.6523	      0.0000
    868.6766	      0.0000
    868.7009	    175.7658
    868.7252	   1716.0979
    868.7495	   1465.5754
    868.7790	   1691.9053
    868.8033	   3979.9375
    868.8276	  12436.4668
    868.8519	  25215.5488
    868.8762	  38629.9805
    868.9005	  38427.9492
    868.9248	  24462.9609
    868.9491	  11262.6914
    868.9734	   2167.4597
    868.9977	      0.0000
    869.0266	      0.0000
    869.0509	      0.0000
    869.0752	      0.0000
    869.0995	      0.0000
    869.1724	      0.0000
    869.1967	      0.0000
    869.2210	      0.0000
    869.2453	      0.0000
    869.2696	    524.5388
    869.2939	   1351.8250
    869.3182	   3960.9080
    869.3425	  10841.2324
    869.3669	  18481.9043
    869.3912	  24418.5625
    869.4155	  19630.6270
    869.4398	  11397.0986
    869.4641	   3484.8191
    869.4884	      0.0000
    869.5029	      0.0000
    869.5272	      0.0000
    869.5516	      0.0000
    869.5759	      0.0000
    869.6975	      0.0000
    869.7218	      0.0000
    869.7462	      0.0000
    869.7705	      0.0000
    869.7948	    677.2060
    869.8192	   2607.7366
    869.8435	   5572.0820
    869.8678	   8710.4746
    869.8922	   9313.8691
    869.9165	   6182.1963
    869.9408	   2991.0903
    869.9652	    362.4687
    869.9895	      0.0000
    870.0139	      0.0000
    870.0382	      0.0000
    870.0626	      0.0000
    883.2588	      0.0000
    883.2837	      0.0000
    883.3086	      0.0000
    883.3335	      0.0000
    883.3584	   1250.1138
    883.3833	   1992.9845
    883.4082	   2221.6880
    883.4331	   1767.7373
    883.4580	    953.9437
    883.4829	      0.0000
    883.5078	      0.0000
    883.5327	      0.0000
    883.5577	      0.0000
    883.7321	      0.0000
    883.7570	      0.0000
    883.7819	      0.0000
    883.8068	      0.0000
    883.8318	   1130.4802
    883.8567	   1725.8179
    883.8816	   1890.1390
    883.9065	   1486.5040
    883.9315	    787.6996
    883.9564	      0.0000
    883.9813	      0.0000
    884.0062	      0.0000
    884.0312	      0.0000
    888.2347	      0.0000
    888.2598	      0.0000
    888.2849	      0.0000
    888.3100	      0.0000
    888.3351	   1150.4148
    888.3602	   1899.2303
    888.3853	   2050.9431
    888.4105	   1465.6967
    888.4356	    598.3461
    888.4680	      0.0000
    888.4932	      0.0000
    888.5183	      0.0000
    888.5434	      0.0000
    896.6121	      0.0000
    896.6375	      0.0000
    896.6630	      0.0000
    896.6885	      0.0000
    896.7140	    935.5558
    896.7394	   1336.6833
    896.7649	   1761.7156
    896.7904	   2364.6091
    896.8158	   5744.5537
    896.8413	  17407.7422
    896.8668	  32214.5879
    896.8923	  45719.8633
    896.9177	  39590.0234
    896.9432	  23755.1660
    896.9687	   8796.9688
    896.9942	   1482.7037
    897.0197	    459.3990
    897.0378	      0.0000
    897.0633	      0.0000
    897.0888	      0.0000
    897.1143	      0.0000
    897.1398	      0.0000
    897.1653	      0.0000
    897.1907	      0.0000
    897.2162	    845.7130
    897.2417	   1955.5856
    897.2672	   1554.7579
    897.2968	   2374.0754
    897.3223	   6311.8008
    897.3478	  16726.2480
    897.3733	  28053.6875
    897.3988	  34612.1875
    897.4243	  25552.5078
    897.4498	  14186.0156
    897.4753	   3792.1101
    897.5008	    369.5459
    897.5274	      0.0000
    897.5529	      0.0000
    897.5784	      0.0000
    897.6039	      0.0000
    897.6804	      0.0000
    897.7059	      0.0000
    897.7314	      0.0000
    897.7569	      0.0000
    897.7825	    564.5706
    897.8080	   1678.1841
    897.8335	   5808.2236
    897.8590	  12208.3145
    897.8845	  19078.5820
    897.9101	  19264.9180
    897.9356	  12271.9521
    897.9611	   5671.2554
    897.9866	   1067.5608
    898.0070	      0.0000
    898.0325	      0.0000
    898.0581	      0.0000
    898.0836	      0.0000
    898.2112	      0.0000
    898.2368	      0.0000
    898.2623	      0.0000
    898.2878	      0.0000
    898.3134	   1219.8029
    898.3389	   3776.6355
    898.3645	   6754.4688
    898.3900	   9247.1289
    898.4155	   7757.4819
    898.4411	   4531.0088
    898.4666	   1512.2097
    898.4922	      0.0000
    898.5177	      0.0000
    898.5433	      0.0000
    898.5688	      0.0000
    898.5944	      0.0000
    902.2593	      0.0000
    902.2850	      0.0000
    902.3107	      0.0000
    902.3364	      0.0000
    902.3621	    826.5303
    902.3878	   1468.1176
    902.4135	   1717.1974
    902.4392	   1364.4969
    902.4650	    654.2686
    902.4908	      0.0000
    902.5165	      0.0000
    902.5422	      0.0000
    902.5679	      0.0000
    969.5863	      0.0000
    969.6150	      0.0000
    969.6436	      0.0000
    969.6722	      0.0000
    969.7009	    319.3536
    969.7295	   1574.7860
    969.7582	   1437.1855
    969.7955	   1976.2001
    969.8241	   3911.0474
    969.8528	  10932.3760
    969.8814	  23161.6113
    969.9101	  36313.8711
    969.9387	  38438.4609
    969.9674	  25376.7168
    969.9960	  12376.1348
    970.0247	   2430.5254
    970.0533	      0.0000
    970.0838	      0.0000
    970.1125	      0.0000
    970.1411	      0.0000
    970.1698	      0.0000
    970.1985	      0.0000
    970.2271	      0.0000
    970.2558	      0.0000
    970.2845	    811.3171
    970.3131	   2226.5339
    970.3418	   5707.5703
    970.3705	  14536.9111
    970.3991	  24362.2266
    970.4278	  31742.1328
    970.4565	  24867.9531
    970.4852	  14374.8662
    970.5138	   4148.2915
    970.5425	    259.4252
    970.5725	      0.0000
    970.6012	      0.0000
    970.6299	      0.0000
    970.6585	      0.0000
    970.6872	      0.0000
    970.7159	      0.0000
    970.7446	      0.0000
    970.7733	      0.0000
    970.8020	    771.9568
    970.8307	   2499.0769
    970.8594	   7232.4893
    970.8881	  13723.3174
    970.9168	  20458.5469
    970.9454	  19727.6602
    970.9741	  12306.7266
    971.0028	   5347.3140
    971.0315	    565.8027
    971.0514	      0.0000
    971.0801	      0.0000
    971.1088	      0.0000
    971.1375	      0.0000
    971.1949	      0.0000
    971.2236	      0.0000
    971.2524	      0.0000
    971.2811	      0.0000
    971.3098	    808.0533
    971.3385	   2527.7703
    971.3672	   6789.2368
    971.3959	  11284.1104
    971.4246	  14329.3984
    971.4534	  11028.2559
    971.4821	   6285.5400
    971.5108	   1828.0237
    971.5395	      0.0000
    971.5653	      0.0000
    971.5940	      0.0000
    971.6228	      0.0000
    971.6515	      0.0000
    971.7377	      0.0000
    971.7664	      0.0000
    971.7952	      0.0000
    971.8239	      0.0000
    971.8526	    880.5643
    971.8814	   1704.5836
    971.9101	   2299.2068
    971.9389	   2237.5132
    971.9676	   1529.7271
    971.9963	    634.0411
    972.0330	      0.0000
    972.0618	      0.0000
    972.0905	      0.0000
    972.1193	      0.0000
    977.6627	      0.0000
    977.6917	      0.0000
    977.7207	      0.0000
    977.7497	      0.0000
    977.7787	   1070.9883
    977.8077	   2582.6941
    977.8367	   7300.1763
    977.8657	  20537.6328
    977.8947	  35001.6641
    977.9237	  45278.3867
    977.9527	  34916.7813
    977.9818	  20212.1582
    978.0108	   5829.7979
    978.0398	    468.6213
    978.0609	      0.0000
    978.0899	      0.0000
    978.1189	      0.0000
    978.1479	      0.0000
    978.1769	      0.0000
    978.2059	    268.8612
    978.2350	   2239.5635
    978.2640	   1452.5160
    978.3029	   2560.5249
    978.3319	   6779.7959
    978.3610	  19255.1777
    978.3900	  34928.7969
    978.4190	  49871.1680
    978.4480	  44498.9648
    978.4771	  26968.7109
    978.5061	  10545.0352
    978.5351	   1343.2061
    978.5644	      0.0000
    978.5934	      0.0000
    978.6225	      0.0000
    978.6515	      0.0000
    978.6805	      0.0000
    978.7096	      0.0000
    978.7386	      0.0000
    978.7677	      0.0000
    978.7967	   1250.8560
    978.8258	   2606.2439
    978.8548	   6914.3081
    978.8839	  12974.7344
    978.9129	  19338.5762
    978.9420	  18948.2773
    978.9710	  11856.6602
    979.0001	   5149.0298
    979.0291	    529.8337
    979.0481	      0.0000
    979.0771	      0.0000
    979.1062	      0.0000
    979.1353	      0.0000
    979.2224	      0.0000
    979.2515	      0.0000
    979.2806	      0.0000
    979.3096	      0.0000
    979.3387	   1134.7394
    979.3678	   4018.3848
    979.3969	   6311.2842
    979.4259	   7252.1323
    979.4550	   5011.6499
    979.4841	   2431.3745
    979.5132	     66.5251
    979.5422	      0.0000
    979.5713	      0.0000
    979.6004	      0.0000
    979.6295	      0.0000
    985.2375	      0.0000
    985.2668	      0.0000
    985.2962	      0.0000
    985.3255	      0.0000
    985.3548	   1361.7727
    985.3842	   2737.4441
    985.4135	   5465.4824
    985.4428	   4718.5200
    985.4722	   2293.3318
    985.5015	   1008.5110
    985.5309	      0.0000
    985.5603	      0.0000
    985.5896	      0.0000
    985.6190	      0.0000
   1013.7375	      0.0000
   1013.7681	      0.0000
   1013.7987	      0.0000
   1013.8294	      0.0000
   1013.8600	    999.2615
   1013.8906	   2278.0825
   1013.9212	   4909.1440
   1013.9519	   5317.0479
   1013.9825	   3371.6470
   1014.0131	   1602.2264
   1014.0437	    604.6823
   1014.0744	      0.0000
   1014.1050	      0.0000
   1014.1356	      0.0000
   1014.1663	      0.0000
   1014.2582	      0.0000
   1014.2888	      0.0000
   1014.3195	      0.0000
   1014.3501	      0.0000
   1014.3807	    862.0586
   1014.4114	   1590.4358
   1014.4420	   1899.4875
   1014.4727	   1551.4504
   1014.5033	    798.5321
   1014.5340	      0.0000
   1014.5646	      0.0000
   1014.5953	      0.0000
   1014.6260	      0.0000
   1022.2405	      0.0000
   1022.2715	      0.0000
   1022.3025	      0.0000
   1022.3335	      0.0000
   1022.3645	   1146.3540
   1022.3956	   3489.9141
   1022.4266	   5972.0234
   1022.4576	   7443.9141
   1022.4886	   5820.1060
   1022.5196	   3421.1233
   1022.5506	   1124.3185
   1022.5816	      0.0000
   1022.6127	      0.0000
   1022.6437	      0.0000
   1022.6747	      0.0000
   1022.7367	      0.0000
   1022.7678	      0.0000
   1022.7988	      0.0000
   1022.8298	      0.0000
   1022.8608	    492.0614
   1022.8919	   1619.3196
   1022.9229	   4070.4277
   1022.9539	   5483.8252
   1022.9850	   4238.4868
   1023.0160	   1933.8212
   1023.0470	    727.4003
   1023.0781	      0.0000
   1023.1091	      0.0000
   1023.1402	      0.0000
   1023.1712	      0.0000
   1023.2333	      0.0000
   1023.2644	      0.0000
   1023.2954	      0.0000
   1023.3265	      0.0000
   1023.3575	    517.2240
   1023.3886	   1501.0488
   1023.4196	   2553.3491
   1023.4507	   2898.6821
   1023.4817	   2276.4846
   1023.5128	   1173.9396
   1023.5439	      0.0000
   1023.5749	      0.0000
   1023.6060	      0.0000
   1023.6371	      0.0000
   1049.7229	      0.0000
   1049.7552	      0.0000
   1049.7874	      0.0000
   1049.8197	      0.0000
   1049.8520	    742.2990
   1049.8842	   1935.5880
   1049.9165	   2929.7598
   1049.9488	   2902.6812
   1049.9810	   1862.6886
   1050.0133	    638.5702
   1050.0456	      0.0000
   1050.0779	      0.0000
   1050.1101	      0.0000
   1050.1424	      0.0000
   1050.2393	      0.0000
   1050.2715	      0.0000
   1050.3038	      0.0000
   1050.3361	      0.0000
   1050.3684	   1001.0371
   1050.4007	   2013.3925
   1050.4330	   2669.8259
   1050.4653	   2452.0808
   1050.4976	   1502.2836
   1050.5299	    536.5710
   1050.5708	      0.0000
   1050.6031	      0.0000
   1050.6354	      0.0000
   1050.6677	      0.0000
   1050.7000	      0.0000
   1050.7323	      0.0000
   1050.7646	      0.0000
   1050.7970	    675.8951
   1050.8293	   2471.6919
   1050.8616	   8131.1118
   1050.8939	  18936.0645
   1050.9262	  30856.6504
   1050.9585	  35250.8281
   1050.9908	  24459.8594
   1051.0232	  12693.5781
   1051.0555	   2752.9995
   1051.0878	      0.0000
   1051.1259	      0.0000
   1051.1582	      0.0000
   1051.1905	      0.0000
   1051.2229	      0.0000
   1051.2552	      0.0000
   1051.2875	    436.7429
   1051.3198	   2002.7235
   1051.3522	   4824.5591
   1051.3845	  13133.4482
   1051.4169	  23984.4219
   1051.4492	  34238.0781
   1051.4815	  30202.1113
   1051.5139	  18000.7383
   1051.5462	   6641.4614
   1051.5786	    318.3994
   1051.6056	      0.0000
   1051.6380	      0.0000
   1051.6703	      0.0000
   1051.7027	      0.0000
   1051.7350	      0.0000
   1051.7674	      0.0000
   1051.7998	    516.8624
   1051.8321	   1760.9895
   1051.8645	   4076.7883
   1051.8968	   8704.7666
   1051.9292	  13991.5820
   1051.9615	  15726.5283
   1051.9939	  10760.8926
   1052.0263	   5472.3550
   1052.0586	   1069.6758
   1052.0819	      0.0000
   1052.1142	      0.0000
   1052.1466	      0.0000
   1052.1790	      0.0000
   1052.2113	      0.0000
   1052.2437	      0.0000
   1052.2761	      0.0000
   1052.3085	      0.0000
   1052.3409	    675.5594
   1052.3732	   2508.0925
   1052.4056	   5062.1602
   1052.4380	   7499.3457
   1052.4704	   6598.3730
   1052.5028	   3804.1587
   1052.5352	   1225.1741
   1052.5676	      0.0000
   1052.6000	      0.0000
   1052.6323	      0.0000
   1052.6647	      0.0000
   1052.7619	      0.0000
   1052.7943	      0.0000
   1052.8267	      0.0000
   1052.8591	      0.0000
   1052.8915	   1170.8447
   1052.9240	   1880.6465
   1052.9564	   2000.4274
   1052.9888	   1424.8759
   1053.0212	    622.8782
   1053.0669	      0.0000
   1053.0993	      0.0000
   1053.1317	      0.0000
   1053.1641	      0.0000
   1058.6316	      0.0000
   1058.6643	      0.0000
   1058.6970	      0.0000
   1058.7296	      0.0000
   1058.7623	    856.3084
   1058.7950	   1808.5052
   1058.8277	   3988.7058
   1058.8603	  10836.2871
   1058.8930	  26162.5898
   1058.9257	  43289.5469
   1058.9584	  52299.3789
   1058.9911	  37679.7578
   1059.0238	  20173.2129
   1059.0565	   4387.2236
   1059.0892	      0.0000
   1059.1086	      0.0000
   1059.1412	      0.0000
   1059.1739	   2574.1663
   1059.2066	   1630.9656
   1059.2393	   2437.4653
   1059.2720	   1859.9050
   1059.3153	   3676.0491
   1059.3480	   7903.3550
   1059.3807	  21214.7637
   1059.4134	  38156.3711
   1059.4461	  53805.6836
   1059.4788	  46310.8203
   1059.5116	  27378.8789
   1059.5443	   9916.7998
   1059.5770	    895.7827
   1059.6100	      0.0000
   1059.6427	      0.0000
   1059.6754	      0.0000
   1059.7082	      0.0000
   1059.7409	      0.0000
   1059.7736	      0.0000
   1059.8063	   1779.9189
   1059.8390	   4734.5679
   1059.8718	  12884.1680
   1059.9045	  25232.0898
   1059.9372	  38514.1641
   1059.9700	  38135.5391
   1060.0027	  24033.1426
   1060.0354	  10995.4248
   1060.0682	   1839.9021
   1060.1009	      0.0000
   1060.1212	      0.0000
   1060.1539	      0.0000
   1060.1867	      0.0000
   1060.2194	      0.0000
   1060.2522	      0.0000
   1060.2849	      0.0000
   1060.3177	   1201.1061
   1060.3504	   3325.8350
   1060.3832	   7345.0151
   1060.4159	  11942.3076
   1060.4487	  13620.7881
   1060.4814	   9439.4141
   1060.5142	   4927.8516
   1060.5469	   1208.9702
   1060.5813	      0.0000
   1060.6141	      0.0000
   1060.6468	      0.0000
   1060.6796	      0.0000
   1060.7124	      0.0000
   1060.7451	      0.0000
   1060.7779	      0.0000
   1060.8107	      0.0000
   1060.8434	   1116.9363
   1060.8762	   4007.5049
   1060.9090	   6927.4629
   1060.9418	   9231.1484
   1060.9746	   7627.8423
   1061.0073	   4426.8413
   1061.0401	   1453.4043
   1061.0729	    734.1473
   1061.1057	      0.0000
   1061.1385	      0.0000
   1061.1713	      0.0000
   1061.2041	      0.0000
   1065.7437	      0.0000
   1065.7767	      0.0000
   1065.8097	      0.0000
   1065.8428	      0.0000
   1065.8758	    873.9706
   1065.9088	   1581.4808
   1065.9418	   1849.0547
   1065.9748	   1439.1929
   1066.0078	    674.8766
   1066.0408	      0.0000
   1066.0738	      0.0000
   1066.1069	      0.0000
   1066.1399	      0.0000
   1066.2720	      0.0000
   1066.3050	      0.0000
   1066.3380	      0.0000
   1066.3710	      0.0000
   1066.4041	   1322.7826
   1066.4371	   2022.6241
   1066.4701	   2099.7310
   1066.5032	   1520.4166
   1066.5362	    723.8569
   1066.5693	      0.0000
   1066.6023	      0.0000
   1066.6354	      0.0000
   1066.6684	      0.0000
   1086.7749	      0.0000
   1086.8089	      0.0000
   1086.8429	      0.0000
   1086.8769	      0.0000
   1086.9108	    895.7910
   1086.9448	   1847.6877
   1086.9788	   2438.7139
   1087.0128	   2188.2869
   1087.0468	   1286.9156
   1087.0808	      0.0000
   1087.1148	      0.0000
   1087.1488	      0.0000
   1087.1828	      0.0000
   1087.2508	      0.0000
   1087.2848	      0.0000
   1087.3188	      0.0000
   1087.3528	      0.0000
   1087.3869	    723.7352
   1087.4209	   1537.4353
   1087.4549	   2297.8635
   1087.4889	   2572.3564
   1087.5229	   2193.9910
   1087.5569	   1405.1664
   1087.5910	      0.0000
   1087.6250	      0.0000
   1087.6590	      0.0000
   1087.6930	      0.0000
   1094.7708	      0.0000
   1094.8052	      0.0000
   1094.8395	      0.0000
   1094.8739	      0.0000
   1094.9083	   1283.2126
   1094.9426	   2151.2483
   1094.9770	   2317.3992
   1095.0114	   1634.2203
   1095.0457	    664.3029
   1095.0801	      0.0000
   1095.1145	      0.0000
   1095.1489	      0.0000
   1095.1832	      0.0000
   1098.8019	      0.0000
   1098.8364	      0.0000
   1098.8710	      0.0000
   1098.9055	      0.0000
   1098.9401	    986.1559
   1098.9747	   1853.5247
   1099.0092	   2271.8240
   1099.0438	   1943.5110
   1099.0783	   1130.9412
   1099.1129	      0.0000
   1099.1475	      0.0000
   1099.1821	      0.0000
   1099.2166	      0.0000
   1123.2841	      0.0000
   1123.3198	      0.0000
   1123.3555	      0.0000
   1123.3912	      0.0000
   1123.4269	   1143.3662
   1123.4626	   1779.3762
   1123.4984	   1981.2988
   1123.5341	   1613.5304
   1123.5698	    909.0809
   1123.6181	      0.0000
   1123.6538	      0.0000
   1123.6895	      0.0000
   1123.7253	      0.0000
   1131.6635	      0.0000
   1131.6996	      0.0000
   1131.7357	      0.0000
   1131.7718	      0.0000
   1131.8079	   1350.9160
   1131.8440	   3574.6963
   1131.8801	  10195.9385
   1131.9163	  23600.3477
   1131.9524	  38576.0000
   1131.9885	  44574.9063
   1132.0246	  31334.3008
   1132.0608	  16729.8047
   1132.0969	   3440.8831
   1132.1330	      0.0000
   1132.1672	      0.0000
   1132.2033	      0.0000
   1132.2394	      0.0000
   1132.2756	   1388.7114
   1132.3117	   2172.8164
   1132.3479	   5081.4502
   1132.3840	  15126.5029
   1132.4201	  32844.5664
   1132.4563	  52050.1563
   1132.4924	  57420.8750
   1132.5286	  38837.3398
   1132.5647	  19388.3516
   1132.6009	   3646.0999
   1132.6370	      0.0000
   1132.6770	      0.0000
   1132.7131	      0.0000
   1132.7493	      0.0000
   1132.7855	      0.0000
   1132.8216	   1306.3221
   1132.8578	   3708.5168
   1132.8940	  10727.8408
   1132.9301	  21349.3965
   1132.9663	  32783.2617
   1133.0025	  34623.2266
   1133.0386	  22798.6641
   1133.0748	  10943.5957
   1133.1110	   1777.3682
   1133.1472	      0.0000
   1133.1712	      0.0000
   1133.2074	      0.0000
   1133.2436	      0.0000
   1133.2798	      0.0000
   1133.3160	    618.7881
   1133.3522	   1807.7242
   1133.3884	   6276.1138
   1133.4245	  13444.0654
   1133.4607	  21125.3457
   1133.4969	  23266.4980
   1133.5331	  15742.3789
   1133.5693	   7908.0449
   1133.6055	   1687.3502
   1133.6417	      0.0000
   1133.6758	      0.0000
   1133.7120	      0.0000
   1133.7482	      0.0000
   1133.7844	      0.0000
   1133.8206	      0.0000
   1133.8568	    464.4550
   1133.8931	   1447.8990
   1133.9293	   2796.5964
   1133.9655	   5613.9580
   1134.0017	   4955.3438
   1134.0379	   2368.9263
   1134.0742	   1039.9916
   1134.1215	      0.0000
   1134.1578	      0.0000
   1134.1940	      0.0000
   1134.2302	      0.0000
   1139.6117	      0.0000
   1139.6482	      0.0000
   1139.6847	      0.0000
   1139.7212	      0.0000
   1139.7577	   1055.2034
   1139.7942	   1641.3691
   1139.8307	   2905.4678
   1139.8672	   7367.0732
   1139.9037	  19986.0645
   1139.9402	  33916.8203
   1139.9767	  42992.5273
   1140.0132	  32440.0664
   1140.0497	  18341.3203
   1140.0862	   4588.8555
   1140.1228	      0.0000
   1140.1571	      0.0000
   1140.1937	      0.0000
   1140.2302	      0.0000
   1140.2667	      0.0000
   1140.3032	   1161.7833
   1140.3397	   3167.0417
   1140.3763	  10885.2852
   1140.4128	  24526.0703
   1140.4493	  39212.3906
   1140.4859	  43987.5156
   1140.5224	  30209.4121
   1140.5589	  15262.3213
   1140.5955	   3162.0217
   1140.6320	      0.0000
   1140.6690	      0.0000
   1140.7055	      0.0000
   1140.7421	      0.0000
   1140.7786	      0.0000
   1140.8152	    624.8617
   1140.8517	   2844.7813
   1140.8883	   9804.3389
   1140.9248	  18493.3105
   1140.9614	  27338.0605
   1140.9980	  26090.6582
   1141.0345	  16235.4170
   1141.0711	   6769.9121
   1141.1076	    991.8715
   1141.1472	      0.0000
   1141.1837	      0.0000
   1141.2203	      0.0000
   1141.2569	      0.0000
   1141.2935	      0.0000
   1141.3300	    495.8458
   1141.3666	   2374.7266
   1141.4032	   6443.2710
   1141.4398	  10471.7686
   1141.4763	  13421.1533
   1141.5129	  10585.2148
   1141.5495	   5991.4268
   1141.5861	   1636.4930
   1141.6227	      0.0000
   1141.6468	      0.0000
   1141.6834	      0.0000
   1141.7200	      0.0000
   1141.7566	      0.0000
   1141.7932	      0.0000
   1141.8298	      0.0000
   1141.8664	      0.0000
   1141.9030	   1217.7919
   1141.9396	   2416.5637
   1141.9762	   3207.4177
   1142.0128	   3012.9099
   1142.0494	   1990.4646
   1142.0860	    899.2156
   1142.1217	      0.0000
   1142.1583	      0.0000
   1142.1950	      0.0000
   1142.2316	      0.0000
   1572.3245	      0.0000
   1572.3837	      0.0000
   1572.4428	      0.0000
   1572.5020	      0.0000
   1572.5611	   1165.0918
   1572.6203	   1974.6720
   1572.6794	   2450.0049
   1572.7386	   2253.2039
   1572.7977	   1495.4301
   1572.8569	    673.0784
   1572.9161	      0.0000
   1572.9752	      0.0000
   1573.0344	      0.0000
   1573.0936	      0.0000
   1738.6940	      0.0000
   1738.7628	      0.0000
   1738.8316	      0.0000
   1738.9003	      0.0000
   1738.9691	    917.6284
   1739.0379	   1517.3439
   1739.1067	   1796.4742
   1739.1755	   1572.2660
   1739.2443	    991.1653
   1739.3131	      0.0000
   1739.3819	      0.0000
   1739.4507	      0.0000
   1739.5195	      0.0000
   2525.2766	      0.0000
   2525.3969	      0.0000
   2525.5173	      0.0000
   2525.6377	      0.0000
