# ljz_20131022_MR_Chym1_ELUTE.mzML
#
# index: 6862
# id: controllerType=0 controllerNumber=1 scan=14533
# scanNumber: 14533
# massAnalyzerType: quadrupole
# scanEvent: 2
# msLevel: 2
# retentionTime: 3472
# filterString: FTMS + p NSI d Full ms2 956.12@hcd28.00 [100.00-2945.00]
# mzLow: 99.0035
# mzHigh: 2975.27
# basePeakMZ: 138.055
# basePeakIntensity: 25044.9
# totalIonCurrent: 157244
# precursorCount: 1
# precursor 0: 955.452 292964
# binary (449): 
     99.0035	      0.0000
     99.0045	      0.0000
     99.0054	      0.0000
     99.0063	      0.0000
    110.7106	      0.0000
    110.7117	      0.0000
    110.7128	      0.0000
    110.7139	      0.0000
    110.7150	    495.5443
    110.7161	    951.6530
    110.7172	   1160.1438
    110.7183	    961.9335
    110.7194	    508.3364
    110.7205	      0.0000
    110.7216	      0.0000
    110.7227	      0.0000
    110.7238	      0.0000
    115.0284	      0.0000
    115.0295	      0.0000
    115.0307	      0.0000
    115.0319	      0.0000
    115.0331	    678.0975
    115.0342	   2942.3865
    115.0354	   5869.7817
    115.0366	   8858.2354
    115.0377	   8552.8379
    115.0389	   5466.0894
    115.0401	   2557.3220
    115.0412	    559.0112
    115.0423	      0.0000
    115.0435	      0.0000
    115.0447	      0.0000
    115.0458	      0.0000
    125.0618	      0.0000
    125.0631	      0.0000
    125.0644	      0.0000
    125.0657	      0.0000
    125.0671	    704.8170
    125.0684	   1114.6085
    125.0697	   1250.6853
    125.0710	   1013.8760
    125.0724	    554.0974
    125.0736	      0.0000
    125.0750	      0.0000
    125.0763	      0.0000
    125.0776	      0.0000
    126.0452	      0.0000
    126.0465	      0.0000
    126.0479	      0.0000
    126.0492	      0.0000
    126.0505	    668.1375
    126.0519	   2499.0022
    126.0532	   5845.9619
    126.0546	   9424.9961
    126.0559	  10250.9756
    126.0573	   6793.8525
    126.0586	   3309.7295
    126.0599	    670.5984
    126.0613	      0.0000
    126.0627	      0.0000
    126.0640	      0.0000
    126.0654	      0.0000
    127.0308	      0.0000
    127.0322	      0.0000
    127.0336	      0.0000
    127.0349	      0.0000
    127.0363	    616.4885
    127.0376	   1425.7565
    127.0390	   2068.0718
    127.0404	   2073.2866
    127.0417	   1447.1624
    127.0431	    651.0565
    127.0444	      0.0000
    127.0458	      0.0000
    127.0471	      0.0000
    127.0485	      0.0000
    129.5474	      0.0000
    129.5488	      0.0000
    129.5502	      0.0000
    129.5516	      0.0000
    129.5530	    449.6708
    129.5544	   1054.0618
    129.5558	   1375.2439
    129.5572	   1134.3922
    129.5586	    559.8974
    129.5600	      0.0000
    129.5614	      0.0000
    129.5628	      0.0000
    129.5642	      0.0000
    136.6916	      0.0000
    136.6931	      0.0000
    136.6946	      0.0000
    136.6961	      0.0000
    136.6977	    532.9783
    136.6992	   1013.1647
    136.7007	   1375.9847
    136.7022	   1384.6725
    136.7037	   1012.8660
    136.7052	    481.3877
    136.7066	      0.0000
    136.7082	      0.0000
    136.7097	      0.0000
    136.7112	      0.0000
    138.0430	      0.0000
    138.0445	      0.0000
    138.0461	      0.0000
    138.0476	      0.0000
    138.0491	    678.4272
    138.0507	   3712.5544
    138.0522	  11496.9160
    138.0538	  19682.3691
    138.0553	  25039.9160
    138.0568	  19007.2676
    138.0584	  10892.2285
    138.0599	   3420.7383
    138.0615	    744.4991
    138.0631	      0.0000
    138.0646	      0.0000
    138.0662	      0.0000
    138.0677	      0.0000
    163.0457	      0.0000
    163.0476	      0.0000
    163.0496	      0.0000
    163.0516	      0.0000
    163.0536	    425.3242
    163.0555	   1057.0313
    163.0575	   1748.9799
    163.0595	   2065.9490
    163.0615	   1779.1458
    163.0634	   1077.7047
    163.0654	    400.6435
    163.0671	      0.0000
    163.0691	      0.0000
    163.0711	      0.0000
    163.0731	      0.0000
    168.0493	      0.0000
    168.0514	      0.0000
    168.0534	      0.0000
    168.0555	      0.0000
    168.0576	     80.3564
    168.0596	   1889.4171
    168.0617	   5514.0352
    168.0638	   9428.3281
    168.0658	  11322.6367
    168.0679	   8243.5449
    168.0700	   4527.9014
    168.0720	   1429.8994
    168.0741	    644.7208
    168.0765	      0.0000
    168.0786	      0.0000
    168.0807	      0.0000
    168.0827	      0.0000
    183.0976	      0.0000
    183.1000	      0.0000
    183.1023	      0.0000
    183.1047	      0.0000
    183.1070	    643.2750
    183.1094	   1087.1324
    183.1117	   1331.3191
    183.1141	   1250.4238
    183.1164	    896.9694
    183.1187	      0.0000
    183.1211	      0.0000
    183.1234	      0.0000
    183.1258	      0.0000
    186.0589	      0.0000
    186.0613	      0.0000
    186.0637	      0.0000
    186.0661	      0.0000
    186.0685	    561.4487
    186.0709	   1455.5327
    186.0733	   3365.3381
    186.0757	   5411.5332
    186.0781	   5757.4277
    186.0805	   3776.8281
    186.0830	   1826.3511
    186.0854	    737.5423
    186.0882	      0.0000
    186.0906	      0.0000
    186.0930	      0.0000
    186.0954	      0.0000
    204.0648	      0.0000
    204.0676	      0.0000
    204.0703	      0.0000
    204.0731	      0.0000
    204.0759	    817.5262
    204.0786	   2855.6643
    204.0814	   9378.3633
    204.0842	  17384.9336
    204.0869	  24630.9746
    204.0897	  21234.6523
    204.0925	  12690.6006
    204.0952	   4794.6885
    204.0980	    950.6266
    204.1005	      0.0000
    204.1032	      0.0000
    204.1060	      0.0000
    204.1088	      0.0000
    235.5072	      0.0000
    235.5106	      0.0000
    235.5140	      0.0000
    235.5175	      0.0000
    235.5209	    976.5335
    235.5243	   1448.5737
    235.5278	   1537.4276
    235.5312	   1208.0446
    235.5346	    675.8065
    235.5384	      0.0000
    235.5418	      0.0000
    235.5452	      0.0000
    235.5487	      0.0000
    337.8358	      0.0000
    337.8416	      0.0000
    337.8475	      0.0000
    337.8534	      0.0000
    337.8593	    603.1755
    337.8652	   1091.0929
    337.8711	   1320.8274
    337.8770	   1156.9011
    337.8829	    715.4287
    337.8891	      0.0000
    337.8950	      0.0000
    337.9008	      0.0000
    337.9067	      0.0000
    366.0992	      0.0000
    366.1058	      0.0000
    366.1125	      0.0000
    366.1191	      0.0000
    366.1258	    671.7076
    366.1324	   1385.8967
    366.1391	   1745.1412
    366.1457	   1497.0856
    366.1524	    862.9344
    366.1591	      0.0000
    366.1658	      0.0000
    366.1724	      0.0000
    366.1791	      0.0000
    425.8833	      0.0000
    425.8917	      0.0000
    425.9000	      0.0000
    425.9083	      0.0000
    425.9167	    625.2388
    425.9250	   1190.6895
    425.9333	   1483.9089
    425.9417	   1330.3066
    425.9500	    860.3920
    425.9588	      0.0000
    425.9671	      0.0000
    425.9755	      0.0000
    425.9838	      0.0000
    491.7865	      0.0000
    491.7969	      0.0000
    491.8072	      0.0000
    491.8176	      0.0000
    491.8279	    662.2069
    491.8383	   1242.6738
    491.8486	   1630.5665
    491.8589	   1584.1353
    491.8693	   1134.7825
    491.8801	      0.0000
    491.8904	      0.0000
    491.9008	      0.0000
    491.9111	      0.0000
    686.0117	      0.0000
    686.0287	      0.0000
    686.0458	      0.0000
    686.0628	      0.0000
    686.0799	    749.2126
    686.0969	   1373.2003
    686.1140	   1602.4274
    686.1310	   1255.4600
    686.1481	    619.3884
    686.1655	      0.0000
    686.1825	      0.0000
    686.1996	      0.0000
    686.2166	      0.0000
   1021.2803	      0.0000
   1021.3113	      0.0000
   1021.3422	      0.0000
   1021.3732	      0.0000
   1021.4042	    700.5269
   1021.4351	   2478.5674
   1021.4661	   4685.9365
   1021.4971	   6580.3794
   1021.5280	   5386.4326
   1021.5590	   3052.5405
   1021.5900	    736.2408
   1021.6209	      0.0000
   1021.6519	      0.0000
   1021.6829	      0.0000
   1021.7139	      0.0000
   1021.8068	      0.0000
   1021.8378	      0.0000
   1021.8688	      0.0000
   1021.8998	      0.0000
   1021.9307	    578.6918
   1021.9617	   1390.7291
   1021.9927	   2111.8174
   1022.0237	   2189.6091
   1022.0547	   1549.4408
   1022.0857	    668.7367
   1022.1366	      0.0000
   1022.1676	      0.0000
   1022.1986	      0.0000
   1022.2296	      0.0000
   1029.8045	      0.0000
   1029.8358	      0.0000
   1029.8671	      0.0000
   1029.8985	      0.0000
   1029.9298	    608.4138
   1029.9612	   3230.6479
   1029.9925	   6257.2627
   1030.0239	   9451.8584
   1030.0553	   9180.0918
   1030.0866	   5535.4834
   1030.1180	   2095.4561
   1030.1493	      0.0000
   1030.1665	      0.0000
   1030.1979	      0.0000
   1030.2292	      0.0000
   1030.2606	      0.0000
   1030.2920	      0.0000
   1030.3233	      0.0000
   1030.3547	      0.0000
   1030.3861	      0.0000
   1030.4174	    631.4695
   1030.4488	   2826.5112
   1030.4802	   6149.3008
   1030.5116	   9647.4805
   1030.5430	   9666.7168
   1030.5743	   6067.1440
   1030.6057	   2663.3467
   1030.6371	    303.6724
   1030.6628	      0.0000
   1030.6942	      0.0000
   1030.7256	      0.0000
   1030.7570	      0.0000
   1030.8197	      0.0000
   1030.8511	      0.0000
   1030.8825	      0.0000
   1030.9139	      0.0000
   1030.9453	    977.5049
   1030.9767	   2041.8392
   1031.0081	   2747.6040
   1031.0395	   2544.7324
   1031.0709	   1583.9651
   1031.1023	    568.4457
   1031.1338	      0.0000
   1031.1653	      0.0000
   1031.1967	      0.0000
   1031.2281	      0.0000
   1102.8207	      0.0000
   1102.8554	      0.0000
   1102.8902	      0.0000
   1102.9249	      0.0000
   1102.9597	    623.6127
   1102.9944	   1211.6023
   1103.0292	   1564.2568
   1103.0639	   1444.5403
   1103.0987	    967.5710
   1103.1334	      0.0000
   1103.1682	      0.0000
   1103.2029	      0.0000
   1103.2377	      0.0000
   1103.3072	      0.0000
   1103.3420	      0.0000
   1103.3767	      0.0000
   1103.4115	      0.0000
   1103.4463	    806.4475
   1103.4810	   1941.5945
   1103.5158	   2911.7524
   1103.5506	   2984.1626
   1103.5854	   2084.3667
   1103.6201	    901.4100
   1103.6549	      0.0000
   1103.6897	      0.0000
   1103.7245	      0.0000
   1103.7593	      0.0000
   1131.2901	      0.0000
   1131.3262	      0.0000
   1131.3623	      0.0000
   1131.3984	      0.0000
   1131.4345	    668.7487
   1131.4706	   1698.6500
   1131.5067	   3767.5269
   1131.5428	   5499.5938
   1131.5789	   4770.6563
   1131.6150	   2807.8318
   1131.6511	    920.9162
   1131.6873	      0.0000
   1131.7234	      0.0000
   1131.7595	      0.0000
   1131.7956	      0.0000
   1205.8500	      0.0000
   1205.8898	      0.0000
   1205.9295	      0.0000
   1205.9692	      0.0000
   1206.0089	    859.6680
   1206.0487	   1346.2063
   1206.0884	   1583.6666
   1206.1281	   1448.5569
   1206.1679	   1012.1223
   1206.2076	      0.0000
   1206.2473	      0.0000
   1206.2871	      0.0000
   1206.3268	      0.0000
   1212.3103	      0.0000
   1212.3503	      0.0000
   1212.3904	      0.0000
   1212.4304	      0.0000
   1212.4705	    719.0182
   1212.5105	   1670.5806
   1212.5506	   2499.6750
   1212.5906	   2701.0667
   1212.6307	   2164.5801
   1212.6707	   1262.0074
   1212.7108	    496.2684
   1212.7508	      0.0000
   1212.7909	      0.0000
   1212.8310	      0.0000
   1212.8710	      0.0000
   1212.9111	      0.0000
   1212.9512	      0.0000
   1212.9912	    827.6315
   1213.0313	   1359.3738
   1213.0714	   1600.0398
   1213.1115	   1394.9614
   1213.1515	    867.3372
   1213.1916	      0.0000
   1213.2317	      0.0000
   1213.2718	      0.0000
   1213.3119	      0.0000
   1213.3520	      0.0000
   1213.3921	      0.0000
   1213.4321	      0.0000
   1213.4722	    439.6250
   1213.5123	   1407.2300
   1213.5524	   2423.0388
   1213.5925	   2779.4443
   1213.6326	   2218.5625
   1213.6727	   1194.1285
   1213.7129	      0.0000
   1213.7530	      0.0000
   1213.7931	      0.0000
   1213.8332	      0.0000
   2974.8093	      0.0000
   2974.9632	      0.0000
   2975.1172	      0.0000
   2975.2711	      0.0000
