# ljz_20131022_MR_Chym1_ELUTE.mzML
#
# index: 1273
# id: controllerType=0 controllerNumber=1 scan=6528
# scanNumber: 6528
# massAnalyzerType: quadrupole
# scanEvent: 2
# msLevel: 2
# retentionTime: 1894.36
# filterString: FTMS + p NSI d Full ms2 698.55@hcd28.00 [100.00-2875.00]
# mzLow: 99.0036
# mzHigh: 2904.52
# basePeakMZ: 138.055
# basePeakIntensity: 127743
# totalIonCurrent: 1.85432e+006
# precursorCount: 1
# precursor 0: 698.04 954468
# binary (2578): 
     99.0036	      0.0000
     99.0045	      0.0000
     99.0055	      0.0000
     99.0064	      0.0000
    101.3177	      0.0000
    101.3187	      0.0000
    101.3197	      0.0000
    101.3206	      0.0000
    101.3216	      0.0000
    101.3226	      0.0000
    101.3235	      0.0000
    101.3245	      0.0000
    101.3255	      0.0000
    101.3264	      0.0000
    101.3274	      0.0000
    101.3284	      0.0000
    101.3293	      0.0000
    101.3303	      0.0000
    101.3313	      0.0000
    101.3690	      0.0000
    101.3700	      0.0000
    101.3710	      0.0000
    101.3719	      0.0000
    101.3729	      0.0000
    101.3739	      0.0000
    101.3748	      0.0000
    101.3758	      0.0000
    101.3768	      0.0000
    101.3777	      0.0000
    101.3787	      0.0000
    101.3797	      0.0000
    101.3806	      0.0000
    101.3816	      0.0000
    101.3826	      0.0000
    101.3835	      0.0000
    101.3845	      0.0000
    101.3855	      0.0000
    101.3864	      0.0000
    101.3874	      0.0000
    101.4300	      0.0000
    101.4310	      0.0000
    101.4320	      0.0000
    101.4329	      0.0000
    101.4339	      0.0000
    101.4349	      0.0000
    101.4359	      0.0000
    101.4368	      0.0000
    101.4378	      0.0000
    101.4388	      0.0000
    101.4398	      0.0000
    101.4407	      0.0000
    101.4417	      0.0000
    109.0210	      0.0000
    109.0220	      0.0000
    109.0231	      0.0000
    109.0242	      0.0000
    109.0253	    723.6349
    109.0264	   2669.1604
    109.0274	   5717.7207
    109.0285	   9061.9570
    109.0296	   9389.6182
    109.0307	   6073.4209
    109.0317	   2894.3083
    109.0328	    621.3240
    109.0338	      0.0000
    109.0348	      0.0000
    109.0359	      0.0000
    109.0370	      0.0000
    111.0373	      0.0000
    111.0384	      0.0000
    111.0395	      0.0000
    111.0406	      0.0000
    111.0417	    424.6714
    111.0428	   1139.9188
    111.0439	   1909.1777
    111.0450	   2190.0747
    111.0461	   1789.7958
    111.0472	   1029.9315
    111.0484	    383.8846
    111.0495	      0.0000
    111.0506	      0.0000
    111.0517	      0.0000
    111.0528	      0.0000
    112.5996	      0.0000
    112.6007	      0.0000
    112.6018	      0.0000
    112.6030	      0.0000
    112.6041	      0.0000
    112.6052	      0.0000
    112.6064	      0.0000
    112.6075	      0.0000
    112.6086	      0.0000
    112.6098	      0.0000
    112.6112	      0.0000
    112.6123	      0.0000
    112.6135	      0.0000
    112.6146	      0.0000
    115.0287	      0.0000
    115.0299	      0.0000
    115.0310	      0.0000
    115.0322	      0.0000
    115.0334	    119.1489
    115.0346	    989.9606
    115.0357	   3202.9988
    115.0369	   9942.7441
    115.0381	  19101.3926
    115.0392	  28314.5918
    115.0404	  26252.2754
    115.0416	  16183.7646
    115.0427	   6832.1997
    115.0439	   1279.0597
    115.0451	     71.3917
    115.0458	      0.0000
    115.0470	      0.0000
    115.0482	      0.0000
    115.0494	      0.0000
    122.7076	      0.0000
    122.7089	      0.0000
    122.7102	      0.0000
    122.7115	      0.0000
    122.7128	    775.5996
    122.7141	   1230.6676
    122.7154	   1352.5825
    122.7166	   1062.7576
    122.7179	    555.7874
    122.7194	      0.0000
    122.7207	      0.0000
    122.7220	      0.0000
    122.7233	      0.0000
    126.0427	      0.0000
    126.0441	      0.0000
    126.0454	      0.0000
    126.0468	      0.0000
    126.0481	    827.0073
    126.0495	   1417.0885
    126.0508	   3930.6692
    126.0521	  12635.9229
    126.0535	  26626.3418
    126.0548	  41661.0703
    126.0562	  43251.1836
    126.0575	  28396.9160
    126.0589	  13921.7715
    126.0602	   3291.3625
    126.0615	    457.1002
    126.0629	      0.0000
    126.0643	      0.0000
    126.0656	      0.0000
    126.0669	      0.0000
    127.0257	      0.0000
    127.0270	      0.0000
    127.0284	      0.0000
    127.0297	      0.0000
    127.0311	    402.4997
    127.0324	   1524.9673
    127.0338	   3056.5078
    127.0352	   8807.4648
    127.0365	  26904.0391
    127.0379	  50775.4492
    127.0392	  74294.9609
    127.0406	  68354.2813
    127.0419	  42392.3633
    127.0433	  18285.6367
    127.0447	   4022.5164
    127.0460	    335.1637
    127.0471	      0.0000
    127.0485	      0.0000
    127.0498	      0.0000
    127.0512	      0.0000
    127.0526	      0.0000
    127.0539	      0.0000
    127.0553	    902.6174
    127.0566	   1310.3655
    127.0580	   1704.9547
    127.0593	   1615.6681
    127.0607	    997.7081
    127.0621	    324.7399
    127.0634	      0.0000
    127.0648	      0.0000
    127.0661	      0.0000
    127.0675	      0.0000
    128.0335	      0.0000
    128.0349	      0.0000
    128.0363	      0.0000
    128.0377	      0.0000
    128.0390	    667.1082
    128.0404	   1674.8085
    128.0418	   2781.9460
    128.0432	   3299.8525
    128.0445	   2887.0505
    128.0459	   1871.5159
    128.0473	    901.7050
    128.0486	      0.0000
    128.0500	      0.0000
    128.0514	      0.0000
    128.0528	      0.0000
    129.0454	      0.0000
    129.0468	      0.0000
    129.0482	      0.0000
    129.0496	      0.0000
    129.0510	    420.9644
    129.0523	   1207.7671
    129.0537	   2212.1548
    129.0551	   2767.2898
    129.0565	   2462.3486
    129.0579	   1544.9919
    129.0593	    644.4806
    129.0607	      0.0000
    129.0620	      0.0000
    129.0634	      0.0000
    129.0648	      0.0000
    132.1597	      0.0000
    132.1612	      0.0000
    132.1626	      0.0000
    132.1641	      0.0000
    132.1655	    675.9476
    132.1669	   1169.9857
    132.1684	   1475.1047
    132.1698	   1434.4805
    132.1713	   1069.8832
    132.1727	    564.1896
    132.1741	      0.0000
    132.1756	      0.0000
    132.1770	      0.0000
    132.1785	      0.0000
    133.0403	      0.0000
    133.0418	      0.0000
    133.0432	      0.0000
    133.0447	      0.0000
    133.0461	    942.3224
    133.0476	   2004.4073
    133.0491	   2936.7520
    133.0505	   3131.1841
    133.0520	   2459.6106
    133.0534	   1390.2457
    133.0549	    569.1461
    133.0563	      0.0000
    133.0578	    653.9537
    133.0592	   1134.6338
    133.0607	   1395.3970
    133.0622	   1218.9138
    133.0636	    708.2621
    133.0652	      0.0000
    133.0666	      0.0000
    133.0681	      0.0000
    133.0695	      0.0000
    138.0386	      0.0000
    138.0401	      0.0000
    138.0417	      0.0000
    138.0432	      0.0000
    138.0448	      0.0000
    138.0463	   1527.6987
    138.0478	   2618.5171
    138.0494	   6916.3447
    138.0509	  22067.8418
    138.0525	  60322.5547
    138.0540	 101719.6563
    138.0555	 127679.8047
    138.0571	  96356.2422
    138.0586	  55175.5039
    138.0601	  16871.4785
    138.0617	   3324.5342
    138.0632	    311.6662
    138.0646	      0.0000
    138.0661	      0.0000
    138.0677	      0.0000
    138.0692	      0.0000
    139.0470	      0.0000
    139.0485	      0.0000
    139.0501	      0.0000
    139.0516	      0.0000
    139.0532	    698.9533
    139.0547	   1914.2904
    139.0563	   4470.0059
    139.0578	   7271.4272
    139.0594	   7782.5923
    139.0610	   5167.8164
    139.0625	   2545.1750
    139.0641	    893.4257
    139.0656	      0.0000
    139.0672	      0.0000
    139.0688	      0.0000
    139.0703	      0.0000
    144.0540	      0.0000
    144.0556	      0.0000
    144.0573	      0.0000
    144.0589	      0.0000
    144.0606	    688.7753
    144.0622	   3050.2358
    144.0638	   5915.5957
    144.0655	   8309.4268
    144.0671	   6764.0869
    144.0688	   3862.4788
    144.0704	   1165.6383
    144.0720	    628.4114
    144.0740	      0.0000
    144.0756	      0.0000
    144.0773	      0.0000
    144.0789	      0.0000
    145.0351	      0.0000
    145.0367	      0.0000
    145.0384	      0.0000
    145.0401	      0.0000
    145.0417	    543.1213
    145.0434	   2107.2412
    145.0450	   6913.9316
    145.0467	  20357.4551
    145.0483	  35744.6172
    145.0500	  48162.0000
    145.0517	  39208.1953
    145.0533	  23114.3105
    145.0550	   7935.9683
    145.0566	   1324.3257
    145.0583	      0.0000
    145.0596	      0.0000
    145.0613	      0.0000
    145.0629	      0.0000
    145.0646	      0.0000
    146.0423	      0.0000
    146.0440	      0.0000
    146.0457	      0.0000
    146.0474	      0.0000
    146.0490	   1026.1680
    146.0507	   1516.9551
    146.0524	   1758.9401
    146.0541	   1579.8435
    146.0557	   1056.4535
    146.0574	    476.6561
    146.0591	      0.0000
    146.0608	      0.0000
    146.0625	      0.0000
    146.0641	      0.0000
    149.0322	      0.0000
    149.0340	      0.0000
    149.0357	      0.0000
    149.0374	      0.0000
    149.0391	    454.5665
    149.0409	   1272.7910
    149.0426	   3051.3677
    149.0443	   5072.1973
    149.0460	   5385.1362
    149.0478	   3483.3179
    149.0495	   1459.4836
    149.0512	    523.2757
    149.0531	      0.0000
    149.0548	      0.0000
    149.0565	      0.0000
    149.0583	      0.0000
    163.0419	      0.0000
    163.0439	      0.0000
    163.0458	      0.0000
    163.0478	      0.0000
    163.0498	    999.0513
    163.0518	   1599.1929
    163.0537	   4257.0811
    163.0557	  13788.2998
    163.0577	  28171.7695
    163.0597	  43437.3906
    163.0616	  43380.3281
    163.0636	  27892.7578
    163.0656	  13256.7803
    163.0676	   3444.2400
    163.0695	    767.3682
    163.0714	      0.0000
    163.0733	      0.0000
    163.0753	      0.0000
    163.0773	      0.0000
    167.0395	      0.0000
    167.0416	      0.0000
    167.0436	      0.0000
    167.0457	      0.0000
    167.0477	    464.6874
    167.0498	   1203.6603
    167.0518	   3081.9680
    167.0539	   5346.0366
    167.0559	   6365.0610
    167.0580	   4483.0015
    167.0600	   2337.2046
    167.0621	    764.7029
    167.0641	      0.0000
    167.0662	      0.0000
    167.0682	      0.0000
    167.0703	      0.0000
    168.0413	      0.0000
    168.0434	      0.0000
    168.0454	      0.0000
    168.0475	      0.0000
    168.0496	      0.0000
    168.0516	   1823.7571
    168.0537	   1435.6709
    168.0559	   1818.2261
    168.0580	   3673.1396
    168.0601	  11167.6436
    168.0621	  29050.5059
    168.0642	  48504.5000
    168.0663	  59063.9531
    168.0683	  43271.2383
    168.0704	  24116.5859
    168.0725	   7008.6445
    168.0745	   1269.2605
    168.0766	    208.0504
    168.0785	      0.0000
    168.0806	      0.0000
    168.0826	      0.0000
    168.0847	      0.0000
    169.0542	      0.0000
    169.0563	      0.0000
    169.0583	      0.0000
    169.0604	      0.0000
    169.0625	    365.3834
    169.0646	   1129.4877
    169.0667	   2067.1987
    169.0688	   2554.2029
    169.0709	   2197.5918
    169.0729	   1264.3848
    169.0750	    392.5852
    169.0777	      0.0000
    169.0798	      0.0000
    169.0819	      0.0000
    169.0840	      0.0000
    186.0570	      0.0000
    186.0594	      0.0000
    186.0618	      0.0000
    186.0642	      0.0000
    186.0666	    804.8006
    186.0691	   2679.9382
    186.0715	   8733.4395
    186.0739	  16695.0410
    186.0763	  24564.0020
    186.0787	  22537.8770
    186.0811	  13781.2979
    186.0835	   5694.8120
    186.0859	    920.8143
    186.0877	      0.0000
    186.0901	      0.0000
    186.0926	      0.0000
    186.0950	      0.0000
    187.0643	      0.0000
    187.0668	      0.0000
    187.0692	      0.0000
    187.0716	      0.0000
    187.0741	    894.0302
    187.0765	   1722.4080
    187.0789	   2295.5505
    187.0813	   2197.9790
    187.0838	   1484.7817
    187.0862	    655.5192
    187.0886	      0.0000
    187.0911	      0.0000
    187.0935	      0.0000
    187.0959	      0.0000
    201.1078	      0.0000
    201.1105	      0.0000
    201.1132	      0.0000
    201.1159	      0.0000
    201.1186	    734.8960
    201.1213	   1223.2466
    201.1240	   1463.2330
    201.1267	   1271.7133
    201.1295	    763.0354
    201.1322	      0.0000
    201.1349	      0.0000
    201.1377	      0.0000
    201.1404	      0.0000
    204.0534	      0.0000
    204.0561	      0.0000
    204.0589	      0.0000
    204.0617	      0.0000
    204.0644	      0.0000
    204.0672	      0.0000
    204.0700	      0.0000
    204.0731	   2543.8540
    204.0758	   4320.6758
    204.0786	  13118.5234
    204.0814	  41453.7539
    204.0841	  75945.6016
    204.0869	 107041.0234
    204.0897	  92177.4844
    204.0924	  55547.3516
    204.0952	  21645.6328
    204.0980	   4818.7080
    204.1007	    959.9380
    204.1031	   1160.7618
    204.1059	    744.9099
    204.1087	      0.0000
    204.1114	      0.0000
    204.1142	      0.0000
    204.1170	      0.0000
    205.0691	      0.0000
    205.0719	      0.0000
    205.0746	      0.0000
    205.0774	      0.0000
    205.0802	    720.0815
    205.0830	   2117.0928
    205.0858	   4652.0752
    205.0886	   7410.0366
    205.0914	   7819.5972
    205.0941	   5180.2583
    205.0969	   2577.5959
    205.0997	    545.1167
    205.1031	      0.0000
    205.1058	      0.0000
    205.1086	      0.0000
    205.1114	      0.0000
    221.0624	      0.0000
    221.0655	      0.0000
    221.0686	      0.0000
    221.0717	      0.0000
    221.0749	    885.6887
    221.0780	   3034.4255
    221.0811	   6289.2251
    221.0842	   9561.7539
    221.0873	   9046.6084
    221.0905	   5530.3828
    221.0936	   2262.6416
    221.0967	    324.9913
    221.0993	      0.0000
    221.1024	      0.0000
    221.1055	      0.0000
    221.1086	      0.0000
    224.3689	      0.0000
    224.3721	      0.0000
    224.3753	      0.0000
    224.3785	      0.0000
    224.3817	    899.4132
    224.3848	   1280.0564
    224.3880	   1323.8835
    224.3912	   1000.5117
    224.3944	    512.4457
    224.3981	      0.0000
    224.4013	      0.0000
    224.4045	      0.0000
    224.4076	      0.0000
    225.0179	      0.0000
    225.0211	      0.0000
    225.0243	      0.0000
    225.0275	      0.0000
    225.0307	    279.1823
    225.0339	   1661.1584
    225.0371	   5566.6538
    225.0403	  10028.7158
    225.0435	  13670.8223
    225.0467	  11135.3340
    225.0499	   6525.9927
    225.0531	   2165.1685
    225.0563	    323.8737
    225.0591	      0.0000
    225.0623	      0.0000
    225.0655	      0.0000
    225.0687	      0.0000
    227.0027	      0.0000
    227.0060	      0.0000
    227.0092	      0.0000
    227.0125	      0.0000
    227.0157	    917.4169
    227.0189	   1537.4841
    227.0222	   1721.0533
    227.0254	   1387.8058
    227.0287	    821.2776
    227.0320	      0.0000
    227.0353	      0.0000
    227.0385	      0.0000
    227.0418	      0.0000
    230.0933	      0.0000
    230.0966	      0.0000
    230.0999	      0.0000
    230.1032	      0.0000
    230.1065	    775.1649
    230.1098	   1432.4016
    230.1131	   1762.4146
    230.1164	   1488.0427
    230.1198	    801.1052
    230.1236	      0.0000
    230.1269	      0.0000
    230.1302	      0.0000
    230.1335	      0.0000
    239.0648	      0.0000
    239.0683	      0.0000
    239.0718	      0.0000
    239.0753	      0.0000
    239.0788	    603.1506
    239.0823	   1643.9351
    239.0858	   5709.0571
    239.0893	  14669.8457
    239.0929	  24461.5078
    239.0964	  29365.9180
    239.0999	  21185.0645
    239.1034	  11578.5938
    239.1069	   3044.9417
    239.1104	    286.2693
    239.1133	      0.0000
    239.1168	      0.0000
    239.1203	      0.0000
    239.1238	      0.0000
    240.0737	      0.0000
    240.0772	      0.0000
    240.0807	      0.0000
    240.0843	      0.0000
    240.0878	    751.0057
    240.0913	   1245.7052
    240.0948	   1499.1478
    240.0984	   1300.4926
    240.1019	    756.2275
    240.1054	      0.0000
    240.1090	      0.0000
    240.1125	      0.0000
    240.1160	      0.0000
    241.0505	      0.0000
    241.0540	      0.0000
    241.0576	      0.0000
    241.0611	      0.0000
    241.0647	    860.1670
    241.0682	   1436.2495
    241.0718	   1691.8857
    241.0753	   1454.1101
    241.0789	    878.2261
    241.0826	      0.0000
    241.0862	      0.0000
    241.0897	      0.0000
    241.0933	      0.0000
    281.0241	      0.0000
    281.0286	      0.0000
    281.0331	      0.0000
    281.0375	      0.0000
    281.0420	    405.5571
    281.0465	   1077.7114
    281.0510	   1608.1825
    281.0554	   1593.6516
    281.0599	   1058.6465
    281.0644	    405.3914
    281.0685	      0.0000
    281.0730	      0.0000
    281.0774	      0.0000
    281.0819	      0.0000
    295.0643	      0.0000
    295.0691	      0.0000
    295.0739	      0.0000
    295.0787	      0.0000
    295.0835	    232.3977
    295.0883	   1950.8870
    295.0931	   7092.7124
    295.0979	  12721.8848
    295.1028	  17224.8789
    295.1076	  13854.5117
    295.1124	   8120.6050
    295.1172	   2912.3086
    295.1220	    866.9170
    295.1272	      0.0000
    295.1321	      0.0000
    295.1369	      0.0000
    295.1417	      0.0000
    296.0673	      0.0000
    296.0721	      0.0000
    296.0769	      0.0000
    296.0818	      0.0000
    296.0866	    520.6629
    296.0914	   1360.6437
    296.0963	   2483.0383
    296.1011	   3270.6863
    296.1059	   3182.2173
    296.1108	   2260.4312
    296.1156	   1120.3699
    296.1204	    407.4356
    296.1261	      0.0000
    296.1310	      0.0000
    296.1358	      0.0000
    296.1406	      0.0000
    299.0232	      0.0000
    299.0281	      0.0000
    299.0330	      0.0000
    299.0379	      0.0000
    299.0428	    371.4218
    299.0477	   1460.0245
    299.0526	   4996.0552
    299.0575	   9141.6260
    299.0624	  12683.2871
    299.0673	  10450.3945
    299.0722	   6054.8120
    299.0772	   1965.4561
    299.0821	    128.7631
    299.0861	      0.0000
    299.0910	      0.0000
    299.0959	      0.0000
    299.1008	      0.0000
    300.0303	      0.0000
    300.0352	      0.0000
    300.0402	      0.0000
    300.0451	      0.0000
    300.0500	    335.4774
    300.0550	   1024.0590
    300.0599	   1674.0006
    300.0648	   1794.7319
    300.0698	   1285.8810
    300.0747	    553.6370
    300.0796	      0.0000
    300.0845	      0.0000
    300.0894	      0.0000
    300.0944	      0.0000
    313.0804	      0.0000
    313.0856	      0.0000
    313.0909	      0.0000
    313.0961	      0.0000
    313.1014	    635.6728
    313.1066	   1177.7362
    313.1119	   1553.3483
    313.1172	   1554.7405
    313.1224	   1215.4962
    313.1277	    743.8577
    313.1331	      0.0000
    313.1383	      0.0000
    313.1436	      0.0000
    313.1488	      0.0000
    318.5961	      0.0000
    318.6015	      0.0000
    318.6069	      0.0000
    318.6123	      0.0000
    318.6177	    509.9091
    318.6231	   1106.7391
    318.6285	   1453.6797
    318.6339	   1308.4338
    318.6392	    800.4138
    318.6459	      0.0000
    318.6513	      0.0000
    318.6567	      0.0000
    318.6621	      0.0000
    366.0869	      0.0000
    366.0935	      0.0000
    366.1002	      0.0000
    366.1068	      0.0000
    366.1135	    285.2267
    366.1201	   1444.5709
    366.1268	   4877.4497
    366.1334	   8962.4365
    366.1400	  12420.5254
    366.1467	  10326.8008
    366.1533	   6104.6455
    366.1600	   2185.7668
    366.1666	    377.8965
    366.1731	      0.0000
    366.1798	      0.0000
    366.1864	      0.0000
    366.1931	      0.0000
    369.0680	      0.0000
    369.0748	      0.0000
    369.0815	      0.0000
    369.0882	      0.0000
    369.0949	    357.3423
    369.1017	   1645.7793
    369.1084	   5493.7505
    369.1151	  10248.0625
    369.1218	  14672.7959
    369.1286	  12954.3535
    369.1353	   7831.1675
    369.1420	   3120.4441
    369.1488	    475.3418
    369.1546	      0.0000
    369.1613	      0.0000
    369.1681	      0.0000
    369.1748	      0.0000
    370.0780	      0.0000
    370.0848	      0.0000
    370.0915	      0.0000
    370.0983	      0.0000
    370.1050	    376.5479
    370.1118	   1109.9645
    370.1185	   1983.9496
    370.1253	   2459.9343
    370.1320	   2180.8032
    370.1388	   1351.4694
    370.1456	    528.9410
    370.1525	      0.0000
    370.1592	      0.0000
    370.1660	      0.0000
    370.1727	      0.0000
    403.2282	      0.0000
    403.2359	      0.0000
    403.2436	      0.0000
    403.2512	      0.0000
    403.2589	    536.7232
    403.2666	   1155.3983
    403.2743	   1583.3535
    403.2820	   1506.6995
    403.2896	    966.3384
    403.2973	      0.0000
    403.3050	      0.0000
    403.3127	      0.0000
    403.3204	      0.0000
    419.2671	      0.0000
    419.2752	      0.0000
    419.2833	      0.0000
    419.2915	      0.0000
    419.2996	    810.2789
    419.3078	   1434.1781
    419.3159	   1627.1389
    419.3241	   1229.3461
    419.3322	    555.6938
    419.3410	      0.0000
    419.3492	      0.0000
    419.3573	      0.0000
    419.3655	      0.0000
    528.1212	      0.0000
    528.1327	      0.0000
    528.1442	      0.0000
    528.1557	      0.0000
    528.1672	    643.5480
    528.1787	   1414.3671
    528.1903	   1941.3307
    528.2018	   1811.4088
    528.2133	   1112.0233
    528.2248	    360.5404
    528.2363	      0.0000
    528.2478	      0.0000
    528.2594	      0.0000
    528.2709	      0.0000
    540.8369	      0.0000
    540.8488	      0.0000
    540.8608	      0.0000
    540.8727	      0.0000
    540.8846	    446.8460
    540.8966	   1151.2361
    540.9085	   1772.4309
    540.9204	   1863.4497
    540.9324	   1371.8175
    540.9443	    668.9070
    540.9563	      0.0000
    540.9682	      0.0000
    540.9801	      0.0000
    540.9921	      0.0000
    589.1904	      0.0000
    589.2040	      0.0000
    589.2176	      0.0000
    589.2311	      0.0000
    589.2447	   1048.6698
    589.2583	   1838.4126
    589.2719	   2216.2517
    589.2854	   1898.8483
    589.2990	   1116.6927
    589.3126	    432.9594
    589.3261	      0.0000
    589.3397	      0.0000
    589.3533	      0.0000
    589.3669	      0.0000
    608.1817	      0.0000
    608.1959	      0.0000
    608.2101	      0.0000
    608.2243	      0.0000
    608.2386	    969.4748
    608.2528	   2116.6565
    608.2670	   4639.0742
    608.2813	   5586.4722
    608.2955	   4157.7178
    608.3097	   1681.1455
    608.3239	    640.7414
    608.3382	      0.0000
    608.3524	      0.0000
    608.3666	      0.0000
    608.3809	      0.0000
    608.5090	      0.0000
    608.5232	      0.0000
    608.5375	      0.0000
    608.5517	      0.0000
    608.5660	    850.1583
    608.5802	   2877.8540
    608.5944	   4909.2715
    608.6087	   6617.9058
    608.6229	   5457.1367
    608.6372	   3068.0505
    608.6514	    831.2774
    608.6657	      0.0000
    608.6799	      0.0000
    608.6941	      0.0000
    608.7084	      0.0000
    608.8509	      0.0000
    608.8651	      0.0000
    608.8794	      0.0000
    608.8936	      0.0000
    608.9079	    959.0862
    608.9221	   1923.9839
    608.9364	   2733.0803
    608.9506	   2812.2163
    608.9649	   2072.1179
    608.9791	   1024.7638
    608.9934	      0.0000
    609.0077	      0.0000
    609.0220	      0.0000
    609.0362	      0.0000
    646.2432	      0.0000
    646.2588	      0.0000
    646.2744	      0.0000
    646.2900	      0.0000
    646.3056	    812.4567
    646.3212	   1507.8577
    646.3367	   1854.2007
    646.3523	   1573.9730
    646.3679	    872.8816
    646.3835	      0.0000
    646.3991	      0.0000
    646.4147	      0.0000
    646.4303	      0.0000
    675.8655	      0.0000
    675.8822	      0.0000
    675.8989	      0.0000
    675.9155	      0.0000
    675.9322	    651.7900
    675.9489	   1274.7028
    675.9656	   1596.0613
    675.9822	   1375.2734
    675.9989	    787.4229
    676.0156	      0.0000
    676.0322	      0.0000
    676.0489	      0.0000
    676.0656	      0.0000
    676.1990	      0.0000
    676.2157	      0.0000
    676.2324	      0.0000
    676.2490	      0.0000
    676.2657	    723.6246
    676.2824	   1472.5051
    676.2991	   1920.2538
    676.3158	   1733.5380
    676.3324	   1061.8651
    676.3492	      0.0000
    676.3659	      0.0000
    676.3825	      0.0000
    676.3992	      0.0000
    719.2112	      0.0000
    719.2295	      0.0000
    719.2478	      0.0000
    719.2661	      0.0000
    719.2844	    778.0194
    719.3027	   1339.8396
    719.3210	   1654.7131
    719.3393	   1530.8477
    719.3576	   1039.9976
    719.3760	      0.0000
    719.3943	      0.0000
    719.4126	      0.0000
    719.4309	      0.0000
    786.1976	      0.0000
    786.2185	      0.0000
    786.2394	      0.0000
    786.2603	      0.0000
    786.2812	    726.8912
    786.3021	   1427.2758
    786.3230	   1701.2521
    786.3439	   1309.3354
    786.3649	    573.1434
    786.3858	      0.0000
    786.4067	      0.0000
    786.4276	      0.0000
    786.4485	      0.0000
    800.6974	      0.0000
    800.7189	      0.0000
    800.7404	      0.0000
    800.7619	      0.0000
    800.7834	    835.5853
    800.8049	   1460.5444
    800.8264	   1749.6729
    800.8479	   1499.8871
    800.8694	    915.8130
    800.8909	      0.0000
    800.9124	      0.0000
    800.9339	      0.0000
    800.9554	      0.0000
    810.2160	      0.0000
    810.2379	      0.0000
    810.2598	      0.0000
    810.2816	      0.0000
    810.3035	   1050.5878
    810.3254	   2210.6692
    810.3473	   5292.6221
    810.3692	   5509.6216
    810.3910	   3619.3982
    810.4129	   1655.6373
    810.4348	    754.2382
    810.4567	      0.0000
    810.4786	      0.0000
    810.5005	      0.0000
    810.5224	      0.0000
    810.7194	      0.0000
    810.7413	      0.0000
    810.7632	      0.0000
    810.7851	      0.0000
    810.8070	    498.8768
    810.8289	   1545.1262
    810.8508	   2787.7261
    810.8727	   5487.5845
    810.8946	   4192.7231
    810.9165	   2239.9753
    810.9384	    917.4793
    810.9603	      0.0000
    810.9822	      0.0000
    811.0041	      0.0000
    811.0260	      0.0000
    811.2232	      0.0000
    811.2451	      0.0000
    811.2671	      0.0000
    811.2890	      0.0000
    811.3109	    678.6454
    811.3328	   1521.9550
    811.3547	   2270.4919
    811.3767	   2456.8752
    811.3986	   1968.5626
    811.4205	   1134.5527
    811.4424	      0.0000
    811.4644	      0.0000
    811.4863	      0.0000
    811.5082	      0.0000
    825.7261	      0.0000
    825.7486	      0.0000
    825.7711	      0.0000
    825.7936	      0.0000
    825.8161	    929.8019
    825.8386	   1649.2771
    825.8611	   1924.6858
    825.8836	   1574.9843
    825.9062	    880.4127
    825.9287	      0.0000
    825.9512	      0.0000
    825.9737	      0.0000
    825.9962	      0.0000
    827.7328	      0.0000
    827.7554	      0.0000
    827.7780	      0.0000
    827.8006	      0.0000
    827.8232	    642.3964
    827.8458	   1410.9534
    827.8684	   2151.1343
    827.8909	   2414.5947
    827.9135	   2009.9940
    827.9361	   1200.5203
    827.9587	      0.0000
    827.9813	      0.0000
    828.0039	      0.0000
    828.0265	      0.0000
    828.7276	      0.0000
    828.7502	      0.0000
    828.7729	      0.0000
    828.7955	      0.0000
    828.8181	    679.6401
    828.8408	   1545.6512
    828.8634	   2258.7773
    828.8860	   2335.9744
    828.9087	   1738.3080
    828.9313	    888.2315
    828.9539	      0.0000
    828.9766	      0.0000
    828.9992	      0.0000
    829.0219	      0.0000
    829.2257	      0.0000
    829.2483	      0.0000
    829.2710	      0.0000
    829.2936	      0.0000
    829.3163	    850.9403
    829.3389	   1443.0992
    829.3616	   1772.7382
    829.3842	   1623.5100
    829.4069	   1071.6971
    829.4296	      0.0000
    829.4522	      0.0000
    829.4749	      0.0000
    829.4975	      0.0000
    833.7286	      0.0000
    833.7514	      0.0000
    833.7742	      0.0000
    833.7971	      0.0000
    833.8199	    451.0854
    833.8428	   1289.7531
    833.8656	   2278.9197
    833.8884	   2765.3542
    833.9113	   2349.0493
    833.9341	   1320.7075
    833.9570	    407.9197
    833.9798	      0.0000
    834.0027	      0.0000
    834.0255	      0.0000
    834.0484	      0.0000
    838.7059	      0.0000
    838.7289	      0.0000
    838.7519	      0.0000
    838.7750	      0.0000
    838.7980	    887.8021
    838.8211	   1770.3094
    838.8441	   2781.7363
    838.8672	   5543.8394
    838.8902	   4792.4087
    838.9132	   2267.8242
    838.9363	   1117.7554
    838.9593	      0.0000
    838.9824	      0.0000
    839.0054	      0.0000
    839.0285	      0.0000
    839.2360	      0.0000
    839.2591	      0.0000
    839.2821	      0.0000
    839.3052	      0.0000
    839.3283	    721.7374
    839.3513	   1413.4401
    839.3744	   1766.2859
    839.3975	   1497.6848
    839.4205	    798.0397
    839.4436	      0.0000
    839.4667	      0.0000
    839.4897	      0.0000
    839.5128	      0.0000
    850.7452	      0.0000
    850.7688	      0.0000
    850.7923	      0.0000
    850.8158	      0.0000
    850.8394	   1062.7113
    850.8629	   2172.9690
    850.8865	   2715.0020
    850.9100	   2260.0735
    850.9336	   1211.5918
    850.9571	      0.0000
    850.9807	      0.0000
    851.0042	      0.0000
    851.0277	      0.0000
    851.2397	      0.0000
    851.2633	      0.0000
    851.2868	      0.0000
    851.3104	      0.0000
    851.3340	    623.1395
    851.3575	   1333.7196
    851.3811	   1872.3418
    851.4047	   1912.7043
    851.4282	   1448.7120
    851.4518	    770.6064
    851.4754	      0.0000
    851.4989	      0.0000
    851.5225	      0.0000
    851.5461	      0.0000
    851.7347	      0.0000
    851.7582	      0.0000
    851.7818	      0.0000
    851.8054	      0.0000
    851.8290	    753.5168
    851.8526	   1831.8375
    851.8761	   2811.2273
    851.8997	   3004.5432
    851.9233	   2233.1284
    851.9469	   1085.1173
    851.9705	      0.0000
    851.9941	      0.0000
    852.0177	      0.0000
    852.0413	      0.0000
    852.2300	      0.0000
    852.2536	      0.0000
    852.2772	      0.0000
    852.3008	      0.0000
    852.3244	   1077.3383
    852.3480	   3474.2305
    852.3716	   5859.8613
    852.3952	   7158.0791
    852.4188	   5240.0020
    852.4424	   2887.2417
    852.4660	    626.8571
    852.4897	      0.0000
    852.5133	      0.0000
    852.5369	      0.0000
    852.5605	      0.0000
    852.7258	      0.0000
    852.7494	      0.0000
    852.7730	      0.0000
    852.7967	      0.0000
    852.8203	    582.2067
    852.8439	   1365.9376
    852.8675	   2118.6350
    852.8912	   2354.8574
    852.9148	   1860.7451
    852.9384	    953.2427
    852.9620	      0.0000
    852.9857	      0.0000
    853.0093	      0.0000
    853.0329	      0.0000
    853.2457	      0.0000
    853.2693	      0.0000
    853.2929	      0.0000
    853.3166	      0.0000
    853.3402	   1063.0033
    853.3639	   1710.7407
    853.3875	   1895.6735
    853.4112	   1491.5363
    853.4348	    789.2024
    853.4585	      0.0000
    853.4821	      0.0000
    853.5058	      0.0000
    853.5294	      0.0000
    857.2074	      0.0000
    857.2313	      0.0000
    857.2551	      0.0000
    857.2789	      0.0000
    857.3027	    715.6826
    857.3265	   1426.6910
    857.3503	   1905.1482
    857.3741	   1794.2480
    857.3979	   1137.1432
    857.4218	      0.0000
    857.4456	      0.0000
    857.4694	      0.0000
    857.4932	      0.0000
    879.7089	      0.0000
    879.7337	      0.0000
    879.7584	      0.0000
    879.7832	      0.0000
    879.8079	    949.7693
    879.8327	   1523.9493
    879.8575	   1815.2850
    879.8822	   1645.3582
    879.9070	   1106.7350
    879.9383	      0.0000
    879.9630	      0.0000
    879.9878	      0.0000
    880.0125	      0.0000
    883.2155	      0.0000
    883.2404	      0.0000
    883.2653	      0.0000
    883.2902	      0.0000
    883.3151	    913.7018
    883.3400	   3428.2527
    883.3649	   7317.0498
    883.3898	  11472.4619
    883.4147	  11717.2051
    883.4396	   7442.8896
    883.4645	   3374.9646
    883.4895	    383.3906
    883.5078	      0.0000
    883.5328	      0.0000
    883.5577	      0.0000
    883.5826	      0.0000
    883.7321	      0.0000
    883.7570	      0.0000
    883.7819	      0.0000
    883.8068	      0.0000
    883.8318	    624.7418
    883.8567	   1360.0858
    883.8816	   1913.8707
    883.9065	   1937.2318
    883.9315	   1411.3118
    883.9564	    679.8310
    883.9813	      0.0000
    884.0063	      0.0000
    884.0312	      0.0000
    884.0561	      0.0000
    894.7486	      0.0000
    894.7740	      0.0000
    894.7994	      0.0000
    894.8248	      0.0000
    894.8502	    712.4724
    894.8756	   1417.3949
    894.9010	   1686.1989
    894.9264	   1331.9601
    894.9518	    663.2556
    894.9772	      0.0000
    895.0026	      0.0000
    895.0280	      0.0000
    895.0534	      0.0000
    901.7710	      0.0000
    901.7967	      0.0000
    901.8224	      0.0000
    901.8481	      0.0000
    901.8738	   1026.3051
    901.8995	   1636.1453
    901.9252	   1808.3768
    901.9509	   1424.5387
    901.9766	    758.3357
    902.0023	      0.0000
    902.0280	      0.0000
    902.0536	      0.0000
    902.0793	      0.0000
    902.7222	      0.0000
    902.7479	      0.0000
    902.7736	      0.0000
    902.7994	      0.0000
    902.8251	   1076.9247
    902.8508	   3135.6716
    902.8766	   5408.9092
    902.9023	   6675.4600
    902.9280	   4891.2910
    902.9538	   2696.3430
    902.9795	    635.1518
    903.0052	      0.0000
    903.0310	      0.0000
    903.0567	      0.0000
    903.0825	      0.0000
    903.2112	      0.0000
    903.2369	      0.0000
    903.2627	      0.0000
    903.2884	      0.0000
    903.3142	    740.1600
    903.3399	   2479.5938
    903.3657	   4970.0605
    903.3914	   7230.2271
    903.4172	   6148.0991
    903.4430	   3595.3965
    903.4687	   1217.0656
    903.4945	      0.0000
    903.5202	      0.0000
    903.5460	      0.0000
    903.5718	      0.0000
    903.7006	      0.0000
    903.7264	      0.0000
    903.7521	      0.0000
    903.7779	      0.0000
    903.8037	    503.1900
    903.8294	   1405.3525
    903.8552	   3561.6655
    903.8810	   5834.2817
    903.9068	   5944.6221
    903.9325	   3804.0286
    903.9583	   1725.4740
    903.9841	    461.2236
    904.0099	      0.0000
    904.0357	      0.0000
    904.0615	      0.0000
    904.0872	      0.0000
    904.2420	      0.0000
    904.2678	      0.0000
    904.2936	      0.0000
    904.3193	      0.0000
    904.3451	   1091.5957
    904.3709	   2239.3552
    904.3967	   2958.4602
    904.4225	   2716.5081
    904.4483	   1707.0502
    904.4741	    648.3914
    904.4999	      0.0000
    904.5257	      0.0000
    904.5516	      0.0000
    904.5774	      0.0000
    906.7490	      0.0000
    906.7749	      0.0000
    906.8008	      0.0000
    906.8267	      0.0000
    906.8526	    653.4020
    906.8785	   1422.6643
    906.9044	   1927.8107
    906.9303	   1819.9907
    906.9562	   1202.2900
    906.9821	      0.0000
    907.0080	      0.0000
    907.0339	      0.0000
    907.0598	      0.0000
    908.7725	      0.0000
    908.7985	      0.0000
    908.8245	      0.0000
    908.8504	      0.0000
    908.8764	   1177.9739
    908.9024	   1754.6633
    908.9284	   1862.4238
    908.9544	   1402.7249
    908.9804	    676.6916
    909.0064	      0.0000
    909.0324	      0.0000
    909.0584	      0.0000
    909.0844	      0.0000
    909.2404	      0.0000
    909.2664	      0.0000
    909.2924	      0.0000
    909.3184	      0.0000
    909.3444	   1212.0275
    909.3704	   3662.2910
    909.3965	   5631.7959
    909.4225	   5893.3657
    909.4485	   3982.8059
    909.4745	   1588.9288
    909.5005	    564.6951
    909.5265	      0.0000
    909.5526	      0.0000
    909.5786	      0.0000
    909.6046	      0.0000
    909.7347	      0.0000
    909.7607	      0.0000
    909.7868	      0.0000
    909.8128	      0.0000
    909.8388	    885.0436
    909.8649	   1590.5497
    909.8909	   1910.7709
    909.9169	   1587.2032
    909.9430	    843.8604
    909.9830	      0.0000
    910.0090	      0.0000
    910.0350	      0.0000
    910.0611	      0.0000
    910.6864	      0.0000
    910.7124	      0.0000
    910.7385	      0.0000
    910.7646	      0.0000
    910.7906	    609.9744
    910.8167	   1811.4305
    910.8428	   4848.2983
    910.8689	   9833.9229
    910.8949	  15313.5283
    910.9210	  16789.8691
    910.9471	  11533.4473
    910.9732	   6028.3530
    910.9993	   1250.4043
    911.0172	      0.0000
    911.0433	      0.0000
    911.0694	      0.0000
    911.0955	      0.0000
    911.1998	      0.0000
    911.2259	      0.0000
    911.2520	      0.0000
    911.2781	      0.0000
    911.3042	    811.2342
    911.3303	   3105.4534
    911.3564	   8467.3203
    911.3825	  14456.3760
    911.4086	  18156.3809
    911.4347	  13610.7373
    911.4608	   7638.7744
    911.4869	   2105.1401
    911.5130	    171.8480
    911.5418	      0.0000
    911.5679	      0.0000
    911.5940	      0.0000
    911.6201	      0.0000
    911.6463	      0.0000
    911.6724	      0.0000
    911.6985	      0.0000
    911.7246	      0.0000
    911.7507	      0.0000
    911.7768	   1703.2844
    911.8029	   3595.9783
    911.8290	   8759.3975
    911.8552	  25494.4980
    911.8813	  49376.4844
    911.9074	  73975.7578
    911.9335	  70331.5938
    911.9596	  43744.7266
    911.9858	  18987.3301
    912.0119	   3602.9077
    912.0380	    274.4676
    912.0596	      0.0000
    912.0857	      0.0000
    912.1119	      0.0000
    912.1380	      0.0000
    912.1641	      0.0000
    912.1903	      0.0000
    912.2164	    951.1357
    912.2425	   1591.0470
    912.2687	   2725.8181
    912.2948	   4015.5945
    912.3209	   8109.3564
    912.3471	  23836.9844
    912.3732	  50626.0000
    912.3994	  79671.1172
    912.4255	  83863.7500
    912.4516	  55153.9375
    912.4778	  26996.7090
    912.5039	   6348.0132
    912.5301	    710.1689
    912.5565	      0.0000
    912.5827	      0.0000
    912.6088	      0.0000
    912.6350	      0.0000
    912.6611	      0.0000
    912.6873	      0.0000
    912.7134	      0.0000
    912.7396	      0.0000
    912.7658	    975.2916
    912.7919	   2131.4880
    912.8181	   4608.0708
    912.8442	  12720.2666
    912.8704	  27972.4004
    912.8966	  44830.7031
    912.9227	  50197.9766
    912.9489	  34511.3008
    912.9750	  18005.3750
    913.0012	   4437.1807
    913.0274	     38.6629
    913.0538	      0.0000
    913.0800	      0.0000
    913.1061	      0.0000
    913.1323	      0.0000
    913.1847	      0.0000
    913.2108	      0.0000
    913.2370	      0.0000
    913.2632	      0.0000
    913.2894	    349.8872
    913.3156	   1614.6134
    913.3417	   4934.6079
    913.3679	  11922.0205
    913.3941	  19741.2363
    913.4203	  23579.4590
    913.4465	  17081.2949
    913.4727	   9382.4795
    913.4988	   2471.1064
    913.5250	      0.0000
    913.5466	      0.0000
    913.5728	      0.0000
    913.5990	      0.0000
    913.6252	      0.0000
    913.7300	      0.0000
    913.7562	      0.0000
    913.7824	      0.0000
    913.8086	      0.0000
    913.8348	   1125.9648
    913.8610	   3839.7913
    913.8872	   6241.9380
    913.9134	   6901.7920
    913.9396	   4530.2041
    913.9658	   2073.5874
    913.9920	    768.7640
    914.0182	      0.0000
    914.0444	      0.0000
    914.0707	      0.0000
    914.0969	      0.0000
    914.7263	      0.0000
    914.7526	      0.0000
    914.7788	      0.0000
    914.8051	      0.0000
    914.8313	   1251.7239
    914.8576	   2126.3657
    914.8838	   2430.9902
    914.9101	   1928.8469
    914.9363	   1016.2018
    914.9626	      0.0000
    914.9888	      0.0000
    915.0151	      0.0000
    915.0413	      0.0000
    924.2204	      0.0000
    924.2470	      0.0000
    924.2737	      0.0000
    924.3003	      0.0000
    924.3270	    748.5731
    924.3536	   1394.2634
    924.3803	   1693.2000
    924.4069	   1399.2883
    924.4336	    731.3134
    924.4603	      0.0000
    924.4869	      0.0000
    924.5136	      0.0000
    924.5403	      0.0000
    926.7307	      0.0000
    926.7574	      0.0000
    926.7842	      0.0000
    926.8110	      0.0000
    926.8377	   1042.5984
    926.8645	   1910.3269
    926.8913	   2418.1643
    926.9180	   2158.5762
    926.9448	   1299.7031
    926.9716	    431.8204
    926.9983	      0.0000
    927.0251	      0.0000
    927.0519	      0.0000
    927.0787	      0.0000
    927.7216	      0.0000
    927.7484	      0.0000
    927.7752	      0.0000
    927.8020	      0.0000
    927.8288	    904.6529
    927.8556	   2178.4963
    927.8824	   4946.7842
    927.9092	   5021.2534
    927.9360	   3019.6458
    927.9629	   1466.3170
    927.9897	    549.2324
    928.0165	      0.0000
    928.0433	      0.0000
    928.0701	      0.0000
    928.0969	      0.0000
    928.2310	      0.0000
    928.2579	      0.0000
    928.2847	      0.0000
    928.3115	      0.0000
    928.3384	   1006.9297
    928.3652	   1803.1915
    928.3920	   2110.2051
    928.4189	   1684.6613
    928.4457	    869.6956
    928.4725	      0.0000
    928.4994	      0.0000
    928.5262	      0.0000
    928.5530	      0.0000
    933.7547	      0.0000
    933.7817	      0.0000
    933.8088	      0.0000
    933.8359	      0.0000
    933.8630	   1128.0299
    933.8900	   1853.8328
    933.9171	   2022.7375
    933.9442	   1499.9573
    933.9712	    684.1899
    933.9983	      0.0000
    934.0254	      0.0000
    934.0525	      0.0000
    934.0795	      0.0000
    934.2420	      0.0000
    934.2691	      0.0000
    934.2962	      0.0000
    934.3233	      0.0000
    934.3504	    929.5109
    934.3775	   1514.0033
    934.4046	   1747.1837
    934.4317	   1486.0087
    934.4588	    900.6498
    934.4859	      0.0000
    934.5130	      0.0000
    934.5401	      0.0000
    934.5672	      0.0000
    937.2014	      0.0000
    937.2286	      0.0000
    937.2558	      0.0000
    937.2831	      0.0000
    937.3103	    990.4392
    937.3375	   1904.1323
    937.3647	   2526.6350
    937.3919	   2415.0889
    937.4192	   1625.5281
    937.4464	    698.4472
    937.4737	      0.0000
    937.5009	      0.0000
    937.5281	      0.0000
    937.5554	      0.0000
    963.2316	      0.0000
    963.2599	      0.0000
    963.2883	      0.0000
    963.3167	      0.0000
    963.3450	    618.2552
    963.3734	   1431.5038
    963.4017	   2030.5142
    963.4301	   1989.5104
    963.4585	   1345.6001
    963.4868	    541.2340
    963.5152	      0.0000
    963.5436	      0.0000
    963.5720	      0.0000
    963.6003	      0.0000
    983.7432	      0.0000
    983.7724	      0.0000
    983.8017	      0.0000
    983.8310	      0.0000
    983.8603	   1031.7334
    983.8895	   1927.9716
    983.9188	   2528.5842
    983.9481	   2405.2759
    983.9773	   1650.0387
    984.0066	    758.2405
    984.0415	      0.0000
    984.0708	      0.0000
    984.1001	      0.0000
    984.1294	      0.0000
    984.6860	      0.0000
    984.7153	      0.0000
    984.7446	      0.0000
    984.7739	      0.0000
    984.8032	    325.0359
    984.8326	   1580.9664
    984.8619	   5295.5361
    984.8912	  10847.2471
    984.9205	  16742.6074
    984.9498	  17069.3516
    984.9791	  11120.8164
    985.0085	   5342.6660
    985.0378	   1181.4503
    985.0662	      0.0000
    985.0955	      0.0000
    985.1248	      0.0000
    985.1542	      0.0000
    985.1835	      0.0000
    985.2128	      0.0000
    985.2422	      0.0000
    985.2715	      0.0000
    985.3008	      0.0000
    985.3302	   1575.1940
    985.3595	   5927.0513
    985.3888	  11636.8906
    985.4182	  17617.7109
    985.4475	  17675.7578
    985.4769	  11551.5068
    985.5062	   5589.3008
    985.5356	   1093.9009
    985.5786	      0.0000
    985.6079	      0.0000
    985.6373	      0.0000
    985.6666	      0.0000
    985.6960	      0.0000
    985.7253	      0.0000
    985.7547	      0.0000
    985.7840	      0.0000
    985.8134	    544.8532
    985.8427	   2068.2253
    985.8721	   5354.4058
    985.9015	   9922.1377
    985.9308	  14604.4922
    985.9602	  14295.5244
    985.9896	   9095.3867
    986.0189	   4085.8916
    986.0483	    400.4693
    986.0593	      0.0000
    986.0887	      0.0000
    986.1181	      0.0000
    986.1475	      0.0000
    986.2062	      0.0000
    986.2356	      0.0000
    986.2650	      0.0000
    986.2943	      0.0000
    986.3237	    888.0447
    986.3531	   2039.8958
    986.3825	   5246.1240
    986.4119	   6787.5171
    986.4413	   5941.8604
    986.4707	   3646.8049
    986.5000	   1459.6422
    986.5294	      0.0000
    986.5588	      0.0000
    986.5882	      0.0000
    986.6176	      0.0000
    991.2489	      0.0000
    991.2785	      0.0000
    991.3081	      0.0000
    991.3377	      0.0000
    991.3673	   1178.4017
    991.3969	   1856.4230
    991.4265	   2021.6393
    991.4562	   1552.3651
    991.4858	    781.4418
    991.5276	      0.0000
    991.5573	      0.0000
    991.5869	      0.0000
    991.6165	      0.0000
    993.6930	      0.0000
    993.7227	      0.0000
    993.7525	      0.0000
    993.7822	      0.0000
    993.8119	    814.7077
    993.8416	   2829.0374
    993.8713	   6471.1128
    993.9011	  10452.6338
    993.9308	  11439.0830
    993.9605	   7635.5503
    993.9902	   3729.7046
    994.0199	    556.1756
    994.0424	      0.0000
    994.0721	      0.0000
    994.1018	      0.0000
    994.1316	      0.0000
    994.1910	      0.0000
    994.2208	      0.0000
    994.2505	      0.0000
    994.2803	      0.0000
    994.3100	    732.5519
    994.3397	   2971.8171
    994.3695	   6106.6279
    994.3992	   9392.2930
    994.4290	   9314.8359
    994.4587	   5862.7817
    994.4885	   2628.4536
    994.5182	    319.3563
    994.5430	      0.0000
    994.5727	      0.0000
    994.6025	      0.0000
    994.6322	      0.0000
    994.6917	      0.0000
    994.7215	      0.0000
    994.7513	      0.0000
    994.7810	      0.0000
    994.8108	    489.7688
    994.8405	   1890.7926
    994.8703	   4083.8274
    994.9001	   6406.1611
    994.9298	   6532.0811
    994.9596	   4087.2427
    994.9894	   1720.1127
    995.0191	    692.1815
    995.0489	      0.0000
    995.0787	      0.0000
    995.1085	      0.0000
    995.1382	      0.0000
   1004.7659	      0.0000
   1004.7961	      0.0000
   1004.8263	      0.0000
   1004.8566	      0.0000
   1004.8868	    798.5591
   1004.9170	   1549.6305
   1004.9472	   1875.7698
   1004.9774	   1572.5919
   1005.0076	    901.5887
   1005.0379	      0.0000
   1005.0681	      0.0000
   1005.0983	      0.0000
   1005.1285	      0.0000
   1005.7333	      0.0000
   1005.7636	      0.0000
   1005.7938	      0.0000
   1005.8241	      0.0000
   1005.8544	    921.0618
   1005.8846	   1861.6787
   1005.9149	   2627.2285
   1005.9451	   2736.6326
   1005.9754	   2113.2712
   1006.0057	   1160.1244
   1006.0359	      0.0000
   1006.0662	      0.0000
   1006.0965	      0.0000
   1006.1268	      0.0000
   1011.2622	      0.0000
   1011.2927	      0.0000
   1011.3232	      0.0000
   1011.3537	      0.0000
   1011.3842	   1075.7242
   1011.4147	   2014.3875
   1011.4452	   2536.0681
   1011.4758	   2297.6885
   1011.5063	   1485.6646
   1011.5368	      0.0000
   1011.5673	      0.0000
   1011.5978	      0.0000
   1011.6283	      0.0000
   1011.7810	      0.0000
   1011.8115	      0.0000
   1011.8420	      0.0000
   1011.8725	      0.0000
   1011.9031	   1390.3285
   1011.9336	   2092.4685
   1011.9641	   2228.0183
   1011.9947	   1698.9946
   1012.0252	    863.3712
   1012.0692	      0.0000
   1012.0997	      0.0000
   1012.1303	      0.0000
   1012.1608	      0.0000
   1012.2219	      0.0000
   1012.2525	      0.0000
   1012.2830	      0.0000
   1012.3136	      0.0000
   1012.3441	    957.6100
   1012.3747	   3015.7937
   1012.4052	   7194.7446
   1012.4358	  11730.5801
   1012.4663	  13961.9854
   1012.4969	  10151.4287
   1012.5275	   5516.9248
   1012.5580	   1074.9695
   1012.5751	      0.0000
   1012.6057	      0.0000
   1012.6363	      0.0000
   1012.6668	      0.0000
   1012.7585	      0.0000
   1012.7891	      0.0000
   1012.8197	      0.0000
   1012.8502	      0.0000
   1012.8808	   1326.6885
   1012.9114	   2269.4937
   1012.9420	   2693.2156
   1012.9726	   2332.2595
   1013.0031	   1449.5958
   1013.0445	      0.0000
   1013.0751	      0.0000
   1013.1057	      0.0000
   1013.1363	      0.0000
   1013.1669	      0.0000
   1013.1975	      0.0000
   1013.2281	      0.0000
   1013.2587	      0.0000
   1013.2893	    936.5135
   1013.3199	   1619.9318
   1013.3505	   4095.3501
   1013.3810	  12264.7324
   1013.4116	  24132.6113
   1013.4423	  36563.5352
   1013.4729	  35858.0938
   1013.5035	  22668.9727
   1013.5341	  10152.1582
   1013.5647	   1617.0121
   1013.5953	      0.0000
   1013.6234	      0.0000
   1013.6540	      0.0000
   1013.6846	      0.0000
   1013.7152	      0.0000
   1013.7459	      0.0000
   1013.7765	      0.0000
   1013.8071	   1450.1893
   1013.8377	   2782.4675
   1013.8683	   7991.1323
   1013.8990	  19613.0781
   1013.9296	  32103.9609
   1013.9602	  38213.9414
   1013.9908	  27513.3730
   1014.0215	  14887.9160
   1014.0521	   3385.9883
   1014.0827	      0.0000
   1014.1170	      0.0000
   1014.1476	      0.0000
   1014.1783	      0.0000
   1014.2089	      0.0000
   1014.2395	      0.0000
   1014.2702	      0.0000
   1014.3008	   1219.5922
   1014.3314	   2221.7986
   1014.3621	   4850.9629
   1014.3927	  12914.6563
   1014.4234	  22687.6270
   1014.4540	  31206.7539
   1014.4847	  26783.2617
   1014.5153	  15941.6699
   1014.5460	   5663.2842
   1014.5766	    181.9114
   1014.5987	      0.0000
   1014.6294	      0.0000
   1014.6600	      0.0000
   1014.6907	      0.0000
   1014.7213	      0.0000
   1014.7520	      0.0000
   1014.7827	      0.0000
   1014.8133	      0.0000
   1014.8440	   1221.3553
   1014.8746	   3504.9172
   1014.9053	   7036.6543
   1014.9360	  10577.5664
   1014.9667	  10811.7305
   1014.9973	   7116.4883
   1015.0280	   3455.5310
   1015.0587	    571.2506
   1015.0859	      0.0000
   1015.1166	      0.0000
   1015.1473	      0.0000
   1015.1780	      0.0000
   1015.2393	      0.0000
   1015.2700	      0.0000
   1015.3007	      0.0000
   1015.3314	      0.0000
   1015.3621	    856.9921
   1015.3928	   2656.1797
   1015.4235	   4574.1367
   1015.4542	   5489.4751
   1015.4849	   3920.4954
   1015.5156	   1618.2185
   1015.5463	    553.8231
   1015.5770	      0.0000
   1015.6077	      0.0000
   1015.6384	      0.0000
   1015.6691	      0.0000
   1016.2527	      0.0000
   1016.2834	      0.0000
   1016.3141	      0.0000
   1016.3449	      0.0000
   1016.3756	   1104.7404
   1016.4063	   1808.0502
   1016.4371	   2139.6030
   1016.4678	   1872.9463
   1016.4985	   1161.1675
   1016.5294	      0.0000
   1016.5601	      0.0000
   1016.5909	      0.0000
   1016.6216	      0.0000
   1066.2720	      0.0000
   1066.3050	      0.0000
   1066.3380	      0.0000
   1066.3710	      0.0000
   1066.4041	   1170.9572
   1066.4371	   1941.6503
   1066.4701	   2217.2439
   1066.5032	   1800.7089
   1066.5362	   1002.1235
   1066.5693	      0.0000
   1066.6023	      0.0000
   1066.6354	      0.0000
   1066.6684	      0.0000
   1085.2473	      0.0000
   1085.2812	      0.0000
   1085.3151	      0.0000
   1085.3490	      0.0000
   1085.3829	   1286.0496
   1085.4168	   2548.3657
   1085.4508	   4882.5405
   1085.4847	   4526.5210
   1085.5186	   2033.4248
   1085.5525	    810.8979
   1085.5865	      0.0000
   1085.6204	      0.0000
   1085.6543	      0.0000
   1085.6883	      0.0000
   1085.7222	      0.0000
   1085.7561	      0.0000
   1085.7901	      0.0000
   1085.8240	      0.0000
   1085.8579	   1205.7750
   1085.8919	   3303.8210
   1085.9258	   5448.8735
   1085.9598	   6559.8867
   1085.9937	   4942.1631
   1086.0277	   2792.9548
   1086.0616	   1006.2578
   1086.1061	      0.0000
   1086.1400	      0.0000
   1086.1740	      0.0000
   1086.2079	      0.0000
   1086.2419	      0.0000
   1086.2758	      0.0000
   1086.3098	      0.0000
   1086.3437	    466.6426
   1086.3777	   2027.4143
   1086.4117	   5771.3423
   1086.4456	   9998.5088
   1086.4796	  13395.1162
   1086.5136	  10907.2607
   1086.5476	   6253.9287
   1086.5815	   1858.9735
   1086.6155	      0.0000
   1086.6618	      0.0000
   1086.6957	      0.0000
   1086.7297	      0.0000
   1086.7637	      0.0000
   1086.7977	      0.0000
   1086.8317	    267.5733
   1086.8657	   1584.2461
   1086.8996	   4076.9263
   1086.9336	   7558.3877
   1086.9676	  11239.5703
   1087.0016	  11323.1611
   1087.0356	   7223.2803
   1087.0696	   3286.3389
   1087.1036	    296.9020
   1087.1148	      0.0000
   1087.1488	      0.0000
   1087.1828	      0.0000
   1087.2168	      0.0000
   1087.2508	      0.0000
   1087.2848	      0.0000
   1087.3188	      0.0000
   1087.3528	    649.5372
   1087.3869	   2654.9597
   1087.4209	   5516.9214
   1087.4549	   8582.8359
   1087.4889	   8201.5830
   1087.5229	   5006.9189
   1087.5569	   2063.7358
   1087.5910	    295.5966
   1087.6250	      0.0000
   1087.6590	      0.0000
   1087.6930	      0.0000
   1087.7271	      0.0000
   1087.7611	      0.0000
   1087.7951	      0.0000
   1087.8291	      0.0000
   1087.8632	    953.8954
   1087.8972	   2155.7739
   1087.9312	   4615.5591
   1087.9653	   5575.6982
   1087.9993	   3843.3381
   1088.0334	   1831.6655
   1088.0674	    745.4021
   1088.1015	      0.0000
   1088.1355	      0.0000
   1088.1696	      0.0000
   1088.2036	      0.0000
   1091.7535	      0.0000
   1091.7877	      0.0000
   1091.8219	      0.0000
   1091.8561	      0.0000
   1091.8904	   1350.5005
   1091.9246	   2423.5520
   1091.9588	   3116.3777
   1091.9930	   2967.8694
   1092.0273	   2082.5662
   1092.0615	   1036.9465
   1092.0957	      0.0000
   1092.1300	      0.0000
   1092.1642	      0.0000
   1092.1984	      0.0000
   1093.2263	      0.0000
   1093.2606	      0.0000
   1093.2949	      0.0000
   1093.3292	      0.0000
   1093.3635	    659.8854
   1093.3977	   1816.8611
   1093.4320	   4371.4336
   1093.4663	   5973.7871
   1093.5006	   4704.2866
   1093.5349	   2475.5508
   1093.5692	    420.8110
   1093.6035	      0.0000
   1093.6378	      0.0000
   1093.6722	      0.0000
   1093.7065	      0.0000
   1093.7408	      0.0000
   1093.7751	      0.0000
   1093.8094	      0.0000
   1093.8437	    383.8435
   1093.8780	   2172.7671
   1093.9123	   4681.0933
   1093.9467	   7505.7549
   1093.9810	   8319.9268
   1094.0153	   5484.7026
   1094.0496	   2623.7546
   1094.0840	    111.6000
   1094.1307	      0.0000
   1094.1650	      0.0000
   1094.1993	      0.0000
   1094.2337	      0.0000
   1094.2680	      0.0000
   1094.3023	      0.0000
   1094.3367	   1037.7273
   1094.3710	   3258.3506
   1094.4054	   9634.3057
   1094.4397	  17600.8672
   1094.4740	  25206.3945
   1094.5084	  22396.1074
   1094.5427	  13396.9658
   1094.5771	   5137.5015
   1094.6114	    210.8935
   1094.6431	      0.0000
   1094.6774	      0.0000
   1094.7118	      0.0000
   1094.7461	      0.0000
   1094.7805	      0.0000
   1094.8149	    341.1631
   1094.8492	   1591.6753
   1094.8836	   4662.2842
   1094.9179	  11699.1426
   1094.9523	  19505.7324
   1094.9867	  24173.5703
   1095.0211	  17804.6895
   1095.0554	   9784.4785
   1095.0898	   2344.4609
   1095.1242	      0.0000
   1095.1626	      0.0000
   1095.1970	      0.0000
   1095.2314	      0.0000
   1095.2658	      0.0000
   1095.3002	      0.0000
   1095.3345	    897.4043
   1095.3689	   3455.2532
   1095.4033	   9739.9229
   1095.4377	  17714.0703
   1095.4721	  25753.7598
   1095.5065	  23737.5840
   1095.5409	  14431.7969
   1095.5753	   5901.0894
   1095.6097	    544.6758
   1095.6303	      0.0000
   1095.6647	      0.0000
   1095.6991	      0.0000
   1095.7335	      0.0000
   1095.7679	      0.0000
   1095.8023	      0.0000
   1095.8367	    400.4835
   1095.8711	   1523.4908
   1095.9055	   4090.9092
   1095.9399	   6836.4854
   1095.9744	   8429.1182
   1096.0088	   5999.5840
   1096.0432	   3005.5652
   1096.0776	    487.0522
   1096.1120	      0.0000
   1096.1465	      0.0000
   1096.1809	      0.0000
   1096.2153	      0.0000
   1096.2497	      0.0000
   1096.2842	      0.0000
   1096.3186	      0.0000
   1096.3530	    818.5049
   1096.3875	   1899.2599
   1096.4219	   4235.1709
   1096.4563	   5869.6689
   1096.4908	   4819.7944
   1096.5252	   2015.5729
   1096.5597	    757.3395
   1096.5941	      0.0000
   1096.6285	      0.0000
   1096.6630	      0.0000
   1096.6974	      0.0000
   1096.7319	      0.0000
   1096.7663	      0.0000
   1096.8008	      0.0000
   1096.8353	      0.0000
   1096.8697	    885.9091
   1096.9042	   1567.8156
   1096.9386	   2106.5952
   1096.9731	   2093.4805
   1097.0076	   1468.0109
   1097.0420	      0.0000
   1097.0765	      0.0000
   1097.1110	      0.0000
   1097.1454	      0.0000
   1097.2488	      0.0000
   1097.2833	      0.0000
   1097.3178	      0.0000
   1097.3523	      0.0000
   1097.3868	   1227.3051
   1097.4212	   2397.5376
   1097.4557	   3225.2207
   1097.4902	   4244.3354
   1097.5247	   2204.4006
   1097.5592	   1081.5278
   1097.5937	      0.0000
   1097.6282	      0.0000
   1097.6627	      0.0000
   1097.6972	      0.0000
   1097.7662	      0.0000
   1097.8007	      0.0000
   1097.8352	      0.0000
   1097.8697	      0.0000
   1097.9042	    831.7426
   1097.9387	   1515.5706
   1097.9732	   1885.3661
   1098.0077	   1725.1320
   1098.0422	   1178.5098
   1098.0768	      0.0000
   1098.1113	      0.0000
   1098.1458	      0.0000
   1098.1803	      0.0000
   1160.2386	      0.0000
   1160.2761	      0.0000
   1160.3136	      0.0000
   1160.3511	      0.0000
   1160.3885	    991.0370
   1160.4260	   3216.3892
   1160.4635	   5527.8018
   1160.5010	   6307.2847
   1160.5385	   4183.4707
   1160.5760	   1926.3729
   1160.6135	    725.1925
   1160.6510	      0.0000
   1160.6886	      0.0000
   1160.7261	      0.0000
   1160.7636	      0.0000
   1160.8011	      0.0000
   1160.8386	      0.0000
   1160.8761	    772.5262
   1160.9136	   2630.7488
   1160.9512	   4917.8354
   1160.9887	   6801.3315
   1161.0262	   5581.1274
   1161.0637	   3177.4277
   1161.1013	    843.8841
   1161.1388	      0.0000
   1161.1763	      0.0000
   1161.2139	      0.0000
   1161.2514	      0.0000
   1161.2889	      0.0000
   1161.3265	      0.0000
   1161.3640	      0.0000
   1161.4015	   1220.5736
   1161.4391	   2898.5867
   1161.4766	   4784.4102
   1161.5142	   5376.7432
   1161.5517	   2718.2505
   1161.5893	   1524.8391
   1161.6268	    572.0983
   1161.6644	      0.0000
   1161.7019	      0.0000
   1161.7395	      0.0000
   1161.7771	      0.0000
   1166.2220	      0.0000
   1166.2598	      0.0000
   1166.2975	      0.0000
   1166.3353	      0.0000
   1166.3731	    629.4197
   1166.4109	   2083.9875
   1166.4487	   4406.3379
   1166.4865	   6460.4883
   1166.5243	   5383.5615
   1166.5621	   2930.2263
   1166.5998	    591.7369
   1166.6376	      0.0000
   1166.6754	      0.0000
   1166.7132	      0.0000
   1166.7510	      0.0000
   1166.7888	      0.0000
   1166.8267	      0.0000
   1166.8645	      0.0000
   1166.9023	    953.3235
   1166.9401	   2076.9473
   1166.9779	   2906.1182
   1167.0157	   2860.0010
   1167.0535	   1982.0059
   1167.0913	    915.6812
   1167.1423	      0.0000
   1167.1801	      0.0000
   1167.2180	      0.0000
   1167.2558	      0.0000
   1167.2936	      0.0000
   1167.3314	      0.0000
   1167.3693	    542.5771
   1167.4071	   2786.6348
   1167.4449	   6727.8110
   1167.4828	  10895.3018
   1167.5206	  11832.1387
   1167.5585	   7730.9351
   1167.5963	   3493.2014
   1167.6341	    115.6978
   1167.6802	      0.0000
   1167.7181	      0.0000
   1167.7559	      0.0000
   1167.7938	      0.0000
   1167.8316	      0.0000
   1167.8695	    545.0473
   1167.9073	   2555.7615
   1167.9452	   5736.6943
   1167.9830	   9110.5371
   1168.0209	  10463.3096
   1168.0588	   7307.8657
   1168.0966	   3638.6665
   1168.1345	    213.9078
   1168.1618	      0.0000
   1168.1997	      0.0000
   1168.2375	      0.0000
   1168.2754	      0.0000
   1168.3133	      0.0000
   1168.3512	      0.0000
   1168.3890	   1276.4296
   1168.4269	   4019.2144
   1168.4648	   6938.5044
   1168.5027	   9327.3643
   1168.5406	   7908.3452
   1168.5785	   4667.5503
   1168.6164	   1584.9618
   1168.6543	      0.0000
   1168.6814	      0.0000
   1168.7193	      0.0000
   1168.7572	      0.0000
   1168.7951	      0.0000
   1168.8330	      0.0000
   1168.8709	      0.0000
   1168.9088	    934.3629
   1168.9467	   1753.8589
   1168.9846	   2171.5298
   1169.0225	   1865.9198
   1169.0604	   1067.0823
   1169.0983	      0.0000
   1169.1363	      0.0000
   1169.1742	      0.0000
   1169.2121	      0.0000
   1174.2340	      0.0000
   1174.2721	      0.0000
   1174.3103	      0.0000
   1174.3485	      0.0000
   1174.3866	    737.0573
   1174.4248	   1890.1648
   1174.4630	   4123.7505
   1174.5012	   5310.2173
   1174.5393	   3898.0940
   1174.5775	   1832.1250
   1174.6157	    701.4022
   1174.6539	      0.0000
   1174.6921	      0.0000
   1174.7303	      0.0000
   1174.7685	      0.0000
   1174.8067	      0.0000
   1174.8449	    583.1990
   1174.8831	   1526.3872
   1174.9213	   4207.5923
   1174.9595	   6957.5244
   1174.9977	   7880.6543
   1175.0359	   5378.2642
   1175.0741	   2600.1394
   1175.1123	     82.8988
   1175.1684	      0.0000
   1175.2067	      0.0000
   1175.2449	      0.0000
   1175.2831	      0.0000
   1175.3213	      0.0000
   1175.3595	   1041.1018
   1175.3977	   3278.7764
   1175.4360	   8629.6387
   1175.4742	  14489.7646
   1175.5124	  17978.8828
   1175.5506	  13520.1367
   1175.5889	   7663.2568
   1175.6271	   1611.1234
   1175.6653	      0.0000
   1175.6999	      0.0000
   1175.7381	      0.0000
   1175.7764	      0.0000
   1175.8146	      0.0000
   1175.8528	    969.0728
   1175.8911	   2728.3469
   1175.9293	   8980.6016
   1175.9676	  16572.9902
   1176.0058	  23122.6875
   1176.0441	  19743.2539
   1176.0824	  11557.5605
   1176.1206	   3461.5105
   1176.1589	      0.0000
   1176.2058	      0.0000
   1176.2441	      0.0000
   1176.2824	      0.0000
   1176.3206	   1143.4832
   1176.3589	   1945.4934
   1176.3972	   4316.8550
   1176.4354	  11254.7295
   1176.4737	  19179.2324
   1176.5120	  24897.6992
   1176.5503	  19700.9883
   1176.5885	  11353.5508
   1176.6268	   2733.1489
   1176.6651	      0.0000
   1176.6804	      0.0000
   1176.7187	      0.0000
   1176.7570	      0.0000
   1176.7953	      0.0000
   1176.8336	      0.0000
   1176.8719	   1033.8511
   1176.9102	   3570.1838
   1176.9485	   6547.4893
   1176.9868	   8251.5225
   1177.0251	   6623.6729
   1177.0634	   3829.0151
   1177.1017	    757.3220
   1177.1400	      0.0000
   1177.1783	      0.0000
   1177.2166	      0.0000
   1177.2550	      0.0000
   1177.2933	      0.0000
   1177.3316	      0.0000
   1177.3699	    685.4711
   1177.4082	   2185.6533
   1177.4465	   4239.8706
   1177.4849	   6015.4692
   1177.5232	   5295.8999
   1177.5615	   3158.9763
   1177.5999	   1011.8688
   1177.6382	      0.0000
   1177.6765	      0.0000
   1177.7149	      0.0000
   1177.7532	      0.0000
   1178.2518	      0.0000
   1178.2901	      0.0000
   1178.3285	      0.0000
   1178.3668	      0.0000
   1178.4052	   1042.2087
   1178.4436	   1831.4552
   1178.4820	   2111.2234
   1178.5203	   1711.8007
   1178.5587	    950.0298
   1178.5972	      0.0000
   1178.6356	      0.0000
   1178.6740	      0.0000
   1178.7123	      0.0000
   1241.2037	      0.0000
   1241.2452	      0.0000
   1241.2867	      0.0000
   1241.3281	      0.0000
   1241.3696	    599.7361
   1241.4111	   1995.7023
   1241.4526	   4387.8823
   1241.4941	   6746.1191
   1241.5356	   6585.9272
   1241.5771	   4114.9297
   1241.6186	   1810.6196
   1241.6601	    561.1557
   1241.7016	      0.0000
   1241.7431	      0.0000
   1241.7846	      0.0000
   1241.8261	      0.0000
   1241.8676	      0.0000
   1241.9091	   1162.6963
   1241.9506	   2158.3542
   1241.9922	   2907.7932
   1242.0337	   2933.3982
   1242.0752	   2177.5447
   1242.1167	   1107.5995
   1242.1582	      0.0000
   1242.1998	      0.0000
   1242.2413	      0.0000
   1242.2828	      0.0000
   1242.3244	      0.0000
   1242.3659	      0.0000
   1242.4074	      0.0000
   1242.4490	   1530.1398
   1242.4905	   2496.4229
   1242.5321	   2836.8384
   1242.5736	   2317.2756
   1242.6151	   1312.5867
   1242.6567	      0.0000
   1242.6983	      0.0000
   1242.7398	      0.0000
   1242.7814	      0.0000
   1242.8229	      0.0000
   1242.8645	      0.0000
   1242.9060	      0.0000
   1242.9476	   1361.8433
   1242.9892	   2033.4836
   1243.0307	   2183.9343
   1243.0723	   1740.3566
   1243.1139	   1007.3539
   1243.1555	      0.0000
   1243.1970	      0.0000
   1243.2386	      0.0000
   1243.2802	      0.0000
   1248.2015	      0.0000
   1248.2433	      0.0000
   1248.2851	      0.0000
   1248.3270	      0.0000
   1248.3688	    529.1179
   1248.4106	   2114.7112
   1248.4525	   4445.1890
   1248.4943	   6949.9185
   1248.5362	   7389.4229
   1248.5780	   4764.4038
   1248.6199	   2165.0242
   1248.6617	    163.3402
   1248.7036	      0.0000
   1248.7454	      0.0000
   1248.7873	      0.0000
   1248.8291	      0.0000
   1248.8710	    630.0857
   1248.9129	   2061.9465
   1248.9547	   4411.8384
   1248.9966	   6955.0610
   1249.0385	   6866.2178
   1249.0803	   4219.9146
   1249.1222	   1794.7036
   1249.1641	    753.5592
   1249.2060	      0.0000
   1249.2479	      0.0000
   1249.2897	      0.0000
   1249.3316	      0.0000
   1249.3735	      0.0000
   1249.4154	    822.3449
   1249.4573	   1677.1493
   1249.4992	   2265.8757
   1249.5411	   2183.9238
   1249.5830	   1480.6893
   1249.6249	      0.0000
   1249.6668	      0.0000
   1249.7087	      0.0000
   1249.7506	      0.0000
   1255.2586	      0.0000
   1255.3008	      0.0000
   1255.3430	      0.0000
   1255.3851	      0.0000
   1255.4273	   1207.4622
   1255.4695	   1972.4933
   1255.5117	   2237.9482
   1255.5539	   1816.9255
   1255.5961	   1006.6075
   1255.6383	      0.0000
   1255.6805	      0.0000
   1255.7227	      0.0000
   1255.7649	      0.0000
   1256.2294	      0.0000
   1256.2716	      0.0000
   1256.3139	      0.0000
   1256.3561	      0.0000
   1256.3983	    756.6224
   1256.4406	   2500.7405
   1256.4828	   4703.5669
   1256.5251	   6374.5361
   1256.5673	   4740.4741
   1256.6096	   2347.8843
   1256.6518	    179.4251
   1256.6941	      0.0000
   1256.7363	      0.0000
   1256.7786	      0.0000
   1256.8209	      0.0000
   1256.8631	      0.0000
   1256.9054	   1088.8938
   1256.9477	   3862.8281
   1256.9899	   6401.5664
   1257.0322	   7388.9399
   1257.0745	   5066.6821
   1257.1168	   2554.0801
   1257.1590	    353.9580
   1257.2013	      0.0000
   1257.2436	      0.0000
   1257.2859	      0.0000
   1257.3282	      0.0000
   1257.3705	    835.8774
   1257.4128	   2275.1438
   1257.4551	   4835.6826
   1257.4974	   7617.3828
   1257.5397	   7407.6108
   1257.5820	   4663.2695
   1257.6243	   2118.7883
   1257.6666	    629.7086
   1257.7089	      0.0000
   1257.7512	      0.0000
   1257.7935	      0.0000
   1257.8358	      0.0000
   2904.0699	      0.0000
   2904.2184	      0.0000
   2904.3668	      0.0000
   2904.5153	      0.0000
