# ljz_20131022_MR_Chym1_ELUTE.mzML
#
# index: 7361
# id: controllerType=0 controllerNumber=1 scan=19540
# scanNumber: 19540
# massAnalyzerType: quadrupole
# scanEvent: 2
# msLevel: 2
# retentionTime: 4984.12
# filterString: FTMS + p NSI d Full ms2 456.75@hcd28.00 [100.00-950.00]
# mzLow: 99.0036
# mzHigh: 959.668
# basePeakMZ: 207.113
# basePeakIntensity: 158975
# totalIonCurrent: 658089
# precursorCount: 1
# precursor 0: 456.753 914585
# binary (940): 
     99.0036	      0.0000
     99.0045	      0.0000
     99.0054	      0.0000
     99.0064	      0.0000
    103.0489	      0.0000
    103.0499	      0.0000
    103.0509	      0.0000
    103.0519	      0.0000
    103.0529	    494.3609
    103.0539	    956.9329
    103.0549	   1207.9943
    103.0559	   1048.0610
    103.0569	    591.5318
    103.0578	      0.0000
    103.0588	      0.0000
    103.0598	      0.0000
    103.0608	      0.0000
    110.0648	      0.0000
    110.0659	      0.0000
    110.0670	      0.0000
    110.0681	      0.0000
    110.0692	    414.2616
    110.0703	    833.1987
    110.0714	   1096.6892
    110.0725	    998.2775
    110.0736	    596.2674
    110.0747	      0.0000
    110.0758	      0.0000
    110.0768	      0.0000
    110.0779	      0.0000
    112.0800	      0.0000
    112.0811	      0.0000
    112.0823	      0.0000
    112.0834	      0.0000
    112.0845	    551.3038
    112.0856	   1203.1084
    112.0868	   1781.4904
    112.0879	   1911.5143
    112.0890	   1511.0686
    112.0902	    857.5643
    112.0913	    317.6838
    112.0924	      0.0000
    112.0935	      0.0000
    112.0946	      0.0000
    112.0958	      0.0000
    115.0295	      0.0000
    115.0307	      0.0000
    115.0319	      0.0000
    115.0330	      0.0000
    115.0342	    407.9104
    115.0354	    889.0078
    115.0366	   1228.4926
    115.0377	   1189.7009
    115.0389	    816.5861
    115.0401	    366.9194
    115.0413	      0.0000
    115.0425	      0.0000
    115.0437	      0.0000
    115.0448	      0.0000
    120.0693	      0.0000
    120.0705	      0.0000
    120.0718	      0.0000
    120.0730	      0.0000
    120.0743	    743.2069
    120.0755	   1187.3254
    120.0768	   3225.5068
    120.0780	  10548.2363
    120.0793	  23485.9336
    120.0805	  37538.3867
    120.0818	  40697.7617
    120.0830	  27481.2344
    120.0843	  14033.1807
    120.0855	   3626.7651
    120.0868	    663.0290
    120.0879	      0.0000
    120.0891	      0.0000
    120.0904	      0.0000
    120.0916	      0.0000
    121.0763	      0.0000
    121.0776	      0.0000
    121.0788	      0.0000
    121.0801	      0.0000
    121.0814	    330.3926
    121.0826	   1223.9083
    121.0839	   2255.0405
    121.0852	   3988.6846
    121.0864	   2670.6494
    121.0877	   1328.6910
    121.0889	    560.8992
    121.0901	      0.0000
    121.0914	      0.0000
    121.0926	      0.0000
    121.0939	      0.0000
    133.0927	      0.0000
    133.0942	      0.0000
    133.0957	      0.0000
    133.0971	      0.0000
    133.0986	    589.4264
    133.1000	    941.3959
    133.1015	   1076.2543
    133.1029	    900.0417
    133.1044	    532.1729
    133.1059	      0.0000
    133.1074	      0.0000
    133.1088	      0.0000
    133.1103	      0.0000
    136.0647	      0.0000
    136.0662	      0.0000
    136.0678	      0.0000
    136.0693	      0.0000
    136.0708	    346.7837
    136.0723	   1754.0553
    136.0738	   4109.7866
    136.0753	   6634.1060
    136.0768	   6858.4565
    136.0783	   4329.1436
    136.0798	   1909.1877
    136.0813	    287.9705
    136.0831	      0.0000
    136.0846	      0.0000
    136.0861	      0.0000
    136.0876	      0.0000
    144.0692	      0.0000
    144.0708	      0.0000
    144.0724	      0.0000
    144.0741	      0.0000
    144.0757	    610.9302
    144.0774	   2029.0798
    144.0790	   4333.5542
    144.0806	   6790.7603
    144.0823	   6782.6758
    144.0839	   4167.4971
    144.0856	   1756.3352
    144.0872	    133.9436
    144.0885	      0.0000
    144.0901	      0.0000
    144.0917	      0.0000
    144.0934	      0.0000
    162.0745	      0.0000
    162.0764	      0.0000
    162.0784	      0.0000
    162.0804	      0.0000
    162.0823	    274.4720
    162.0843	    904.6248
    162.0862	   3615.6655
    162.0882	   8806.9648
    162.0901	  14456.3994
    162.0921	  16510.2832
    162.0941	  11522.7988
    162.0960	   6112.7729
    162.0980	   1615.3180
    162.0999	    150.6429
    162.1019	      0.0000
    162.1038	      0.0000
    162.1058	      0.0000
    162.1077	      0.0000
    163.0812	      0.0000
    163.0832	      0.0000
    163.0851	      0.0000
    163.0871	      0.0000
    163.0891	    294.4838
    163.0911	    796.3219
    163.0930	   1310.5448
    163.0950	   1483.0391
    163.0970	   1184.3772
    163.0990	    626.2474
    163.1014	      0.0000
    163.1034	      0.0000
    163.1054	      0.0000
    163.1074	      0.0000
    165.0390	      0.0000
    165.0410	      0.0000
    165.0430	      0.0000
    165.0450	      0.0000
    165.0470	    501.4289
    165.0491	   1274.9967
    165.0511	   3628.9036
    165.0531	   6204.6426
    165.0551	   8110.7456
    165.0571	   6450.8579
    165.0591	   3728.2068
    165.0611	   1170.4423
    165.0631	      0.0000
    165.0653	      0.0000
    165.0673	      0.0000
    165.0693	      0.0000
    165.0713	      0.0000
    182.0638	      0.0000
    182.0661	      0.0000
    182.0684	      0.0000
    182.0708	      0.0000
    182.0731	    483.5284
    182.0754	   1721.7140
    182.0778	   4389.6504
    182.0801	   7322.5054
    182.0824	   8900.2695
    182.0848	   6567.4502
    182.0871	   3649.3787
    182.0894	    978.2454
    182.0917	     48.0825
    182.0936	      0.0000
    182.0959	      0.0000
    182.0983	      0.0000
    182.1006	      0.0000
    207.0781	      0.0000
    207.0810	      0.0000
    207.0838	      0.0000
    207.0866	      0.0000
    207.0895	      0.0000
    207.0923	      0.0000
    207.0951	      0.0000
    207.0984	   4019.6387
    207.1012	   6238.4536
    207.1040	  16929.3633
    207.1068	  53603.1484
    207.1097	 104137.2422
    207.1125	 155338.3906
    207.1153	 146079.4844
    207.1181	  91301.7656
    207.1210	  40522.3984
    207.1238	   9892.2246
    207.1266	   2674.6455
    207.1290	   3088.3030
    207.1319	   2621.3159
    207.1347	   1770.7814
    207.1375	    159.6961
    207.1408	      0.0000
    207.1436	      0.0000
    207.1464	      0.0000
    207.1492	      0.0000
    208.0913	      0.0000
    208.0942	      0.0000
    208.0970	      0.0000
    208.0999	      0.0000
    208.1027	    205.5262
    208.1056	   1047.8325
    208.1084	   3518.3999
    208.1113	  10164.8975
    208.1141	  17382.4746
    208.1170	  22529.4238
    208.1198	  17477.0898
    208.1227	  10095.1445
    208.1255	   3060.0420
    208.1284	    303.4691
    208.1309	      0.0000
    208.1337	      0.0000
    208.1366	      0.0000
    208.1394	      0.0000
    228.1131	      0.0000
    228.1164	      0.0000
    228.1197	      0.0000
    228.1230	      0.0000
    228.1262	    385.7554
    228.1295	   1044.9998
    228.1328	   1665.7158
    228.1360	   1782.9364
    228.1393	   1312.6846
    228.1426	    627.7178
    228.1458	      0.0000
    228.1491	      0.0000
    228.1523	      0.0000
    228.1556	      0.0000
    233.1392	      0.0000
    233.1425	      0.0000
    233.1459	      0.0000
    233.1493	      0.0000
    233.1527	    255.8366
    233.1560	    808.7120
    233.1594	   2526.7659
    233.1628	   4206.8184
    233.1662	   4981.2920
    233.1696	   3558.4827
    233.1729	   1884.4786
    233.1763	    660.0362
    233.1799	      0.0000
    233.1833	      0.0000
    233.1867	      0.0000
    233.1901	      0.0000
    235.0795	      0.0000
    235.0829	      0.0000
    235.0863	      0.0000
    235.0897	      0.0000
    235.0932	    677.8814
    235.0966	   2164.8242
    235.1000	   7650.4409
    235.1034	  15550.4932
    235.1068	  23802.1387
    235.1103	  23310.0020
    235.1137	  14832.1055
    235.1171	   6867.2974
    235.1205	   1687.2085
    235.1239	    418.8714
    235.1271	      0.0000
    235.1305	      0.0000
    235.1339	      0.0000
    235.1373	      0.0000
    236.0876	      0.0000
    236.0910	      0.0000
    236.0945	      0.0000
    236.0979	      0.0000
    236.1013	    282.2499
    236.1048	    848.3699
    236.1082	   1427.3020
    236.1117	   1635.1213
    236.1151	   1297.0795
    236.1186	    659.6187
    236.1220	      0.0000
    236.1254	      0.0000
    236.1289	      0.0000
    236.1323	      0.0000
    237.0782	      0.0000
    237.0817	      0.0000
    237.0851	      0.0000
    237.0886	      0.0000
    237.0921	    395.3049
    237.0955	    862.3589
    237.0990	   1053.8201
    237.1024	    802.8924
    237.1059	    329.8333
    237.1094	      0.0000
    237.1128	      0.0000
    237.1163	      0.0000
    237.1198	      0.0000
    239.0642	      0.0000
    239.0677	      0.0000
    239.0712	      0.0000
    239.0748	      0.0000
    239.0783	    236.2507
    239.0818	    861.4305
    239.0853	   1778.6730
    239.0888	   2411.8328
    239.0923	   2274.0593
    239.0958	   1474.6777
    239.0993	    626.4696
    239.1035	      0.0000
    239.1070	      0.0000
    239.1105	      0.0000
    239.1140	      0.0000
    239.1350	      0.0000
    239.1386	      0.0000
    239.1421	      0.0000
    239.1456	      0.0000
    239.1491	    727.9855
    239.1526	   2126.3892
    239.1561	   5337.4863
    239.1596	   8873.2393
    239.1631	  10883.3623
    239.1666	   8035.1245
    239.1701	   4465.7002
    239.1736	   1243.1458
    239.1771	     17.5373
    239.1800	      0.0000
    239.1835	      0.0000
    239.1870	      0.0000
    239.1905	      0.0000
    240.1407	      0.0000
    240.1443	      0.0000
    240.1478	      0.0000
    240.1513	      0.0000
    240.1548	    296.3815
    240.1584	    837.0363
    240.1619	   1497.1458
    240.1654	   1905.9526
    240.1690	   1778.0494
    240.1725	   1197.2018
    240.1760	    548.6176
    240.1793	      0.0000
    240.1828	      0.0000
    240.1863	      0.0000
    240.1899	      0.0000
    254.0952	      0.0000
    254.0990	      0.0000
    254.1029	      0.0000
    254.1067	      0.0000
    254.1105	    338.1774
    254.1144	   1719.1438
    254.1182	   4199.4521
    254.1221	   6907.6489
    254.1259	   7660.4395
    254.1298	   5250.3105
    254.1336	   2738.6802
    254.1374	    799.4205
    254.1413	    413.4372
    254.1455	      0.0000
    254.1494	      0.0000
    254.1532	      0.0000
    254.1570	      0.0000
    271.1188	      0.0000
    271.1231	      0.0000
    271.1273	      0.0000
    271.1315	      0.0000
    271.1358	    467.1196
    271.1400	    808.6671
    271.1442	   2594.9771
    271.1485	   4508.9531
    271.1527	   5251.1479
    271.1569	   3502.2178
    271.1612	   1619.3206
    271.1654	    140.7266
    271.1699	      0.0000
    271.1742	      0.0000
    271.1784	      0.0000
    271.1826	      0.0000
    325.1801	      0.0000
    325.1856	      0.0000
    325.1912	      0.0000
    325.1967	      0.0000
    325.2023	    762.3937
    325.2079	   1488.2880
    325.2134	   1862.9154
    325.2190	   1602.0146
    325.2246	    930.0083
    325.2301	    319.6739
    325.2358	      0.0000
    325.2414	      0.0000
    325.2469	      0.0000
    325.2525	      0.0000
    350.1486	      0.0000
    350.1548	      0.0000
    350.1610	      0.0000
    350.1672	      0.0000
    350.1735	    568.8329
    350.1797	    920.8408
    350.1859	   1039.0209
    350.1921	    900.8297
    350.1983	    619.4320
    350.2045	      0.0000
    350.2108	      0.0000
    350.2170	      0.0000
    350.2232	      0.0000
    352.1772	      0.0000
    352.1835	      0.0000
    352.1897	      0.0000
    352.1960	      0.0000
    352.2023	    362.1162
    352.2086	    994.5396
    352.2148	   1565.4246
    352.2211	   1667.5142
    352.2274	   1219.6196
    352.2336	    583.4172
    352.2399	      0.0000
    352.2462	      0.0000
    352.2524	      0.0000
    352.2587	      0.0000
    356.1984	      0.0000
    356.2048	      0.0000
    356.2111	      0.0000
    356.2175	      0.0000
    356.2239	    692.6656
    356.2303	   1672.7258
    356.2366	   3638.6934
    356.2430	   3751.6499
    356.2494	   2328.0078
    356.2558	   1024.5389
    356.2622	    364.4119
    356.2698	      0.0000
    356.2762	      0.0000
    356.2826	      0.0000
    356.2890	      0.0000
    367.1590	      0.0000
    367.1657	      0.0000
    367.1724	      0.0000
    367.1790	      0.0000
    367.1857	    614.2703
    367.1924	   2529.2915
    367.1991	   5727.9150
    367.2057	   9191.0322
    367.2124	   9590.0732
    367.2191	   6176.1821
    367.2258	   2873.4099
    367.2324	    503.3756
    367.2386	      0.0000
    367.2453	      0.0000
    367.2519	      0.0000
    367.2586	      0.0000
    384.1776	      0.0000
    384.1848	      0.0000
    384.1919	      0.0000
    384.1991	      0.0000
    384.2062	    689.4854
    384.2133	   2187.1008
    384.2205	   6843.0239
    384.2276	  12318.8584
    384.2348	  17015.9512
    384.2419	  14240.1309
    384.2491	   8478.0186
    384.2562	   3140.6560
    384.2634	    724.6142
    384.2699	      0.0000
    384.2770	      0.0000
    384.2841	      0.0000
    384.2913	      0.0000
    385.1932	      0.0000
    385.2004	      0.0000
    385.2076	      0.0000
    385.2148	      0.0000
    385.2219	    806.6313
    385.2291	   1544.5936
    385.2363	   1990.5814
    385.2434	   1827.6053
    385.2506	   1180.6451
    385.2578	    494.5920
    385.2651	      0.0000
    385.2723	      0.0000
    385.2795	      0.0000
    385.2866	      0.0000
    402.1933	      0.0000
    402.2010	      0.0000
    402.2087	      0.0000
    402.2163	      0.0000
    402.2240	    303.2142
    402.2316	   1014.7289
    402.2393	   1958.8518
    402.2469	   3804.0610
    402.2546	   3231.9907
    402.2622	   1575.8730
    402.2699	    751.0276
    402.2775	      0.0000
    402.2852	      0.0000
    402.2928	      0.0000
    402.3005	      0.0000
    415.7552	      0.0000
    415.7632	      0.0000
    415.7713	      0.0000
    415.7793	      0.0000
    415.7873	    309.0587
    415.7954	    869.7305
    415.8034	   1243.2026
    415.8115	   1117.2362
    415.8195	    611.7631
    415.8277	      0.0000
    415.8358	      0.0000
    415.8438	      0.0000
    415.8519	      0.0000
    428.0005	      0.0000
    428.0089	      0.0000
    428.0173	      0.0000
    428.0257	      0.0000
    428.0341	    323.8880
    428.0425	    893.5068
    428.0509	   1534.5754
    428.0593	   1830.0479
    428.0677	   1546.6990
    428.0761	    887.5049
    428.0845	    289.5003
    428.0929	      0.0000
    428.1013	      0.0000
    428.1097	      0.0000
    428.1181	      0.0000
    434.1810	      0.0000
    434.1896	      0.0000
    434.1982	      0.0000
    434.2067	      0.0000
    434.2153	    601.0300
    434.2239	   1364.8695
    434.2325	   2100.7358
    434.2411	   2251.8367
    434.2497	   1682.6150
    434.2582	    819.7029
    434.2668	      0.0000
    434.2754	      0.0000
    434.2840	      0.0000
    434.2926	      0.0000
    435.2126	      0.0000
    435.2212	      0.0000
    435.2298	      0.0000
    435.2384	      0.0000
    435.2471	    619.8079
    435.2557	   1003.4832
    435.2643	   1236.2266
    435.2729	   1162.4749
    435.2815	    799.6273
    435.2901	      0.0000
    435.2987	      0.0000
    435.3073	      0.0000
    435.3160	      0.0000
    439.7781	      0.0000
    439.7869	      0.0000
    439.7956	      0.0000
    439.8044	      0.0000
    439.8131	    619.4660
    439.8219	   1994.2019
    439.8306	   4156.6143
    439.8394	   6466.6782
    439.8481	   6530.1431
    439.8569	   4273.1499
    439.8656	   2105.5811
    439.8744	    606.8148
    439.8831	      0.0000
    439.8919	      0.0000
    439.9006	      0.0000
    439.9094	      0.0000
    451.2021	      0.0000
    451.2112	      0.0000
    451.2202	      0.0000
    451.2293	      0.0000
    451.2384	    704.3520
    451.2475	   2331.6755
    451.2566	   4243.6201
    451.2657	   5839.1025
    451.2748	   4763.1636
    451.2839	   2747.5588
    451.2930	    829.7633
    451.3021	      0.0000
    451.3112	      0.0000
    451.3203	      0.0000
    451.3294	      0.0000
    455.2473	      0.0000
    455.2565	      0.0000
    455.2657	      0.0000
    455.2749	      0.0000
    455.2841	    589.9686
    455.2933	   1068.9346
    455.3026	   1322.1509
    455.3118	   1178.4573
    455.3210	    753.3663
    455.3302	      0.0000
    455.3394	      0.0000
    455.3486	      0.0000
    455.3579	      0.0000
    455.9852	      0.0000
    455.9945	      0.0000
    456.0037	      0.0000
    456.0130	      0.0000
    456.0222	    591.7359
    456.0314	   1522.3442
    456.0407	   3694.8071
    456.0499	   6049.4180
    456.0591	   6325.9951
    456.0684	   4077.2217
    456.0776	   1927.9054
    456.0869	    408.2861
    456.0961	    602.5430
    456.1053	    868.7614
    456.1146	   1022.8360
    456.1238	    861.4491
    456.1331	    523.0087
    456.1423	      0.0000
    456.1515	      0.0000
    456.1608	      0.0000
    456.1700	      0.0000
    456.9844	      0.0000
    456.9936	      0.0000
    457.0029	      0.0000
    457.0122	      0.0000
    457.0214	    414.0592
    457.0307	   1210.4751
    457.0400	   2780.4253
    457.0492	   4453.6865
    457.0585	   4711.2280
    457.0678	   3028.8000
    457.0770	   1417.0017
    457.0863	    649.2277
    457.0958	      0.0000
    457.1051	      0.0000
    457.1143	      0.0000
    457.1236	      0.0000
    469.2539	      0.0000
    469.2635	      0.0000
    469.2732	      0.0000
    469.2828	      0.0000
    469.2925	    365.2366
    469.3021	   1085.2192
    469.3117	   2790.8667
    469.3214	   4155.3296
    469.3310	   3781.1262
    469.3407	   2277.8792
    469.3503	    840.3932
    469.3600	      0.0000
    469.3696	      0.0000
    469.3793	      0.0000
    469.3889	      0.0000
    497.2417	      0.0000
    497.2522	      0.0000
    497.2628	      0.0000
    497.2733	      0.0000
    497.2838	    319.4668
    497.2943	   1012.1260
    497.3048	   2781.3052
    497.3153	   4246.1440
    497.3259	   4129.1714
    497.3364	   2562.0254
    497.3469	   1022.7560
    497.3574	    355.3007
    497.3679	      0.0000
    497.3785	      0.0000
    497.3890	      0.0000
    497.3995	      0.0000
    498.2424	      0.0000
    498.2529	      0.0000
    498.2635	      0.0000
    498.2740	      0.0000
    498.2846	    581.9331
    498.2951	    917.7991
    498.3057	   1138.9584
    498.3162	   1150.0166
    498.3268	    930.5091
    498.3373	    575.8226
    498.3481	      0.0000
    498.3587	      0.0000
    498.3692	      0.0000
    498.3798	      0.0000
    515.2602	      0.0000
    515.2713	      0.0000
    515.2824	      0.0000
    515.2935	      0.0000
    515.3046	    774.1208
    515.3157	   1540.2035
    515.3268	   2065.3811
    515.3379	   1951.4928
    515.3490	   1285.6178
    515.3601	    542.0052
    515.3712	      0.0000
    515.3823	      0.0000
    515.3934	      0.0000
    515.4045	      0.0000
    516.2601	      0.0000
    516.2713	      0.0000
    516.2824	      0.0000
    516.2935	      0.0000
    516.3046	    584.5082
    516.3158	    962.1745
    516.3269	   1112.1274
    516.3380	    960.1661
    516.3492	    607.4370
    516.3603	      0.0000
    516.3714	      0.0000
    516.3826	      0.0000
    516.3937	      0.0000
    548.2007	      0.0000
    548.2129	      0.0000
    548.2250	      0.0000
    548.2372	      0.0000
    548.2494	    308.3802
    548.2616	    909.4337
    548.2738	   1622.9508
    548.2859	   1938.2043
    548.2981	   1595.0469
    548.3103	    853.6931
    548.3225	    231.2910
    548.3347	      0.0000
    548.3469	      0.0000
    548.3590	      0.0000
    548.3712	      0.0000
    559.1991	      0.0000
    559.2116	      0.0000
    559.2242	      0.0000
    559.2367	      0.0000
    559.2493	    667.6396
    559.2618	    973.4540
    559.2744	   1078.1461
    559.2869	    917.8831
    559.2995	    576.6786
    559.3140	      0.0000
    559.3265	      0.0000
    559.3390	      0.0000
    559.3516	      0.0000
    565.1942	      0.0000
    565.2069	      0.0000
    565.2197	      0.0000
    565.2324	      0.0000
    565.2452	    841.4854
    565.2579	   1689.0734
    565.2707	   5041.5981
    565.2834	  15658.8291
    565.2962	  28491.0137
    565.3089	  39762.5391
    565.3217	  33735.8164
    565.3344	  20160.8633
    565.3472	   7497.7075
    565.3599	   1557.6487
    565.3727	    237.7885
    565.3835	      0.0000
    565.3962	      0.0000
    565.4090	      0.0000
    565.4217	      0.0000
    566.0855	      0.0000
    566.0982	      0.0000
    566.1110	      0.0000
    566.1238	      0.0000
    566.1366	    587.0558
    566.1494	    930.2968
    566.1621	   1046.6110
    566.1749	    848.5302
    566.1877	    448.7811
    566.2049	      0.0000
    566.2177	      0.0000
    566.2304	      0.0000
    566.2432	      0.0000
    566.2560	    338.4989
    566.2688	   1039.6609
    566.2816	   2943.1931
    566.2943	   5860.9810
    566.3071	   8990.4424
    566.3199	   8946.9756
    566.3327	   5654.6851
    566.3455	   2519.6792
    566.3583	    382.5404
    566.3667	      0.0000
    566.3794	      0.0000
    566.3922	      0.0000
    566.4050	      0.0000
    601.2281	      0.0000
    601.2421	      0.0000
    601.2561	      0.0000
    601.2701	      0.0000
    601.2840	    709.0704
    601.2980	   1091.9901
    601.3120	   1182.3546
    601.3260	    905.4109
    601.3400	    451.5020
    601.3573	      0.0000
    601.3712	      0.0000
    601.3852	      0.0000
    601.3992	      0.0000
    618.2235	      0.0000
    618.2381	      0.0000
    618.2527	      0.0000
    618.2673	      0.0000
    618.2818	    682.7162
    618.2964	   2303.3257
    618.3110	   5902.8809
    618.3256	   9833.6699
    618.3402	  12145.4502
    618.3548	   9107.8896
    618.3693	   5123.0293
    618.3839	   1406.6653
    618.3985	      0.0000
    618.4099	      0.0000
    618.4244	      0.0000
    618.4390	      0.0000
    618.4536	      0.0000
    619.2422	      0.0000
    619.2568	      0.0000
    619.2714	      0.0000
    619.2860	      0.0000
    619.3006	    643.6915
    619.3153	   1403.9769
    619.3299	   1906.5502
    619.3445	   1740.8877
    619.3591	   1042.9690
    619.3737	    354.2369
    619.3884	      0.0000
    619.4030	      0.0000
    619.4176	      0.0000
    619.4323	      0.0000
    661.2569	      0.0000
    661.2730	      0.0000
    661.2891	      0.0000
    661.3052	      0.0000
    661.3214	    558.9781
    661.3375	   1294.3986
    661.3536	   2011.4037
    661.3698	   2195.5276
    661.3859	   1705.8016
    661.4020	    907.2621
    661.4182	    302.2397
    661.4344	      0.0000
    661.4505	      0.0000
    661.4666	      0.0000
    661.4828	      0.0000
    678.1882	      0.0000
    678.2049	      0.0000
    678.2217	      0.0000
    678.2384	      0.0000
    678.2552	      0.0000
    678.2719	      0.0000
    678.2887	      0.0000
    678.3096	   2560.1096
    678.3264	   5128.1143
    678.3431	  13839.5146
    678.3599	  40518.4102
    678.3766	  72622.3516
    678.3934	 100630.4922
    678.4102	  84838.7266
    678.4269	  50620.4922
    678.4437	  18502.1035
    678.4605	   3420.7195
    678.4772	    630.5364
    678.4898	      0.0000
    678.5066	      0.0000
    678.5233	      0.0000
    678.5401	      0.0000
    678.5599	      0.0000
    678.5767	      0.0000
    678.5934	      0.0000
    678.6102	      0.0000
    679.2478	      0.0000
    679.2646	      0.0000
    679.2814	      0.0000
    679.2982	      0.0000
    679.3150	    840.6940
    679.3318	   2323.1882
    679.3486	   7122.3018
    679.3654	  16889.3125
    679.3822	  27641.5898
    679.3990	  32291.7344
    679.4158	  23019.8789
    679.4326	  12477.8770
    679.4494	   3318.6121
    679.4662	    301.0609
    679.4800	      0.0000
    679.4968	      0.0000
    679.5136	      0.0000
    679.5304	      0.0000
    680.2703	      0.0000
    680.2871	      0.0000
    680.3039	      0.0000
    680.3207	      0.0000
    680.3376	    748.6625
    680.3544	   2648.9351
    680.3712	   4773.1313
    680.3881	   6681.7446
    680.4049	   5890.8564
    680.4217	   3587.8928
    680.4386	   1455.4888
    680.4554	    507.2402
    680.4724	      0.0000
    680.4892	      0.0000
    680.5061	      0.0000
    680.5229	      0.0000
    825.2986	      0.0000
    825.3211	      0.0000
    825.3436	      0.0000
    825.3661	      0.0000
    825.3886	    469.2883
    825.4111	   1322.6405
    825.4336	   3201.1890
    825.4561	   4518.8110
    825.4786	   3735.4666
    825.5011	   2107.0657
    825.5236	    701.4952
    825.5461	      0.0000
    825.5686	      0.0000
    825.5911	      0.0000
    825.6136	      0.0000
    959.5838	      0.0000
    959.6120	      0.0000
    959.6402	      0.0000
    959.6684	      0.0000
