# ljz_20131022_MR_Chym1_ELUTE.mzML
#
# index: 1769
# id: controllerType=0 controllerNumber=1 scan=7141
# scanNumber: 7141
# massAnalyzerType: quadrupole
# scanEvent: 2
# msLevel: 2
# retentionTime: 2003.68
# filterString: FTMS + p NSI d Full ms2 801.32@hcd28.00 [100.00-2475.00]
# mzLow: 99.0035
# mzHigh: 2500.42
# basePeakMZ: 138.055
# basePeakIntensity: 110403
# totalIonCurrent: 927517
# precursorCount: 1
# precursor 0: 800.989 1.29108e+006
# binary (1005): 
     99.0035	      0.0000
     99.0045	      0.0000
     99.0054	      0.0000
     99.0063	      0.0000
    109.0219	      0.0000
    109.0230	      0.0000
    109.0241	      0.0000
    109.0252	      0.0000
    109.0262	    655.9648
    109.0273	   1400.0050
    109.0284	   2043.4729
    109.0295	   2189.9905
    109.0306	   1744.7577
    109.0316	   1003.3157
    109.0327	    381.1257
    109.0338	      0.0000
    109.0349	      0.0000
    109.0359	      0.0000
    109.0370	      0.0000
    111.0373	      0.0000
    111.0384	      0.0000
    111.0395	      0.0000
    111.0406	      0.0000
    111.0417	    868.0833
    111.0428	   1183.4736
    111.0439	   1297.2776
    111.0450	   1073.0575
    111.0461	    593.6157
    111.0472	      0.0000
    111.0483	      0.0000
    111.0494	      0.0000
    111.0505	      0.0000
    115.0295	      0.0000
    115.0307	      0.0000
    115.0319	      0.0000
    115.0330	      0.0000
    115.0342	    212.9518
    115.0354	    999.1017
    115.0365	   3938.1179
    115.0377	   8259.9648
    115.0389	  12858.8125
    115.0400	  12851.8486
    115.0412	   8242.5537
    115.0424	   3934.6284
    115.0436	   1030.4312
    115.0447	    187.7496
    115.0459	      0.0000
    115.0470	      0.0000
    115.0482	      0.0000
    115.0494	      0.0000
    122.2422	      0.0000
    122.2435	      0.0000
    122.2448	      0.0000
    122.2461	      0.0000
    122.2473	    442.6747
    122.2486	   1072.7643
    122.2499	   1526.9167
    122.2512	   1451.1342
    122.2525	    915.6693
    122.2536	      0.0000
    122.2548	      0.0000
    122.2561	      0.0000
    122.2574	      0.0000
    126.0437	      0.0000
    126.0451	      0.0000
    126.0464	      0.0000
    126.0477	      0.0000
    126.0491	    471.1261
    126.0504	   2139.2903
    126.0518	   9339.3486
    126.0531	  23068.4414
    126.0545	  37856.6055
    126.0558	  43146.6914
    126.0571	  30283.3496
    126.0585	  16384.0723
    126.0598	   5023.9683
    126.0612	   1296.4131
    126.0625	    411.2266
    126.0640	      0.0000
    126.0654	      0.0000
    126.0667	      0.0000
    126.0681	      0.0000
    127.0268	      0.0000
    127.0281	      0.0000
    127.0295	      0.0000
    127.0309	      0.0000
    127.0322	    788.3673
    127.0336	   1188.0315
    127.0349	   4136.9722
    127.0363	  14459.0225
    127.0377	  29062.4277
    127.0390	  44294.5508
    127.0404	  43261.5117
    127.0417	  27603.1563
    127.0431	  13070.7734
    127.0444	   3433.0676
    127.0458	    621.6398
    127.0471	      0.0000
    127.0485	      0.0000
    127.0499	      0.0000
    127.0512	      0.0000
    127.0526	      0.0000
    127.0539	      0.0000
    127.0553	      0.0000
    127.0566	    475.0439
    127.0580	   1085.2472
    127.0594	   1444.4758
    127.0607	   1292.4524
    127.0621	    812.9012
    127.0637	      0.0000
    127.0651	      0.0000
    127.0664	      0.0000
    127.0678	      0.0000
    129.0930	      0.0000
    129.0944	      0.0000
    129.0958	      0.0000
    129.0972	      0.0000
    129.0985	    918.9086
    129.0999	   3511.4475
    129.1013	   7309.7578
    129.1027	  11316.7148
    129.1041	  11020.1846
    129.1055	   6908.4150
    129.1069	   3096.6199
    129.1083	    572.8438
    129.1094	      0.0000
    129.1108	      0.0000
    129.1121	      0.0000
    129.1135	      0.0000
    132.1295	      0.0000
    132.1309	      0.0000
    132.1324	      0.0000
    132.1338	      0.0000
    132.1353	    581.2368
    132.1367	   1076.0049
    132.1381	   1289.9818
    132.1396	   1036.0159
    132.1410	    532.2348
    132.1424	      0.0000
    132.1438	      0.0000
    132.1453	      0.0000
    132.1467	      0.0000
    138.0385	      0.0000
    138.0400	      0.0000
    138.0415	      0.0000
    138.0431	      0.0000
    138.0446	      0.0000
    138.0462	      0.0000
    138.0477	      0.0000
    138.0491	   3046.0552
    138.0507	  14016.0518
    138.0522	  46295.9141
    138.0537	  81881.9063
    138.0553	 110251.8359
    138.0568	  89575.9141
    138.0583	  53389.3047
    138.0599	  20046.8438
    138.0614	   5896.7988
    138.0630	   1940.4757
    138.0645	    987.6829
    138.0660	      0.0000
    138.0677	      0.0000
    138.0692	      0.0000
    138.0708	      0.0000
    138.0723	      0.0000
    139.0470	      0.0000
    139.0485	      0.0000
    139.0501	      0.0000
    139.0516	      0.0000
    139.0532	    691.3794
    139.0547	   2065.9988
    139.0563	   4313.6006
    139.0579	   6657.9424
    139.0594	   6541.8672
    139.0610	   4126.9092
    139.0625	   1863.7607
    139.0641	    672.1437
    139.0657	      0.0000
    139.0672	      0.0000
    139.0688	      0.0000
    139.0703	      0.0000
    142.6895	      0.0000
    142.6911	      0.0000
    142.6927	      0.0000
    142.6943	      0.0000
    142.6959	    913.7496
    142.6975	   1359.1248
    142.6992	   1431.5435
    142.7008	   1077.4230
    142.7024	    542.3139
    142.7040	      0.0000
    142.7056	      0.0000
    142.7072	      0.0000
    142.7088	      0.0000
    144.0540	      0.0000
    144.0556	      0.0000
    144.0573	      0.0000
    144.0589	      0.0000
    144.0606	    315.1777
    144.0622	   2380.3726
    144.0638	   4948.7705
    144.0655	   7416.5298
    144.0671	   6593.1606
    144.0688	   3955.2717
    144.0704	   1517.8197
    144.0720	    577.0989
    144.0737	      0.0000
    144.0753	      0.0000
    144.0769	      0.0000
    144.0786	      0.0000
    145.0364	      0.0000
    145.0381	      0.0000
    145.0397	      0.0000
    145.0414	      0.0000
    145.0431	    798.6967
    145.0447	   2761.0469
    145.0464	   9684.3408
    145.0480	  18098.8848
    145.0497	  25763.5820
    145.0513	  22276.7695
    145.0530	  13398.0693
    145.0547	   5222.3369
    145.0563	   1329.3046
    145.0580	    364.6813
    145.0597	      0.0000
    145.0613	      0.0000
    145.0630	      0.0000
    145.0646	      0.0000
    159.3917	      0.0000
    159.3936	      0.0000
    159.3955	      0.0000
    159.3974	      0.0000
    159.3993	      0.0000
    159.4012	      0.0000
    159.4032	      0.0000
    159.4051	      0.0000
    159.4070	      0.0000
    159.4085	      0.0000
    159.4104	      0.0000
    159.4123	      0.0000
    159.4142	      0.0000
    163.0433	      0.0000
    163.0453	      0.0000
    163.0473	      0.0000
    163.0492	      0.0000
    163.0512	    182.4141
    163.0532	   1622.0129
    163.0552	   7262.3813
    163.0571	  16416.8867
    163.0591	  26241.2461
    163.0611	  27578.6719
    163.0631	  18342.7070
    163.0650	   9315.1680
    163.0670	   2924.3054
    163.0690	   1048.7501
    163.0710	    536.4708
    163.0731	      0.0000
    163.0751	      0.0000
    163.0771	      0.0000
    163.0791	      0.0000
    168.0473	      0.0000
    168.0494	      0.0000
    168.0514	      0.0000
    168.0535	      0.0000
    168.0556	    646.2269
    168.0576	   1678.9165
    168.0597	   7967.7793
    168.0618	  26576.3262
    168.0638	  46746.4805
    168.0659	  62172.8047
    168.0680	  49485.8555
    168.0700	  29175.2676
    168.0721	  10448.2900
    168.0742	   3037.1350
    168.0762	    961.9847
    168.0785	      0.0000
    168.0806	      0.0000
    168.0826	      0.0000
    168.0847	      0.0000
    169.0542	      0.0000
    169.0563	      0.0000
    169.0584	      0.0000
    169.0604	      0.0000
    169.0625	    449.3161
    169.0646	   1165.2295
    169.0667	   2085.4456
    169.0688	   2687.8279
    169.0709	   2544.6877
    169.0730	   1737.9158
    169.0750	    808.9660
    169.0769	      0.0000
    169.0790	      0.0000
    169.0811	      0.0000
    169.0831	      0.0000
    186.0562	      0.0000
    186.0586	      0.0000
    186.0610	      0.0000
    186.0634	      0.0000
    186.0658	    374.8488
    186.0682	   2285.8330
    186.0706	   9283.7871
    186.0730	  20382.6230
    186.0754	  32240.8145
    186.0778	  33554.9805
    186.0802	  22303.8145
    186.0826	  11373.6836
    186.0851	   3525.4644
    186.0875	   1227.3512
    186.0899	    799.4138
    186.0926	      0.0000
    186.0950	      0.0000
    186.0974	      0.0000
    186.0998	      0.0000
    187.0668	      0.0000
    187.0692	      0.0000
    187.0716	      0.0000
    187.0741	      0.0000
    187.0765	    826.7510
    187.0789	   1410.4102
    187.0814	   1658.5941
    187.0838	   1395.0293
    187.0862	    801.0566
    187.0886	      0.0000
    187.0910	      0.0000
    187.0935	      0.0000
    187.0959	      0.0000
    191.1038	      0.0000
    191.1063	      0.0000
    191.1088	      0.0000
    191.1113	      0.0000
    191.1138	    693.0404
    191.1163	   1208.5591
    191.1188	   1357.4916
    191.1213	    990.1810
    191.1238	    367.2190
    191.1263	      0.0000
    191.1288	      0.0000
    191.1313	      0.0000
    191.1338	      0.0000
    204.0615	      0.0000
    204.0642	      0.0000
    204.0670	      0.0000
    204.0698	      0.0000
    204.0725	    933.5068
    204.0753	   1716.7767
    204.0781	   9395.3789
    204.0808	  35930.8359
    204.0836	  70768.8281
    204.0864	 105642.6719
    204.0891	  98394.6797
    204.0919	  61889.8398
    204.0947	  28272.4551
    204.0974	   8718.4092
    204.1002	   3599.6243
    204.1030	   2845.0486
    204.1057	   1799.9829
    204.1085	   1291.4127
    204.1113	      0.0000
    204.1142	      0.0000
    204.1170	      0.0000
    204.1198	      0.0000
    204.1225	      0.0000
    205.0691	      0.0000
    205.0719	      0.0000
    205.0747	      0.0000
    205.0775	      0.0000
    205.0802	    560.1495
    205.0830	   1669.1692
    205.0858	   4176.4805
    205.0886	   6896.1641
    205.0914	   8000.7939
    205.0942	   5801.7773
    205.0970	   3244.3550
    205.0997	    997.4626
    205.1028	      0.0000
    205.1056	      0.0000
    205.1084	      0.0000
    205.1112	      0.0000
    230.1266	      0.0000
    230.1300	      0.0000
    230.1333	      0.0000
    230.1366	      0.0000
    230.1399	    855.5262
    230.1432	   3008.1853
    230.1465	   5912.6802
    230.1498	   8869.7041
    230.1531	   8672.5889
    230.1564	   5613.4170
    230.1598	   2699.6177
    230.1631	    734.3792
    230.1661	      0.0000
    230.1694	      0.0000
    230.1727	      0.0000
    230.1760	      0.0000
    241.0469	      0.0000
    241.0505	      0.0000
    241.0540	      0.0000
    241.0576	      0.0000
    241.0611	    341.1642
    241.0647	   1196.7169
    241.0682	   2255.9116
    241.0718	   2790.0232
    241.0753	   2388.2207
    241.0789	   1383.8296
    241.0824	    510.3859
    241.0861	      0.0000
    241.0897	      0.0000
    241.0932	      0.0000
    241.0968	      0.0000
    263.6181	      0.0000
    263.6222	      0.0000
    263.6262	      0.0000
    263.6303	      0.0000
    263.6344	    996.4770
    263.6384	   1456.7629
    263.6425	   1566.6439
    263.6465	   1254.1859
    263.6506	    703.3984
    263.6546	      0.0000
    263.6587	      0.0000
    263.6627	      0.0000
    263.6668	      0.0000
    274.1376	      0.0000
    274.1419	      0.0000
    274.1462	      0.0000
    274.1505	      0.0000
    274.1548	    842.4174
    274.1591	   1290.5406
    274.1634	   1415.3392
    274.1677	   1146.8120
    274.1720	    654.3663
    274.1767	      0.0000
    274.1810	      0.0000
    274.1853	      0.0000
    274.1896	      0.0000
    345.2718	      0.0000
    345.2779	      0.0000
    345.2839	      0.0000
    345.2900	      0.0000
    345.2961	    653.3707
    345.3022	   1028.0404
    345.3083	   1177.6257
    345.3144	   1018.6508
    345.3205	    642.9043
    345.3262	      0.0000
    345.3323	      0.0000
    345.3384	      0.0000
    345.3445	      0.0000
    366.0854	      0.0000
    366.0920	      0.0000
    366.0987	      0.0000
    366.1053	      0.0000
    366.1120	     83.7978
    366.1186	   1437.9537
    366.1253	   6589.5508
    366.1319	  13561.7910
    366.1385	  20645.1133
    366.1452	  19485.3594
    366.1518	  12168.5215
    366.1585	   5397.2480
    366.1651	   1434.0543
    366.1718	    447.3841
    366.1789	      0.0000
    366.1856	      0.0000
    366.1922	      0.0000
    366.1989	      0.0000
    367.0979	      0.0000
    367.1045	      0.0000
    367.1112	      0.0000
    367.1179	      0.0000
    367.1246	    548.5267
    367.1312	   1426.3229
    367.1379	   2378.2292
    367.1446	   2804.7817
    367.1512	   2445.0962
    367.1579	   1582.8567
    367.1646	    747.8204
    367.1714	      0.0000
    367.1781	      0.0000
    367.1847	      0.0000
    367.1914	      0.0000
    423.0794	      0.0000
    423.0877	      0.0000
    423.0960	      0.0000
    423.1042	      0.0000
    423.1125	    742.5722
    423.1207	   3213.2039
    423.1290	   5783.7573
    423.1372	   7800.5991
    423.1455	   6335.5786
    423.1537	   3695.1570
    423.1620	   1278.3560
    423.1703	    508.4648
    423.1789	      0.0000
    423.1872	      0.0000
    423.1954	      0.0000
    423.2037	      0.0000
    486.4409	      0.0000
    486.4511	      0.0000
    486.4612	      0.0000
    486.4714	      0.0000
    486.4816	    721.1907
    486.4918	   1126.0021
    486.5020	   1289.6676
    486.5121	   1133.9314
    486.5223	    741.6598
    486.5325	      0.0000
    486.5427	      0.0000
    486.5528	      0.0000
    486.5630	      0.0000
    487.7870	      0.0000
    487.7972	      0.0000
    487.8074	      0.0000
    487.8176	      0.0000
    487.8279	    558.0635
    487.8381	   1122.2052
    487.8483	   1395.5829
    487.8585	   1167.4698
    487.8687	    614.9078
    487.8792	      0.0000
    487.8894	      0.0000
    487.8997	      0.0000
    487.9099	      0.0000
    528.1212	      0.0000
    528.1327	      0.0000
    528.1443	      0.0000
    528.1558	      0.0000
    528.1673	   1006.9467
    528.1788	   1811.2518
    528.1903	   2286.4260
    528.2018	   2089.2683
    528.2133	   1360.0006
    528.2249	    581.5938
    528.2365	      0.0000
    528.2480	      0.0000
    528.2595	      0.0000
    528.2710	      0.0000
    607.1587	      0.0000
    607.1729	      0.0000
    607.1871	      0.0000
    607.2013	      0.0000
    607.2155	    646.6707
    607.2296	   1175.1790
    607.2438	   1449.3237
    607.2580	   1212.1080
    607.2722	    600.7930
    607.2865	      0.0000
    607.3006	      0.0000
    607.3148	      0.0000
    607.3290	      0.0000
    615.6766	      0.0000
    615.6911	      0.0000
    615.7056	      0.0000
    615.7201	      0.0000
    615.7346	   1057.2065
    615.7491	   2145.1621
    615.7636	   3018.8044
    615.7781	   3098.4534
    615.7926	   2352.7603
    615.8071	   1292.0948
    615.8216	    474.1821
    615.8361	      0.0000
    615.8506	      0.0000
    615.8651	      0.0000
    615.8796	      0.0000
    669.1823	      0.0000
    669.1987	      0.0000
    669.2151	      0.0000
    669.2316	      0.0000
    669.2480	    563.8674
    669.2644	   1271.9946
    669.2808	   1873.3284
    669.2973	   1928.6957
    669.3137	   1401.1116
    669.3301	    661.1533
    669.3465	      0.0000
    669.3630	      0.0000
    669.3794	      0.0000
    669.3958	      0.0000
    669.6587	      0.0000
    669.6752	      0.0000
    669.6916	      0.0000
    669.7080	      0.0000
    669.7245	    465.1304
    669.7409	   1200.3611
    669.7574	   2224.4609
    669.7738	   2959.6951
    669.7903	   2894.3213
    669.8067	   2053.1211
    669.8231	    997.0661
    669.8380	      0.0000
    669.8544	      0.0000
    669.8709	      0.0000
    669.8873	      0.0000
    717.1467	      0.0000
    717.1649	      0.0000
    717.1831	      0.0000
    717.2014	      0.0000
    717.2196	      0.0000
    717.2378	   1211.0920
    717.2560	   6160.5703
    717.2742	  15474.4238
    717.2925	  25602.2500
    717.3107	  29065.1758
    717.3289	  20269.0898
    717.3471	  10790.2480
    717.3654	   3303.2576
    717.3836	   1098.1858
    717.4052	      0.0000
    717.4234	      0.0000
    717.4416	      0.0000
    717.4598	      0.0000
    717.6604	      0.0000
    717.6786	      0.0000
    717.6969	      0.0000
    717.7151	      0.0000
    717.7333	    296.1137
    717.7516	   1802.8032
    717.7698	   6356.4561
    717.7881	  11896.1260
    717.8063	  16899.3828
    717.8245	  14492.8477
    717.8428	   8626.3789
    717.8610	   3216.5371
    717.8793	    599.6340
    717.8958	      0.0000
    717.9141	      0.0000
    717.9323	      0.0000
    717.9505	      0.0000
    718.1696	      0.0000
    718.1878	      0.0000
    718.2061	      0.0000
    718.2243	      0.0000
    718.2426	    639.5815
    718.2609	   1820.8658
    718.2791	   4424.3364
    718.2974	   7241.2461
    718.3156	   7450.0850
    718.3339	   4749.3457
    718.3522	   2183.6189
    718.3704	    729.9218
    718.3887	      0.0000
    718.4069	      0.0000
    718.4252	      0.0000
    718.4435	      0.0000
    718.6810	      0.0000
    718.6993	      0.0000
    718.7175	      0.0000
    718.7358	      0.0000
    718.7541	    416.8484
    718.7724	   1177.5118
    718.7907	   2005.2520
    718.8089	   2350.0828
    718.8272	   1942.7200
    718.8455	   1075.7515
    718.8643	      0.0000
    718.8826	      0.0000
    718.9009	      0.0000
    718.9191	      0.0000
    800.2253	      0.0000
    800.2468	      0.0000
    800.2683	      0.0000
    800.2898	      0.0000
    800.3112	    658.7237
    800.3327	   1486.9371
    800.3542	   5784.0972
    800.3757	  20094.8164
    800.3971	  40328.4453
    800.4186	  61394.2383
    800.4401	  59941.3594
    800.4616	  38438.9023
    800.4831	  18325.7637
    800.5046	   5164.5112
    800.5260	   1380.5408
    800.5475	    777.7862
    800.5731	      0.0000
    800.5946	      0.0000
    800.6160	      0.0000
    800.6375	      0.0000
    801.2395	      0.0000
    801.2611	      0.0000
    801.2826	      0.0000
    801.3041	      0.0000
    801.3256	   1013.7017
    801.3471	   1703.5500
    801.3686	   4406.3564
    801.3902	  12771.5059
    801.4117	  22519.0938
    801.4332	  30348.8125
    801.4547	  24636.4902
    801.4762	  14418.2158
    801.4978	   4801.1157
    801.5193	    673.4974
    801.5363	      0.0000
    801.5578	      0.0000
    801.5794	      0.0000
    801.6009	      0.0000
    802.2902	      0.0000
    802.3118	      0.0000
    802.3333	      0.0000
    802.3549	      0.0000
    802.3764	   1054.9033
    802.3980	   2266.9744
    802.4196	   4804.1182
    802.4411	   5232.0283
    802.4627	   3468.6455
    802.4843	   1611.5145
    802.5058	    785.5220
    802.5267	      0.0000
    802.5482	      0.0000
    802.5698	      0.0000
    802.5914	      0.0000
    818.6813	      0.0000
    818.7035	      0.0000
    818.7257	      0.0000
    818.7479	      0.0000
    818.7702	    761.4534
    818.7924	   4112.3765
    818.8146	   8492.3438
    818.8368	  12925.2324
    818.8591	  11968.8994
    818.8813	   7416.8247
    818.9035	   3184.2771
    818.9257	    844.4193
    818.9459	      0.0000
    818.9682	      0.0000
    818.9904	      0.0000
    819.0126	      0.0000
    819.1683	      0.0000
    819.1905	      0.0000
    819.2128	      0.0000
    819.2350	      0.0000
    819.2573	    180.2025
    819.2795	   2343.5503
    819.3017	   6961.1050
    819.3240	  11937.6484
    819.3462	  14899.3330
    819.3685	  11290.8936
    819.3907	   6601.7974
    819.4130	   2287.1667
    819.4352	    623.7985
    819.4602	      0.0000
    819.4825	      0.0000
    819.5047	      0.0000
    819.5270	      0.0000
    819.6828	      0.0000
    819.7050	      0.0000
    819.7273	      0.0000
    819.7496	      0.0000
    819.7718	    457.4343
    819.7941	   2405.7358
    819.8164	   4939.9478
    819.8386	   7678.8184
    819.8609	   7489.2129
    819.8832	   4722.2681
    819.9054	   2161.4409
    819.9277	    368.6778
    819.9501	      0.0000
    819.9723	      0.0000
    819.9946	      0.0000
    820.0169	      0.0000
    899.6941	      0.0000
    899.7197	      0.0000
    899.7453	      0.0000
    899.7709	      0.0000
    899.7965	    593.1984
    899.8221	   1561.5514
    899.8477	   2666.1262
    899.8734	   3191.9829
    899.8990	   2741.1252
    899.9246	   1640.5704
    899.9502	    621.9543
    899.9758	      0.0000
    900.0014	      0.0000
    900.0270	      0.0000
    900.0526	      0.0000
    900.2063	      0.0000
    900.2319	      0.0000
    900.2576	      0.0000
    900.2832	      0.0000
    900.3088	   1132.6440
    900.3344	   2127.6536
    900.3600	   2727.5623
    900.3857	   2476.4382
    900.4113	   1531.8940
    900.4369	    561.7065
    900.4626	      0.0000
    900.4882	      0.0000
    900.5138	      0.0000
    900.5395	      0.0000
    900.7189	      0.0000
    900.7446	      0.0000
    900.7702	      0.0000
    900.7958	      0.0000
    900.8215	   1221.9578
    900.8471	   1870.1514
    900.8728	   2111.2734
    900.8984	   1763.0790
    900.9241	   1034.9043
    900.9499	      0.0000
    900.9755	      0.0000
    901.0012	      0.0000
    901.0268	      0.0000
   1001.1806	      0.0000
   1001.2107	      0.0000
   1001.2407	      0.0000
   1001.2708	      0.0000
   1001.3009	    499.3462
   1001.3309	   1294.7734
   1001.3610	   2062.5696
   1001.3910	   2284.9133
   1001.4211	   1773.1647
   1001.4511	    908.4025
   1001.4812	      0.0000
   1001.5113	      0.0000
   1001.5413	      0.0000
   1001.5714	      0.0000
   1011.2623	      0.0000
   1011.2928	      0.0000
   1011.3233	      0.0000
   1011.3538	      0.0000
   1011.3843	    719.5111
   1011.4148	   1941.7549
   1011.4453	   4619.4731
   1011.4759	   5642.6401
   1011.5064	   4030.5171
   1011.5369	   2082.0144
   1011.5674	    731.0527
   1011.5979	      0.0000
   1011.6285	      0.0000
   1011.6590	      0.0000
   1011.6895	      0.0000
   1035.7661	      0.0000
   1035.7977	      0.0000
   1035.8293	      0.0000
   1035.8609	      0.0000
   1035.8926	    853.8776
   1035.9242	   1525.1895
   1035.9558	   1831.7859
   1035.9874	   1561.5150
   1036.0191	    918.1030
   1036.0509	      0.0000
   1036.0825	      0.0000
   1036.1142	      0.0000
   1036.1458	      0.0000
   1204.1835	      0.0000
   1204.2232	      0.0000
   1204.2628	      0.0000
   1204.3024	      0.0000
   1204.3421	   1157.9358
   1204.3817	   3728.4368
   1204.4214	   5947.0767
   1204.4610	   6627.1860
   1204.5007	   4505.6938
   1204.5403	   2256.5667
   1204.5800	    720.9376
   1204.6197	      0.0000
   1204.6593	      0.0000
   1204.6990	      0.0000
   1204.7386	      0.0000
   1214.2745	      0.0000
   1214.3146	      0.0000
   1214.3548	      0.0000
   1214.3949	      0.0000
   1214.4351	    598.8904
   1214.4752	   1470.3373
   1214.5153	   2161.8440
   1214.5555	   2217.3345
   1214.5956	   1639.9368
   1214.6358	    859.5195
   1214.6935	      0.0000
   1214.7336	      0.0000
   1214.7738	      0.0000
   1214.8139	      0.0000
   1230.2203	      0.0000
   1230.2612	      0.0000
   1230.3022	      0.0000
   1230.3431	      0.0000
   1230.3840	    768.2602
   1230.4250	   2794.6184
   1230.4659	   5986.8555
   1230.5068	   9453.6875
   1230.5478	  10104.0449
   1230.5887	   6697.8477
   1230.6297	   3184.7842
   1230.6706	    480.2500
   1230.6941	      0.0000
   1230.7351	      0.0000
   1230.7760	      0.0000
   1230.8170	      0.0000
   1231.2677	      0.0000
   1231.3086	      0.0000
   1231.3496	      0.0000
   1231.3906	      0.0000
   1231.4316	   1281.5363
   1231.4726	   2520.5022
   1231.5136	   5312.9395
   1231.5546	   5105.5371
   1231.5956	   2412.7012
   1231.6366	   1181.7498
   1231.6855	      0.0000
   1231.7265	      0.0000
   1231.7675	      0.0000
   1231.8085	      0.0000
   1433.1645	      0.0000
   1433.2160	      0.0000
   1433.2675	      0.0000
   1433.3189	      0.0000
   1433.3704	   1284.9724
   1433.4219	   3491.5605
   1433.4734	  11210.5986
   1433.5248	  24204.5469
   1433.5763	  38296.7773
   1433.6278	  40781.8789
   1433.6793	  27035.1484
   1433.7308	  13342.6895
   1433.7823	   2968.0029
   1433.8338	     27.1833
   1433.8834	      0.0000
   1433.9349	      0.0000
   1433.9864	      0.0000
   1434.0379	      0.0000
   1434.1410	      0.0000
   1434.1925	      0.0000
   1434.2440	      0.0000
   1434.2955	      0.0000
   1434.3470	    798.9346
   1434.3986	   1449.1063
   1434.4501	   4240.9233
   1434.5016	  12652.3662
   1434.5532	  22374.2090
   1434.6047	  30612.0879
   1434.6563	  25507.1094
   1434.7078	  15098.9648
   1434.7593	   5491.9414
   1434.8109	    799.3894
   1434.8589	      0.0000
   1434.9104	      0.0000
   1434.9620	      0.0000
   1435.0135	      0.0000
   1435.2198	      0.0000
   1435.2714	      0.0000
   1435.3230	      0.0000
   1435.3746	      0.0000
   1435.4261	   1169.2721
   1435.4777	   4343.5259
   1435.5293	   9178.1416
   1435.5809	  14398.6973
   1435.6325	  14423.1914
   1435.6841	   9114.8223
   1435.7357	   4189.6685
   1435.7873	    748.1179
   1435.8354	      0.0000
   1435.8870	      0.0000
   1435.9386	      0.0000
   1435.9902	      0.0000
   1436.2483	      0.0000
   1436.2999	      0.0000
   1436.3516	      0.0000
   1436.4032	      0.0000
   1436.4549	   1092.2712
   1436.5065	   3495.8689
   1436.5581	   5488.6909
   1436.6098	   5782.4019
   1436.6614	   3689.9614
   1436.7131	   1605.5309
   1436.7647	    747.0115
   1436.8164	      0.0000
   1436.8681	      0.0000
   1436.9197	      0.0000
   1436.9714	      0.0000
   1579.2072	      0.0000
   1579.2668	      0.0000
   1579.3263	      0.0000
   1579.3858	      0.0000
   1579.4454	    761.4656
   1579.5049	   2358.9893
   1579.5645	   4997.6489
   1579.6240	   7698.5825
   1579.6836	   7636.2930
   1579.7431	   4971.8184
   1579.8027	   2411.8770
   1579.8622	    851.1115
   1579.9218	      0.0000
   1579.9814	      0.0000
   1580.0409	      0.0000
   1580.1005	      0.0000
   1580.2793	      0.0000
   1580.3389	      0.0000
   1580.3984	      0.0000
   1580.4580	      0.0000
   1580.5176	   1300.3679
   1580.5772	   2558.0908
   1580.6369	   4805.1411
   1580.6965	   4231.4282
   1580.7561	   2362.6099
   1580.8157	    956.6802
   1580.8753	      0.0000
   1580.9349	      0.0000
   1580.9946	      0.0000
   1581.0542	      0.0000
   2500.0690	      0.0000
   2500.1876	      0.0000
   2500.3062	      0.0000
   2500.4248	      0.0000
