# ljz_20131022_MR_Chym1_ELUTE.mzML
#
# index: 5320
# id: controllerType=0 controllerNumber=1 scan=11706
# scanNumber: 11706
# massAnalyzerType: quadrupole
# scanEvent: 2
# msLevel: 2
# retentionTime: 2824.5
# filterString: FTMS + p NSI d Full ms2 1273.57@hcd28.00 [100.00-2620.00]
# mzLow: 99.0036
# mzHigh: 2646.86
# basePeakMZ: 204.087
# basePeakIntensity: 149096
# totalIonCurrent: 611280
# precursorCount: 1
# precursor 0: 1273.07 817106
# binary (759): 
     99.0036	      0.0000
     99.0045	      0.0000
     99.0054	      0.0000
     99.0064	      0.0000
    106.6367	      0.0000
    106.6377	      0.0000
    106.6387	      0.0000
    106.6398	      0.0000
    106.6408	    748.1338
    106.6419	   1395.1705
    106.6429	   1768.1791
    106.6440	   1628.0992
    106.6450	   1079.3407
    106.6461	      0.0000
    106.6471	      0.0000
    106.6482	      0.0000
    106.6492	      0.0000
    126.0441	      0.0000
    126.0455	      0.0000
    126.0468	      0.0000
    126.0481	      0.0000
    126.0495	   1004.3961
    126.0508	   3131.1885
    126.0522	  10519.2412
    126.0535	  21860.6816
    126.0549	  34007.5313
    126.0562	  34579.8086
    126.0575	  22352.6211
    126.0589	  10640.3320
    126.0602	   2366.6514
    126.0616	    229.4476
    126.0627	      0.0000
    126.0640	      0.0000
    126.0654	      0.0000
    126.0667	      0.0000
    127.0295	      0.0000
    127.0308	      0.0000
    127.0322	      0.0000
    127.0336	      0.0000
    127.0349	    398.5299
    127.0363	   1331.0289
    127.0376	   2524.9487
    127.0390	   3258.5745
    127.0403	   2986.0742
    127.0417	   1911.0195
    127.0431	    805.2074
    127.0444	      0.0000
    127.0458	      0.0000
    127.0471	      0.0000
    127.0485	      0.0000
    127.0512	      0.0000
    127.0526	      0.0000
    127.0539	      0.0000
    127.0553	      0.0000
    127.0566	    936.7225
    127.0580	   1544.4287
    127.0594	   1728.7556
    127.0607	   1361.5146
    127.0621	    713.0869
    127.0634	      0.0000
    127.0648	      0.0000
    127.0661	      0.0000
    127.0675	      0.0000
    132.0316	      0.0000
    132.0330	      0.0000
    132.0345	      0.0000
    132.0359	      0.0000
    132.0373	    778.6901
    132.0388	   1585.1387
    132.0402	   2103.3694
    132.0417	   1927.2389
    132.0431	   1203.9479
    132.0445	    439.8698
    132.0462	      0.0000
    132.0477	      0.0000
    132.0491	      0.0000
    132.0505	      0.0000
    138.0403	      0.0000
    138.0419	      0.0000
    138.0434	      0.0000
    138.0449	      0.0000
    138.0465	   1111.1990
    138.0480	   2812.0383
    138.0495	   7541.0371
    138.0511	  22554.5430
    138.0526	  55708.5781
    138.0542	  92102.8438
    138.0557	 110710.8281
    138.0572	  80675.4297
    138.0588	  44671.7266
    138.0603	  12368.0205
    138.0619	   1580.1191
    138.0634	    270.4816
    138.0646	      0.0000
    138.0662	      0.0000
    138.0677	      0.0000
    138.0692	      0.0000
    139.0470	      0.0000
    139.0485	      0.0000
    139.0501	      0.0000
    139.0516	      0.0000
    139.0532	    445.6147
    139.0547	   1358.8322
    139.0563	   3789.4668
    139.0579	   6221.0371
    139.0594	   6444.6567
    139.0610	   4048.1592
    139.0625	   1705.0708
    139.0641	    643.2158
    139.0657	      0.0000
    139.0672	      0.0000
    139.0688	      0.0000
    139.0703	      0.0000
    143.0036	      0.0000
    143.0053	      0.0000
    143.0069	      0.0000
    143.0085	      0.0000
    143.0101	    653.9835
    143.0117	   1300.7262
    143.0134	   1676.6962
    143.0150	   1529.6151
    143.0166	    968.5124
    143.0182	      0.0000
    143.0198	      0.0000
    143.0215	      0.0000
    143.0231	      0.0000
    144.0540	      0.0000
    144.0556	      0.0000
    144.0573	      0.0000
    144.0589	      0.0000
    144.0606	   1153.3132
    144.0622	   3635.6194
    144.0639	   6374.0811
    144.0655	   8576.8145
    144.0671	   6947.1128
    144.0688	   3971.0229
    144.0704	   1198.8053
    144.0720	      0.0000
    144.0737	      0.0000
    144.0753	      0.0000
    144.0770	      0.0000
    145.0364	      0.0000
    145.0381	      0.0000
    145.0398	      0.0000
    145.0414	      0.0000
    145.0431	    512.0007
    145.0447	   1659.6819
    145.0464	   4709.3979
    145.0480	   8120.6084
    145.0497	  10612.5908
    145.0514	   8160.3364
    145.0530	   4566.1011
    145.0547	   1007.2788
    145.0564	      0.0000
    145.0580	      0.0000
    145.0597	      0.0000
    145.0613	      0.0000
    148.7032	      0.0000
    148.7049	      0.0000
    148.7066	      0.0000
    148.7083	      0.0000
    148.7101	    924.8579
    148.7118	   1529.4926
    148.7135	   1687.2101
    148.7152	   1266.8159
    148.7169	    589.3224
    148.7191	      0.0000
    148.7208	      0.0000
    148.7226	      0.0000
    148.7243	      0.0000
    163.0442	      0.0000
    163.0462	      0.0000
    163.0481	      0.0000
    163.0501	      0.0000
    163.0521	    367.0034
    163.0541	   1376.8147
    163.0560	   4851.3848
    163.0580	   9683.8467
    163.0600	  14645.9619
    163.0620	  13940.2764
    163.0639	   8602.2227
    163.0659	   3659.3506
    163.0679	    468.4348
    163.0694	      0.0000
    163.0714	      0.0000
    163.0734	      0.0000
    163.0753	      0.0000
    168.0413	      0.0000
    168.0434	      0.0000
    168.0454	      0.0000
    168.0475	      0.0000
    168.0496	    115.3861
    168.0516	   1962.1085
    168.0537	   1475.9121
    168.0562	   2066.6099
    168.0582	   4199.2368
    168.0603	  12320.7197
    168.0624	  29959.6133
    168.0644	  49214.7891
    168.0665	  57612.4414
    168.0686	  40761.8359
    168.0706	  21719.3379
    168.0727	   5402.2617
    168.0748	    390.6266
    168.0764	      0.0000
    168.0785	      0.0000
    168.0806	      0.0000
    168.0826	      0.0000
    169.0563	      0.0000
    169.0584	      0.0000
    169.0604	      0.0000
    169.0625	      0.0000
    169.0646	    549.7935
    169.0667	   1281.8663
    169.0688	   1771.8337
    169.0709	   1630.8455
    169.0730	    976.1857
    169.0756	      0.0000
    169.0777	      0.0000
    169.0798	      0.0000
    169.0819	      0.0000
    186.0546	      0.0000
    186.0570	      0.0000
    186.0594	      0.0000
    186.0618	      0.0000
    186.0642	    760.5981
    186.0666	   1255.1174
    186.0690	   3354.8958
    186.0715	  10447.1738
    186.0739	  20285.6992
    186.0763	  30103.6855
    186.0787	  28256.4551
    186.0811	  17578.3496
    186.0835	   7538.5586
    186.0859	   1517.7078
    186.0883	    121.8074
    186.0902	      0.0000
    186.0926	      0.0000
    186.0950	      0.0000
    186.0974	      0.0000
    187.0644	      0.0000
    187.0668	      0.0000
    187.0692	      0.0000
    187.0717	      0.0000
    187.0741	    484.7498
    187.0765	   1247.6606
    187.0789	   1820.0284
    187.0814	   1740.3958
    187.0838	   1072.3153
    187.0862	      0.0000
    187.0886	      0.0000
    187.0910	      0.0000
    187.0935	      0.0000
    191.5783	      0.0000
    191.5808	      0.0000
    191.5833	      0.0000
    191.5858	      0.0000
    191.5884	    641.9675
    191.5909	   1233.9913
    191.5934	   1673.1215
    191.5959	   1699.9989
    191.5984	   1290.7797
    191.6009	    676.5537
    191.6040	      0.0000
    191.6065	      0.0000
    191.6090	      0.0000
    191.6115	      0.0000
    204.0566	      0.0000
    204.0594	      0.0000
    204.0621	      0.0000
    204.0649	      0.0000
    204.0676	    675.8511
    204.0704	   2605.5879
    204.0732	   3853.1655
    204.0759	   7059.1978
    204.0787	  20386.5391
    204.0815	  61332.1055
    204.0842	 109037.6094
    204.0870	 148746.1875
    204.0898	 122614.6875
    204.0925	  72665.1719
    204.0953	  25822.7441
    204.0981	   5371.0640
    204.1008	   1203.6940
    204.1032	   2010.6638
    204.1059	   1195.8827
    204.1087	   1037.7621
    204.1115	      0.0000
    204.1142	      0.0000
    204.1170	      0.0000
    204.1198	      0.0000
    205.0691	      0.0000
    205.0719	      0.0000
    205.0747	      0.0000
    205.0775	      0.0000
    205.0802	   1002.4498
    205.0830	   3284.0049
    205.0858	   6709.9932
    205.0886	  10249.3936
    205.0914	  10164.1006
    205.0942	   6560.8721
    205.0970	   3118.5215
    205.0997	    615.6475
    205.1025	      0.0000
    205.1053	      0.0000
    205.1081	      0.0000
    205.1108	      0.0000
    212.1205	      0.0000
    212.1235	      0.0000
    212.1264	      0.0000
    212.1293	      0.0000
    212.1323	    915.2288
    212.1352	   1511.4755
    212.1381	   1657.6937
    212.1410	   1211.5016
    212.1440	    495.0257
    212.1470	      0.0000
    212.1499	      0.0000
    212.1529	      0.0000
    212.1558	      0.0000
    215.1206	      0.0000
    215.1236	      0.0000
    215.1266	      0.0000
    215.1296	      0.0000
    215.1326	    649.9247
    215.1356	   1235.9213
    215.1386	   1503.6072
    215.1415	   1253.3539
    215.1445	    659.7933
    215.1475	      0.0000
    215.1505	      0.0000
    215.1535	      0.0000
    215.1565	      0.0000
    223.8502	      0.0000
    223.8534	      0.0000
    223.8566	      0.0000
    223.8597	      0.0000
    223.8629	    618.5405
    223.8661	   1208.0487
    223.8693	   1462.2889
    223.8725	   1180.7620
    223.8756	    591.2086
    223.8790	      0.0000
    223.8822	      0.0000
    223.8854	      0.0000
    223.8885	      0.0000
    233.1258	      0.0000
    233.1292	      0.0000
    233.1326	      0.0000
    233.1359	      0.0000
    233.1393	   1049.8228
    233.1427	   4014.3530
    233.1461	   7721.1743
    233.1494	  10970.7549
    233.1528	   9342.1523
    233.1562	   5560.2310
    233.1596	   2054.7041
    233.1630	    775.7527
    233.1663	      0.0000
    233.1697	      0.0000
    233.1731	      0.0000
    233.1765	      0.0000
    258.3790	      0.0000
    258.3830	      0.0000
    258.3869	      0.0000
    258.3909	      0.0000
    258.3948	    698.1445
    258.3987	   1267.9279
    258.4027	   1526.6270
    258.4066	   1264.6283
    258.4106	    661.6683
    258.4145	      0.0000
    258.4184	      0.0000
    258.4224	      0.0000
    258.4263	      0.0000
    264.7504	      0.0000
    264.7545	      0.0000
    264.7586	      0.0000
    264.7627	      0.0000
    264.7668	   1092.8728
    264.7708	   1825.4426
    264.7749	   2242.7419
    264.7790	   2060.4343
    264.7831	   1371.8253
    264.7872	    609.1794
    264.7913	      0.0000
    264.7954	      0.0000
    264.7995	      0.0000
    264.8036	      0.0000
    282.3021	      0.0000
    282.3066	      0.0000
    282.3111	      0.0000
    282.3156	      0.0000
    282.3201	    904.2689
    282.3246	   1546.5521
    282.3291	   1788.0175
    282.3336	   1465.5380
    282.3381	    816.3337
    282.3427	      0.0000
    282.3472	      0.0000
    282.3517	      0.0000
    282.3562	      0.0000
    295.0696	      0.0000
    295.0744	      0.0000
    295.0792	      0.0000
    295.0840	      0.0000
    295.0888	    653.2589
    295.0936	   1572.7170
    295.0984	   2498.3718
    295.1032	   2788.7095
    295.1080	   2228.8086
    295.1129	   1216.0179
    295.1205	      0.0000
    295.1254	      0.0000
    295.1302	      0.0000
    295.1350	      0.0000
    366.0884	      0.0000
    366.0951	      0.0000
    366.1017	      0.0000
    366.1084	      0.0000
    366.1150	    776.4467
    366.1217	   2056.9729
    366.1283	   5986.7114
    366.1350	  10450.8672
    366.1416	  13551.5811
    366.1482	  10198.9727
    366.1549	   5522.5898
    366.1615	   1093.5979
    366.1656	      0.0000
    366.1723	      0.0000
    366.1789	      0.0000
    366.1856	      0.0000
    367.1045	      0.0000
    367.1112	      0.0000
    367.1179	      0.0000
    367.1246	      0.0000
    367.1312	   1154.7284
    367.1379	   1941.7278
    367.1446	   2195.9866
    367.1513	   1721.4142
    367.1579	    879.2373
    367.1652	      0.0000
    367.1718	      0.0000
    367.1785	      0.0000
    367.1852	      0.0000
    485.6380	      0.0000
    485.6481	      0.0000
    485.6583	      0.0000
    485.6684	      0.0000
    485.6786	   1010.9805
    485.6887	   1534.2714
    485.6989	   1672.4038
    485.7090	   1363.1265
    485.7192	    810.5188
    485.7296	      0.0000
    485.7397	      0.0000
    485.7499	      0.0000
    485.7600	      0.0000
    510.2274	      0.0000
    510.2383	      0.0000
    510.2493	      0.0000
    510.2602	      0.0000
    510.2711	    788.3082
    510.2821	   1984.6205
    510.2930	   3239.5210
    510.3039	   3749.1299
    510.3149	   3144.0061
    510.3258	   1880.3333
    510.3368	    787.8456
    510.3477	      0.0000
    510.3586	      0.0000
    510.3696	      0.0000
    510.3805	      0.0000
    528.1097	      0.0000
    528.1212	      0.0000
    528.1328	      0.0000
    528.1443	      0.0000
    528.1558	    180.8551
    528.1673	   2759.4072
    528.1788	   5247.6470
    528.1903	   6849.3462
    528.2018	   5094.2231
    528.2134	   2150.8228
    528.2249	    812.7287
    528.2365	      0.0000
    528.2480	      0.0000
    528.2595	      0.0000
    528.2710	      0.0000
    611.2664	      0.0000
    611.2807	      0.0000
    611.2951	      0.0000
    611.3094	      0.0000
    611.3237	   1078.5928
    611.3381	   2013.3586
    611.3524	   2443.1716
    611.3668	   2041.9495
    611.3811	   1134.6113
    611.3955	      0.0000
    611.4099	      0.0000
    611.4242	      0.0000
    611.4385	      0.0000
    682.2775	      0.0000
    682.2944	      0.0000
    682.3113	      0.0000
    682.3282	      0.0000
    682.3451	    688.2309
    682.3620	   1471.2528
    682.3789	   1935.5834
    682.3958	   1739.4813
    682.4128	   1041.5795
    682.4299	      0.0000
    682.4468	      0.0000
    682.4637	      0.0000
    682.4806	      0.0000
    912.2647	      0.0000
    912.2909	      0.0000
    912.3170	      0.0000
    912.3431	      0.0000
    912.3693	    936.7880
    912.3954	   1451.1964
    912.4216	   1678.2297
    912.4477	   1449.0065
    912.4739	    907.5735
    912.5001	      0.0000
    912.5263	      0.0000
    912.5524	      0.0000
    912.5786	      0.0000
   1000.3098	      0.0000
   1000.3398	      0.0000
   1000.3699	      0.0000
   1000.3999	      0.0000
   1000.4299	   1115.0156
   1000.4599	   1954.4420
   1000.4899	   2308.2112
   1000.5199	   1909.0929
   1000.5500	   1051.9539
   1000.5801	      0.0000
   1000.6102	      0.0000
   1000.6402	      0.0000
   1000.6702	      0.0000
   1125.2867	      0.0000
   1125.3225	      0.0000
   1125.3583	      0.0000
   1125.3941	      0.0000
   1125.4299	    989.3438
   1125.4657	   1982.5693
   1125.5015	   2852.7813
   1125.5373	   3031.4783
   1125.5732	   2330.7961
   1125.6090	   1212.0291
   1125.6448	      0.0000
   1125.6806	      0.0000
   1125.7164	      0.0000
   1125.7523	      0.0000
   1126.2899	      0.0000
   1126.3257	      0.0000
   1126.3616	      0.0000
   1126.3974	      0.0000
   1126.4333	    906.7556
   1126.4692	   1661.2401
   1126.5050	   2202.5906
   1126.5409	   2200.9805
   1126.5768	   1652.7321
   1126.6126	    897.5874
   1126.6485	      0.0000
   1126.6844	      0.0000
   1126.7203	      0.0000
   1126.7561	      0.0000
   1142.3059	      0.0000
   1142.3425	      0.0000
   1142.3791	      0.0000
   1142.4157	      0.0000
   1142.4524	   1364.5605
   1142.4890	   2809.6243
   1142.5256	   6268.4272
   1142.5622	   5858.3989
   1142.5989	   3508.6367
   1142.6355	   1479.6456
   1142.6721	    506.2874
   1142.7088	      0.0000
   1142.7454	      0.0000
   1142.7821	      0.0000
   1142.8187	      0.0000
   1143.3319	      0.0000
   1143.3686	      0.0000
   1143.4053	      0.0000
   1143.4419	      0.0000
   1143.4786	   1131.7601
   1143.5153	   2013.0432
   1143.5520	   2301.8750
   1143.5887	   1756.0825
   1143.6253	    844.8198
   1143.6622	      0.0000
   1143.6988	      0.0000
   1143.7355	      0.0000
   1143.7722	      0.0000
   1225.3469	      0.0000
   1225.3876	      0.0000
   1225.4283	      0.0000
   1225.4689	      0.0000
   1225.5096	   1173.2198
   1225.5503	   2002.7896
   1225.5910	   2240.4319
   1225.6317	   1657.8479
   1225.6724	    727.3652
   1225.7132	      0.0000
   1225.7539	      0.0000
   1225.7946	      0.0000
   1225.8353	      0.0000
   1265.6581	      0.0000
   1265.7009	      0.0000
   1265.7436	      0.0000
   1265.7863	      0.0000
   1265.8290	    837.1273
   1265.8717	   1620.7922
   1265.9144	   2015.3079
   1265.9572	   1730.0591
   1265.9999	   1002.7421
   1266.0655	      0.0000
   1266.1082	      0.0000
   1266.1510	      0.0000
   1266.1937	      0.0000
   1374.3300	      0.0000
   1374.3783	      0.0000
   1374.4267	      0.0000
   1374.4750	      0.0000
   1374.5233	    765.3784
   1374.5717	   2848.3994
   1374.6200	   6272.8965
   1374.6684	  10039.2471
   1374.7167	  10541.6396
   1374.7651	   6678.2354
   1374.8134	   2991.2649
   1374.8618	     94.5165
   1374.8873	      0.0000
   1374.9357	      0.0000
   1374.9840	      0.0000
   1375.0324	      0.0000
   1375.3226	      0.0000
   1375.3710	      0.0000
   1375.4194	      0.0000
   1375.4678	      0.0000
   1375.5162	    642.8229
   1375.5646	   2418.5474
   1375.6130	   5023.7827
   1375.6614	   7630.9917
   1375.7098	   7620.9365
   1375.7582	   4877.7178
   1375.8066	   2197.6162
   1375.8550	    835.5214
   1375.9022	      0.0000
   1375.9506	      0.0000
   1375.9990	      0.0000
   1376.0474	      0.0000
   1459.9253	      0.0000
   1459.9783	      0.0000
   1460.0312	      0.0000
   1460.0841	      0.0000
   1460.1370	    734.6807
   1460.1899	   1570.6222
   1460.2429	   2050.9556
   1460.2958	   1826.0203
   1460.3487	   1090.5082
   1460.4353	      0.0000
   1460.4882	      0.0000
   1460.5412	      0.0000
   1460.5941	      0.0000
   1577.2783	      0.0000
   1577.3377	      0.0000
   1577.3972	      0.0000
   1577.4566	      0.0000
   1577.5160	    819.5811
   1577.5754	   2364.6287
   1577.6349	   6545.4473
   1577.6943	  12558.4111
   1577.7538	  18811.2148
   1577.8132	  18062.6113
   1577.8727	  11132.7041
   1577.9321	   4601.6787
   1577.9916	    303.1690
   1578.0368	      0.0000
   1578.0963	      0.0000
   1578.1557	      0.0000
   1578.2152	      0.0000
   1578.2747	      0.0000
   1578.3342	      0.0000
   1578.3936	      0.0000
   1578.4531	      0.0000
   1578.5126	    860.7495
   1578.5721	   2446.2654
   1578.6316	   7630.1084
   1578.6911	  14136.5234
   1578.7506	  20200.2344
   1578.8101	  17846.2480
   1578.8696	  10792.0791
   1578.9291	   4025.6316
   1578.9886	    493.6984
   1579.0287	      0.0000
   1579.0882	      0.0000
   1579.1478	      0.0000
   1579.2073	      0.0000
   1579.3263	      0.0000
   1579.3859	      0.0000
   1579.4454	      0.0000
   1579.5050	      0.0000
   1579.5645	    932.3508
   1579.6241	   2324.1758
   1579.6836	   5757.2983
   1579.7432	   7092.6357
   1579.8027	   5328.3364
   1579.8623	   2911.0862
   1579.9218	   1107.5024
   1579.9814	      0.0000
   1580.0410	      0.0000
   1580.1006	      0.0000
   1580.1601	      0.0000
   1587.8742	      0.0000
   1587.9342	      0.0000
   1587.9942	      0.0000
   1588.0543	      0.0000
   1588.1143	    769.3939
   1588.1743	   1671.4349
   1588.2344	   2287.0828
   1588.2944	   2128.6162
   1588.3544	   1318.9507
   1588.4145	      0.0000
   1588.4745	      0.0000
   1588.5346	      0.0000
   1588.5946	      0.0000
   1666.2859	      0.0000
   1666.3504	      0.0000
   1666.4150	      0.0000
   1666.4795	      0.0000
   1666.5440	   1048.3729
   1666.6085	   1668.9397
   1666.6731	   2002.7693
   1666.7376	   1798.6710
   1666.8022	   1118.2073
   1666.8667	      0.0000
   1666.9313	      0.0000
   1666.9958	      0.0000
   1667.0604	      0.0000
   2095.8831	      0.0000
   2095.9741	      0.0000
   2096.0652	      0.0000
   2096.1562	      0.0000
   2096.2472	    849.0438
   2096.3383	   1687.4801
   2096.4293	   2078.7122
   2096.5204	   1766.7814
   2096.6114	   1028.5858
   2096.7025	      0.0000
   2096.7935	      0.0000
   2096.8846	      0.0000
   2096.9757	      0.0000
   2646.4717	      0.0000
   2646.6009	      0.0000
   2646.7300	      0.0000
   2646.8592	      0.0000
