# ljz_20131022_MR_Chym1_ELUTE.mzML
#
# index: 6414
# id: controllerType=0 controllerNumber=1 scan=13400
# scanNumber: 13400
# massAnalyzerType: quadrupole
# scanEvent: 2
# msLevel: 2
# retentionTime: 3181.64
# filterString: FTMS + p NSI d Full ms2 1265.81@hcd28.00 [100.00-5185.00]
# mzLow: 99.0036
# mzHigh: 5238.71
# basePeakMZ: 204.087
# basePeakIntensity: 117388
# totalIonCurrent: 498488
# precursorCount: 1
# precursor 0: 1265.31 566188
# binary (545): 
     99.0036	      0.0000
     99.0045	      0.0000
     99.0055	      0.0000
     99.0064	      0.0000
    102.7479	      0.0000
    102.7489	      0.0000
    102.7499	      0.0000
    102.7509	      0.0000
    102.7519	    850.7618
    102.7529	   1361.6567
    102.7539	   1557.3542
    102.7549	   1277.9463
    102.7558	    691.4822
    102.7567	      0.0000
    102.7577	      0.0000
    102.7587	      0.0000
    102.7597	      0.0000
    115.0307	      0.0000
    115.0319	      0.0000
    115.0331	      0.0000
    115.0342	      0.0000
    115.0354	    483.4058
    115.0366	   1228.2792
    115.0377	   1990.2379
    115.0389	   2324.9138
    115.0401	   1996.5405
    115.0413	   1218.8301
    115.0424	    487.5388
    115.0437	      0.0000
    115.0449	      0.0000
    115.0461	      0.0000
    115.0472	      0.0000
    126.0428	      0.0000
    126.0441	      0.0000
    126.0455	      0.0000
    126.0468	      0.0000
    126.0482	    801.0264
    126.0495	   1211.4469
    126.0508	   3043.0369
    126.0522	   9929.8193
    126.0535	  20685.2012
    126.0549	  32125.4512
    126.0562	  32241.5547
    126.0575	  20497.6016
    126.0589	   9472.4658
    126.0602	   2058.1218
    126.0616	    249.2634
    126.0627	      0.0000
    126.0640	      0.0000
    126.0654	      0.0000
    126.0667	      0.0000
    127.0295	      0.0000
    127.0308	      0.0000
    127.0322	      0.0000
    127.0336	      0.0000
    127.0349	   1015.2256
    127.0363	   2461.0403
    127.0376	   6145.0845
    127.0390	   7936.8970
    127.0403	   6245.0913
    127.0417	   3505.9651
    127.0431	    690.6910
    127.0444	      0.0000
    127.0457	      0.0000
    127.0471	      0.0000
    127.0484	      0.0000
    132.2044	      0.0000
    132.2059	      0.0000
    132.2073	      0.0000
    132.2088	      0.0000
    132.2102	    941.4771
    132.2117	   1824.6858
    132.2131	   2444.9141
    132.2145	   2223.6782
    132.2160	   1329.3883
    132.2174	    424.1298
    132.2188	      0.0000
    132.2202	      0.0000
    132.2217	      0.0000
    132.2231	      0.0000
    138.0369	      0.0000
    138.0385	      0.0000
    138.0400	      0.0000
    138.0415	      0.0000
    138.0431	      0.0000
    138.0446	   2737.6086
    138.0462	   1283.9851
    138.0479	   2250.7791
    138.0495	   5309.6045
    138.0510	  16147.7207
    138.0525	  41983.0313
    138.0541	  70133.9453
    138.0556	  85668.8984
    138.0572	  63063.4688
    138.0587	  35101.2383
    138.0602	  10032.2705
    138.0618	   1994.0339
    138.0633	   1078.0485
    138.0646	      0.0000
    138.0662	      0.0000
    138.0677	      0.0000
    138.0692	      0.0000
    139.0485	      0.0000
    139.0501	      0.0000
    139.0516	      0.0000
    139.0532	      0.0000
    139.0547	    901.5219
    139.0563	   1859.7366
    139.0579	   2541.6489
    139.0594	   2434.1909
    139.0610	   1611.5104
    139.0625	    648.9530
    139.0641	      0.0000
    139.0657	      0.0000
    139.0672	      0.0000
    139.0688	      0.0000
    144.0540	      0.0000
    144.0556	      0.0000
    144.0573	      0.0000
    144.0589	      0.0000
    144.0606	    617.4979
    144.0622	   1794.4653
    144.0638	   4448.1719
    144.0655	   6439.6313
    144.0671	   5560.6221
    144.0688	   3226.0200
    144.0704	   1261.3019
    144.0721	    424.3058
    144.0737	      0.0000
    144.0753	      0.0000
    144.0770	      0.0000
    144.0786	      0.0000
    145.0364	      0.0000
    145.0381	      0.0000
    145.0398	      0.0000
    145.0414	      0.0000
    145.0431	    641.9230
    145.0447	   1319.0790
    145.0464	   4319.9102
    145.0480	   7587.9253
    145.0497	   9921.5449
    145.0514	   7509.6646
    145.0530	   4106.0156
    145.0547	    883.7927
    145.0570	      0.0000
    145.0586	      0.0000
    145.0603	      0.0000
    145.0620	      0.0000
    163.0444	      0.0000
    163.0463	      0.0000
    163.0483	      0.0000
    163.0503	      0.0000
    163.0523	    388.7390
    163.0542	   1602.9071
    163.0562	   5803.2510
    163.0582	  11593.3740
    163.0602	  17508.4805
    163.0621	  16497.1797
    163.0641	  10043.3008
    163.0661	   4037.2068
    163.0681	    296.7205
    163.0696	      0.0000
    163.0715	      0.0000
    163.0735	      0.0000
    163.0755	      0.0000
    168.0477	      0.0000
    168.0497	      0.0000
    168.0518	      0.0000
    168.0539	      0.0000
    168.0559	    860.7774
    168.0580	   2697.7773
    168.0601	   9391.2197
    168.0621	  23852.4941
    168.0642	  39592.7031
    168.0663	  47048.3398
    168.0683	  33866.7227
    168.0704	  18459.7715
    168.0725	   5258.8286
    168.0745	   1016.0859
    168.0770	      0.0000
    168.0791	      0.0000
    168.0812	      0.0000
    168.0832	      0.0000
    186.0570	      0.0000
    186.0594	      0.0000
    186.0618	      0.0000
    186.0642	      0.0000
    186.0666	    754.8208
    186.0690	   2289.9751
    186.0715	   7187.4136
    186.0739	  13588.3398
    186.0763	  19759.3984
    186.0787	  17719.0078
    186.0811	  10693.2969
    186.0835	   4218.1138
    186.0859	    633.5678
    186.0878	      0.0000
    186.0902	      0.0000
    186.0926	      0.0000
    186.0950	      0.0000
    188.0511	      0.0000
    188.0536	      0.0000
    188.0560	      0.0000
    188.0585	      0.0000
    188.0609	    483.2573
    188.0634	   1326.9409
    188.0658	   3553.7139
    188.0682	   6464.2144
    188.0707	   8384.4238
    188.0731	   6340.1108
    188.0756	   3570.4473
    188.0780	   1184.6742
    188.0805	      0.0000
    188.0829	      0.0000
    188.0854	      0.0000
    188.0878	      0.0000
    189.0975	      0.0000
    189.1000	      0.0000
    189.1024	      0.0000
    189.1049	      0.0000
    189.1074	    843.4045
    189.1098	   1420.7491
    189.1123	   1702.6145
    189.1148	   1490.2175
    189.1172	    916.2380
    189.1198	      0.0000
    189.1223	      0.0000
    189.1247	      0.0000
    189.1272	      0.0000
    204.0534	      0.0000
    204.0562	      0.0000
    204.0589	      0.0000
    204.0617	      0.0000
    204.0645	      0.0000
    204.0672	      0.0000
    204.0700	      0.0000
    204.0732	   2802.8508
    204.0759	   5297.1406
    204.0787	  15489.2559
    204.0815	  47157.9180
    204.0842	  84644.9141
    204.0870	 116940.5859
    204.0898	  98161.0703
    204.0925	  58546.4805
    204.0953	  21675.0352
    204.0981	   4613.3291
    204.1008	    870.4849
    204.1032	      0.0000
    204.1059	      0.0000
    204.1087	      0.0000
    204.1115	      0.0000
    205.0747	      0.0000
    205.0775	      0.0000
    205.0802	      0.0000
    205.0830	      0.0000
    205.0858	   1161.5771
    205.0886	   2156.7952
    205.0914	   6387.7969
    205.0942	   7672.9795
    205.0970	   8267.2607
    205.0997	   5703.7700
    205.1025	   3038.8501
    205.1053	    372.8469
    205.1081	      0.0000
    205.1109	      0.0000
    205.1137	      0.0000
    205.1164	      0.0000
    211.0724	      0.0000
    211.0753	      0.0000
    211.0782	      0.0000
    211.0812	      0.0000
    211.0841	   1130.1580
    211.0870	   4307.8110
    211.0899	   9178.8604
    211.0928	  14420.5410
    211.0957	  14399.4199
    211.0986	   9101.7275
    211.1015	   4151.4214
    211.1044	    921.8210
    211.1079	      0.0000
    211.1108	      0.0000
    211.1137	      0.0000
    211.1166	      0.0000
    252.9588	      0.0000
    252.9626	      0.0000
    252.9664	      0.0000
    252.9702	      0.0000
    252.9740	    269.9482
    252.9779	   1268.6953
    252.9817	   4788.3750
    252.9855	  10342.4619
    252.9893	  16355.1387
    252.9931	  16738.0508
    252.9969	  10874.6445
    253.0008	   5268.7041
    253.0046	   1426.0975
    253.0084	    666.4090
    253.0118	      0.0000
    253.0156	      0.0000
    253.0195	      0.0000
    253.0233	      0.0000
    264.3056	      0.0000
    264.3097	      0.0000
    264.3137	      0.0000
    264.3178	      0.0000
    264.3219	    815.8337
    264.3260	   1316.1493
    264.3300	   1555.6051
    264.3341	   1363.1598
    264.3382	    816.0317
    264.3424	      0.0000
    264.3464	      0.0000
    264.3505	      0.0000
    264.3546	      0.0000
    276.1072	      0.0000
    276.1115	      0.0000
    276.1159	      0.0000
    276.1202	      0.0000
    276.1246	    944.6478
    276.1289	   1609.0370
    276.1333	   1970.0112
    276.1377	   1773.8040
    276.1420	   1134.7704
    276.1454	      0.0000
    276.1498	      0.0000
    276.1541	      0.0000
    276.1585	      0.0000
    277.0705	      0.0000
    277.0749	      0.0000
    277.0793	      0.0000
    277.0837	      0.0000
    277.0880	    293.2517
    277.0924	   2233.2236
    277.0968	   5939.3311
    277.1012	   9890.6270
    277.1055	  11423.2549
    277.1099	   8173.9888
    277.1143	   4531.9170
    277.1187	   1516.8503
    277.1230	    727.6752
    277.1284	      0.0000
    277.1328	      0.0000
    277.1372	      0.0000
    277.1415	      0.0000
    295.0696	      0.0000
    295.0744	      0.0000
    295.0792	      0.0000
    295.0840	      0.0000
    295.0888	    543.6950
    295.0936	   1354.9005
    295.0984	   2061.7798
    295.1032	   2164.6091
    295.1080	   1576.9404
    295.1129	    723.6072
    295.1191	      0.0000
    295.1240	      0.0000
    295.1288	      0.0000
    295.1336	      0.0000
    366.0870	      0.0000
    366.0937	      0.0000
    366.1003	      0.0000
    366.1070	      0.0000
    366.1136	    931.7445
    366.1203	   2913.7256
    366.1269	   9225.6680
    366.1336	  16487.9883
    366.1402	  22363.6758
    366.1468	  18205.8027
    366.1535	  10606.0439
    366.1601	   3412.3975
    366.1668	    385.9772
    366.1752	      0.0000
    366.1818	      0.0000
    366.1885	      0.0000
    366.1951	      0.0000
    482.9110	      0.0000
    482.9210	      0.0000
    482.9311	      0.0000
    482.9412	      0.0000
    482.9512	    693.7831
    482.9613	   2121.4407
    482.9714	   6959.3848
    482.9815	  12871.1494
    482.9915	  18125.7168
    483.0016	  15309.3760
    483.0117	   9037.9873
    483.0217	   3112.6494
    483.0318	    416.4795
    483.0395	      0.0000
    483.0496	      0.0000
    483.0597	      0.0000
    483.0698	      0.0000
    498.1159	      0.0000
    498.1264	      0.0000
    498.1370	      0.0000
    498.1475	      0.0000
    498.1580	    473.7700
    498.1686	   1269.6749
    498.1791	   1920.4902
    498.1897	   1947.0349
    498.2002	   1337.3368
    498.2108	    556.6938
    498.2216	      0.0000
    498.2321	      0.0000
    498.2427	      0.0000
    498.2532	      0.0000
    513.2360	      0.0000
    513.2470	      0.0000
    513.2581	      0.0000
    513.2691	      0.0000
    513.2801	    693.2734
    513.2912	   1308.3856
    513.3022	   1619.4528
    513.3132	   1406.1541
    513.3243	    827.7107
    513.3353	      0.0000
    513.3463	      0.0000
    513.3574	      0.0000
    513.3684	      0.0000
    528.1097	      0.0000
    528.1212	      0.0000
    528.1328	      0.0000
    528.1443	      0.0000
    528.1558	   1022.4756
    528.1673	   3541.0105
    528.1788	   6046.4634
    528.1903	   7757.9370
    528.2018	   6090.6665
    528.2134	   3446.0950
    528.2249	   1390.8999
    528.2364	    550.1438
    528.2479	      0.0000
    528.2594	      0.0000
    528.2709	      0.0000
    528.2825	      0.0000
    528.7665	      0.0000
    528.7780	      0.0000
    528.7896	      0.0000
    528.8011	      0.0000
    528.8126	   1131.3286
    528.8242	   2009.5365
    528.8357	   2426.9324
    528.8473	   2021.9703
    528.8588	   1094.0302
    528.8704	      0.0000
    528.8820	      0.0000
    528.8935	      0.0000
    528.9050	      0.0000
    617.1719	      0.0000
    617.1864	      0.0000
    617.2010	      0.0000
    617.2155	      0.0000
    617.2301	    706.9965
    617.2446	   1329.8250
    617.2592	   1876.3041
    617.2737	   2116.1868
    617.2883	   1884.5088
    617.3028	   1235.5828
    617.3174	      0.0000
    617.3320	      0.0000
    617.3465	      0.0000
    617.3611	      0.0000
    697.2428	      0.0000
    697.2603	      0.0000
    697.2778	      0.0000
    697.2952	      0.0000
    697.3127	    996.6730
    697.3302	   1772.0924
    697.3476	   2138.0066
    697.3651	   1811.1185
    697.3826	   1013.8248
    697.4001	      0.0000
    697.4176	      0.0000
    697.4351	      0.0000
    697.4525	      0.0000
    750.8637	      0.0000
    750.8832	      0.0000
    750.9028	      0.0000
    750.9223	      0.0000
    750.9418	    620.1512
    750.9613	   1384.0007
    750.9808	   1972.9196
    751.0004	   2007.3024
    751.0199	   1483.3101
    751.0394	    752.7523
    751.0585	      0.0000
    751.0780	      0.0000
    751.0975	      0.0000
    751.1170	      0.0000
   1461.8850	      0.0000
   1461.9381	      0.0000
   1461.9911	      0.0000
   1462.0441	      0.0000
   1462.0971	    941.9861
   1462.1502	   1614.9225
   1462.2032	   1922.5078
   1462.2562	   1621.3762
   1462.3093	    908.1871
   1462.3623	      0.0000
   1462.4154	      0.0000
   1462.4684	      0.0000
   1462.5215	      0.0000
   1767.5884	      0.0000
   1767.6589	      0.0000
   1767.7294	      0.0000
   1767.7999	      0.0000
   1767.8704	   1009.4694
   1767.9409	   1829.5355
   1768.0114	   2146.4993
   1768.0819	   1759.4607
   1768.1524	    989.5983
   1768.2229	      0.0000
   1768.2934	      0.0000
   1768.3640	      0.0000
   1768.4345	      0.0000
   3046.7277	      0.0000
   3046.8872	      0.0000
   3047.0467	      0.0000
   3047.2063	      0.0000
   3047.3658	   1046.0038
   3047.5254	   1804.0222
   3047.6850	   2078.2178
   3047.8446	   1656.7766
   3048.0042	    851.2814
   3048.1638	      0.0000
   3048.3235	      0.0000
   3048.4831	      0.0000
   3048.6428	      0.0000
   3059.8503	      0.0000
   3060.0108	      0.0000
   3060.1714	      0.0000
   3060.3320	      0.0000
   3060.4926	   1006.4882
   3060.6532	   1655.2241
   3060.8138	   2056.8132
   3060.9744	   1953.5543
   3061.1351	   1363.0940
   3061.2957	      0.0000
   3061.4564	      0.0000
   3061.6171	      0.0000
   3061.7778	      0.0000
   5237.6322	      0.0000
   5237.9918	      0.0000
   5238.3514	      0.0000
   5238.7110	      0.0000
