# ljz_20131022_MR_Chym1_ELUTE.mzML
#
# index: 7325
# id: controllerType=0 controllerNumber=1 scan=19202
# scanNumber: 19202
# massAnalyzerType: quadrupole
# scanEvent: 2
# msLevel: 2
# retentionTime: 4881.44
# filterString: FTMS + p NSI d Full ms2 456.75@hcd28.00 [100.00-950.00]
# mzLow: 99.0036
# mzHigh: 959.668
# basePeakMZ: 207.113
# basePeakIntensity: 150583
# totalIonCurrent: 582769
# precursorCount: 1
# precursor 0: 456.753 864149
# binary (847): 
     99.0036	      0.0000
     99.0045	      0.0000
     99.0055	      0.0000
     99.0064	      0.0000
    100.7446	      0.0000
    100.7456	      0.0000
    100.7465	      0.0000
    100.7475	      0.0000
    100.7484	    440.5159
    100.7494	    803.2365
    100.7504	    941.8224
    100.7513	    740.0920
    100.7523	    353.5441
    100.7531	      0.0000
    100.7541	      0.0000
    100.7550	      0.0000
    100.7560	      0.0000
    112.0811	      0.0000
    112.0823	      0.0000
    112.0834	      0.0000
    112.0845	      0.0000
    112.0857	    478.2976
    112.0868	    893.1458
    112.0879	   1016.8159
    112.0890	    771.0950
    112.0902	    363.6848
    112.0912	      0.0000
    112.0923	      0.0000
    112.0935	      0.0000
    112.0946	      0.0000
    120.0667	      0.0000
    120.0679	      0.0000
    120.0691	      0.0000
    120.0704	      0.0000
    120.0716	      0.0000
    120.0729	   1460.3447
    120.0741	    969.0110
    120.0756	   1552.7190
    120.0768	   3622.4543
    120.0781	  11084.6777
    120.0793	  23876.3672
    120.0806	  37670.2578
    120.0818	  39811.5859
    120.0831	  26311.5879
    120.0843	  12961.6084
    120.0856	   3093.3318
    120.0868	    517.5316
    120.0879	      0.0000
    120.0891	      0.0000
    120.0904	      0.0000
    120.0916	      0.0000
    121.0763	      0.0000
    121.0776	      0.0000
    121.0788	      0.0000
    121.0801	      0.0000
    121.0814	    649.8431
    121.0826	   1302.7057
    121.0839	   1744.0806
    121.0852	   1677.2610
    121.0864	   1154.4709
    121.0877	    531.9310
    121.0893	      0.0000
    121.0906	      0.0000
    121.0919	      0.0000
    121.0931	      0.0000
    136.0637	      0.0000
    136.0652	      0.0000
    136.0667	      0.0000
    136.0682	      0.0000
    136.0697	    506.2122
    136.0712	    775.2064
    136.0727	   2636.2766
    136.0742	   5294.7588
    136.0757	   8036.8184
    136.0772	   7738.7593
    136.0787	   4744.9731
    136.0802	   1981.4479
    136.0817	    139.8215
    136.0828	      0.0000
    136.0843	      0.0000
    136.0858	      0.0000
    136.0873	      0.0000
    144.0689	      0.0000
    144.0705	      0.0000
    144.0721	      0.0000
    144.0738	      0.0000
    144.0754	    564.4210
    144.0771	   1845.2725
    144.0787	   4109.5269
    144.0803	   6493.2749
    144.0820	   6963.8447
    144.0836	   4661.7256
    144.0853	   2334.6238
    144.0869	    523.7265
    144.0888	      0.0000
    144.0904	      0.0000
    144.0920	      0.0000
    144.0937	      0.0000
    162.0748	      0.0000
    162.0767	      0.0000
    162.0787	      0.0000
    162.0807	      0.0000
    162.0826	    184.7782
    162.0846	    903.3192
    162.0865	   3185.3804
    162.0885	   8103.4893
    162.0904	  13513.7637
    162.0924	  16049.5566
    162.0944	  11569.6436
    162.0963	   6316.0454
    162.0983	   1691.1970
    162.1002	    283.9880
    162.1019	      0.0000
    162.1038	      0.0000
    162.1058	      0.0000
    162.1077	      0.0000
    163.0832	      0.0000
    163.0851	      0.0000
    163.0871	      0.0000
    163.0891	      0.0000
    163.0911	    634.2095
    163.0930	   1004.0516
    163.0950	   1126.1008
    163.0970	    905.8791
    163.0990	    486.7034
    163.1010	      0.0000
    163.1030	      0.0000
    163.1050	      0.0000
    163.1069	      0.0000
    165.0406	      0.0000
    165.0426	      0.0000
    165.0446	      0.0000
    165.0466	      0.0000
    165.0486	    601.7642
    165.0507	   1422.8171
    165.0527	   3376.2375
    165.0547	   4653.6382
    165.0567	   3982.5603
    165.0587	   2410.1614
    165.0607	    812.2190
    165.0627	    267.7385
    165.0648	      0.0000
    165.0668	      0.0000
    165.0688	      0.0000
    165.0708	      0.0000
    182.0656	      0.0000
    182.0679	      0.0000
    182.0703	      0.0000
    182.0726	      0.0000
    182.0749	    670.4171
    182.0773	   2919.3181
    182.0796	   5212.4023
    182.0819	   6679.9546
    182.0842	   4943.7734
    182.0866	   2731.6560
    182.0889	    788.3032
    182.0912	      0.0000
    182.0935	      0.0000
    182.0959	      0.0000
    182.0982	      0.0000
    202.0907	      0.0000
    202.0934	      0.0000
    202.0961	      0.0000
    202.0989	      0.0000
    202.1016	    415.7466
    202.1043	    916.9838
    202.1070	   1293.3696
    202.1098	   1262.9359
    202.1125	    847.0450
    202.1152	    335.1253
    202.1184	      0.0000
    202.1211	      0.0000
    202.1238	      0.0000
    202.1266	      0.0000
    207.0814	      0.0000
    207.0842	      0.0000
    207.0870	      0.0000
    207.0898	      0.0000
    207.0927	    695.1639
    207.0955	   2296.3716
    207.0983	   3875.9358
    207.1011	   5826.4473
    207.1040	  15815.9541
    207.1068	  50550.1133
    207.1096	  98392.1953
    207.1125	 147019.7188
    207.1153	 138685.5781
    207.1181	  86829.9219
    207.1209	  38745.8164
    207.1238	   9608.0273
    207.1266	   2651.9268
    207.1290	   2929.8860
    207.1319	   2395.7148
    207.1347	   1435.6239
    207.1375	    182.5006
    207.1411	      0.0000
    207.1439	      0.0000
    207.1468	      0.0000
    207.1496	      0.0000
    208.0917	      0.0000
    208.0945	      0.0000
    208.0974	      0.0000
    208.1002	      0.0000
    208.1031	     15.2963
    208.1059	    805.2734
    208.1088	   2849.8284
    208.1116	   7280.4985
    208.1145	  12194.8730
    208.1173	  15040.3604
    208.1202	  11239.3428
    208.1230	   6408.1855
    208.1259	   1800.8644
    208.1287	     89.0583
    208.1308	      0.0000
    208.1337	      0.0000
    208.1365	      0.0000
    208.1393	      0.0000
    225.5949	      0.0000
    225.5981	      0.0000
    225.6013	      0.0000
    225.6045	      0.0000
    225.6077	    577.4971
    225.6109	    834.2899
    225.6141	    954.1263
    225.6174	    860.0888
    225.6206	    571.7678
    225.6239	      0.0000
    225.6271	      0.0000
    225.6303	      0.0000
    225.6335	      0.0000
    228.1099	      0.0000
    228.1131	      0.0000
    228.1164	      0.0000
    228.1197	      0.0000
    228.1230	    263.2340
    228.1262	    855.6699
    228.1295	   1700.7819
    228.1328	   2344.5244
    228.1360	   2328.5149
    228.1393	   1662.1499
    228.1426	    824.9891
    228.1458	    301.3066
    228.1491	      0.0000
    228.1523	      0.0000
    228.1556	      0.0000
    228.1589	      0.0000
    233.1425	      0.0000
    233.1459	      0.0000
    233.1493	      0.0000
    233.1527	      0.0000
    233.1560	    545.3722
    233.1594	   1489.2671
    233.1628	   3593.3997
    233.1662	   4034.9773
    233.1696	   2708.5901
    233.1729	   1228.5355
    233.1763	    465.7980
    233.1804	      0.0000
    233.1838	      0.0000
    233.1872	      0.0000
    233.1906	      0.0000
    235.0800	      0.0000
    235.0834	      0.0000
    235.0868	      0.0000
    235.0902	      0.0000
    235.0937	    542.3865
    235.0971	   1848.9164
    235.1005	   6178.4468
    235.1039	  12401.9932
    235.1073	  18830.6719
    235.1107	  18082.0137
    235.1142	  11336.8281
    235.1176	   5050.3564
    235.1210	   1015.0590
    235.1244	    146.9562
    235.1271	      0.0000
    235.1305	      0.0000
    235.1339	      0.0000
    235.1373	      0.0000
    236.0876	      0.0000
    236.0910	      0.0000
    236.0945	      0.0000
    236.0979	      0.0000
    236.1013	    329.3082
    236.1048	    939.7578
    236.1082	   1633.1998
    236.1117	   1958.9111
    236.1151	   1675.8241
    236.1186	    997.7852
    236.1220	    373.8409
    236.1254	      0.0000
    236.1289	      0.0000
    236.1323	      0.0000
    236.1357	      0.0000
    239.0642	      0.0000
    239.0677	      0.0000
    239.0712	      0.0000
    239.0748	      0.0000
    239.0783	    417.9014
    239.0818	   1347.5516
    239.0853	   3627.1211
    239.0888	   4853.1558
    239.0923	   3833.9211
    239.0958	   2103.3430
    239.0993	    383.1215
    239.1039	      0.0000
    239.1074	      0.0000
    239.1109	      0.0000
    239.1144	      0.0000
    239.1319	      0.0000
    239.1354	      0.0000
    239.1389	      0.0000
    239.1425	      0.0000
    239.1460	    462.4740
    239.1495	    777.8734
    239.1530	   2055.0007
    239.1565	   5250.6733
    239.1600	   8836.1621
    239.1635	  10969.9658
    239.1670	   8116.6738
    239.1705	   4486.6025
    239.1740	   1099.4070
    239.1775	      0.0000
    239.1800	      0.0000
    239.1835	      0.0000
    239.1870	      0.0000
    239.1905	      0.0000
    240.1407	      0.0000
    240.1443	      0.0000
    240.1478	      0.0000
    240.1513	      0.0000
    240.1548	    361.8736
    240.1584	    753.7967
    240.1619	   1095.1638
    240.1654	   1161.2504
    240.1690	    916.4672
    240.1725	    522.1854
    240.1761	      0.0000
    240.1796	      0.0000
    240.1832	      0.0000
    240.1867	      0.0000
    254.0955	      0.0000
    254.0994	      0.0000
    254.1032	      0.0000
    254.1070	      0.0000
    254.1109	    500.7029
    254.1147	    877.4633
    254.1186	   2830.2874
    254.1224	   4920.0361
    254.1262	   5830.6284
    254.1301	   4020.6035
    254.1339	   2012.5471
    254.1378	    583.4812
    254.1417	      0.0000
    254.1456	      0.0000
    254.1494	      0.0000
    254.1532	      0.0000
    261.3872	      0.0000
    261.3912	      0.0000
    261.3952	      0.0000
    261.3992	      0.0000
    261.4033	    520.8365
    261.4073	    817.9064
    261.4113	    949.1252
    261.4153	    822.9540
    261.4193	    499.2494
    261.4233	      0.0000
    261.4273	      0.0000
    261.4313	      0.0000
    261.4353	      0.0000
    271.1188	      0.0000
    271.1231	      0.0000
    271.1273	      0.0000
    271.1315	      0.0000
    271.1358	    336.1123
    271.1400	    883.5580
    271.1442	   2643.8479
    271.1485	   4507.4541
    271.1527	   5561.6069
    271.1570	   4153.4341
    271.1612	   2341.0723
    271.1654	    780.8441
    271.1699	      0.0000
    271.1742	      0.0000
    271.1784	      0.0000
    271.1826	      0.0000
    325.1801	      0.0000
    325.1856	      0.0000
    325.1912	      0.0000
    325.1967	      0.0000
    325.2023	    809.6346
    325.2079	   1582.8901
    325.2134	   1950.1608
    325.2190	   1614.9537
    325.2246	    879.4638
    325.2301	    343.0846
    325.2358	      0.0000
    325.2414	      0.0000
    325.2469	      0.0000
    325.2525	      0.0000
    339.1828	      0.0000
    339.1887	      0.0000
    339.1947	      0.0000
    339.2006	      0.0000
    339.2065	    695.5316
    339.2124	   1073.0016
    339.2184	   1142.2169
    339.2243	    848.4868
    339.2302	    397.1592
    339.2361	      0.0000
    339.2420	      0.0000
    339.2480	      0.0000
    339.2539	      0.0000
    350.1424	      0.0000
    350.1486	      0.0000
    350.1548	      0.0000
    350.1610	      0.0000
    350.1672	    488.1458
    350.1735	    995.3379
    350.1797	   1312.7908
    350.1859	   1242.3947
    350.1921	    855.0809
    350.1983	    401.3779
    350.2045	      0.0000
    350.2107	      0.0000
    350.2170	      0.0000
    350.2232	      0.0000
    356.1984	      0.0000
    356.2048	      0.0000
    356.2111	      0.0000
    356.2175	      0.0000
    356.2239	    532.7066
    356.2303	   1311.6656
    356.2366	   2015.0863
    356.2430	   2135.0908
    356.2494	   1582.8108
    356.2558	    801.9532
    356.2634	      0.0000
    356.2698	      0.0000
    356.2762	      0.0000
    356.2825	      0.0000
    367.1590	      0.0000
    367.1657	      0.0000
    367.1723	      0.0000
    367.1790	      0.0000
    367.1857	    660.5336
    367.1923	   1989.5073
    367.1990	   4789.2900
    367.2057	   7834.9868
    367.2124	   8985.2051
    367.2190	   6180.1958
    367.2257	   3154.7034
    367.2324	    623.1843
    367.2391	      0.0000
    367.2458	      0.0000
    367.2525	      0.0000
    367.2591	      0.0000
    384.1781	      0.0000
    384.1853	      0.0000
    384.1924	      0.0000
    384.1996	      0.0000
    384.2067	    712.1614
    384.2139	   2075.2563
    384.2210	   6804.2461
    384.2281	  12954.9932
    384.2353	  18683.0313
    384.2424	  16480.4980
    384.2496	   9932.0293
    384.2567	   3864.1873
    384.2639	    728.4321
    384.2699	      0.0000
    384.2770	      0.0000
    384.2842	      0.0000
    384.2913	      0.0000
    385.1861	      0.0000
    385.1932	      0.0000
    385.2004	      0.0000
    385.2076	      0.0000
    385.2148	    325.1187
    385.2219	    916.7750
    385.2291	   1629.7961
    385.2363	   2023.4642
    385.2434	   1806.7661
    385.2506	   1133.9700
    385.2578	    449.4395
    385.2651	      0.0000
    385.2723	      0.0000
    385.2795	      0.0000
    385.2867	      0.0000
    402.2010	      0.0000
    402.2087	      0.0000
    402.2163	      0.0000
    402.2240	      0.0000
    402.2316	    568.6699
    402.2393	   1064.9342
    402.2469	   1258.7222
    402.2546	    979.9141
    402.2622	    447.6128
    402.2699	      0.0000
    402.2775	      0.0000
    402.2852	      0.0000
    402.2928	      0.0000
    414.2156	      0.0000
    414.2236	      0.0000
    414.2316	      0.0000
    414.2396	      0.0000
    414.2476	    401.0522
    414.2556	    934.9394
    414.2636	   1399.2877
    414.2716	   1461.2021
    414.2796	   1065.4493
    414.2876	    494.8477
    414.2956	      0.0000
    414.3036	      0.0000
    414.3116	      0.0000
    414.3196	      0.0000
    415.2250	      0.0000
    415.2330	      0.0000
    415.2410	      0.0000
    415.2491	      0.0000
    415.2571	    663.3176
    415.2651	   1084.5691
    415.2731	   1248.6104
    415.2812	   1038.3348
    415.2892	    591.7206
    415.2974	      0.0000
    415.3054	      0.0000
    415.3135	      0.0000
    415.3215	      0.0000
    434.1810	      0.0000
    434.1896	      0.0000
    434.1982	      0.0000
    434.2067	      0.0000
    434.2153	    555.2775
    434.2239	   1182.3616
    434.2325	   1886.6394
    434.2411	   2244.2129
    434.2497	   1967.8029
    434.2582	   1229.3824
    434.2668	    499.2582
    434.2754	      0.0000
    434.2840	      0.0000
    434.2926	      0.0000
    434.3012	      0.0000
    439.7869	      0.0000
    439.7956	      0.0000
    439.8044	      0.0000
    439.8131	      0.0000
    439.8219	    799.7726
    439.8306	   1722.7913
    439.8394	   3570.9656
    439.8481	   3992.3274
    439.8569	   2682.2834
    439.8656	   1190.2777
    439.8744	    470.2288
    439.8831	      0.0000
    439.8919	      0.0000
    439.9006	      0.0000
    439.9094	      0.0000
    446.0109	      0.0000
    446.0198	      0.0000
    446.0288	      0.0000
    446.0377	      0.0000
    446.0466	    457.7722
    446.0556	    849.6269
    446.0645	   1120.8282
    446.0734	   1074.0900
    446.0824	    721.7307
    446.0913	      0.0000
    446.1003	      0.0000
    446.1092	      0.0000
    446.1181	      0.0000
    451.2021	      0.0000
    451.2112	      0.0000
    451.2203	      0.0000
    451.2293	      0.0000
    451.2384	    731.5922
    451.2475	   2681.4976
    451.2566	   4939.0659
    451.2657	   6832.0972
    451.2748	   5734.2251
    451.2839	   3426.7754
    451.2930	   1224.3285
    451.3021	    202.4197
    451.3112	      0.0000
    451.3203	      0.0000
    451.3294	      0.0000
    451.3385	      0.0000
    455.9853	      0.0000
    455.9945	      0.0000
    456.0037	      0.0000
    456.0130	      0.0000
    456.0222	    590.7999
    456.0314	   1813.2615
    456.0407	   3974.3154
    456.0499	   6256.0239
    456.0591	   5973.9619
    456.0684	   3581.7107
    456.0776	   1334.6039
    456.0869	      0.0000
    456.0961	      0.0000
    456.1053	      0.0000
    456.1146	      0.0000
    456.1238	      0.0000
    456.9844	      0.0000
    456.9936	      0.0000
    457.0029	      0.0000
    457.0122	      0.0000
    457.0214	    363.2898
    457.0307	    978.0953
    457.0400	   1820.6658
    457.0492	   2378.2188
    457.0585	   2264.2683
    457.0678	   1586.8193
    457.0770	    805.0820
    457.0863	      0.0000
    457.0956	      0.0000
    457.1049	      0.0000
    457.1141	      0.0000
    457.2625	      0.0000
    457.2718	      0.0000
    457.2810	      0.0000
    457.2903	      0.0000
    457.2996	    511.7516
    457.3089	   1210.5903
    457.3181	   2013.7841
    457.3274	   2465.5859
    457.3367	   3067.1638
    457.3460	   1551.4287
    457.3552	    793.6698
    457.3647	      0.0000
    457.3740	      0.0000
    457.3833	      0.0000
    457.3926	      0.0000
    469.2539	      0.0000
    469.2635	      0.0000
    469.2732	      0.0000
    469.2828	      0.0000
    469.2925	    313.8863
    469.3021	   1048.9979
    469.3117	   2942.9482
    469.3214	   4348.8867
    469.3310	   4022.1851
    469.3407	   2374.1982
    469.3503	   1034.9492
    469.3600	    391.1074
    469.3696	      0.0000
    469.3793	      0.0000
    469.3889	      0.0000
    469.3986	      0.0000
    480.2322	      0.0000
    480.2422	      0.0000
    480.2522	      0.0000
    480.2621	      0.0000
    480.2721	    539.6349
    480.2821	   1193.1782
    480.2921	   1607.9965
    480.3021	   1491.4063
    480.3121	    954.8347
    480.3221	    396.9491
    480.3320	      0.0000
    480.3420	      0.0000
    480.3520	      0.0000
    480.3620	      0.0000
    497.2522	      0.0000
    497.2628	      0.0000
    497.2733	      0.0000
    497.2838	      0.0000
    497.2943	    799.9206
    497.3048	   1705.2207
    497.3154	   2428.9780
    497.3259	   3297.6086
    497.3364	   1735.1165
    497.3469	    833.1942
    497.3577	      0.0000
    497.3682	      0.0000
    497.3787	      0.0000
    497.3893	      0.0000
    515.2491	      0.0000
    515.2602	      0.0000
    515.2713	      0.0000
    515.2824	      0.0000
    515.2935	    410.6770
    515.3046	    975.5905
    515.3157	   1535.7971
    515.3268	   1741.3127
    515.3379	   1430.9675
    515.3490	    807.9374
    515.3620	      0.0000
    515.3731	      0.0000
    515.3842	      0.0000
    515.3953	      0.0000
    565.1814	      0.0000
    565.1941	      0.0000
    565.2069	      0.0000
    565.2196	      0.0000
    565.2324	    821.8403
    565.2451	   1001.0884
    565.2579	   1668.8556
    565.2706	   4894.7124
    565.2834	  15033.8369
    565.2961	  26964.0332
    565.3089	  37099.3672
    565.3216	  30955.8066
    565.3343	  18384.0195
    565.3471	   6657.7568
    565.3599	   1295.4823
    565.3726	     68.7662
    565.3857	      0.0000
    565.3985	      0.0000
    565.4112	      0.0000
    565.4240	      0.0000
    566.2027	      0.0000
    566.2155	      0.0000
    566.2283	      0.0000
    566.2411	      0.0000
    566.2538	    223.7343
    566.2666	   1024.7216
    566.2794	   3399.4507
    566.2922	   7167.6084
    566.3050	  11246.6367
    566.3178	  12066.2715
    566.3305	   8162.7886
    566.3433	   4169.9736
    566.3561	    953.2331
    566.3689	      0.0000
    566.3794	      0.0000
    566.3922	      0.0000
    566.4050	      0.0000
    566.4178	      0.0000
    576.1966	      0.0000
    576.2097	      0.0000
    576.2228	      0.0000
    576.2359	      0.0000
    576.2491	    508.1082
    576.2622	   1135.3021
    576.2753	   1630.0597
    576.2884	   1628.7015
    576.3015	   1127.6189
    576.3147	    485.6297
    576.3329	      0.0000
    576.3460	      0.0000
    576.3592	      0.0000
    576.3723	      0.0000
    618.2253	      0.0000
    618.2399	      0.0000
    618.2545	      0.0000
    618.2691	      0.0000
    618.2837	    513.0450
    618.2983	   1526.8517
    618.3128	   3835.6140
    618.3274	   6417.3989
    618.3420	   7403.1416
    618.3566	   5082.2607
    618.3712	   2587.8184
    618.3858	    460.6227
    618.3953	      0.0000
    618.4099	      0.0000
    618.4245	      0.0000
    618.4390	      0.0000
    619.2422	      0.0000
    619.2568	      0.0000
    619.2714	      0.0000
    619.2860	      0.0000
    619.3006	    807.9780
    619.3153	   1287.6801
    619.3299	   1405.7994
    619.3445	   1042.4513
    619.3591	    465.7570
    619.3738	      0.0000
    619.3884	      0.0000
    619.4031	      0.0000
    619.4177	      0.0000
    678.1882	      0.0000
    678.2049	      0.0000
    678.2217	      0.0000
    678.2384	      0.0000
    678.2552	      0.0000
    678.2719	      0.0000
    678.2887	      0.0000
    678.3090	   2358.8289
    678.3258	   4246.6499
    678.3425	  11634.5205
    678.3593	  34643.4883
    678.3760	  62243.6406
    678.3928	  86296.0859
    678.4095	  72761.5781
    678.4263	  43389.5898
    678.4431	  15914.0156
    678.4598	   3077.0291
    678.4766	    472.6250
    678.4931	      0.0000
    678.5098	      0.0000
    678.5266	      0.0000
    678.5434	      0.0000
    679.2481	      0.0000
    679.2649	      0.0000
    679.2817	      0.0000
    679.2985	      0.0000
    679.3152	    853.1613
    679.3320	   2292.8633
    679.3488	   6618.5654
    679.3656	  15549.6289
    679.3824	  25319.4277
    679.3992	  29838.8730
    679.4160	  21504.3203
    679.4328	  11775.3027
    679.4496	   3225.0396
    679.4664	    150.6732
    679.4800	      0.0000
    679.4968	      0.0000
    679.5136	      0.0000
    679.5304	      0.0000
    680.2703	      0.0000
    680.2871	      0.0000
    680.3039	      0.0000
    680.3208	      0.0000
    680.3376	    493.3537
    680.3544	   1925.1431
    680.3713	   3903.5378
    680.3881	   5967.5356
    680.4049	   5693.9990
    680.4218	   3450.6899
    680.4386	   1390.8802
    680.4554	    133.0781
    680.4723	      0.0000
    680.4891	      0.0000
    680.5060	      0.0000
    680.5228	      0.0000
    703.3069	      0.0000
    703.3246	      0.0000
    703.3423	      0.0000
    703.3600	      0.0000
    703.3777	    371.8609
    703.3954	    922.5476
    703.4131	   1403.4164
    703.4308	   1483.6689
    703.4485	   1123.9733
    703.4662	    591.7710
    703.4839	      0.0000
    703.5016	      0.0000
    703.5193	      0.0000
    703.5370	      0.0000
    959.5837	      0.0000
    959.6119	      0.0000
    959.6401	      0.0000
    959.6683	      0.0000
