# ljz_20131022_MR_Chym1_ELUTE.mzML
#
# index: 6738
# id: controllerType=0 controllerNumber=1 scan=14182
# scanNumber: 14182
# massAnalyzerType: quadrupole
# scanEvent: 2
# msLevel: 2
# retentionTime: 3379.26
# filterString: FTMS + p NSI d Full ms2 1283.07@hcd28.00 [100.00-2640.00]
# mzLow: 99.0036
# mzHigh: 2667.12
# basePeakMZ: 204.087
# basePeakIntensity: 74616.2
# totalIonCurrent: 305268
# precursorCount: 1
# precursor 0: 1282.57 485862
# binary (452): 
     99.0036	      0.0000
     99.0045	      0.0000
     99.0055	      0.0000
     99.0064	      0.0000
    103.2706	      0.0000
    103.2716	      0.0000
    103.2725	      0.0000
    103.2735	      0.0000
    103.2745	    570.4122
    103.2755	   1145.9486
    103.2765	   1513.1254
    103.2775	   1459.9133
    103.2785	   1038.3505
    103.2794	      0.0000
    103.2804	      0.0000
    103.2814	      0.0000
    103.2824	      0.0000
    115.0284	      0.0000
    115.0296	      0.0000
    115.0307	      0.0000
    115.0319	      0.0000
    115.0331	    585.9377
    115.0342	   1662.0612
    115.0354	   3039.6079
    115.0366	   5922.2144
    115.0377	   5099.3408
    115.0389	   2562.5986
    115.0401	   1255.3214
    115.0413	    476.2408
    115.0424	      0.0000
    115.0436	      0.0000
    115.0447	      0.0000
    115.0459	      0.0000
    118.5769	      0.0000
    118.5781	      0.0000
    118.5794	      0.0000
    118.5806	      0.0000
    118.5818	    612.8922
    118.5830	   1248.5955
    118.5843	   1622.8094
    118.5855	   1451.5131
    118.5867	    867.9730
    118.5883	      0.0000
    118.5895	      0.0000
    118.5907	      0.0000
    118.5919	      0.0000
    126.0443	      0.0000
    126.0456	      0.0000
    126.0470	      0.0000
    126.0483	      0.0000
    126.0497	    821.7823
    126.0510	   1425.3549
    126.0523	   4673.8462
    126.0537	   9375.4805
    126.0550	  14304.5205
    126.0564	  13861.1113
    126.0577	   8625.4209
    126.0591	   3755.1611
    126.0604	    542.1271
    126.0616	      0.0000
    126.0629	      0.0000
    126.0643	      0.0000
    126.0656	      0.0000
    138.0404	      0.0000
    138.0419	      0.0000
    138.0435	      0.0000
    138.0450	      0.0000
    138.0465	    540.7141
    138.0481	   1797.8257
    138.0496	   4139.8428
    138.0512	  11500.2930
    138.0527	  27622.0566
    138.0542	  45432.0000
    138.0558	  53898.3359
    138.0573	  38691.1914
    138.0589	  21015.7539
    138.0604	   5427.0269
    138.0619	    406.9000
    138.0631	      0.0000
    138.0646	      0.0000
    138.0662	      0.0000
    138.0677	      0.0000
    144.0540	      0.0000
    144.0557	      0.0000
    144.0573	      0.0000
    144.0589	      0.0000
    144.0606	    712.1372
    144.0622	   1842.2919
    144.0639	   3210.3416
    144.0655	   5860.8604
    144.0671	   4853.1563
    144.0688	   2278.5356
    144.0704	    999.4193
    144.0720	      0.0000
    144.0737	      0.0000
    144.0753	      0.0000
    144.0770	      0.0000
    145.0381	      0.0000
    145.0398	      0.0000
    145.0414	      0.0000
    145.0431	      0.0000
    145.0447	    439.5464
    145.0464	   1352.9285
    145.0480	   2357.0078
    145.0497	   2755.1011
    145.0514	   2269.2571
    145.0530	   1292.2225
    145.0547	    487.8471
    145.0563	      0.0000
    145.0580	      0.0000
    145.0596	      0.0000
    145.0613	      0.0000
    145.4183	      0.0000
    145.4199	      0.0000
    145.4216	      0.0000
    145.4233	      0.0000
    145.4249	    697.4352
    145.4266	   1219.2319
    145.4282	   1436.2749
    145.4299	   1223.4812
    145.4316	    728.0716
    145.4332	      0.0000
    145.4349	      0.0000
    145.4366	      0.0000
    145.4382	      0.0000
    163.0457	      0.0000
    163.0476	      0.0000
    163.0496	      0.0000
    163.0516	      0.0000
    163.0536	    879.5529
    163.0555	   3533.4976
    163.0575	   6879.6060
    163.0595	  10147.1641
    163.0615	   9285.0576
    163.0634	   5688.9282
    163.0654	   2316.5234
    163.0674	    341.5271
    163.0696	      0.0000
    163.0715	      0.0000
    163.0735	      0.0000
    163.0755	      0.0000
    168.0477	      0.0000
    168.0498	      0.0000
    168.0518	      0.0000
    168.0539	      0.0000
    168.0560	    861.4271
    168.0580	   1722.7239
    168.0601	   5705.1992
    168.0622	  14594.7725
    168.0642	  24226.8828
    168.0663	  28308.8672
    168.0684	  19923.6152
    168.0704	  10531.8408
    168.0725	   2651.5115
    168.0746	    338.4052
    168.0770	      0.0000
    168.0791	      0.0000
    168.0812	      0.0000
    168.0832	      0.0000
    186.0570	      0.0000
    186.0594	      0.0000
    186.0618	      0.0000
    186.0642	      0.0000
    186.0666	    558.7004
    186.0690	   1806.3235
    186.0715	   5930.4541
    186.0739	  11434.6533
    186.0763	  16620.3086
    186.0787	  14752.7549
    186.0811	   8919.8408
    186.0835	   3445.9316
    186.0859	    634.5494
    186.0878	      0.0000
    186.0903	      0.0000
    186.0927	      0.0000
    186.0951	      0.0000
    204.0534	      0.0000
    204.0562	      0.0000
    204.0589	      0.0000
    204.0617	      0.0000
    204.0645	      0.0000
    204.0672	      0.0000
    204.0700	      0.0000
    204.0733	   2102.3098
    204.0760	   3812.6001
    204.0788	  10684.9795
    204.0816	  31634.3047
    204.0843	  55497.8477
    204.0871	  74533.0391
    204.0899	  60207.7734
    204.0926	  35402.0898
    204.0954	  11736.7051
    204.0982	   2295.5144
    204.1009	    779.5839
    204.1032	      0.0000
    204.1059	      0.0000
    204.1087	      0.0000
    204.1115	      0.0000
    205.0719	      0.0000
    205.0747	      0.0000
    205.0775	      0.0000
    205.0802	      0.0000
    205.0830	    538.3126
    205.0858	   1345.2279
    205.0886	   2084.8689
    205.0914	   2278.8816
    205.0942	   1781.4727
    205.0970	    928.9024
    205.0998	      0.0000
    205.1026	      0.0000
    205.1054	      0.0000
    205.1081	      0.0000
    218.0349	      0.0000
    218.0380	      0.0000
    218.0410	      0.0000
    218.0441	      0.0000
    218.0471	    708.5786
    218.0502	   1281.6041
    218.0533	   1543.4430
    218.0563	   1308.7974
    218.0594	    748.4168
    218.0625	      0.0000
    218.0656	      0.0000
    218.0686	      0.0000
    218.0717	      0.0000
    274.6161	      0.0000
    274.6204	      0.0000
    274.6247	      0.0000
    274.6290	      0.0000
    274.6334	   1007.7827
    274.6377	   1651.1591
    274.6420	   1773.2205
    274.6463	   1308.3391
    274.6506	    625.6764
    274.6555	      0.0000
    274.6598	      0.0000
    274.6641	      0.0000
    274.6685	      0.0000
    366.0925	      0.0000
    366.0992	      0.0000
    366.1058	      0.0000
    366.1125	      0.0000
    366.1191	    960.6136
    366.1258	   3395.7534
    366.1324	   5964.1069
    366.1391	   7929.4126
    366.1457	   6267.6846
    366.1524	   3544.9563
    366.1590	    847.2171
    366.1658	      0.0000
    366.1724	      0.0000
    366.1791	      0.0000
    366.1857	      0.0000
    407.1116	      0.0000
    407.1194	      0.0000
    407.1272	      0.0000
    407.1350	      0.0000
    407.1428	    706.8728
    407.1506	   1395.3066
    407.1584	   1815.6768
    407.1661	   1699.9631
    407.1739	   1145.8015
    407.1824	      0.0000
    407.1902	      0.0000
    407.1980	      0.0000
    407.2058	      0.0000
    528.1097	      0.0000
    528.1213	      0.0000
    528.1328	      0.0000
    528.1443	      0.0000
    528.1558	    681.8256
    528.1673	   1310.9709
    528.1788	   1965.3480
    528.1903	   2249.2739
    528.2018	   1887.4357
    528.2134	   1071.8110
    528.2249	      0.0000
    528.2364	      0.0000
    528.2479	      0.0000
    528.2594	      0.0000
    528.9511	      0.0000
    528.9626	      0.0000
    528.9742	      0.0000
    528.9857	      0.0000
    528.9973	   1062.1693
    529.0088	   1664.4156
    529.0203	   2028.1246
    529.0319	   1750.8315
    529.0434	    979.9677
    529.0550	      0.0000
    529.0666	      0.0000
    529.0781	      0.0000
    529.0897	      0.0000
    576.0130	      0.0000
    576.0261	      0.0000
    576.0392	      0.0000
    576.0524	      0.0000
    576.0655	   1053.6980
    576.0786	   1544.8420
    576.0917	   1667.5498
    576.1048	   1329.4702
    576.1179	    716.5808
    576.1311	      0.0000
    576.1442	      0.0000
    576.1574	      0.0000
    576.1705	      0.0000
    635.3351	      0.0000
    635.3503	      0.0000
    635.3655	      0.0000
    635.3807	      0.0000
    635.3959	    832.8562
    635.4111	   1484.8428
    635.4263	   1737.8644
    635.4415	   1421.1813
    635.4567	    775.3039
    635.4721	      0.0000
    635.4873	      0.0000
    635.5025	      0.0000
    635.5177	      0.0000
    827.2813	      0.0000
    827.3039	      0.0000
    827.3265	      0.0000
    827.3490	      0.0000
    827.3716	    533.4850
    827.3942	   1409.4767
    827.4168	   2343.2832
    827.4393	   2729.5383
    827.4619	   2279.3735
    827.4845	   1315.3871
    827.5077	      0.0000
    827.5303	      0.0000
    827.5529	      0.0000
    827.5755	      0.0000
   1375.6130	      0.0000
   1375.6614	      0.0000
   1375.7098	      0.0000
   1375.7582	      0.0000
   1375.8066	    918.4419
   1375.8550	   1424.3030
   1375.9034	   1718.3214
   1375.9518	   1593.6017
   1376.0002	   1077.8452
   1376.0487	      0.0000
   1376.0971	      0.0000
   1376.1455	      0.0000
   1376.1939	      0.0000
   1393.3993	      0.0000
   1393.4487	      0.0000
   1393.4980	      0.0000
   1393.5474	      0.0000
   1393.5967	   1150.3647
   1393.6460	   2226.2993
   1393.6954	   2711.3125
   1393.7448	   2169.1321
   1393.7941	   1053.0322
   1393.8435	      0.0000
   1393.8928	      0.0000
   1393.9422	      0.0000
   1393.9916	      0.0000
   1394.4360	      0.0000
   1394.4854	      0.0000
   1394.5348	      0.0000
   1394.5842	      0.0000
   1394.6336	   1096.1852
   1394.6830	   1737.9369
   1394.7324	   1887.7242
   1394.7818	   1484.3224
   1394.8312	    827.7609
   1394.9124	      0.0000
   1394.9618	      0.0000
   1395.0113	      0.0000
   1395.0607	      0.0000
   1596.2826	      0.0000
   1596.3431	      0.0000
   1596.4036	      0.0000
   1596.4641	      0.0000
   1596.5246	   1506.9755
   1596.5852	   3022.6052
   1596.6457	   7879.3086
   1596.7062	  15369.6484
   1596.7667	  23238.5215
   1596.8272	  22990.7793
   1596.8878	  14403.3223
   1596.9483	   6182.4731
   1597.0088	    436.6570
   1597.0677	      0.0000
   1597.1282	      0.0000
   1597.1888	      0.0000
   1597.2493	      0.0000
   1597.3099	      0.0000
   1597.3704	      0.0000
   1597.4310	      0.0000
   1597.4915	    437.4267
   1597.5521	   1610.4122
   1597.6127	   3914.3137
   1597.6732	   9228.0234
   1597.7338	  14938.6260
   1597.7944	  18458.8066
   1597.8550	  13921.6533
   1597.9155	   7791.7632
   1597.9761	   1748.9172
   1598.0367	      0.0000
   1598.0660	      0.0000
   1598.1266	      0.0000
   1598.1872	      0.0000
   1598.2478	      0.0000
   1598.4296	      0.0000
   1598.4903	      0.0000
   1598.5509	      0.0000
   1598.6115	      0.0000
   1598.6721	   1532.7789
   1598.7328	   2518.9817
   1598.7934	   2756.6965
   1598.8540	   2055.2268
   1598.9147	    993.0863
   1598.9753	      0.0000
   1599.0360	      0.0000
   1599.0966	      0.0000
   1599.1573	      0.0000
   1742.3447	      0.0000
   1742.4137	      0.0000
   1742.4827	      0.0000
   1742.5517	      0.0000
   1742.6207	    567.9376
   1742.6897	   1678.1407
   1742.7587	   2890.6414
   1742.8277	   3262.2544
   1742.8967	   2470.5728
   1742.9658	   1167.0333
   1743.0348	      0.0000
   1743.1038	      0.0000
   1743.1728	      0.0000
   1743.2419	      0.0000
   1743.3109	      0.0000
   1743.3800	      0.0000
   1743.4490	      0.0000
   1743.5181	      0.0000
   1743.5871	    877.8918
   1743.6562	   1854.6395
   1743.7253	   2954.0039
   1743.7943	   3580.3748
   1743.8634	   3265.0747
   1743.9325	   2151.0540
   1744.0016	    938.2300
   1744.0706	      0.0000
   1744.1397	      0.0000
   1744.2088	      0.0000
   1744.2779	      0.0000
   2666.7330	      0.0000
   2666.8636	      0.0000
   2666.9943	      0.0000
   2667.1249	      0.0000
