# ljz_20131022_MR_Chym1_ELUTE.mzML
#
# index: 7316
# id: controllerType=0 controllerNumber=1 scan=19139
# scanNumber: 19139
# massAnalyzerType: quadrupole
# scanEvent: 2
# msLevel: 2
# retentionTime: 4862.67
# filterString: FTMS + p NSI d Full ms2 864.39@hcd28.00 [100.00-2665.00]
# mzLow: 99.0036
# mzHigh: 2692.39
# basePeakMZ: 204.087
# basePeakIntensity: 57186.2
# totalIonCurrent: 496859
# precursorCount: 1
# precursor 0: 864.049 398660
# binary (1118): 
     99.0036	      0.0000
     99.0045	      0.0000
     99.0055	      0.0000
     99.0064	      0.0000
    101.0648	      0.0000
    101.0657	      0.0000
    101.0667	      0.0000
    101.0677	      0.0000
    101.0686	    465.0318
    101.0696	   1212.1056
    101.0705	   2032.4370
    101.0715	   2357.7908
    101.0725	   1938.3218
    101.0734	   1092.9449
    101.0744	    366.3146
    101.0753	      0.0000
    101.0762	      0.0000
    101.0772	      0.0000
    101.0782	      0.0000
    110.0648	      0.0000
    110.0659	      0.0000
    110.0670	      0.0000
    110.0681	      0.0000
    110.0692	    652.9981
    110.0703	   1458.2189
    110.0714	   2043.3951
    110.0725	   2009.9885
    110.0736	   1414.8335
    110.0747	    681.0051
    110.0757	      0.0000
    110.0768	      0.0000
    110.0779	      0.0000
    110.0790	      0.0000
    115.0307	      0.0000
    115.0319	      0.0000
    115.0331	      0.0000
    115.0342	      0.0000
    115.0354	    489.7476
    115.0366	   1248.9811
    115.0377	   2223.1321
    115.0389	   2831.4414
    115.0401	   2612.6799
    115.0412	   1706.8922
    115.0424	    733.0150
    115.0436	      0.0000
    115.0448	      0.0000
    115.0459	      0.0000
    115.0471	      0.0000
    115.7160	      0.0000
    115.7172	      0.0000
    115.7184	      0.0000
    115.7196	      0.0000
    115.7207	    878.4401
    115.7219	   1260.6232
    115.7231	   1313.3497
    115.7243	    977.1705
    115.7255	    456.1698
    115.7266	      0.0000
    115.7278	      0.0000
    115.7290	      0.0000
    115.7302	      0.0000
    118.7768	      0.0000
    118.7780	      0.0000
    118.7793	      0.0000
    118.7805	      0.0000
    118.7817	    645.5993
    118.7829	   1086.9083
    118.7842	   1309.4191
    118.7854	   1146.7151
    118.7866	    688.0978
    118.7878	      0.0000
    118.7891	      0.0000
    118.7903	      0.0000
    118.7915	      0.0000
    120.0716	      0.0000
    120.0729	      0.0000
    120.0741	      0.0000
    120.0754	      0.0000
    120.0766	    470.3143
    120.0779	   1166.2303
    120.0791	   2708.5159
    120.0804	   4755.9976
    120.0816	   5299.0303
    120.0829	   3472.8372
    120.0841	   1449.8771
    120.0854	    524.1656
    120.0867	      0.0000
    120.0880	      0.0000
    120.0892	      0.0000
    120.0905	      0.0000
    126.0441	      0.0000
    126.0454	      0.0000
    126.0467	      0.0000
    126.0481	      0.0000
    126.0494	    523.4276
    126.0508	   1981.3818
    126.0521	   7058.9546
    126.0535	  14560.0527
    126.0548	  22636.7148
    126.0561	  22879.6875
    126.0575	  14706.1875
    126.0588	   6986.1953
    126.0602	   1462.0525
    126.0615	      0.0000
    126.0631	      0.0000
    126.0644	      0.0000
    126.0658	      0.0000
    126.0671	      0.0000
    127.0285	      0.0000
    127.0299	      0.0000
    127.0313	      0.0000
    127.0326	      0.0000
    127.0340	    725.0555
    127.0353	   2139.0249
    127.0367	   5919.2749
    127.0381	  10312.6279
    127.0394	  13883.4541
    127.0408	  11431.2217
    127.0421	   6693.4009
    127.0435	   2250.9307
    127.0448	    112.9337
    127.0458	      0.0000
    127.0471	      0.0000
    127.0485	      0.0000
    127.0498	      0.0000
    129.0579	      0.0000
    129.0593	      0.0000
    129.0607	      0.0000
    129.0621	      0.0000
    129.0635	    676.5889
    129.0649	   1240.8060
    129.0663	   1448.4796
    129.0676	   1162.5446
    129.0690	    614.1822
    129.0707	      0.0000
    129.0721	      0.0000
    129.0735	      0.0000
    129.0749	      0.0000
    129.0916	      0.0000
    129.0930	      0.0000
    129.0944	      0.0000
    129.0958	      0.0000
    129.0972	    600.3811
    129.0985	   1129.5743
    129.0999	   3803.2126
    129.1013	   6921.9810
    129.1027	   9659.7705
    129.1041	   8126.9668
    129.1055	   4736.9302
    129.1069	   1612.8187
    129.1083	     58.8716
    129.1094	      0.0000
    129.1108	      0.0000
    129.1122	      0.0000
    129.1136	      0.0000
    130.0552	      0.0000
    130.0566	      0.0000
    130.0580	      0.0000
    130.0594	      0.0000
    130.0609	    662.8833
    130.0623	   1736.8287
    130.0637	   4186.8281
    130.0651	   5797.3511
    130.0665	   4842.0713
    130.0679	   2790.5991
    130.0693	   1078.0568
    130.0707	    384.7432
    130.0721	      0.0000
    130.0735	      0.0000
    130.0749	      0.0000
    130.0763	      0.0000
    132.0704	      0.0000
    132.0719	      0.0000
    132.0733	      0.0000
    132.0748	      0.0000
    132.0762	    747.0670
    132.0776	   2498.6282
    132.0791	   4730.1299
    132.0805	   6993.2529
    132.0820	   6917.9858
    132.0834	   4457.7070
    132.0848	   2094.8120
    132.0863	    228.5859
    132.0881	      0.0000
    132.0896	      0.0000
    132.0910	      0.0000
    132.0924	      0.0000
    136.0636	      0.0000
    136.0651	      0.0000
    136.0666	      0.0000
    136.0681	      0.0000
    136.0696	    749.2114
    136.0711	   1237.0455
    136.0726	   3941.0288
    136.0741	   8488.3926
    136.0756	  13457.3662
    136.0771	  13830.6289
    136.0786	   8835.3408
    136.0801	   4039.8691
    136.0817	    696.7817
    136.0829	      0.0000
    136.0844	      0.0000
    136.0859	      0.0000
    136.0874	      0.0000
    138.0402	      0.0000
    138.0418	      0.0000
    138.0433	      0.0000
    138.0448	      0.0000
    138.0464	    407.1761
    138.0479	   1120.6808
    138.0495	   3015.7766
    138.0510	   9321.1865
    138.0525	  24076.5137
    138.0541	  40278.8008
    138.0556	  49258.5898
    138.0572	  36250.5625
    138.0587	  20255.3906
    138.0602	   5723.1743
    138.0618	    715.4172
    138.0631	      0.0000
    138.0646	      0.0000
    138.0661	      0.0000
    138.0677	      0.0000
    139.0501	      0.0000
    139.0516	      0.0000
    139.0532	      0.0000
    139.0547	      0.0000
    139.0563	    804.8608
    139.0578	   1550.0466
    139.0594	   1798.1066
    139.0610	   1374.8402
    139.0625	    658.9561
    139.0641	      0.0000
    139.0656	      0.0000
    139.0672	      0.0000
    139.0688	      0.0000
    144.0556	      0.0000
    144.0573	      0.0000
    144.0589	      0.0000
    144.0606	      0.0000
    144.0622	    438.8740
    144.0638	   1092.2184
    144.0655	   1537.0864
    144.0671	   1413.2450
    144.0688	    837.8933
    144.0707	      0.0000
    144.0723	      0.0000
    144.0739	      0.0000
    144.0756	      0.0000
    145.0367	      0.0000
    145.0384	      0.0000
    145.0400	      0.0000
    145.0417	      0.0000
    145.0433	    125.7614
    145.0450	   1316.1304
    145.0467	   4809.8452
    145.0483	   8730.7354
    145.0500	  11830.8506
    145.0516	   9505.2861
    145.0533	   5621.2251
    145.0549	   1896.4326
    145.0566	    498.1695
    145.0580	      0.0000
    145.0597	      0.0000
    145.0613	      0.0000
    145.0630	      0.0000
    159.0658	      0.0000
    159.0677	      0.0000
    159.0696	      0.0000
    159.0715	      0.0000
    159.0734	    460.7322
    159.0753	   1059.1989
    159.0772	   1666.5920
    159.0791	   2082.8816
    159.0810	   1030.7119
    159.0829	    521.4758
    159.0849	   1263.1594
    159.0868	   4627.3154
    159.0887	  10790.6260
    159.0906	  17615.3438
    159.0925	  19681.0840
    159.0944	  13384.4883
    159.0963	   6840.6826
    159.0982	   1608.6144
    159.1001	      0.0000
    159.1020	      0.0000
    159.1039	      0.0000
    159.1058	      0.0000
    159.1077	      0.0000
    160.0830	      0.0000
    160.0849	      0.0000
    160.0868	      0.0000
    160.0888	      0.0000
    160.0907	    447.2570
    160.0926	   1222.1537
    160.0945	   1884.3488
    160.0965	   1925.2537
    160.0984	   1318.0825
    160.1003	    536.3961
    160.1022	      0.0000
    160.1041	      0.0000
    160.1060	      0.0000
    160.1080	      0.0000
    161.8203	      0.0000
    161.8223	      0.0000
    161.8242	      0.0000
    161.8262	      0.0000
    161.8281	    730.5184
    161.8301	   1071.4819
    161.8321	   1232.7483
    161.8340	   1116.9272
    161.8360	    774.6848
    161.8382	      0.0000
    161.8401	      0.0000
    161.8421	      0.0000
    161.8440	      0.0000
    163.0439	      0.0000
    163.0459	      0.0000
    163.0479	      0.0000
    163.0499	      0.0000
    163.0518	    272.0814
    163.0538	   1471.4573
    163.0558	   5229.8325
    163.0578	  10475.3965
    163.0597	  15931.1641
    163.0617	  15427.5547
    163.0637	   9759.2061
    163.0657	   4469.2051
    163.0676	    968.4570
    163.0698	      0.0000
    163.0718	      0.0000
    163.0738	      0.0000
    163.0758	      0.0000
    168.0480	      0.0000
    168.0500	      0.0000
    168.0521	      0.0000
    168.0542	      0.0000
    168.0562	    743.4770
    168.0583	   1827.9355
    168.0604	   5946.0313
    168.0624	  13900.6621
    168.0645	  22632.0820
    168.0666	  25552.8965
    168.0686	  17588.0742
    168.0707	   9082.6299
    168.0728	   2066.1345
    168.0748	    143.2527
    168.0765	      0.0000
    168.0786	      0.0000
    168.0806	      0.0000
    168.0827	      0.0000
    173.0777	      0.0000
    173.0799	      0.0000
    173.0821	      0.0000
    173.0842	      0.0000
    173.0864	    491.2729
    173.0885	   1244.3073
    173.0907	   2155.0381
    173.0929	   2689.1733
    173.0950	   2455.8247
    173.0972	   1604.6769
    173.0993	    709.5404
    173.1015	      0.0000
    173.1037	      0.0000
    173.1058	      0.0000
    173.1080	      0.0000
    185.0782	      0.0000
    185.0806	      0.0000
    185.0829	      0.0000
    185.0853	      0.0000
    185.0877	    620.2797
    185.0901	   1290.6946
    185.0925	   1619.9723
    185.0949	   1349.0586
    185.0973	    714.0858
    185.0997	      0.0000
    185.1021	      0.0000
    185.1045	      0.0000
    185.1069	      0.0000
    186.0565	      0.0000
    186.0589	      0.0000
    186.0614	      0.0000
    186.0638	      0.0000
    186.0662	    343.5681
    186.0686	   1527.8534
    186.0710	   5192.0874
    186.0734	   9752.7139
    186.0758	  14057.3691
    186.0782	  12467.6680
    186.0806	   7612.2725
    186.0830	   3186.1816
    186.0854	    819.5735
    186.0882	      0.0000
    186.0906	      0.0000
    186.0930	      0.0000
    186.0954	      0.0000
    204.0593	      0.0000
    204.0620	      0.0000
    204.0648	      0.0000
    204.0676	      0.0000
    204.0703	    510.6513
    204.0731	   1053.8118
    204.0759	   2366.8794
    204.0786	   7616.5952
    204.0814	  23415.6250
    204.0842	  41763.2656
    204.0869	  57045.8438
    204.0897	  47087.7539
    204.0924	  27917.5801
    204.0952	  10003.9043
    204.0980	   2015.8345
    204.1007	    255.6467
    204.1031	      0.0000
    204.1059	      0.0000
    204.1087	      0.0000
    204.1114	      0.0000
    205.0719	      0.0000
    205.0747	      0.0000
    205.0774	      0.0000
    205.0802	      0.0000
    205.0830	    845.6438
    205.0858	   1684.9409
    205.0886	   2208.0151
    205.0914	   2025.4142
    205.0942	   1284.4612
    205.0969	    497.0959
    205.0997	      0.0000
    205.1025	      0.0000
    205.1053	      0.0000
    205.1081	      0.0000
    210.4050	      0.0000
    210.4079	      0.0000
    210.4108	      0.0000
    210.4137	      0.0000
    210.4166	    577.8307
    210.4195	    949.3854
    210.4224	   1136.1034
    210.4252	   1002.1021
    210.4281	    601.9192
    210.4311	      0.0000
    210.4340	      0.0000
    210.4369	      0.0000
    210.4398	      0.0000
    235.1237	      0.0000
    235.1271	      0.0000
    235.1305	      0.0000
    235.1339	      0.0000
    235.1374	    556.4022
    235.1408	   1243.7003
    235.1442	   1699.5778
    235.1476	   1593.2303
    235.1510	   1033.2075
    235.1545	    426.4384
    235.1579	      0.0000
    235.1613	      0.0000
    235.1647	      0.0000
    235.1682	      0.0000
    256.1052	      0.0000
    256.1091	      0.0000
    256.1129	      0.0000
    256.1168	      0.0000
    256.1207	    651.3642
    256.1246	   1186.7269
    256.1285	   1487.2759
    256.1324	   1330.3958
    256.1363	    817.8154
    256.1408	      0.0000
    256.1447	      0.0000
    256.1485	      0.0000
    256.1524	      0.0000
    365.1641	      0.0000
    365.1707	      0.0000
    365.1773	      0.0000
    365.1840	      0.0000
    365.1906	    597.5639
    365.1972	   1343.3881
    365.2038	   1846.7625
    365.2104	   1778.1957
    365.2171	   1216.7416
    365.2237	    566.5070
    365.2303	      0.0000
    365.2369	      0.0000
    365.2435	      0.0000
    365.2502	      0.0000
    366.0925	      0.0000
    366.0992	      0.0000
    366.1058	      0.0000
    366.1124	      0.0000
    366.1191	    677.8173
    366.1257	   3292.8486
    366.1324	   6216.8174
    366.1390	   8604.5469
    366.1457	   7065.8174
    366.1523	   4157.0059
    366.1590	   1530.4139
    366.1656	    484.4248
    366.1726	      0.0000
    366.1792	      0.0000
    366.1859	      0.0000
    366.1925	      0.0000
    432.1543	      0.0000
    432.1629	      0.0000
    432.1714	      0.0000
    432.1799	      0.0000
    432.1884	    716.6932
    432.1969	   1494.9420
    432.2055	   2094.2776
    432.2140	   2083.1028
    432.2225	   1491.1235
    432.2310	    737.5851
    432.2402	      0.0000
    432.2487	      0.0000
    432.2572	      0.0000
    432.2658	      0.0000
    657.7227	      0.0000
    657.7387	      0.0000
    657.7547	      0.0000
    657.7707	      0.0000
    657.7867	    315.0233
    657.8027	   1096.7990
    657.8187	   3839.7983
    657.8347	   6380.4692
    657.8507	   7556.5254
    657.8667	   5248.5288
    657.8828	   2654.4312
    657.8988	    323.7220
    657.9148	      0.0000
    657.9308	      0.0000
    657.9468	      0.0000
    657.9628	      0.0000
    658.2510	      0.0000
    658.2671	      0.0000
    658.2831	      0.0000
    658.2991	      0.0000
    658.3151	    898.9228
    658.3311	   1806.5103
    658.3472	   2353.4839
    658.3632	   2164.5669
    658.3792	   1408.6503
    658.3952	    600.2756
    658.4113	      0.0000
    658.4273	      0.0000
    658.4433	      0.0000
    658.4593	      0.0000
    670.7284	      0.0000
    670.7449	      0.0000
    670.7614	      0.0000
    670.7779	      0.0000
    670.7943	    536.2882
    670.8108	   1151.2906
    670.8273	   1584.6877
    670.8438	   1523.0643
    670.8603	   1004.9560
    670.8768	      0.0000
    670.8933	      0.0000
    670.9097	      0.0000
    670.9262	      0.0000
    693.7285	      0.0000
    693.7459	      0.0000
    693.7632	      0.0000
    693.7805	      0.0000
    693.7979	    593.9940
    693.8152	   1452.2692
    693.8325	   2149.0645
    693.8499	   2195.9224
    693.8672	   1577.6644
    693.8845	    755.1061
    693.9019	      0.0000
    693.9192	      0.0000
    693.9366	      0.0000
    693.9539	      0.0000
    694.2314	      0.0000
    694.2488	      0.0000
    694.2661	      0.0000
    694.2835	      0.0000
    694.3008	    705.2682
    694.3182	   1260.1111
    694.3355	   1537.4099
    694.3529	   1330.8472
    694.3702	    775.4514
    694.3876	      0.0000
    694.4050	      0.0000
    694.4223	      0.0000
    694.4397	      0.0000
    710.2399	      0.0000
    710.2578	      0.0000
    710.2758	      0.0000
    710.2938	      0.0000
    710.3117	    875.2122
    710.3297	   1467.1844
    710.3476	   1858.2175
    710.3656	   1814.8511
    710.3835	   1375.2515
    710.4015	    811.6708
    710.4195	      0.0000
    710.4374	      0.0000
    710.4554	      0.0000
    710.4734	      0.0000
    711.2644	      0.0000
    711.2824	      0.0000
    711.3004	      0.0000
    711.3184	      0.0000
    711.3364	    573.7928
    711.3544	   1183.4791
    711.3723	   1410.6987
    711.3903	   1103.0031
    711.4083	    535.0588
    711.4263	      0.0000
    711.4443	      0.0000
    711.4623	      0.0000
    711.4803	      0.0000
    711.7504	      0.0000
    711.7684	      0.0000
    711.7865	      0.0000
    711.8045	      0.0000
    711.8225	    516.8498
    711.8405	   1243.6272
    711.8585	   1824.8225
    711.8765	   1870.8873
    711.8945	   1370.2230
    711.9126	    682.2728
    711.9306	      0.0000
    711.9486	      0.0000
    711.9666	      0.0000
    711.9846	      0.0000
    712.2370	      0.0000
    712.2550	      0.0000
    712.2730	      0.0000
    712.2911	      0.0000
    712.3091	    698.2300
    712.3271	   1503.9877
    712.3452	   2140.3689
    712.3632	   2162.9368
    712.3812	   1552.3353
    712.3993	    730.3013
    712.4173	      0.0000
    712.4354	      0.0000
    712.4534	      0.0000
    712.4714	      0.0000
    731.2523	      0.0000
    731.2710	      0.0000
    731.2898	      0.0000
    731.3085	      0.0000
    731.3273	    668.8162
    731.3460	   1182.1160
    731.3648	   1359.8154
    731.3836	   1085.6659
    731.4023	    558.0951
    731.4211	      0.0000
    731.4399	      0.0000
    731.4586	      0.0000
    731.4774	      0.0000
    745.1393	      0.0000
    745.1586	      0.0000
    745.1779	      0.0000
    745.1972	      0.0000
    745.2165	    588.7377
    745.2358	   1176.2159
    745.2551	   1446.3003
    745.2744	   1148.9052
    745.2937	    519.6027
    745.3189	      0.0000
    745.3382	      0.0000
    745.3575	      0.0000
    745.3768	      0.0000
    759.2331	      0.0000
    759.2530	      0.0000
    759.2728	      0.0000
    759.2927	      0.0000
    759.3125	   1069.4692
    759.3324	   3199.0212
    759.3522	   8677.4141
    759.3721	  14812.3721
    759.3919	  18559.1348
    759.4118	  13659.2607
    759.4316	   7484.9932
    759.4515	   1724.0956
    759.4713	      0.0000
    759.4907	      0.0000
    759.5105	      0.0000
    759.5304	      0.0000
    759.5502	      0.0000
    759.7290	      0.0000
    759.7488	      0.0000
    759.7687	      0.0000
    759.7886	      0.0000
    759.8084	    455.8875
    759.8283	   1779.3870
    759.8481	   5583.7588
    759.8680	  10311.2949
    759.8879	  14635.3926
    759.9078	  12676.3154
    759.9276	   7589.4297
    759.9475	   2828.4297
    759.9674	    376.4987
    759.9818	      0.0000
    760.0017	      0.0000
    760.0216	      0.0000
    760.0415	      0.0000
    760.2402	      0.0000
    760.2601	      0.0000
    760.2800	      0.0000
    760.2999	      0.0000
    760.3198	    635.0390
    760.3397	   2905.4795
    760.3596	   6267.7261
    760.3794	   9910.0703
    760.3993	   9971.3389
    760.4192	   6333.2510
    760.4391	   2931.9695
    760.4590	    548.1432
    760.4790	      0.0000
    760.4988	      0.0000
    760.5187	      0.0000
    760.5386	      0.0000
    760.7774	      0.0000
    760.7973	      0.0000
    760.8172	      0.0000
    760.8371	      0.0000
    760.8570	   1023.3284
    760.8770	   1468.2035
    760.8969	   1520.1394
    760.9168	   1125.2114
    760.9367	    533.4574
    760.9566	      0.0000
    760.9765	      0.0000
    760.9964	      0.0000
    761.0164	      0.0000
    792.7623	      0.0000
    792.7835	      0.0000
    792.8046	      0.0000
    792.8258	      0.0000
    792.8470	    663.7808
    792.8682	   1187.7548
    792.8894	   1481.8140
    792.9105	   1381.8007
    792.9317	    982.4880
    792.9529	      0.0000
    792.9741	      0.0000
    792.9953	      0.0000
    793.0164	      0.0000
    805.2297	      0.0000
    805.2514	      0.0000
    805.2731	      0.0000
    805.2948	      0.0000
    805.3164	    419.5460
    805.3381	   1157.9790
    805.3598	   2016.2681
    805.3815	   2463.1892
    805.4032	   2166.1567
    805.4248	   1327.9861
    805.4465	    513.8892
    805.4777	      0.0000
    805.4994	      0.0000
    805.5211	      0.0000
    805.5428	      0.0000
    810.2255	      0.0000
    810.2474	      0.0000
    810.2693	      0.0000
    810.2912	      0.0000
    810.3131	    625.3234
    810.3349	   2092.2825
    810.3568	   4875.9565
    810.3787	   7956.3149
    810.4006	   9103.2979
    810.4225	   6188.8540
    810.4443	   3051.6335
    810.4662	    356.8303
    810.4786	      0.0000
    810.5005	      0.0000
    810.5224	      0.0000
    810.5443	      0.0000
    810.7413	      0.0000
    810.7632	      0.0000
    810.7851	      0.0000
    810.8070	      0.0000
    810.8289	   1050.6896
    810.8508	   2166.2488
    810.8727	   4704.7192
    810.8946	   5491.9629
    810.9165	   4053.3564
    810.9384	   1747.6194
    810.9603	    764.8273
    810.9822	      0.0000
    811.0041	      0.0000
    811.0261	      0.0000
    811.0480	      0.0000
    811.2452	      0.0000
    811.2671	      0.0000
    811.2890	      0.0000
    811.3109	      0.0000
    811.3329	    468.9711
    811.3548	   1206.5201
    811.3767	   1816.5638
    811.3986	   1835.3872
    811.4205	   1235.2064
    811.4425	    464.3849
    811.4644	      0.0000
    811.4863	      0.0000
    811.5083	      0.0000
    811.5302	      0.0000
    831.2680	      0.0000
    831.2907	      0.0000
    831.3134	      0.0000
    831.3362	      0.0000
    831.3589	    925.5902
    831.3816	   1742.0847
    831.4044	   2189.9587
    831.4271	   1957.1211
    831.4498	   1226.0793
    831.4726	    493.5142
    831.4953	      0.0000
    831.5181	      0.0000
    831.5408	      0.0000
    831.5636	      0.0000
    832.2691	      0.0000
    832.2919	      0.0000
    832.3147	      0.0000
    832.3375	      0.0000
    832.3602	    630.1252
    832.3830	   1198.0557
    832.4058	   1458.8064
    832.4286	   1232.9551
    832.4514	    711.3901
    832.4742	      0.0000
    832.4970	      0.0000
    832.5198	      0.0000
    832.5425	      0.0000
    854.2632	      0.0000
    854.2869	      0.0000
    854.3105	      0.0000
    854.3342	      0.0000
    854.3579	    661.2091
    854.3816	   1188.1719
    854.4053	   1420.3776
    854.4290	   1148.9496
    854.4527	    566.3428
    854.4764	      0.0000
    854.5001	      0.0000
    854.5238	      0.0000
    854.5475	      0.0000
    860.7656	      0.0000
    860.7895	      0.0000
    860.8135	      0.0000
    860.8375	      0.0000
    860.8614	    973.0552
    860.8854	   2899.4529
    860.9093	   4841.6616
    860.9333	   5098.4067
    860.9573	   3079.9792
    860.9812	   1172.2924
    861.0052	    607.1144
    861.0292	      0.0000
    861.0531	      0.0000
    861.0771	      0.0000
    861.1011	      0.0000
    861.2449	      0.0000
    861.2689	      0.0000
    861.2928	      0.0000
    861.3168	      0.0000
    861.3408	    586.3538
    861.3648	   1446.1508
    861.3887	   2522.0669
    861.4127	   4677.7622
    861.4367	   2977.8406
    861.4607	   1971.1697
    861.4847	    840.1264
    861.5087	      0.0000
    861.5327	      0.0000
    861.5566	      0.0000
    861.5806	      0.0000
    881.2951	      0.0000
    881.3199	      0.0000
    881.3447	      0.0000
    881.3695	      0.0000
    881.3944	    628.8243
    881.4192	   1162.4386
    881.4440	   1419.0573
    881.4688	   1184.4016
    881.4936	    615.2371
    881.5185	      0.0000
    881.5433	      0.0000
    881.5681	      0.0000
    881.5930	      0.0000
    883.2339	      0.0000
    883.2588	      0.0000
    883.2837	      0.0000
    883.3086	      0.0000
    883.3335	    433.6235
    883.3584	   1220.8344
    883.3834	   2287.3103
    883.4083	   2977.8489
    883.4332	   2750.7385
    883.4581	   1746.2924
    883.4830	    673.0557
    883.5079	      0.0000
    883.5328	      0.0000
    883.5577	      0.0000
    883.5826	      0.0000
    911.2462	      0.0000
    911.2723	      0.0000
    911.2984	      0.0000
    911.3245	      0.0000
    911.3506	    621.9382
    911.3767	   1239.6444
    911.4028	   1624.7639
    911.4289	   1553.5470
    911.4550	   1113.9432
    911.4811	    586.6126
    911.5072	      0.0000
    911.5333	      0.0000
    911.5594	      0.0000
    911.5855	      0.0000
    911.7683	      0.0000
    911.7944	      0.0000
    911.8205	      0.0000
    911.8466	      0.0000
    911.8728	    633.3283
    911.8989	   1233.2908
    911.9250	   1611.4265
    911.9511	   1496.7942
    911.9772	    972.1832
    912.0034	      0.0000
    912.0295	      0.0000
    912.0556	      0.0000
    912.0817	      0.0000
    912.2385	      0.0000
    912.2647	      0.0000
    912.2908	      0.0000
    912.3169	      0.0000
    912.3431	    419.9525
    912.3692	   1236.8054
    912.3954	   2292.5466
    912.4215	   2925.8315
    912.4476	   2692.9099
    912.4738	   1790.7462
    912.4999	    832.9201
    912.5261	      0.0000
    912.5522	      0.0000
    912.5784	      0.0000
    912.6045	      0.0000
    928.7141	      0.0000
    928.7410	      0.0000
    928.7678	      0.0000
    928.7947	      0.0000
    928.8215	    696.7890
    928.8484	   1138.8705
    928.8752	   1406.7428
    928.9021	   1325.5862
    928.9289	    901.1989
    928.9559	      0.0000
    928.9827	      0.0000
    929.0096	      0.0000
    929.0364	      0.0000
    975.3104	      0.0000
    975.3393	      0.0000
    975.3682	      0.0000
    975.3971	      0.0000
    975.4260	    554.2402
    975.4549	   1197.8105
    975.4838	   1555.9758
    975.5127	   1381.5828
    975.5416	    827.6536
    975.5705	      0.0000
    975.5994	      0.0000
    975.6283	      0.0000
    975.6572	      0.0000
    985.7658	      0.0000
    985.7951	      0.0000
    985.8245	      0.0000
    985.8538	      0.0000
    985.8832	    693.4350
    985.9126	   1345.3059
    985.9419	   1722.6089
    985.9713	   1531.7268
    986.0007	    882.8142
    986.0301	      0.0000
    986.0594	      0.0000
    986.0888	      0.0000
    986.1182	      0.0000
   1021.5899	      0.0000
   1021.6208	      0.0000
   1021.6518	      0.0000
   1021.6828	      0.0000
   1021.7138	    984.3495
   1021.7447	   1575.2908
   1021.7757	   1708.1782
   1021.8067	   1287.7206
   1021.8377	    627.6906
   1021.8689	      0.0000
   1021.8998	      0.0000
   1021.9308	      0.0000
   1021.9618	      0.0000
   1183.3321	      0.0000
   1183.3707	      0.0000
   1183.4093	      0.0000
   1183.4479	      0.0000
   1183.4865	    761.1586
   1183.5252	   1364.2129
   1183.5638	   1665.6367
   1183.6024	   1468.7703
   1183.6410	    924.2086
   1183.6798	      0.0000
   1183.7184	      0.0000
   1183.7570	      0.0000
   1183.7957	      0.0000
   1234.3058	      0.0000
   1234.3469	      0.0000
   1234.3881	      0.0000
   1234.4292	      0.0000
   1234.4704	    939.8735
   1234.5115	   1675.7327
   1234.5526	   2112.8293
   1234.5938	   1959.6073
   1234.6349	   1305.6871
   1234.6761	    585.8963
   1234.7173	      0.0000
   1234.7585	      0.0000
   1234.7996	      0.0000
   1234.8408	      0.0000
   1314.3416	      0.0000
   1314.3868	      0.0000
   1314.4320	      0.0000
   1314.4772	      0.0000
   1314.5224	    790.0674
   1314.5676	   2904.0564
   1314.6128	   5689.6816
   1314.6580	   8488.0430
   1314.7032	   7947.5459
   1314.7484	   4892.9805
   1314.7937	   2085.0376
   1314.8389	    702.1779
   1314.8841	      0.0000
   1314.9293	      0.0000
   1314.9746	      0.0000
   1315.0198	      0.0000
   1315.3365	      0.0000
   1315.3817	      0.0000
   1315.4270	      0.0000
   1315.4722	      0.0000
   1315.5175	    360.3274
   1315.5627	   1292.6362
   1315.6080	   4038.8774
   1315.6533	   6168.3296
   1315.6985	   6288.9839
   1315.7438	   4072.9111
   1315.7891	   1940.1265
   1315.8344	    733.6179
   1315.8796	      0.0000
   1315.9249	      0.0000
   1315.9702	      0.0000
   1316.0155	      0.0000
   1316.4231	      0.0000
   1316.4684	      0.0000
   1316.5137	      0.0000
   1316.5590	      0.0000
   1316.6044	    835.7955
   1316.6497	   1588.4725
   1316.6950	   2003.5044
   1316.7403	   1758.2418
   1316.7856	   1035.4917
   1316.8620	      0.0000
   1316.9073	      0.0000
   1316.9527	      0.0000
   1316.9980	      0.0000
   1517.3096	      0.0000
   1517.3656	      0.0000
   1517.4217	      0.0000
   1517.4778	      0.0000
   1517.5338	   1257.0146
   1517.5899	   2096.7795
   1517.6460	   5465.3159
   1517.7021	  10609.4043
   1517.7581	  15870.5957
   1517.8142	  14911.2939
   1517.8703	   8856.5283
   1517.9264	   3280.8247
   1517.9825	      0.0000
   1518.0236	      0.0000
   1518.0797	      0.0000
   1518.1358	      0.0000
   1518.1919	      0.0000
   1518.3042	      0.0000
   1518.3603	      0.0000
   1518.4164	      0.0000
   1518.4725	      0.0000
   1518.5286	    641.8696
   1518.5848	   1305.0198
   1518.6409	   3899.9219
   1518.6970	   7383.6045
   1518.7532	  10881.3301
   1518.8093	   9869.9990
   1518.8655	   5791.7031
   1518.9216	   2044.9167
   1518.9778	      0.0000
   1519.0168	      0.0000
   1519.0729	      0.0000
   1519.1291	      0.0000
   1519.1852	      0.0000
   1519.3538	      0.0000
   1519.4099	      0.0000
   1519.4661	      0.0000
   1519.5223	      0.0000
   1519.5785	    457.0283
   1519.6347	   1509.7717
   1519.6909	   4162.7837
   1519.7471	   6070.9067
   1519.8033	   5466.6206
   1519.8595	   3186.2429
   1519.9157	   1097.2086
   1519.9719	      0.0000
   1520.0281	      0.0000
   1520.0843	      0.0000
   1520.1405	      0.0000
   2691.9907	      0.0000
   2692.1232	      0.0000
   2692.2557	      0.0000
   2692.3882	      0.0000
