# ljz_20131022_MR_Chym1_ELUTE.mzML
#
# index: 118
# id: controllerType=0 controllerNumber=1 scan=4175
# scanNumber: 4175
# massAnalyzerType: quadrupole
# scanEvent: 2
# msLevel: 2
# retentionTime: 1339.06
# filterString: FTMS + p NSI d Full ms2 778.99@hcd28.00 [100.00-2405.00]
# mzLow: 99.0036
# mzHigh: 2429.62
# basePeakMZ: 204.087
# basePeakIntensity: 15134.7
# totalIonCurrent: 76220.4
# precursorCount: 1
# precursor 0: 778.659 188607
# binary (330): 
     99.0036	      0.0000
     99.0045	      0.0000
     99.0055	      0.0000
     99.0064	      0.0000
    101.2452	      0.0000
    101.2462	      0.0000
    101.2472	      0.0000
    101.2481	      0.0000
    101.2491	    563.2459
    101.2501	    955.5631
    101.2510	   1108.9595
    101.2520	    887.8615
    101.2530	    437.2668
    101.2539	      0.0000
    101.2549	      0.0000
    101.2558	      0.0000
    101.2568	      0.0000
    104.9502	      0.0000
    104.9512	      0.0000
    104.9522	      0.0000
    104.9533	      0.0000
    104.9543	    720.8218
    104.9553	   1018.8618
    104.9563	   1067.6851
    104.9573	    877.0229
    104.9584	    569.9254
    104.9592	      0.0000
    104.9602	      0.0000
    104.9612	      0.0000
    104.9622	      0.0000
    126.0452	      0.0000
    126.0466	      0.0000
    126.0479	      0.0000
    126.0493	      0.0000
    126.0506	    488.2162
    126.0520	   1181.8074
    126.0533	   3213.9241
    126.0546	   5437.9536
    126.0560	   6019.5728
    126.0573	   4022.6379
    126.0587	   1997.1449
    126.0600	    676.7667
    126.0612	      0.0000
    126.0626	      0.0000
    126.0639	      0.0000
    126.0653	      0.0000
    136.8494	      0.0000
    136.8509	      0.0000
    136.8524	      0.0000
    136.8539	      0.0000
    136.8555	    568.2364
    136.8570	    867.9666
    136.8585	   1001.6277
    136.8600	    928.7574
    136.8615	    720.3895
    136.8632	      0.0000
    136.8647	      0.0000
    136.8662	      0.0000
    136.8677	      0.0000
    138.0432	      0.0000
    138.0448	      0.0000
    138.0463	      0.0000
    138.0478	      0.0000
    138.0494	    347.7012
    138.0509	   2009.9883
    138.0525	   6062.7412
    138.0540	  10456.8145
    138.0555	  13149.9131
    138.0571	   9863.9805
    138.0586	   5547.0527
    138.0602	   1590.6855
    138.0617	    322.5221
    138.0631	      0.0000
    138.0646	      0.0000
    138.0662	      0.0000
    138.0677	      0.0000
    140.3106	      0.0000
    140.3122	      0.0000
    140.3138	      0.0000
    140.3153	      0.0000
    140.3169	    559.4352
    140.3185	   1045.5394
    140.3201	   1292.1835
    140.3216	   1095.1821
    140.3232	    596.0671
    140.3248	      0.0000
    140.3264	      0.0000
    140.3280	      0.0000
    140.3296	      0.0000
    151.5275	      0.0000
    151.5293	      0.0000
    151.5311	      0.0000
    151.5328	      0.0000
    151.5346	    404.1379
    151.5364	    895.6813
    151.5381	   1129.1892
    151.5399	    922.9661
    151.5417	    451.3689
    151.5434	      0.0000
    151.5452	      0.0000
    151.5470	      0.0000
    151.5487	      0.0000
    163.0477	      0.0000
    163.0496	      0.0000
    163.0516	      0.0000
    163.0536	      0.0000
    163.0555	    453.1352
    163.0575	    993.8638
    163.0595	   1343.0691
    163.0615	   1250.6368
    163.0634	    797.2872
    163.0655	      0.0000
    163.0674	      0.0000
    163.0694	      0.0000
    163.0714	      0.0000
    168.0496	      0.0000
    168.0517	      0.0000
    168.0537	      0.0000
    168.0558	      0.0000
    168.0579	    545.8381
    168.0599	   1198.5438
    168.0620	   3469.0193
    168.0641	   5948.9839
    168.0661	   7124.1445
    168.0682	   5183.0425
    168.0703	   2850.0171
    168.0723	    894.8594
    168.0744	    354.1842
    168.0765	      0.0000
    168.0786	      0.0000
    168.0806	      0.0000
    168.0827	      0.0000
    186.0613	      0.0000
    186.0637	      0.0000
    186.0661	      0.0000
    186.0685	      0.0000
    186.0709	    899.9603
    186.0733	   1728.9913
    186.0757	   2371.2766
    186.0782	   2395.6299
    186.0806	   1787.7727
    186.0830	    956.5741
    186.0854	    329.9083
    186.0879	      0.0000
    186.0904	      0.0000
    186.0928	      0.0000
    186.0952	      0.0000
    204.0645	      0.0000
    204.0673	      0.0000
    204.0701	      0.0000
    204.0728	      0.0000
    204.0756	    446.4966
    204.0784	   1675.7048
    204.0811	   5763.8921
    204.0839	  10690.1172
    204.0867	  15044.1133
    204.0894	  12866.3350
    204.0922	   7687.2939
    204.0950	   2910.0132
    204.0977	    589.4241
    204.1005	      0.0000
    204.1032	      0.0000
    204.1060	      0.0000
    204.1088	      0.0000
    216.8155	      0.0000
    216.8185	      0.0000
    216.8216	      0.0000
    216.8246	      0.0000
    216.8276	    608.6880
    216.8306	   1060.2460
    216.8337	   1240.4226
    216.8367	   1005.6202
    216.8397	    527.1214
    216.8428	      0.0000
    216.8458	      0.0000
    216.8489	      0.0000
    216.8519	      0.0000
    256.5724	      0.0000
    256.5763	      0.0000
    256.5802	      0.0000
    256.5841	      0.0000
    256.5880	    668.2039
    256.5918	   1054.4607
    256.5957	   1173.6259
    256.5996	    950.4973
    256.6035	    533.4789
    256.6076	      0.0000
    256.6115	      0.0000
    256.6154	      0.0000
    256.6193	      0.0000
    278.7149	      0.0000
    278.7193	      0.0000
    278.7237	      0.0000
    278.7281	      0.0000
    278.7325	    511.8758
    278.7369	    943.3461
    278.7414	   1158.1046
    278.7458	   1000.6257
    278.7502	    581.3154
    278.7552	      0.0000
    278.7596	      0.0000
    278.7640	      0.0000
    278.7684	      0.0000
    405.9687	      0.0000
    405.9764	      0.0000
    405.9842	      0.0000
    405.9920	      0.0000
    405.9997	    727.4113
    406.0075	   1234.7301
    406.0152	   1401.2986
    406.0230	   1097.1050
    406.0308	    547.6987
    406.0392	      0.0000
    406.0469	      0.0000
    406.0547	      0.0000
    406.0625	      0.0000
    506.6714	      0.0000
    506.6822	      0.0000
    506.6930	      0.0000
    506.7039	      0.0000
    506.7147	    637.6297
    506.7255	   1027.5691
    506.7363	   1201.3938
    506.7471	   1065.2667
    506.7579	    700.2421
    506.7689	      0.0000
    506.7797	      0.0000
    506.7905	      0.0000
    506.8014	      0.0000
    631.7052	      0.0000
    631.7203	      0.0000
    631.7353	      0.0000
    631.7504	      0.0000
    631.7654	    759.6715
    631.7805	   1563.0096
    631.7956	   2136.1104
    631.8106	   2009.0441
    631.8257	   1252.1738
    631.8408	    428.8165
    631.8560	      0.0000
    631.8711	      0.0000
    631.8861	      0.0000
    631.9012	      0.0000
    778.0853	      0.0000
    778.1059	      0.0000
    778.1265	      0.0000
    778.1471	      0.0000
    778.1676	    443.1739
    778.1882	   1218.0768
    778.2088	   2037.1931
    778.2294	   2302.7944
    778.2500	   1833.0898
    778.2706	   1007.8122
    778.2914	      0.0000
    778.3120	      0.0000
    778.3326	      0.0000
    778.3532	      0.0000
    968.8710	      0.0000
    968.8996	      0.0000
    968.9282	      0.0000
    968.9568	      0.0000
    968.9854	    716.7245
    969.0140	   1248.5127
    969.0426	   1523.9771
    969.0713	   1368.5007
    969.0999	    883.0461
    969.1287	      0.0000
    969.1573	      0.0000
    969.1859	      0.0000
    969.2145	      0.0000
   1109.2055	      0.0000
   1109.2406	      0.0000
   1109.2756	      0.0000
   1109.3107	      0.0000
   1109.3457	    846.6282
   1109.3807	   1220.5106
   1109.4158	   1327.9886
   1109.4508	   1119.4294
   1109.4859	    704.1111
   1109.5211	      0.0000
   1109.5562	      0.0000
   1109.5913	      0.0000
   1109.6263	      0.0000
   1261.2706	      0.0000
   1261.3131	      0.0000
   1261.3556	      0.0000
   1261.3980	      0.0000
   1261.4405	    628.9194
   1261.4830	   1623.7128
   1261.5255	   3881.4507
   1261.5680	   5293.2939
   1261.6105	   4415.0015
   1261.6531	   2593.2500
   1261.6956	    931.1937
   1261.7381	      0.0000
   1261.7806	      0.0000
   1261.8231	      0.0000
   1261.8656	      0.0000
   1262.2909	      0.0000
   1262.3334	      0.0000
   1262.3760	      0.0000
   1262.4185	      0.0000
   1262.4611	    605.3018
   1262.5036	   1715.9742
   1262.5462	   4179.2773
   1262.5887	   4578.8398
   1262.6313	   2875.2065
   1262.6738	   1169.8943
   1262.7164	    608.1680
   1262.7579	      0.0000
   1262.8005	      0.0000
   1262.8430	      0.0000
   1262.8856	      0.0000
   2375.0102	      0.0000
   2375.1200	      0.0000
   2375.2298	      0.0000
   2375.3396	      0.0000
   2375.4494	   1008.4199
   2375.5593	   1541.6600
   2375.6691	   1701.9182
   2375.7789	   1393.9365
   2375.8888	    794.4634
   2375.9986	      0.0000
   2376.1085	      0.0000
   2376.2184	      0.0000
   2376.3282	      0.0000
   2429.2798	      0.0000
   2429.3933	      0.0000
   2429.5069	      0.0000
   2429.6205	      0.0000
