# ljz_20131022_MR_Chym1_ELUTE.mzML
#
# index: 532
# id: controllerType=0 controllerNumber=1 scan=5562
# scanNumber: 5562
# massAnalyzerType: quadrupole
# scanEvent: 2
# msLevel: 2
# retentionTime: 1715.92
# filterString: FTMS + p NSI d Full ms2 915.73@hcd28.00 [100.00-2825.00]
# mzLow: 99.0036
# mzHigh: 2853.96
# basePeakMZ: 204.087
# basePeakIntensity: 89885.8
# totalIonCurrent: 1.93443e+006
# precursorCount: 1
# precursor 0: 915.062 2.93332e+006
# binary (2143): 
     99.0036	      0.0000
     99.0045	      0.0000
     99.0055	      0.0000
     99.0064	      0.0000
    100.9867	      0.0000
    100.9877	      0.0000
    100.9887	      0.0000
    100.9896	      0.0000
    100.9906	      0.0000
    100.9916	      0.0000
    100.9925	      0.0000
    100.9935	      0.0000
    100.9944	      0.0000
    100.9956	      0.0000
    100.9965	      0.0000
    100.9975	      0.0000
    100.9985	      0.0000
    109.0211	      0.0000
    109.0221	      0.0000
    109.0232	      0.0000
    109.0243	      0.0000
    109.0254	   1098.5402
    109.0265	   3945.7297
    109.0275	   7840.2686
    109.0286	  11813.7500
    109.0297	  11189.9219
    109.0308	   6878.8013
    109.0319	   2888.6045
    109.0329	    409.0706
    109.0338	      0.0000
    109.0349	      0.0000
    109.0359	      0.0000
    109.0370	      0.0000
    109.0943	      0.0000
    109.0954	      0.0000
    109.0965	      0.0000
    109.0975	      0.0000
    109.0986	      0.0000
    109.0997	      0.0000
    109.1008	      0.0000
    109.1019	      0.0000
    109.1029	      0.0000
    109.1040	      0.0000
    109.1051	      0.0000
    109.1062	      0.0000
    109.1073	      0.0000
    109.1559	      0.0000
    109.1570	      0.0000
    109.1581	      0.0000
    109.1592	      0.0000
    109.1602	      0.0000
    109.1613	      0.0000
    109.1624	      0.0000
    109.1635	      0.0000
    109.1646	      0.0000
    109.1657	      0.0000
    109.1667	      0.0000
    109.1678	      0.0000
    109.1689	      0.0000
    109.1700	      0.0000
    111.0373	      0.0000
    111.0384	      0.0000
    111.0395	      0.0000
    111.0406	      0.0000
    111.0417	    442.4658
    111.0428	   1145.9458
    111.0439	   1818.1940
    111.0450	   1885.1958
    111.0461	   1269.4386
    111.0472	    454.7533
    111.0490	      0.0000
    111.0501	      0.0000
    111.0512	      0.0000
    111.0523	      0.0000
    115.0302	      0.0000
    115.0313	      0.0000
    115.0325	      0.0000
    115.0337	      0.0000
    115.0349	    798.7833
    115.0360	   2031.6713
    115.0372	   5502.9092
    115.0384	  10084.2715
    115.0395	  14375.8135
    115.0407	  12841.2930
    115.0419	   7625.0356
    115.0430	   2787.6116
    115.0442	      0.0000
    115.0447	      0.0000
    115.0458	      0.0000
    115.0470	      0.0000
    115.0482	      0.0000
    123.8959	      0.0000
    123.8972	      0.0000
    123.8985	      0.0000
    123.8998	      0.0000
    123.9011	    904.5241
    123.9025	   1395.0742
    123.9038	   1514.9706
    123.9051	   1166.1598
    123.9064	    555.7412
    123.9081	      0.0000
    123.9094	      0.0000
    123.9107	      0.0000
    123.9120	      0.0000
    126.0443	      0.0000
    126.0456	      0.0000
    126.0470	      0.0000
    126.0483	      0.0000
    126.0496	    973.8978
    126.0510	   2728.7773
    126.0523	   7967.8447
    126.0537	  15768.4287
    126.0550	  23979.0137
    126.0564	  23870.0273
    126.0577	  15194.3779
    126.0590	   7010.8208
    126.0604	   1190.3046
    126.0617	      0.0000
    126.0627	      0.0000
    126.0640	      0.0000
    126.0653	      0.0000
    126.0667	      0.0000
    127.0227	      0.0000
    127.0240	      0.0000
    127.0254	      0.0000
    127.0268	      0.0000
    127.0281	      0.0000
    127.0295	      0.0000
    127.0308	      0.0000
    127.0325	   2127.1704
    127.0339	   3821.9856
    127.0352	  10475.1768
    127.0366	  31365.8574
    127.0379	  57239.9531
    127.0393	  80838.8984
    127.0406	  70248.4609
    127.0420	  42321.0039
    127.0434	  16270.8428
    127.0447	   2837.8323
    127.0461	      0.0000
    127.0471	      0.0000
    127.0485	      0.0000
    127.0498	      0.0000
    127.0512	      0.0000
    127.0526	      0.0000
    127.0539	      0.0000
    127.0553	    700.5416
    127.0566	   1134.1022
    127.0580	   1641.7408
    127.0594	   1650.0714
    127.0607	   1037.7787
    127.0621	      0.0000
    127.0634	      0.0000
    127.0648	      0.0000
    127.0661	      0.0000
    127.1056	      0.0000
    127.1069	      0.0000
    127.1083	      0.0000
    127.1096	      0.0000
    127.1110	      0.0000
    127.1124	      0.0000
    127.1137	      0.0000
    127.1151	      0.0000
    127.1164	      0.0000
    127.1178	      0.0000
    127.1191	      0.0000
    127.1205	      0.0000
    127.1219	      0.0000
    127.1613	      0.0000
    127.1627	      0.0000
    127.1640	      0.0000
    127.1654	      0.0000
    127.1667	      0.0000
    127.1681	      0.0000
    127.1695	      0.0000
    127.1708	      0.0000
    127.1722	      0.0000
    127.1735	      0.0000
    127.1749	      0.0000
    127.1763	      0.0000
    127.1776	      0.0000
    128.0322	      0.0000
    128.0335	      0.0000
    128.0349	      0.0000
    128.0363	      0.0000
    128.0377	    622.8708
    128.0390	   1842.9845
    128.0404	   4580.5791
    128.0418	   7608.1450
    128.0432	   8353.8936
    128.0445	   5557.5898
    128.0459	   2680.9756
    128.0473	    897.8052
    128.0486	      0.0000
    128.0500	      0.0000
    128.0514	      0.0000
    128.0528	      0.0000
    129.0454	      0.0000
    129.0468	      0.0000
    129.0482	      0.0000
    129.0496	      0.0000
    129.0510	    559.9547
    129.0523	   1353.7947
    129.0537	   2075.7144
    129.0551	   2255.6511
    129.0565	   1759.0645
    129.0579	    942.1148
    129.0592	      0.0000
    129.0606	      0.0000
    129.0620	      0.0000
    129.0634	      0.0000
    138.0369	      0.0000
    138.0385	      0.0000
    138.0400	      0.0000
    138.0415	      0.0000
    138.0431	    117.5794
    138.0446	   2749.7495
    138.0462	   1339.5854
    138.0479	   1957.0809
    138.0494	   4641.5664
    138.0509	  14533.0674
    138.0525	  37238.8867
    138.0540	  61889.1875
    138.0556	  74831.1328
    138.0571	  54643.1094
    138.0586	  30288.1699
    138.0602	   8618.3047
    138.0617	   1398.2012
    138.0633	    211.7515
    138.0646	      0.0000
    138.0661	      0.0000
    138.0677	      0.0000
    138.0692	      0.0000
    139.0470	      0.0000
    139.0485	      0.0000
    139.0501	      0.0000
    139.0516	      0.0000
    139.0532	    602.3754
    139.0547	   1658.2795
    139.0563	   4139.6968
    139.0578	   6373.0859
    139.0594	   6113.5576
    139.0610	   3743.0852
    139.0625	   1592.9633
    139.0641	    596.1680
    139.0656	      0.0000
    139.0672	      0.0000
    139.0688	      0.0000
    139.0703	      0.0000
    144.0540	      0.0000
    144.0556	      0.0000
    144.0573	      0.0000
    144.0589	      0.0000
    144.0606	   1054.7479
    144.0622	   3418.7058
    144.0638	   5892.0254
    144.0655	   7914.9834
    144.0671	   6526.5742
    144.0688	   3796.2327
    144.0704	   1203.4633
    144.0720	    579.5181
    144.0740	      0.0000
    144.0756	      0.0000
    144.0772	      0.0000
    144.0789	      0.0000
    145.0351	      0.0000
    145.0367	      0.0000
    145.0384	      0.0000
    145.0400	      0.0000
    145.0417	   1123.7290
    145.0434	   3452.1880
    145.0450	  10624.1699
    145.0467	  30381.4395
    145.0483	  51771.0430
    145.0500	  67055.2109
    145.0516	  51950.9258
    145.0533	  30154.9453
    145.0550	   9126.5156
    145.0566	   1541.9814
    145.0583	     56.4580
    145.0600	      0.0000
    145.0617	      0.0000
    145.0633	      0.0000
    145.0650	      0.0000
    163.0401	      0.0000
    163.0421	      0.0000
    163.0440	      0.0000
    163.0460	      0.0000
    163.0480	    927.9826
    163.0500	   1654.1670
    163.0519	   2429.7891
    163.0539	   6600.1133
    163.0559	  21146.4063
    163.0579	  41758.2891
    163.0598	  63063.5625
    163.0618	  60465.6367
    163.0638	  37903.4961
    163.0658	  16972.6133
    163.0677	   3601.6238
    163.0697	    362.1794
    163.0713	      0.0000
    163.0733	      0.0000
    163.0753	      0.0000
    163.0772	      0.0000
    164.0495	      0.0000
    164.0515	      0.0000
    164.0535	      0.0000
    164.0555	      0.0000
    164.0575	    424.0787
    164.0595	   1519.6437
    164.0615	   2999.4548
    164.0634	   5328.0317
    164.0654	   3791.7832
    164.0674	   1803.6471
    164.0694	    940.8642
    164.0716	      0.0000
    164.0736	      0.0000
    164.0756	      0.0000
    164.0776	      0.0000
    168.0476	      0.0000
    168.0497	      0.0000
    168.0518	      0.0000
    168.0538	      0.0000
    168.0559	    616.8284
    168.0580	   2156.5771
    168.0600	   7999.6665
    168.0621	  19918.4453
    168.0642	  32929.2383
    168.0662	  38644.1992
    168.0683	  27572.2031
    168.0704	  15024.3486
    168.0724	   4205.6982
    168.0745	    609.5953
    168.0764	      0.0000
    168.0785	      0.0000
    168.0806	      0.0000
    168.0826	      0.0000
    169.0542	      0.0000
    169.0563	      0.0000
    169.0583	      0.0000
    169.0604	      0.0000
    169.0625	    394.8668
    169.0646	   1161.8411
    169.0667	   2231.9575
    169.0688	   2870.2253
    169.0709	   2565.9373
    169.0729	   1553.1542
    169.0750	    581.0233
    169.0776	      0.0000
    169.0797	      0.0000
    169.0818	      0.0000
    169.0838	      0.0000
    186.0569	      0.0000
    186.0593	      0.0000
    186.0617	      0.0000
    186.0641	      0.0000
    186.0665	    894.2031
    186.0689	   2215.6716
    186.0713	   6951.3462
    186.0737	  13255.0859
    186.0761	  19201.1992
    186.0785	  17094.4727
    186.0809	  10298.2109
    186.0833	   4015.2944
    186.0858	    689.7087
    186.0878	      0.0000
    186.0902	      0.0000
    186.0926	      0.0000
    186.0951	      0.0000
    204.0534	      0.0000
    204.0561	      0.0000
    204.0589	      0.0000
    204.0617	      0.0000
    204.0644	      0.0000
    204.0672	      0.0000
    204.0700	      0.0000
    204.0732	   2012.5615
    204.0759	   4069.9160
    204.0787	  12277.6348
    204.0814	  36999.0625
    204.0842	  65640.3750
    204.0870	  89650.8906
    204.0897	  74246.5078
    204.0925	  44052.2617
    204.0953	  15854.8672
    204.0980	   3169.7852
    204.1008	    269.7156
    204.1031	      0.0000
    204.1059	      0.0000
    204.1087	      0.0000
    204.1114	      0.0000
    205.0691	      0.0000
    205.0719	      0.0000
    205.0746	      0.0000
    205.0774	      0.0000
    205.0802	    297.1544
    205.0830	   1211.0659
    205.0858	   2697.5320
    205.0886	   5875.1377
    205.0914	   5891.4619
    205.0941	   3689.7727
    205.0969	   1447.5914
    205.0997	    469.2155
    205.1025	      0.0000
    205.1053	      0.0000
    205.1081	      0.0000
    205.1109	      0.0000
    241.0469	      0.0000
    241.0505	      0.0000
    241.0540	      0.0000
    241.0576	      0.0000
    241.0611	    943.4501
    241.0647	   2270.1765
    241.0682	   5019.2236
    241.0718	   6029.1997
    241.0753	   4242.8594
    241.0789	   1885.7811
    241.0824	    741.8331
    241.0861	      0.0000
    241.0896	      0.0000
    241.0932	      0.0000
    241.0967	      0.0000
    245.4551	      0.0000
    245.4588	      0.0000
    245.4624	      0.0000
    245.4661	      0.0000
    245.4697	      0.0000
    245.4734	      0.0000
    245.4770	      0.0000
    245.4807	      0.0000
    245.4843	      0.0000
    245.4879	      0.0000
    245.4916	      0.0000
    245.4952	      0.0000
    245.4989	      0.0000
    256.1052	      0.0000
    256.1090	      0.0000
    256.1129	      0.0000
    256.1168	      0.0000
    256.1207	    349.5648
    256.1246	   1174.9695
    256.1285	   1792.0162
    256.1324	   1730.5210
    256.1363	   1085.8835
    256.1404	      0.0000
    256.1443	      0.0000
    256.1482	      0.0000
    256.1521	      0.0000
    295.0696	      0.0000
    295.0744	      0.0000
    295.0792	      0.0000
    295.0840	      0.0000
    295.0888	    788.6730
    295.0936	   1922.4663
    295.0984	   3114.3623
    295.1032	   3416.3728
    295.1080	   2567.2585
    295.1128	   1237.4604
    295.1176	    328.3304
    295.1225	      0.0000
    295.1273	      0.0000
    295.1321	      0.0000
    295.1369	      0.0000
    325.0800	      0.0000
    325.0855	      0.0000
    325.0911	      0.0000
    325.0966	      0.0000
    325.1022	   1001.6473
    325.1078	   1617.7810
    325.1133	   1826.6698
    325.1189	   1439.7627
    325.1244	    729.4769
    325.1301	      0.0000
    325.1357	      0.0000
    325.1412	      0.0000
    325.1468	      0.0000
    359.1628	      0.0000
    359.1692	      0.0000
    359.1757	      0.0000
    359.1821	      0.0000
    359.1886	    799.2239
    359.1950	   1348.2683
    359.2015	   1557.6630
    359.2080	   1337.8054
    359.2144	    857.2936
    359.2210	      0.0000
    359.2275	      0.0000
    359.2340	      0.0000
    359.2404	      0.0000
    366.0925	      0.0000
    366.0991	      0.0000
    366.1058	      0.0000
    366.1124	      0.0000
    366.1191	   1108.3605
    366.1257	   4013.9683
    366.1324	   7036.8887
    366.1390	   9128.5586
    366.1457	   6931.2378
    366.1523	   3875.2473
    366.1590	    965.1469
    366.1659	      0.0000
    366.1726	      0.0000
    366.1792	      0.0000
    366.1859	      0.0000
    443.5197	      0.0000
    443.5286	      0.0000
    443.5374	      0.0000
    443.5463	      0.0000
    443.5552	    996.4601
    443.5640	   1595.5422
    443.5729	   1801.2000
    443.5817	   1423.9247
    443.5906	    724.3281
    443.5995	      0.0000
    443.6083	      0.0000
    443.6172	      0.0000
    443.6260	      0.0000
    460.2636	      0.0000
    460.2730	      0.0000
    460.2824	      0.0000
    460.2917	      0.0000
    460.3011	    613.1796
    460.3105	   1212.6119
    460.3198	   1569.9747
    460.3292	   1472.3381
    460.3386	   1001.0919
    460.3482	      0.0000
    460.3575	      0.0000
    460.3669	      0.0000
    460.3763	      0.0000
    489.6418	      0.0000
    489.6521	      0.0000
    489.6624	      0.0000
    489.6726	      0.0000
    489.6829	    961.3918
    489.6932	   1526.4384
    489.7035	   1678.2759
    489.7138	   1300.1880
    489.7240	    651.4138
    489.7346	      0.0000
    489.7448	      0.0000
    489.7551	      0.0000
    489.7654	      0.0000
    506.1740	      0.0000
    506.1848	      0.0000
    506.1956	      0.0000
    506.2064	      0.0000
    506.2172	    755.4204
    506.2281	   1378.5687
    506.2389	   1628.8340
    506.2497	   1312.7961
    506.2605	    684.4775
    506.2713	      0.0000
    506.2821	      0.0000
    506.2929	      0.0000
    506.3037	      0.0000
    528.1097	      0.0000
    528.1212	      0.0000
    528.1327	      0.0000
    528.1442	      0.0000
    528.1557	    793.4722
    528.1672	   1863.3459
    528.1788	   2996.7183
    528.1903	   3487.1907
    528.2018	   3011.9470
    528.2133	   1920.4664
    528.2248	    878.9182
    528.2363	      0.0000
    528.2478	      0.0000
    528.2594	      0.0000
    528.2709	      0.0000
    529.2512	      0.0000
    529.2627	      0.0000
    529.2743	      0.0000
    529.2858	      0.0000
    529.2974	    694.8077
    529.3089	   1569.8058
    529.3205	   2415.9226
    529.3320	   2704.1123
    529.3436	   2193.6475
    529.3551	   1222.7433
    529.3669	      0.0000
    529.3784	      0.0000
    529.3900	      0.0000
    529.4016	      0.0000
    697.2428	      0.0000
    697.2602	      0.0000
    697.2777	      0.0000
    697.2952	      0.0000
    697.3126	   1031.5569
    697.3301	   1738.1664
    697.3476	   2025.1139
    697.3650	   1776.2083
    697.3825	   1223.6591
    697.4000	      0.0000
    697.4174	      0.0000
    697.4349	      0.0000
    697.4524	      0.0000
    697.7145	      0.0000
    697.7320	      0.0000
    697.7495	      0.0000
    697.7670	      0.0000
    697.7845	    668.4354
    697.8019	   1445.8127
    697.8194	   2148.3499
    697.8369	   2332.2351
    697.8544	   1861.8379
    697.8719	   1057.4067
    697.8894	      0.0000
    697.9069	      0.0000
    697.9244	      0.0000
    697.9418	      0.0000
    701.6821	      0.0000
    701.6997	      0.0000
    701.7174	      0.0000
    701.7350	      0.0000
    701.7526	    706.4451
    701.7703	   1437.6383
    701.7879	   1774.9014
    701.8055	   1470.1974
    701.8232	    786.2110
    701.8408	      0.0000
    701.8585	      0.0000
    701.8761	      0.0000
    701.8937	      0.0000
    705.7192	      0.0000
    705.7370	      0.0000
    705.7548	      0.0000
    705.7726	      0.0000
    705.7903	    995.0219
    705.8081	   3302.5667
    705.8259	   6058.9834
    705.8437	   8341.4307
    705.8615	   6706.5127
    705.8793	   3770.6533
    705.8971	    950.7966
    705.9149	      0.0000
    705.9326	      0.0000
    705.9504	      0.0000
    705.9682	      0.0000
    706.7339	      0.0000
    706.7517	      0.0000
    706.7696	      0.0000
    706.7874	      0.0000
    706.8052	    926.4855
    706.8230	   1530.5264
    706.8409	   1782.7732
    706.8587	   1433.0973
    706.8765	    706.9302
    706.9023	      0.0000
    706.9202	      0.0000
    706.9380	      0.0000
    706.9558	      0.0000
    747.2353	      0.0000
    747.2547	      0.0000
    747.2741	      0.0000
    747.2935	      0.0000
    747.3128	   1217.3923
    747.3322	   3825.4995
    747.3516	   7133.3833
    747.3710	  10137.1602
    747.3903	   8930.5723
    747.4097	   5362.8423
    747.4291	   1885.9362
    747.4485	     95.8170
    747.4599	      0.0000
    747.4793	      0.0000
    747.4987	      0.0000
    747.5181	      0.0000
    747.7313	      0.0000
    747.7507	      0.0000
    747.7701	      0.0000
    747.7895	      0.0000
    747.8089	    705.3470
    747.8283	   1938.0928
    747.8477	   4622.7178
    747.8671	   5940.6689
    747.8865	   4434.3843
    747.9059	   2062.2251
    747.9253	    814.2090
    747.9448	      0.0000
    747.9642	      0.0000
    747.9836	      0.0000
    748.0030	      0.0000
    748.2359	      0.0000
    748.2553	      0.0000
    748.2747	      0.0000
    748.2941	      0.0000
    748.3135	   1056.3317
    748.3330	   2003.7679
    748.3524	   2811.6055
    748.3718	   2922.3203
    748.3912	   2177.3611
    748.4106	   1075.8757
    748.4301	      0.0000
    748.4495	      0.0000
    748.4689	      0.0000
    748.4883	      0.0000
    753.9175	      0.0000
    753.9371	      0.0000
    753.9567	      0.0000
    753.9764	      0.0000
    753.9960	   1128.2986
    754.0156	   1784.5127
    754.0353	   1962.1490
    754.0549	   1516.8459
    754.0746	    753.9459
    754.0942	      0.0000
    754.1139	      0.0000
    754.1335	      0.0000
    754.1532	      0.0000
    778.7237	      0.0000
    778.7443	      0.0000
    778.7650	      0.0000
    778.7856	      0.0000
    778.8062	    514.3590
    778.8268	   1569.5770
    778.8474	   4146.8540
    778.8680	   6390.6494
    778.8887	   6097.7417
    778.9093	   3633.3352
    778.9299	   1521.6725
    778.9505	    522.0160
    778.9711	      0.0000
    778.9918	      0.0000
    779.0124	      0.0000
    779.0330	      0.0000
    779.2393	      0.0000
    779.2599	      0.0000
    779.2806	      0.0000
    779.3012	      0.0000
    779.3218	    616.9524
    779.3425	   1582.0450
    779.3631	   2540.4441
    779.3837	   2808.7888
    779.4044	   2227.4753
    779.4250	   1242.0770
    779.4457	    418.3751
    779.4663	      0.0000
    779.4870	      0.0000
    779.5076	      0.0000
    779.5282	      0.0000
    789.2383	      0.0000
    789.2593	      0.0000
    789.2804	      0.0000
    789.3014	      0.0000
    789.3224	    555.2236
    789.3435	   1239.3787
    789.3645	   1606.6718
    789.3855	   1347.8800
    789.4066	    664.4310
    789.4276	      0.0000
    789.4486	      0.0000
    789.4697	      0.0000
    789.4907	      0.0000
    790.7336	      0.0000
    790.7547	      0.0000
    790.7758	      0.0000
    790.7969	      0.0000
    790.8180	   1223.9241
    790.8391	   2318.1985
    790.8602	   2957.0837
    790.8813	   2616.4304
    790.9024	   1534.6619
    790.9235	    474.4639
    790.9446	      0.0000
    790.9657	      0.0000
    790.9868	      0.0000
    791.0079	      0.0000
    791.2401	      0.0000
    791.2612	      0.0000
    791.2823	      0.0000
    791.3034	      0.0000
    791.3245	   1144.6975
    791.3456	   1825.2523
    791.3667	   2048.5632
    791.3879	   1650.7942
    791.4090	    895.8146
    791.4301	      0.0000
    791.4512	      0.0000
    791.4723	      0.0000
    791.4935	      0.0000
    797.7399	      0.0000
    797.7613	      0.0000
    797.7827	      0.0000
    797.8040	      0.0000
    797.8254	   1182.3805
    797.8468	   1972.1234
    797.8682	   2221.4211
    797.8895	   1711.1271
    797.9109	    822.5569
    797.9323	      0.0000
    797.9537	      0.0000
    797.9751	      0.0000
    797.9964	      0.0000
    798.2317	      0.0000
    798.2531	      0.0000
    798.2745	      0.0000
    798.2959	      0.0000
    798.3173	    671.5430
    798.3387	   2945.6372
    798.3601	   5295.1313
    798.3815	   6589.8574
    798.4029	   4779.7305
    798.4243	   1937.5840
    798.4457	    691.6837
    798.4671	      0.0000
    798.4885	      0.0000
    798.5099	      0.0000
    798.5313	      0.0000
    798.7453	      0.0000
    798.7668	      0.0000
    798.7882	      0.0000
    798.8096	      0.0000
    798.8310	    972.5983
    798.8524	   2059.2017
    798.8738	   2836.1313
    798.8953	   2738.4482
    798.9167	   1859.7858
    798.9381	    834.7797
    798.9595	      0.0000
    798.9809	      0.0000
    799.0024	      0.0000
    799.0238	      0.0000
    799.2381	      0.0000
    799.2595	      0.0000
    799.2809	      0.0000
    799.3024	      0.0000
    799.3238	    749.1034
    799.3452	   1649.4667
    799.3667	   2238.4736
    799.3881	   2071.0896
    799.4095	   1292.2180
    799.4364	      0.0000
    799.4579	      0.0000
    799.4793	      0.0000
    799.5008	      0.0000
    807.1676	      0.0000
    807.1893	      0.0000
    807.2111	      0.0000
    807.2328	      0.0000
    807.2546	   1132.8064
    807.2764	   1646.2943
    807.2981	   2747.5647
    807.3199	   7410.0225
    807.3416	  22322.4238
    807.3634	  41057.0625
    807.3851	  58400.1055
    807.4069	  51141.3594
    807.4287	  30875.3770
    807.4504	  12007.8545
    807.4722	   2075.6353
    807.4940	      0.0000
    807.5163	      0.0000
    807.5380	      0.0000
    807.5598	      0.0000
    807.5816	      0.0000
    807.6904	      0.0000
    807.7122	      0.0000
    807.7340	      0.0000
    807.7557	      0.0000
    807.7775	   1065.7196
    807.7993	   2134.2759
    807.8211	   5729.5073
    807.8428	  17251.4531
    807.8646	  32000.1875
    807.8864	  45943.4375
    807.9082	  40483.7305
    807.9300	  24442.0664
    807.9517	   9490.3477
    807.9735	   1688.8732
    807.9953	    227.5473
    808.0127	      0.0000
    808.0345	      0.0000
    808.0563	      0.0000
    808.0780	      0.0000
    808.2088	      0.0000
    808.2306	      0.0000
    808.2524	      0.0000
    808.2742	      0.0000
    808.2960	    471.3308
    808.3178	   2151.0093
    808.3396	   7147.4531
    808.3614	  13412.6025
    808.3832	  19523.0410
    808.4050	  17749.4883
    808.4268	  10897.9766
    808.4486	   4623.0986
    808.4704	    820.2303
    808.4906	      0.0000
    808.5124	      0.0000
    808.5343	      0.0000
    808.5561	      0.0000
    808.7306	      0.0000
    808.7524	      0.0000
    808.7742	      0.0000
    808.7960	      0.0000
    808.8178	    621.5222
    808.8396	   1834.1152
    808.8615	   4909.4541
    808.8833	   7033.0039
    808.9051	   6396.4878
    808.9269	   3819.0615
    808.9488	   1387.5436
    808.9706	    660.3808
    808.9924	      0.0000
    809.0142	      0.0000
    809.0361	      0.0000
    809.0579	      0.0000
    828.7502	      0.0000
    828.7729	      0.0000
    828.7955	      0.0000
    828.8181	      0.0000
    828.8408	    798.8754
    828.8634	   1828.1960
    828.8860	   2630.8633
    828.9087	   2592.8657
    828.9313	   1740.5078
    828.9540	    726.3937
    828.9767	      0.0000
    828.9993	      0.0000
    829.0219	      0.0000
    829.0446	      0.0000
    863.2141	      0.0000
    863.2382	      0.0000
    863.2622	      0.0000
    863.2863	      0.0000
    863.3103	   1126.5138
    863.3344	   1641.0553
    863.3585	   1751.3580
    863.3825	   1341.1592
    863.4066	    665.5526
    863.4307	      0.0000
    863.4547	      0.0000
    863.4788	      0.0000
    863.5029	      0.0000
    880.1298	      0.0000
    880.1546	      0.0000
    880.1794	      0.0000
    880.2042	      0.0000
    880.2289	    153.7044
    880.2537	   1868.1104
    880.2785	   1836.6576
    880.3133	   2721.6619
    880.3381	   5580.4536
    880.3629	  15836.4326
    880.3876	  30455.4492
    880.4124	  45058.1250
    880.4372	  41861.6016
    880.4620	  25571.3574
    880.4868	  10156.7979
    880.5115	   1331.4594
    880.5363	      0.0000
    880.5575	      0.0000
    880.5823	      0.0000
    880.6071	      0.0000
    880.6318	      0.0000
    880.6566	      0.0000
    880.6814	      0.0000
    880.7062	      0.0000
    880.7310	      0.0000
    880.7558	    905.6855
    880.7806	   1321.7144
    880.8054	   1873.8582
    880.8302	   3705.0579
    880.8550	  10283.5840
    880.8798	  21978.8066
    880.9046	  34690.4570
    880.9294	  37279.6367
    880.9542	  24867.4629
    880.9790	  12340.0840
    881.0038	   2657.5347
    881.0286	     95.7404
    881.0540	      0.0000
    881.0788	      0.0000
    881.1036	      0.0000
    881.1284	      0.0000
    881.2277	      0.0000
    881.2525	      0.0000
    881.2773	      0.0000
    881.3021	      0.0000
    881.3270	   1101.4093
    881.3518	   3619.1445
    881.3766	   9542.0840
    881.4014	  16054.8076
    881.4262	  19913.1816
    881.4511	  14765.1289
    881.4759	   8182.8818
    881.5007	   1975.1670
    881.5255	      0.0000
    881.5433	      0.0000
    881.5681	      0.0000
    881.5929	      0.0000
    881.6178	      0.0000
    881.7419	      0.0000
    881.7668	      0.0000
    881.7916	      0.0000
    881.8164	      0.0000
    881.8413	   1007.0620
    881.8661	   3351.5420
    881.8909	   6114.3086
    881.9158	   8400.9170
    881.9406	   6923.8159
    881.9655	   3964.7112
    881.9903	   1222.8167
    882.0152	      0.0000
    882.0400	      0.0000
    882.0649	      0.0000
    882.0897	      0.0000
    882.2637	      0.0000
    882.2885	      0.0000
    882.3134	      0.0000
    882.3383	      0.0000
    882.3631	    959.6164
    882.3880	   1513.0884
    882.4128	   1667.4958
    882.4377	   1352.8558
    882.4626	    795.6567
    882.4875	      0.0000
    882.5123	      0.0000
    882.5372	      0.0000
    882.5621	      0.0000
    898.2113	      0.0000
    898.2368	      0.0000
    898.2623	      0.0000
    898.2879	      0.0000
    898.3134	    774.5621
    898.3389	   1411.4540
    898.3645	   1692.4664
    898.3900	   1437.6409
    898.4156	    832.1216
    898.4411	      0.0000
    898.4667	      0.0000
    898.4922	      0.0000
    898.5178	      0.0000
    903.2112	      0.0000
    903.2369	      0.0000
    903.2627	      0.0000
    903.2884	      0.0000
    903.3142	   1309.6875
    903.3400	   2704.6692
    903.3657	   5653.7324
    903.3915	   5348.8540
    903.4172	   3206.2344
    903.4430	   1366.2344
    903.4687	    469.6212
    903.4945	      0.0000
    903.5202	      0.0000
    903.5460	      0.0000
    903.5718	      0.0000
    903.5975	      0.0000
    903.6233	      0.0000
    903.6491	    944.0476
    903.6748	   1743.8143
    903.7006	   2110.8821
    903.7264	   1753.2612
    903.7521	    928.0485
    903.7779	      0.0000
    903.8037	      0.0000
    903.8295	      0.0000
    903.8552	      0.0000
    903.8810	      0.0000
    903.9068	      0.0000
    903.9326	      0.0000
    903.9583	      0.0000
    903.9841	   1125.2758
    904.0099	   2239.2656
    904.0357	   3156.7991
    904.0615	   3278.7869
    904.0873	   2517.5789
    904.1130	   1383.0121
    904.1388	    499.4739
    904.1710	      0.0000
    904.1968	      0.0000
    904.2226	      0.0000
    904.2484	      0.0000
    908.7009	      0.0000
    908.7269	      0.0000
    908.7529	      0.0000
    908.7789	      0.0000
    908.8048	   1069.1633
    908.8308	   2579.8923
    908.8568	   7892.7739
    908.8828	  19129.6133
    908.9088	  31530.3379
    908.9348	  36967.0820
    908.9608	  26215.4980
    908.9868	  13985.7813
    909.0128	   3393.2046
    909.0388	    206.1554
    909.0671	      0.0000
    909.0931	      0.0000
    909.1191	      0.0000
    909.1451	      0.0000
    909.1971	      0.0000
    909.2231	      0.0000
    909.2491	      0.0000
    909.2751	      0.0000
    909.3011	   1078.6008
    909.3271	   2199.4133
    909.3531	   5158.1904
    909.3792	  13827.3564
    909.4052	  23412.2012
    909.4312	  30135.3828
    909.4572	  23013.7305
    909.4832	  13059.5127
    909.5092	   3390.1572
    909.5352	      0.0000
    909.5558	      0.0000
    909.5818	      0.0000
    909.6079	      0.0000
    909.6339	      0.0000
    909.7119	      0.0000
    909.7380	      0.0000
    909.7640	      0.0000
    909.7900	      0.0000
    909.8161	    623.9558
    909.8421	   1341.8389
    909.8681	   4530.8696
    909.8942	   8822.3350
    909.9202	  13093.8271
    909.9462	  12100.7500
    909.9723	   7389.8955
    909.9983	   3107.0845
    910.0243	    482.7621
    910.0471	      0.0000
    910.0732	      0.0000
    910.0992	      0.0000
    910.1253	      0.0000
    910.2555	      0.0000
    910.2816	      0.0000
    910.3076	      0.0000
    910.3337	      0.0000
    910.3597	   1078.5233
    910.3858	   2247.6621
    910.4118	   3171.0798
    910.4379	   3231.0879
    910.4639	   2403.5125
    910.4900	   1270.4042
    910.5161	      0.0000
    910.5422	      0.0000
    910.5683	      0.0000
    910.5943	      0.0000
    953.7741	      0.0000
    953.8020	      0.0000
    953.8300	      0.0000
    953.8579	      0.0000
    953.8859	   1147.8494
    953.9138	   2191.4929
    953.9418	   2801.3684
    953.9697	   2564.7048
    953.9977	   1688.0654
    954.0256	    753.0571
    954.0651	      0.0000
    954.0931	      0.0000
    954.1210	      0.0000
    954.1490	      0.0000
    981.6801	      0.0000
    981.7092	      0.0000
    981.7384	      0.0000
    981.7676	      0.0000
    981.7968	    564.0714
    981.8259	   1465.4469
    981.8551	   3882.1284
    981.8843	  11392.2568
    981.9135	  23950.9688
    981.9427	  37638.8789
    981.9719	  40010.2461
    982.0011	  26435.0020
    982.0302	  12998.0762
    982.0594	   2224.3013
    982.0886	      0.0000
    982.1143	      0.0000
    982.1435	      0.0000
    982.1727	      0.0000
    982.2019	      0.0000
    982.2311	      0.0000
    982.2603	      0.0000
    982.2895	    790.1167
    982.3187	   1497.9951
    982.3479	   3222.9036
    982.3771	   9095.5459
    982.4063	  20955.0039
    982.4356	  33870.7070
    982.4648	  39742.2422
    982.4940	  28424.4238
    982.5232	  15383.0088
    982.5524	   3747.8562
    982.5816	      0.0000
    982.6142	      0.0000
    982.6434	      0.0000
    982.6726	      0.0000
    982.7018	      0.0000
    982.7310	      0.0000
    982.7603	    783.7551
    982.7895	   1518.8802
    982.8187	   1533.4537
    982.8479	   2078.0984
    982.8772	   4864.5996
    982.9064	  12595.9131
    982.9356	  20942.7500
    982.9648	  26639.1387
    982.9941	  20135.2480
    983.0233	  11246.2627
    983.0525	   2495.3652
    983.0818	      0.0000
    983.1089	      0.0000
    983.1381	      0.0000
    983.1673	      0.0000
    983.1966	      0.0000
    983.2258	      0.0000
    983.2551	      0.0000
    983.2843	      0.0000
    983.3136	      0.0000
    983.3428	   1057.1494
    983.3721	   2214.6404
    983.4013	   5697.0190
    983.4306	   9361.9756
    983.4598	  12079.0703
    983.4891	   9378.2813
    983.5183	   5228.8691
    983.5476	   1237.5919
    983.5782	      0.0000
    983.6075	      0.0000
    983.6368	      0.0000
    983.6660	      0.0000
    989.7220	      0.0000
    989.7515	      0.0000
    989.7811	      0.0000
    989.8106	      0.0000
    989.8402	    944.6134
    989.8697	   3159.3125
    989.8992	   9685.0205
    989.9288	  16869.5957
    989.9583	  22139.3125
    989.9879	  17035.2656
    990.0174	   9692.0303
    990.0470	   2328.7827
    990.0765	      0.0000
    990.1035	      0.0000
    990.1330	      0.0000
    990.1626	      0.0000
    990.1921	      0.0000
    990.2217	      0.0000
    990.2513	      0.0000
    990.2808	      0.0000
    990.3104	    983.1178
    990.3399	   1808.7175
    990.3695	   4787.9878
    990.3991	  11690.8271
    990.4286	  19138.7129
    990.4582	  23163.5059
    990.4878	  16915.9473
    990.5173	   9287.7578
    990.5469	   2261.8364
    990.5765	      0.0000
    990.6031	      0.0000
    990.6326	      0.0000
    990.6622	      0.0000
    990.6918	      0.0000
    990.7214	      0.0000
    990.7510	      0.0000
    990.7805	      0.0000
    990.8101	      0.0000
    990.8397	    508.8917
    990.8693	   2376.9553
    990.8989	   6230.5361
    990.9285	  10242.1719
    990.9581	  12088.3838
    990.9876	   8646.4268
    991.0172	   4583.6904
    991.0468	   1028.0038
    991.0713	      0.0000
    991.1009	      0.0000
    991.1305	      0.0000
    991.1601	      0.0000
    991.2489	      0.0000
    991.2785	      0.0000
    991.3081	      0.0000
    991.3377	      0.0000
    991.3673	    846.3257
    991.3970	   1825.0907
    991.4266	   2696.6833
    991.4562	   2887.0400
    991.4858	   2223.8877
    991.5154	   1154.0122
    991.5450	      0.0000
    991.5747	      0.0000
    991.6043	      0.0000
    991.6339	      0.0000
   1011.2622	      0.0000
   1011.2927	      0.0000
   1011.3232	      0.0000
   1011.3537	      0.0000
   1011.3842	    824.1544
   1011.4148	   1550.4987
   1011.4453	   1880.1078
   1011.4758	   1546.7581
   1011.5063	    814.4985
   1011.5368	      0.0000
   1011.5674	      0.0000
   1011.5979	      0.0000
   1011.6284	      0.0000
   1055.7491	      0.0000
   1055.7817	      0.0000
   1055.8142	      0.0000
   1055.8468	      0.0000
   1055.8793	   1425.3680
   1055.9118	   4105.4829
   1055.9444	   6745.0137
   1055.9769	   7266.1304
   1056.0095	   4656.6821
   1056.0420	   2058.4119
   1056.0746	    734.7306
   1056.1071	      0.0000
   1056.1397	      0.0000
   1056.1723	      0.0000
   1056.2048	      0.0000
   1056.2374	      0.0000
   1056.2699	      0.0000
   1056.3025	      0.0000
   1056.3351	      0.0000
   1056.3676	    806.0466
   1056.4002	   3256.0327
   1056.4328	   6089.0132
   1056.4653	   8403.3164
   1056.4979	   6922.4561
   1056.5305	   4024.0845
   1056.5631	   1319.4552
   1056.5956	      0.0000
   1056.6282	      0.0000
   1056.6608	      0.0000
   1056.6934	      0.0000
   1056.7585	      0.0000
   1056.7911	      0.0000
   1056.8237	      0.0000
   1056.8563	      0.0000
   1056.8889	    767.0258
   1056.9215	   1910.0145
   1056.9541	   2852.3977
   1056.9867	   2896.9858
   1057.0193	   2012.8970
   1057.0519	    901.4890
   1057.0845	      0.0000
   1057.1171	      0.0000
   1057.1497	      0.0000
   1057.1823	      0.0000
   1062.2542	      0.0000
   1062.2870	      0.0000
   1062.3198	      0.0000
   1062.3527	      0.0000
   1062.3855	    926.8071
   1062.4184	   1775.6750
   1062.4512	   2299.1667
   1062.4841	   2178.4673
   1062.5169	   1521.1324
   1062.5498	    756.9210
   1062.5913	      0.0000
   1062.6242	      0.0000
   1062.6570	      0.0000
   1062.6899	      0.0000
   1062.7228	      0.0000
   1062.7556	      0.0000
   1062.7885	      0.0000
   1062.8214	      0.0000
   1062.8542	   1180.3069
   1062.8871	   3458.7317
   1062.9200	   8549.1836
   1062.9528	  14119.0078
   1062.9857	  16991.8398
   1063.0186	  12179.4355
   1063.0514	   6399.1602
   1063.0843	   1317.4338
   1063.1232	      0.0000
   1063.1561	      0.0000
   1063.1890	      0.0000
   1063.2219	      0.0000
   1063.2548	      0.0000
   1063.2876	      0.0000
   1063.3205	      0.0000
   1063.3534	    588.3123
   1063.3863	   2034.8676
   1063.4192	   5578.7612
   1063.4521	   9854.5879
   1063.4850	  13442.1602
   1063.5179	  11125.1289
   1063.5508	   6341.7563
   1063.5837	   1940.1272
   1063.6166	      0.0000
   1063.6452	      0.0000
   1063.6781	      0.0000
   1063.7110	      0.0000
   1063.7439	      0.0000
   1063.7769	      0.0000
   1063.8098	      0.0000
   1063.8427	      0.0000
   1063.8756	   1261.0419
   1063.9085	   3596.0667
   1063.9414	   7166.5796
   1063.9743	  10911.9961
   1064.0073	  11027.4424
   1064.0402	   6927.6221
   1064.0731	   3013.2676
   1064.1060	     57.1829
   1064.1285	      0.0000
   1064.1614	      0.0000
   1064.1943	      0.0000
   1064.2273	      0.0000
   1064.2602	      0.0000
   1064.2931	      0.0000
   1064.3261	      0.0000
   1064.3590	      0.0000
   1064.3920	    569.8809
   1064.4249	   1596.4902
   1064.4578	   2524.5820
   1064.4908	   2695.7561
   1064.5237	   1982.9032
   1064.5567	    935.3657
   1064.5955	      0.0000
   1064.6284	      0.0000
   1064.6614	      0.0000
   1064.6944	      0.0000
   1070.7171	      0.0000
   1070.7504	      0.0000
   1070.7836	      0.0000
   1070.8168	      0.0000
   1070.8501	   1429.3800
   1070.8833	   4488.9067
   1070.9165	  12113.9492
   1070.9498	  20366.3594
   1070.9830	  25603.5020
   1071.0163	  19272.3105
   1071.0495	  10905.7666
   1071.0828	   3123.6047
   1071.1160	     63.0382
   1071.1461	      0.0000
   1071.1794	      0.0000
   1071.2126	      0.0000
   1071.2459	      0.0000
   1071.2791	      0.0000
   1071.3124	      0.0000
   1071.3457	    429.3629
   1071.3789	   2186.7593
   1071.4122	   6897.9443
   1071.4454	  12039.1260
   1071.4787	  15931.6250
   1071.5120	  12314.7666
   1071.5453	   6908.1313
   1071.5785	   1903.7838
   1071.6118	      0.0000
   1071.6493	      0.0000
   1071.6826	      0.0000
   1071.7159	      0.0000
   1071.7491	      0.0000
   1071.7824	      0.0000
   1071.8157	      0.0000
   1071.8490	    818.2870
   1071.8823	   3018.3647
   1071.9156	   8442.5322
   1071.9488	  14404.5898
   1071.9821	  18698.1836
   1072.0154	  14591.5459
   1072.0487	   8381.3398
   1072.0820	   2470.9626
   1072.1153	     41.5247
   1072.1417	      0.0000
   1072.1750	      0.0000
   1072.2083	      0.0000
   1072.2416	      0.0000
   1072.2749	      0.0000
   1072.3082	      0.0000
   1072.3415	      0.0000
   1072.3748	    903.8372
   1072.4082	   2873.5977
   1072.4415	   5555.5728
   1072.4748	   7872.7500
   1072.5081	   6570.4634
   1072.5414	   3925.6035
   1072.5747	   1459.5823
   1072.6081	    546.0790
   1072.6414	      0.0000
   1072.6747	      0.0000
   1072.7081	      0.0000
   1072.7414	      0.0000
   1115.2923	      0.0000
   1115.3276	      0.0000
   1115.3629	      0.0000
   1115.3983	      0.0000
   1115.4336	    939.1272
   1115.4689	   1694.1633
   1115.5043	   2028.0494
   1115.5396	   1695.7664
   1115.5750	    982.3698
   1115.6176	      0.0000
   1115.6529	      0.0000
   1115.6883	      0.0000
   1115.7236	      0.0000
   1128.7030	      0.0000
   1128.7390	      0.0000
   1128.7750	      0.0000
   1128.8110	      0.0000
   1128.8469	    563.5766
   1128.8829	   2433.6350
   1128.9189	   8491.4385
   1128.9549	  16294.0947
   1128.9908	  23877.9883
   1129.0268	  21558.1289
   1129.0628	  13069.4775
   1129.0988	   5138.0205
   1129.1348	    544.0522
   1129.1823	      0.0000
   1129.2183	      0.0000
   1129.2543	      0.0000
   1129.2903	      0.0000
   1129.3263	      0.0000
   1129.3623	    179.7544
   1129.3983	   1931.3866
   1129.4343	   5729.5386
   1129.4703	  10070.1836
   1129.5063	  14122.0742
   1129.5423	  12264.4844
   1129.5783	   7163.7729
   1129.6143	   2428.2117
   1129.6503	      0.0000
   1129.6675	      0.0000
   1129.7036	      0.0000
   1129.7396	      0.0000
   1129.7756	      0.0000
   1129.8116	      0.0000
   1129.8476	      0.0000
   1129.8837	    813.5788
   1129.9197	   3270.2710
   1129.9557	   6057.3550
   1129.9917	   8559.4082
   1130.0278	   7203.0786
   1130.0638	   3978.0859
   1130.0998	    841.6831
   1130.1359	      0.0000
   1130.1719	      0.0000
   1130.2080	      0.0000
   1130.2440	      0.0000
   1130.2800	      0.0000
   1130.3161	      0.0000
   1130.3521	      0.0000
   1130.3882	    796.7620
   1130.4242	   1872.9725
   1130.4603	   3052.7393
   1130.4963	   5698.0562
   1130.5324	   4233.8525
   1130.5685	   1959.6522
   1130.6045	    817.3316
   1130.6501	      0.0000
   1130.6862	      0.0000
   1130.7222	      0.0000
   1130.7583	      0.0000
   1136.6965	      0.0000
   1136.7328	      0.0000
   1136.7692	      0.0000
   1136.8055	      0.0000
   1136.8419	    669.3455
   1136.8782	   2068.3423
   1136.9146	   6493.0063
   1136.9510	  12359.1152
   1136.9873	  18229.5156
   1137.0237	  16900.6152
   1137.0601	  10327.7266
   1137.0964	   4218.1890
   1137.1328	    300.0258
   1137.1776	      0.0000
   1137.2140	      0.0000
   1137.2504	      0.0000
   1137.2867	      0.0000
   1137.3231	      0.0000
   1137.3595	    738.8915
   1137.3959	   2416.6809
   1137.4323	   7080.9854
   1137.4687	  12522.7617
   1137.5050	  17083.1895
   1137.5414	  13969.1045
   1137.5778	   7878.5176
   1137.6142	   1989.0234
   1137.6506	      0.0000
   1137.6917	      0.0000
   1137.7281	      0.0000
   1137.7645	      0.0000
   1137.8009	      0.0000
   1137.8373	      0.0000
   1137.8737	    765.6419
   1137.9101	   3274.3750
   1137.9465	   7119.0396
   1137.9829	  11303.9209
   1138.0193	  13249.6064
   1138.0557	   9341.1963
   1138.0921	   4682.2231
   1138.1286	    534.8694
   1138.1424	      0.0000
   1138.1788	      0.0000
   1138.2152	      0.0000
   1138.2516	      0.0000
   1138.2881	      0.0000
   1138.3245	      0.0000
   1138.3609	      0.0000
   1138.3974	    673.0767
   1138.4338	   1647.8563
   1138.4702	   2686.8765
   1138.5067	   3091.3376
   1138.5431	   2490.5459
   1138.5796	   1338.1771
   1138.6281	      0.0000
   1138.6645	      0.0000
   1138.7010	      0.0000
   1138.7374	      0.0000
   1143.7107	      0.0000
   1143.7474	      0.0000
   1143.7840	      0.0000
   1143.8207	      0.0000
   1143.8574	   1426.7874
   1143.8941	   4437.5493
   1143.9308	  13100.6953
   1143.9675	  23401.1543
   1144.0042	  32236.1406
   1144.0409	  27106.2988
   1144.0776	  15976.3535
   1144.1143	   5360.1504
   1144.1510	      0.0000
   1144.1894	      0.0000
   1144.2262	      0.0000
   1144.2629	      0.0000
   1144.2996	      0.0000
   1144.3363	    612.0383
   1144.3730	   2183.6724
   1144.4097	   6878.4302
   1144.4465	  16316.5400
   1144.4832	  26533.9023
   1144.5199	  31705.1699
   1144.5566	  23031.3125
   1144.5934	  12451.6143
   1144.6301	   2730.6519
   1144.6668	      0.0000
   1144.6997	      0.0000
   1144.7365	      0.0000
   1144.7732	      0.0000
   1144.8099	      0.0000
   1144.8467	    586.8465
   1144.8834	   2025.5386
   1144.9202	   6961.1763
   1144.9569	  13568.4248
   1144.9937	  20338.2969
   1145.0304	  20192.5410
   1145.0672	  12778.2051
   1145.1039	   5629.7847
   1145.1407	    569.5374
   1145.1758	      0.0000
   1145.2126	      0.0000
   1145.2493	      0.0000
   1145.2861	      0.0000
   1145.3229	      0.0000
   1145.3596	    536.4995
   1145.3964	   1511.1248
   1145.4332	   4783.9434
   1145.4700	   8233.4658
   1145.5067	  10920.0107
   1145.5435	   8657.4590
   1145.5803	   4839.7207
   1145.6171	   1191.8817
   1145.6455	      0.0000
   1145.6823	      0.0000
   1145.7191	      0.0000
   1145.7559	      0.0000
   1145.7927	      0.0000
   1145.8295	      0.0000
   1145.8662	      0.0000
   1145.9030	   1190.9901
   1145.9398	   2229.2996
   1145.9766	   3104.4539
   1146.0134	   3267.0342
   1146.0502	   2576.3840
   1146.0870	   1483.0724
   1146.1238	    600.1658
   1146.1606	      0.0000
   1146.1975	      0.0000
   1146.2343	      0.0000
   1146.2711	      0.0000
   1151.7387	      0.0000
   1151.7758	      0.0000
   1151.8128	      0.0000
   1151.8499	      0.0000
   1151.8870	    823.6744
   1151.9241	   2306.0156
   1151.9612	   5725.8247
   1151.9982	   6553.5396
   1152.0353	   4323.2124
   1152.0724	   1818.0033
   1152.1095	    862.5458
   1152.1697	      0.0000
   1152.2067	      0.0000
   1152.2438	      0.0000
   1152.2809	      0.0000
   1152.3180	      0.0000
   1152.3551	    716.4825
   1152.3923	   2505.6038
   1152.4294	   6788.5977
   1152.4665	  12166.6094
   1152.5036	  17450.1035
   1152.5407	  16191.9746
   1152.5778	   9842.6084
   1152.6149	   3809.4458
   1152.6520	      0.0000
   1152.6661	      0.0000
   1152.7032	      0.0000
   1152.7404	      0.0000
   1152.7775	      0.0000
   1152.8146	      0.0000
   1152.8517	      0.0000
   1152.8889	   1452.0802
   1152.9260	   4932.9189
   1152.9631	   7717.4917
   1153.0003	   9136.7402
   1153.0374	   6544.0806
   1153.0745	   3254.4136
   1153.1117	     40.0278
   1153.1488	      0.0000
   1153.1860	      0.0000
   1153.2231	      0.0000
   1153.2603	      0.0000
   1153.2974	      0.0000
   1153.3346	      0.0000
   1153.3717	    506.8177
   1153.4089	   1609.6438
   1153.4460	   5063.4814
   1153.4832	   6980.7334
   1153.5204	   6398.1738
   1153.5575	   3845.9778
   1153.5947	   1359.1866
   1153.6319	      0.0000
   1153.6691	      0.0000
   1153.7062	      0.0000
   1153.7434	      0.0000
   1197.2769	      0.0000
   1197.3162	      0.0000
   1197.3555	      0.0000
   1197.3948	      0.0000
   1197.4341	   1109.0093
   1197.4734	   1810.7372
   1197.5127	   2068.3218
   1197.5521	   1702.2816
   1197.5914	    960.3806
   1197.6307	      0.0000
   1197.6700	      0.0000
   1197.7093	      0.0000
   1197.7486	      0.0000
   1208.7546	      0.0000
   1208.7944	      0.0000
   1208.8343	      0.0000
   1208.8742	      0.0000
   1208.9140	    985.9022
   1208.9539	   1892.5718
   1208.9938	   2448.7131
   1209.0337	   2261.0676
   1209.0735	   1499.3970
   1209.1134	    650.9867
   1209.1690	      0.0000
   1209.2089	      0.0000
   1209.2488	      0.0000
   1209.2887	      0.0000
   1209.6877	      0.0000
   1209.7276	      0.0000
   1209.7675	      0.0000
   1209.8074	      0.0000
   1209.8473	   1160.7356
   1209.8872	   2585.2373
   1209.9272	   7573.4443
   1209.9671	  16589.2227
   1210.0070	  26209.2285
   1210.0469	  28328.4043
   1210.0868	  18785.4922
   1210.1268	   8746.4404
   1210.1667	   1377.4435
   1210.2121	      0.0000
   1210.2520	      0.0000
   1210.2919	      0.0000
   1210.3319	      0.0000
   1210.3718	   2065.1201
   1210.4118	   5680.3901
   1210.4517	  15720.7832
   1210.4916	  28052.0234
   1210.5316	  38321.7305
   1210.5715	  32457.0742
   1210.6115	  19128.7578
   1210.6514	   6054.7471
   1210.6914	      0.0000
   1210.7242	      0.0000
   1210.7642	      0.0000
   1210.8042	      0.0000
   1210.8441	   1217.6429
   1210.8841	   2452.3337
   1210.9241	   6113.0684
   1210.9640	  14657.7598
   1211.0040	  23770.4844
   1211.0440	  27522.4160
   1211.0839	  19546.3262
   1211.1239	  10300.4365
   1211.1639	   1992.7699
   1211.2039	      0.0000
   1211.2489	      0.0000
   1211.2888	      0.0000
   1211.3288	      0.0000
   1211.3688	    324.2714
   1211.4088	   1469.3832
   1211.4488	   4126.0337
   1211.4888	   8112.1255
   1211.5288	  10997.3613
   1211.5688	   9662.2803
   1211.6088	   5719.4272
   1211.6488	   1913.2238
   1211.6888	      0.0000
   1211.7098	      0.0000
   1211.7498	      0.0000
   1211.7898	      0.0000
   1211.8298	      0.0000
   1211.8698	      0.0000
   1211.9099	    719.6094
   1211.9499	   1808.5337
   1211.9899	   2759.8503
   1212.0299	   2907.3809
   1212.0700	   2108.8662
   1212.1100	    952.6193
   1212.1822	      0.0000
   1212.2222	      0.0000
   1212.2622	      0.0000
   1212.3023	      0.0000
   1217.7253	      0.0000
   1217.7656	      0.0000
   1217.8059	      0.0000
   1217.8462	      0.0000
   1217.8865	    519.1696
   1217.9268	   1814.5598
   1217.9672	   4969.3984
   1218.0075	   8429.8945
   1218.0478	  10574.4590
   1218.0881	   7756.2324
   1218.1284	   3935.1455
   1218.1688	    310.9139
   1218.2023	      0.0000
   1218.2426	      0.0000
   1218.2829	      0.0000
   1218.3233	      0.0000
   1218.3636	    704.0282
   1218.4039	   1805.0022
   1218.4443	   4848.4106
   1218.4846	   9959.5664
   1218.5250	  15079.7139
   1218.5653	  15007.6074
   1218.6057	   9309.0205
   1218.6460	   3700.0876
   1218.6864	     19.4225
   1218.7220	      0.0000
   1218.7624	      0.0000
   1218.8027	      0.0000
   1218.8431	      0.0000
   1218.8835	    481.7843
   1218.9238	   2023.0261
   1218.9642	   5177.4116
   1219.0046	   8779.8291
   1219.0449	  10467.8066
   1219.0853	   7467.2544
   1219.1257	   3856.7019
   1219.1661	    342.7179
   1219.1858	      0.0000
   1219.2262	      0.0000
   1219.2666	      0.0000
   1219.3070	      0.0000
   1219.3474	      0.0000
   1219.3878	      0.0000
   1219.4281	   1053.2209
   1219.4685	   2277.9939
   1219.5089	   3202.8640
   1219.5493	   3212.5776
   1219.5897	   2299.8137
   1219.6301	   1107.7391
   1219.7042	      0.0000
   1219.7446	      0.0000
   1219.7851	      0.0000
   1219.8255	      0.0000
   1224.7297	      0.0000
   1224.7704	      0.0000
   1224.8110	      0.0000
   1224.8517	      0.0000
   1224.8924	   1511.8844
   1224.9330	   3396.0239
   1224.9737	   8272.9531
   1225.0144	  13683.0146
   1225.0550	  16937.4766
   1225.0957	  12355.7285
   1225.1364	   6203.0137
   1225.1770	    746.0602
   1225.2076	      0.0000
   1225.2483	      0.0000
   1225.2890	      0.0000
   1225.3297	      0.0000
   1225.3704	   1344.2209
   1225.4110	   2861.6582
   1225.4517	   7573.5273
   1225.4924	  14041.5088
   1225.5331	  19636.8086
   1225.5738	  17079.2324
   1225.6145	   9945.5156
   1225.6552	   3141.9207
   1225.6959	      0.0000
   1225.7167	      0.0000
   1225.7574	      0.0000
   1225.7981	      0.0000
   1225.8388	      0.0000
   1225.8795	    793.0535
   1225.9202	   2853.7903
   1225.9609	   6492.6162
   1226.0016	   9970.2695
   1226.0424	  10369.1055
   1226.0831	   6963.0776
   1226.1238	   3407.0371
   1226.1645	    725.4876
   1226.2016	      0.0000
   1226.2423	      0.0000
   1226.2831	      0.0000
   1226.3238	      0.0000
   1226.3645	      0.0000
   1226.4053	    743.5344
   1226.4460	   3404.4646
   1226.4867	   6419.0581
   1226.5275	   8527.7969
   1226.5682	   6491.0869
   1226.6090	   3518.8323
   1226.6497	    702.5405
   1226.6905	      0.0000
   1226.7312	      0.0000
   1226.7720	      0.0000
   1226.8128	      0.0000
   1233.2370	      0.0000
   1233.2781	      0.0000
   1233.3192	      0.0000
   1233.3602	      0.0000
   1233.4013	   1028.6569
   1233.4424	   3890.0830
   1233.4835	   6346.6382
   1233.5246	   7354.4771
   1233.5657	   5057.1147
   1233.6068	   2301.1208
   1233.6479	    105.7718
   1233.6890	      0.0000
   1233.7301	      0.0000
   1233.7712	      0.0000
   1233.8123	      0.0000
   1233.8534	      0.0000
   1233.8945	    599.8901
   1233.9356	   1739.6359
   1233.9768	   3061.1187
   1234.0179	   5259.7998
   1234.0590	   3185.3484
   1234.1001	   1947.9841
   1234.1412	    792.8364
   1234.1824	      0.0000
   1234.2235	      0.0000
   1234.2646	      0.0000
   1234.3058	      0.0000
   1234.3469	      0.0000
   1234.3880	      0.0000
   1234.4292	    995.2227
   1234.4703	   2044.5452
   1234.5114	   2825.3438
   1234.5526	   2860.8589
   1234.5937	   2159.2358
   1234.6349	   1197.5913
   1234.7029	      0.0000
   1234.7441	      0.0000
   1234.7852	      0.0000
   1234.8264	      0.0000
   1290.6931	      0.0000
   1290.7370	      0.0000
   1290.7810	      0.0000
   1290.8250	      0.0000
   1290.8690	    247.3059
   1290.9130	   1595.7413
   1290.9570	   5052.1021
   1291.0010	  10193.7168
   1291.0450	  15735.5654
   1291.0890	  16194.2295
   1291.1330	  10114.6738
   1291.1770	   4600.2388
   1291.2210	    396.7677
   1291.2585	      0.0000
   1291.3025	      0.0000
   1291.3465	      0.0000
   1291.3905	    716.0729
   1291.4345	   3132.7517
   1291.4786	   8080.5986
   1291.5226	  13721.0576
   1291.5666	  17486.0840
   1291.6106	  12840.3242
   1291.6547	   6901.5498
   1291.6987	   1456.3325
   1291.7214	      0.0000
   1291.7654	      0.0000
   1291.8095	      0.0000
   1291.8535	      0.0000
   1291.8976	   1221.7527
   1291.9416	   4832.2319
   1291.9857	   9654.0693
   1292.0297	  14865.8945
   1292.0738	  13908.8477
   1292.1178	   8516.5127
   1292.1619	   3753.5278
   1292.2059	    834.4715
   1292.2511	      0.0000
   1292.2951	      0.0000
   1292.3392	      0.0000
   1292.3833	      0.0000
   1292.4273	    981.9764
   1292.4714	   2398.1335
   1292.5155	   4985.9365
   1292.5596	   5214.2397
   1292.6036	   3021.2644
   1292.6477	    945.0463
   1292.7205	      0.0000
   1292.7646	      0.0000
   1292.8087	      0.0000
   1292.8527	      0.0000
   1298.6926	      0.0000
   1298.7370	      0.0000
   1298.7814	      0.0000
   1298.8258	      0.0000
   1298.8702	    493.0154
   1298.9146	   1623.7407
   1298.9590	   4608.4189
   1299.0034	   8615.4248
   1299.0478	  12594.1250
   1299.0923	  11759.5967
   1299.1367	   7150.4409
   1299.1811	   2949.6008
   1299.2255	     98.9294
   1299.2569	      0.0000
   1299.3013	      0.0000
   1299.3457	      0.0000
   1299.3901	    926.9391
   1299.4346	   4109.1719
   1299.4790	   9812.2002
   1299.5234	  16277.5645
   1299.5679	  18874.9238
   1299.6123	  12896.3389
   1299.6567	   6529.1792
   1299.7012	   1054.4124
   1299.7300	      0.0000
   1299.7745	      0.0000
   1299.8189	      0.0000
   1299.8634	      0.0000
   1299.9078	   1227.1978
   1299.9523	   4059.3313
   1299.9967	   7001.4263
   1300.0412	   8685.6543
   1300.0857	   6280.6001
   1300.1301	   3241.4490
   1300.1746	    778.2996
   1300.2191	      0.0000
   1300.2635	      0.0000
   1300.3080	      0.0000
   1300.3525	      0.0000
   1300.3970	    585.9738
   1300.4414	   2180.2104
   1300.4859	   4502.0708
   1300.5304	   7049.7817
   1300.5749	   6544.0176
   1300.6194	   3815.5442
   1300.6639	   1371.6874
   1300.7084	      0.0000
   1300.7529	      0.0000
   1300.7974	      0.0000
   1300.8419	      0.0000
   1305.7063	      0.0000
   1305.7511	      0.0000
   1305.7958	      0.0000
   1305.8406	      0.0000
   1305.8854	    640.7805
   1305.9301	   2230.2078
   1305.9749	   5004.7524
   1306.0197	   8044.9722
   1306.0644	   8849.7998
   1306.1092	   6070.7173
   1306.1540	   3166.7605
   1306.1988	   1027.0399
   1306.2550	      0.0000
   1306.2998	      0.0000
   1306.3446	      0.0000
   1306.3894	    119.7981
   1306.4342	   2218.9702
   1306.4790	   6547.1665
   1306.5238	  11328.3213
   1306.5685	  14022.9707
   1306.6133	   9908.3652
   1306.6581	   5145.6748
   1306.7029	    915.5532
   1306.7363	      0.0000
   1306.7811	      0.0000
   1306.8259	      0.0000
   1306.8707	      0.0000
   1306.9155	    519.9955
   1306.9603	   1906.7344
   1307.0051	   5021.3911
   1307.0500	   6839.2715
   1307.0948	   5243.0498
   1307.1396	   2721.7573
   1307.1844	    978.8661
   1307.2293	      0.0000
   1307.2741	      0.0000
   1307.3189	      0.0000
   1307.3638	      0.0000
   1307.4086	      0.0000
   1307.4535	   1237.5300
   1307.4983	   2533.7671
   1307.5431	   3425.8726
   1307.5880	   3280.3706
   1307.6328	   2254.6824
   1307.6777	   1073.7074
   1307.7215	      0.0000
   1307.7663	      0.0000
   1307.8112	      0.0000
   1307.8560	      0.0000
   1596.3100	      0.0000
   1596.3705	      0.0000
   1596.4310	      0.0000
   1596.4915	      0.0000
   1596.5520	    569.9246
   1596.6125	   1719.4288
   1596.6730	   2844.5032
   1596.7335	   3189.6348
   1596.7940	   2521.2241
   1596.8546	   1369.5905
   1596.9151	      0.0000
   1596.9756	      0.0000
   1597.0362	      0.0000
   1597.0967	      0.0000
   2853.5248	      0.0000
   2853.6694	      0.0000
   2853.8140	      0.0000
   2853.9586	      0.0000
