# ljz_20131022_MR_Chym1_ELUTE.mzML
#
# index: 6499
# id: controllerType=0 controllerNumber=1 scan=13624
# scanNumber: 13624
# massAnalyzerType: quadrupole
# scanEvent: 2
# msLevel: 2
# retentionTime: 3239.2
# filterString: FTMS + p NSI d Full ms2 452.75@hcd28.00 [100.00-945.00]
# mzLow: 99.0036
# mzHigh: 954.613
# basePeakMZ: 120.081
# basePeakIntensity: 35043
# totalIonCurrent: 208016
# precursorCount: 1
# precursor 0: 452.75 199746
# binary (900): 
     99.0036	      0.0000
     99.0045	      0.0000
     99.0055	      0.0000
     99.0064	      0.0000
    101.0648	      0.0000
    101.0657	      0.0000
    101.0667	      0.0000
    101.0677	      0.0000
    101.0686	    486.9836
    101.0696	    925.7487
    101.0706	   1167.8546
    101.0715	   1025.6202
    101.0725	    590.0148
    101.0734	      0.0000
    101.0744	      0.0000
    101.0754	      0.0000
    101.0763	      0.0000
    103.5478	      0.0000
    103.5488	      0.0000
    103.5498	      0.0000
    103.5508	      0.0000
    103.5518	    453.5138
    103.5528	    748.5244
    103.5538	    867.7855
    103.5548	    727.3795
    103.5558	    417.2945
    103.5568	      0.0000
    103.5578	      0.0000
    103.5588	      0.0000
    103.5598	      0.0000
    105.0114	      0.0000
    105.0124	      0.0000
    105.0134	      0.0000
    105.0145	      0.0000
    105.0155	    460.1378
    105.0165	    775.8614
    105.0175	    922.7549
    105.0185	    822.3106
    105.0196	    538.0691
    105.0206	      0.0000
    105.0216	      0.0000
    105.0226	      0.0000
    105.0236	      0.0000
    107.9608	      0.0000
    107.9618	      0.0000
    107.9629	      0.0000
    107.9640	      0.0000
    107.9650	    388.6639
    107.9661	    776.6647
    107.9672	    978.9333
    107.9682	    823.5524
    107.9693	    432.5845
    107.9703	      0.0000
    107.9714	      0.0000
    107.9725	      0.0000
    107.9735	      0.0000
    110.0637	      0.0000
    110.0648	      0.0000
    110.0659	      0.0000
    110.0670	      0.0000
    110.0681	    418.4927
    110.0692	   1198.6740
    110.0703	   3301.0564
    110.0714	   4851.0225
    110.0725	   4531.2744
    110.0736	   2780.8369
    110.0747	   1114.7062
    110.0758	    485.3273
    110.0768	      0.0000
    110.0779	      0.0000
    110.0790	      0.0000
    110.0801	      0.0000
    115.0296	      0.0000
    115.0307	      0.0000
    115.0319	      0.0000
    115.0331	      0.0000
    115.0342	    308.5840
    115.0354	    817.2174
    115.0366	   1250.8906
    115.0377	   1306.3667
    115.0389	    953.1199
    115.0401	    454.7496
    115.0413	      0.0000
    115.0424	      0.0000
    115.0436	      0.0000
    115.0448	      0.0000
    115.0799	      0.0000
    115.0811	      0.0000
    115.0822	      0.0000
    115.0834	      0.0000
    115.0846	    633.4521
    115.0857	   1213.5603
    115.0869	   1660.3362
    115.0881	   1692.2902
    115.0893	   1283.5254
    115.0904	    691.9452
    115.0916	      0.0000
    115.0928	      0.0000
    115.0939	      0.0000
    115.0951	      0.0000
    120.0692	      0.0000
    120.0704	      0.0000
    120.0717	      0.0000
    120.0729	      0.0000
    120.0742	    665.7333
    120.0754	    841.6990
    120.0767	   2438.1033
    120.0779	   8610.5596
    120.0792	  19549.8984
    120.0804	  31454.0176
    120.0817	  34468.0625
    120.0829	  23408.1465
    120.0842	  12087.1504
    120.0854	   3256.0923
    120.0867	    589.8950
    120.0878	      0.0000
    120.0890	      0.0000
    120.0903	      0.0000
    120.0915	      0.0000
    129.0927	      0.0000
    129.0941	      0.0000
    129.0955	      0.0000
    129.0969	      0.0000
    129.0983	    412.0717
    129.0997	   1032.8927
    129.1010	   1700.4471
    129.1024	   1975.3213
    129.1038	   1637.2809
    129.1052	    928.8698
    129.1066	    345.0097
    129.1080	      0.0000
    129.1094	      0.0000
    129.1108	      0.0000
    129.1121	      0.0000
    132.0935	      0.0000
    132.0949	      0.0000
    132.0964	      0.0000
    132.0978	      0.0000
    132.0992	    707.2714
    132.1007	   1165.5475
    132.1021	   1337.2294
    132.1036	   1071.0016
    132.1050	    553.1208
    132.1064	      0.0000
    132.1079	      0.0000
    132.1093	      0.0000
    132.1107	      0.0000
    143.0718	      0.0000
    143.0734	      0.0000
    143.0750	      0.0000
    143.0767	      0.0000
    143.0783	    548.2123
    143.0799	   1159.5873
    143.0815	   1623.7292
    143.0831	   1601.7289
    143.0848	   1101.9885
    143.0864	    483.9311
    143.0881	      0.0000
    143.0897	      0.0000
    143.0913	      0.0000
    143.0929	      0.0000
    164.9100	      0.0000
    164.9120	      0.0000
    164.9140	      0.0000
    164.9160	      0.0000
    164.9180	    577.7074
    164.9200	   1023.4615
    164.9220	   1178.9142
    164.9240	    930.1899
    164.9260	    473.6349
    164.9280	      0.0000
    164.9300	      0.0000
    164.9321	      0.0000
    164.9341	      0.0000
    166.0691	      0.0000
    166.0711	      0.0000
    166.0731	      0.0000
    166.0752	      0.0000
    166.0772	    301.1229
    166.0792	   1367.9274
    166.0812	   5307.7656
    166.0833	  12515.4727
    166.0853	  20362.3750
    166.0873	  22618.6875
    166.0894	  15501.9297
    166.0914	   8101.1318
    166.0934	   2268.2554
    166.0955	    523.7083
    166.0975	      0.0000
    166.0995	      0.0000
    166.1015	      0.0000
    166.1036	      0.0000
    166.9536	      0.0000
    166.9556	      0.0000
    166.9577	      0.0000
    166.9597	      0.0000
    166.9618	    612.4282
    166.9638	    956.2847
    166.9659	   1100.9918
    166.9679	    956.5137
    166.9700	    604.2935
    166.9720	      0.0000
    166.9741	      0.0000
    166.9761	      0.0000
    166.9781	      0.0000
    167.0744	      0.0000
    167.0764	      0.0000
    167.0785	      0.0000
    167.0805	      0.0000
    167.0826	    282.5698
    167.0846	    771.7390
    167.0867	   1525.7145
    167.0887	   2154.9673
    167.0908	   2244.2534
    167.0928	   1727.8934
    167.0949	    955.8311
    167.0969	    361.6755
    167.0992	      0.0000
    167.1012	      0.0000
    167.1033	      0.0000
    167.1053	      0.0000
    173.1103	      0.0000
    173.1125	      0.0000
    173.1146	      0.0000
    173.1168	      0.0000
    173.1190	    256.3654
    173.1211	   1155.0472
    173.1233	   4242.8037
    173.1254	  10264.7637
    173.1276	  16850.0820
    173.1298	  19220.8809
    173.1319	  13463.5254
    173.1341	   7181.2959
    173.1362	   1989.1272
    173.1384	    458.6373
    173.1404	      0.0000
    173.1425	      0.0000
    173.1447	      0.0000
    173.1469	      0.0000
    177.0878	      0.0000
    177.0900	      0.0000
    177.0922	      0.0000
    177.0945	      0.0000
    177.0967	    598.9240
    177.0990	   1485.2130
    177.1012	   2986.0498
    177.1034	   3557.0940
    177.1057	   1880.7820
    177.1079	    886.0111
    177.1101	    246.9107
    177.1124	      0.0000
    177.1146	      0.0000
    177.1168	      0.0000
    177.1191	      0.0000
    178.0935	      0.0000
    178.0957	      0.0000
    178.0980	      0.0000
    178.1002	      0.0000
    178.1025	    581.6714
    178.1047	    904.5712
    178.1070	   1008.6051
    178.1092	    805.8120
    178.1115	    429.4478
    178.1138	      0.0000
    178.1161	      0.0000
    178.1183	      0.0000
    178.1206	      0.0000
    182.0679	      0.0000
    182.0703	      0.0000
    182.0726	      0.0000
    182.0749	      0.0000
    182.0773	    382.4745
    182.0796	    756.9367
    182.0819	    953.1666
    182.0843	    832.4273
    182.0866	    480.9063
    182.0889	      0.0000
    182.0912	      0.0000
    182.0936	      0.0000
    182.0959	      0.0000
    199.0729	      0.0000
    199.0755	      0.0000
    199.0782	      0.0000
    199.0809	      0.0000
    199.0835	    414.0628
    199.0862	   1047.5642
    199.0889	   1513.7244
    199.0915	   1437.7428
    199.0942	    886.7548
    199.0969	    305.2625
    199.0995	      0.0000
    199.1022	      0.0000
    199.1048	      0.0000
    199.1075	      0.0000
    201.0862	      0.0000
    201.0889	      0.0000
    201.0916	      0.0000
    201.0943	      0.0000
    201.0970	    290.6358
    201.0997	    886.0993
    201.1024	   1708.9525
    201.1051	   2228.7502
    201.1078	   2044.0540
    201.1105	   1287.2070
    201.1132	    577.7905
    201.1160	    508.0058
    201.1187	   1117.8684
    201.1214	   1863.6873
    201.1241	   2111.6563
    201.1268	   1675.8552
    201.1295	    905.9631
    201.1322	    298.9771
    201.1350	      0.0000
    201.1377	      0.0000
    201.1404	      0.0000
    201.1431	      0.0000
    205.0830	      0.0000
    205.0858	      0.0000
    205.0886	      0.0000
    205.0914	      0.0000
    205.0942	    510.1199
    205.0970	    914.5046
    205.0997	   1068.7542
    205.1025	    872.1807
    205.1053	    483.2482
    205.1081	      0.0000
    205.1109	      0.0000
    205.1136	      0.0000
    205.1164	      0.0000
    210.9300	      0.0000
    210.9329	      0.0000
    210.9358	      0.0000
    210.9387	      0.0000
    210.9416	    735.0660
    210.9445	   1864.3502
    210.9474	   3347.6646
    210.9503	   4478.4277
    210.9532	   3592.1675
    210.9561	   2099.6575
    210.9590	    652.9204
    210.9620	      0.0000
    210.9649	      0.0000
    210.9678	      0.0000
    210.9707	      0.0000
    225.0751	      0.0000
    225.0783	      0.0000
    225.0815	      0.0000
    225.0847	      0.0000
    225.0879	    354.2022
    225.0911	    987.2130
    225.0943	   2476.1179
    225.0975	   3915.7510
    225.1007	   3939.8066
    225.1039	   2472.7698
    225.1071	    975.1899
    225.1104	    334.0123
    225.1136	      0.0000
    225.1169	      0.0000
    225.1201	      0.0000
    225.1233	      0.0000
    228.1132	      0.0000
    228.1164	      0.0000
    228.1197	      0.0000
    228.1230	      0.0000
    228.1262	    417.2693
    228.1295	   1037.4319
    228.1328	   1647.1621
    228.1361	   1822.0460
    228.1393	   1441.8060
    228.1426	    789.7302
    228.1459	    272.8279
    228.1491	      0.0000
    228.1524	      0.0000
    228.1557	      0.0000
    228.1589	      0.0000
    229.0770	      0.0000
    229.0803	      0.0000
    229.0836	      0.0000
    229.0869	      0.0000
    229.0902	    529.8925
    229.0934	   2050.6528
    229.0967	   4023.4233
    229.1000	   5845.2148
    229.1033	   5162.7139
    229.1066	   3099.7424
    229.1099	   1144.9309
    229.1132	    483.9217
    229.1142	      0.0000
    229.1175	      0.0000
    229.1208	      0.0000
    229.1241	      0.0000
    237.0829	      0.0000
    237.0864	      0.0000
    237.0899	      0.0000
    237.0933	      0.0000
    237.0968	    480.1263
    237.1002	   3122.0869
    237.1037	   6435.3218
    237.1072	   9542.7031
    237.1106	   8578.9082
    237.1141	   5544.5459
    237.1176	   2907.2927
    237.1210	    348.6762
    237.1267	      0.0000
    237.1302	      0.0000
    237.1336	      0.0000
    237.1371	      0.0000
    239.0643	      0.0000
    239.0678	      0.0000
    239.0713	      0.0000
    239.0748	      0.0000
    239.0783	    358.0626
    239.0818	   1083.8462
    239.0853	   2627.1541
    239.0888	   3815.4966
    239.0923	   3196.3328
    239.0958	   1563.4885
    239.0993	    697.2585
    239.1028	      0.0000
    239.1063	      0.0000
    239.1098	      0.0000
    239.1134	      0.0000
    239.1379	      0.0000
    239.1414	      0.0000
    239.1449	      0.0000
    239.1484	      0.0000
    239.1519	    359.8611
    239.1554	    975.1967
    239.1590	   1640.5197
    239.1625	   1877.5637
    239.1660	   1484.8663
    239.1695	    758.7599
    239.1730	    197.0066
    239.1766	      0.0000
    239.1801	      0.0000
    239.1836	      0.0000
    239.1871	      0.0000
    244.9962	      0.0000
    244.9998	      0.0000
    245.0035	      0.0000
    245.0071	      0.0000
    245.0107	    558.2180
    245.0144	    939.7107
    245.0180	   1110.0731
    245.0217	    955.1637
    245.0253	    579.2422
    245.0289	      0.0000
    245.0325	      0.0000
    245.0362	      0.0000
    245.0398	      0.0000
    250.7820	      0.0000
    250.7857	      0.0000
    250.7895	      0.0000
    250.7933	      0.0000
    250.7970	    612.9664
    250.8008	    909.6551
    250.8046	   1038.0273
    250.8083	    899.9464
    250.8121	    549.4981
    250.8161	      0.0000
    250.8199	      0.0000
    250.8237	      0.0000
    250.8274	      0.0000
    298.0731	      0.0000
    298.0780	      0.0000
    298.0829	      0.0000
    298.0878	      0.0000
    298.0926	    780.6548
    298.0975	   1066.4768
    298.1024	   1086.9438
    298.1073	    816.8675
    298.1122	    418.9245
    298.1171	      0.0000
    298.1219	      0.0000
    298.1268	      0.0000
    298.1317	      0.0000
    299.1352	      0.0000
    299.1401	      0.0000
    299.1450	      0.0000
    299.1499	      0.0000
    299.1548	    435.3849
    299.1597	   1180.4548
    299.1646	   2843.5947
    299.1696	   4233.7700
    299.1745	   3876.5149
    299.1794	   2354.5547
    299.1843	    869.7634
    299.1892	    302.5309
    299.1941	      0.0000
    299.1990	      0.0000
    299.2039	      0.0000
    299.2088	      0.0000
    308.1117	      0.0000
    308.1168	      0.0000
    308.1220	      0.0000
    308.1271	      0.0000
    308.1322	    408.9796
    308.1374	   1101.6642
    308.1425	   1813.9465
    308.1476	   2027.8551
    308.1528	   1583.6338
    308.1579	    828.6120
    308.1630	    249.4923
    308.1682	      0.0000
    308.1733	      0.0000
    308.1784	      0.0000
    308.1835	      0.0000
    308.7282	      0.0000
    308.7334	      0.0000
    308.7385	      0.0000
    308.7437	      0.0000
    308.7488	    322.9592
    308.7540	    794.5738
    308.7591	   1196.5175
    308.7643	   1248.0973
    308.7694	    910.7161
    308.7746	    429.3336
    308.7798	      0.0000
    308.7850	      0.0000
    308.7901	      0.0000
    308.7953	      0.0000
    321.1138	      0.0000
    321.1193	      0.0000
    321.1247	      0.0000
    321.1302	      0.0000
    321.1356	    467.0357
    321.1411	    791.7964
    321.1465	    932.0106
    321.1520	    817.6572
    321.1575	    528.5169
    321.1629	      0.0000
    321.1684	      0.0000
    321.1738	      0.0000
    321.1793	      0.0000
    327.0458	      0.0000
    327.0514	      0.0000
    327.0571	      0.0000
    327.0627	      0.0000
    327.0683	    654.0383
    327.0739	   1192.8362
    327.0795	   1394.3269
    327.0851	   1120.5668
    327.0907	    612.8735
    327.0964	      0.0000
    327.1021	      0.0000
    327.1077	      0.0000
    327.1133	      0.0000
    353.1510	      0.0000
    353.1572	      0.0000
    353.1635	      0.0000
    353.1698	      0.0000
    353.1761	    509.8287
    353.1824	   1115.3829
    353.1887	   1516.3215
    353.1950	   1409.8977
    353.2013	    884.7797
    353.2076	    320.5192
    353.2139	      0.0000
    353.2202	      0.0000
    353.2265	      0.0000
    353.2328	      0.0000
    356.1538	      0.0000
    356.1602	      0.0000
    356.1665	      0.0000
    356.1729	      0.0000
    356.1793	    508.7480
    356.1857	   1102.1449
    356.1920	   1428.2362
    356.1984	   1236.7555
    356.2048	    696.3157
    356.2112	      0.0000
    356.2176	      0.0000
    356.2239	      0.0000
    356.2303	      0.0000
    356.8497	      0.0000
    356.8561	      0.0000
    356.8625	      0.0000
    356.8689	      0.0000
    356.8753	    316.9383
    356.8817	    894.6761
    356.8881	   1536.1499
    356.8945	   1835.6018
    356.9009	   1625.1982
    356.9073	   1084.7391
    356.9137	    536.9941
    356.9201	      0.0000
    356.9265	      0.0000
    356.9329	      0.0000
    356.9393	      0.0000
    363.1404	      0.0000
    363.1470	      0.0000
    363.1535	      0.0000
    363.1601	      0.0000
    363.1667	    569.9055
    363.1732	   1054.5739
    363.1798	   1216.4861
    363.1864	    922.9692
    363.1929	    421.9500
    363.1997	      0.0000
    363.2062	      0.0000
    363.2128	      0.0000
    363.2194	      0.0000
    365.6146	      0.0000
    365.6213	      0.0000
    365.6279	      0.0000
    365.6345	      0.0000
    365.6412	    534.3337
    365.6478	   1269.5347
    365.6544	   1951.9656
    365.6611	   2084.2266
    365.6677	   1551.8782
    365.6743	    754.7178
    365.6809	      0.0000
    365.6876	      0.0000
    365.6942	      0.0000
    365.7008	      0.0000
    370.1726	      0.0000
    370.1794	      0.0000
    370.1861	      0.0000
    370.1929	      0.0000
    370.1997	    675.2827
    370.2064	   1085.0264
    370.2132	   1179.4010
    370.2199	    894.4006
    370.2267	    447.1936
    370.2334	      0.0000
    370.2402	      0.0000
    370.2469	      0.0000
    370.2537	      0.0000
    381.1382	      0.0000
    381.1452	      0.0000
    381.1523	      0.0000
    381.1594	      0.0000
    381.1664	    398.9455
    381.1735	    938.7868
    381.1805	   1532.3628
    381.1876	   1725.8027
    381.1947	   1344.8746
    381.2017	    669.1812
    381.2088	      0.0000
    381.2158	      0.0000
    381.2229	      0.0000
    381.2300	      0.0000
    384.5845	      0.0000
    384.5916	      0.0000
    384.5988	      0.0000
    384.6059	      0.0000
    384.6131	    347.4565
    384.6203	    885.6785
    384.6274	   1383.5001
    384.6346	   1498.5963
    384.6417	   1175.8251
    384.6489	    667.9808
    384.6560	      0.0000
    384.6632	      0.0000
    384.6703	      0.0000
    384.6775	      0.0000
    385.0857	      0.0000
    385.0929	      0.0000
    385.1001	      0.0000
    385.1072	      0.0000
    385.1144	    468.7162
    385.1216	   1060.1960
    385.1288	   1521.5182
    385.1359	   1521.7532
    385.1431	   1054.3586
    385.1503	    451.1910
    385.1576	      0.0000
    385.1648	      0.0000
    385.1719	      0.0000
    385.1791	      0.0000
    411.1225	      0.0000
    411.1304	      0.0000
    411.1383	      0.0000
    411.1462	      0.0000
    411.1541	    649.7878
    411.1620	   1133.8268
    411.1699	   1380.1603
    411.1778	   1222.0035
    411.1857	    784.6865
    411.1938	      0.0000
    411.2018	      0.0000
    411.2097	      0.0000
    411.2176	      0.0000
    427.1786	      0.0000
    427.1870	      0.0000
    427.1954	      0.0000
    427.2038	      0.0000
    427.2121	    585.0156
    427.2205	   1248.1809
    427.2289	   1714.8904
    427.2373	   1617.9514
    427.2456	   1043.9360
    427.2540	    416.4002
    427.2624	      0.0000
    427.2708	      0.0000
    427.2791	      0.0000
    427.2875	      0.0000
    452.1764	      0.0000
    452.1855	      0.0000
    452.1947	      0.0000
    452.2038	      0.0000
    452.2129	    634.2999
    452.2220	   1208.1830
    452.2312	   1597.0555
    452.2403	   1497.2361
    452.2494	    979.5873
    452.2585	    413.8796
    452.2676	      0.0000
    452.2768	      0.0000
    452.2859	      0.0000
    452.2950	      0.0000
    452.9527	      0.0000
    452.9618	      0.0000
    452.9710	      0.0000
    452.9801	      0.0000
    452.9892	    435.7088
    452.9984	    841.6623
    453.0075	   1056.3303
    453.0167	    910.5237
    453.0258	    504.0484
    453.0350	      0.0000
    453.0441	      0.0000
    453.0533	      0.0000
    453.0624	      0.0000
    453.1447	      0.0000
    453.1539	      0.0000
    453.1630	      0.0000
    453.1722	      0.0000
    453.1813	    565.0854
    453.1905	   1803.0486
    453.1997	   4020.6978
    453.2088	   6006.1465
    453.2180	   5739.6079
    453.2271	   5496.6670
    453.2363	   5741.9634
    453.2454	   5778.9893
    453.2546	   3695.0439
    453.2637	   1379.2008
    453.2729	      0.0000
    453.2820	      0.0000
    453.2912	      0.0000
    453.3003	      0.0000
    453.3095	      0.0000
    454.0795	      0.0000
    454.0886	      0.0000
    454.0978	      0.0000
    454.1070	      0.0000
    454.1162	    432.0663
    454.1254	    790.1018
    454.1345	   1063.3622
    454.1437	   1085.7823
    454.1529	    825.8527
    454.1621	    440.8170
    454.1715	      0.0000
    454.1807	      0.0000
    454.1898	      0.0000
    454.1990	      0.0000
    473.2420	      0.0000
    473.2518	      0.0000
    473.2616	      0.0000
    473.2713	      0.0000
    473.2811	    453.8819
    473.2909	    891.7914
    473.3006	   1257.0625
    473.3104	   1301.3140
    473.3202	    958.8683
    473.3299	    450.9415
    473.3397	      0.0000
    473.3495	      0.0000
    473.3592	      0.0000
    473.3690	      0.0000
    484.1390	      0.0000
    484.1491	      0.0000
    484.1592	      0.0000
    484.1694	      0.0000
    484.1795	    544.0783
    484.1896	   1100.5853
    484.1997	   1417.6783
    484.2098	   1269.8647
    484.2199	    787.5129
    484.2300	    312.3782
    484.2401	      0.0000
    484.2502	      0.0000
    484.2603	      0.0000
    484.2704	      0.0000
    493.1237	      0.0000
    493.1341	      0.0000
    493.1445	      0.0000
    493.1549	      0.0000
    493.1653	    398.6276
    493.1757	    921.2904
    493.1860	   1183.5817
    493.1964	    981.4636
    493.2068	    499.5751
    493.2175	      0.0000
    493.2279	      0.0000
    493.2383	      0.0000
    493.2487	      0.0000
    552.2037	      0.0000
    552.2160	      0.0000
    552.2283	      0.0000
    552.2407	      0.0000
    552.2530	    715.0641
    552.2653	   1077.5576
    552.2776	   1164.4738
    552.2899	    883.8564
    552.3022	    402.3402
    552.3146	      0.0000
    552.3269	      0.0000
    552.3392	      0.0000
    552.3515	      0.0000
    569.2157	      0.0000
    569.2286	      0.0000
    569.2414	      0.0000
    569.2543	      0.0000
    569.2672	    483.8826
    569.2801	    875.1512
    569.2930	   1121.9033
    569.3059	   1062.6250
    569.3187	    733.8586
    569.3316	      0.0000
    569.3445	      0.0000
    569.3574	      0.0000
    569.3703	      0.0000
    597.2488	      0.0000
    597.2626	      0.0000
    597.2765	      0.0000
    597.2903	      0.0000
    597.3042	    459.6905
    597.3180	    928.7725
    597.3319	   1233.6971
    597.3457	   1148.5422
    597.3596	    734.9765
    597.3734	      0.0000
    597.3873	      0.0000
    597.4011	      0.0000
    597.4150	      0.0000
    598.2469	      0.0000
    598.2608	      0.0000
    598.2746	      0.0000
    598.2885	      0.0000
    598.3024	    591.4150
    598.3163	   1134.0345
    598.3302	   1470.1346
    598.3440	   1349.3947
    598.3579	    857.5773
    598.3718	    321.7349
    598.3858	      0.0000
    598.3996	      0.0000
    598.4135	      0.0000
    598.4274	      0.0000
    649.1672	      0.0000
    649.1829	      0.0000
    649.1986	      0.0000
    649.2143	      0.0000
    649.2300	    557.8554
    649.2457	   1333.1522
    649.2613	   3075.9741
    649.2770	   3991.7725
    649.2927	   3197.9656
    649.3084	   1454.6974
    649.3241	    644.6973
    649.3399	      0.0000
    649.3556	      0.0000
    649.3713	      0.0000
    649.3870	      0.0000
    706.1641	      0.0000
    706.1819	      0.0000
    706.1997	      0.0000
    706.2175	      0.0000
    706.2353	    397.3434
    706.2531	   1004.3156
    706.2709	   2530.9033
    706.2887	   4147.8765
    706.3065	   4105.8438
    706.3243	   2540.2070
    706.3421	    862.2527
    706.3599	    268.1378
    706.3778	      0.0000
    706.3956	      0.0000
    706.4134	      0.0000
    706.4313	      0.0000
    810.4568	      0.0000
    810.4787	      0.0000
    810.5006	      0.0000
    810.5225	      0.0000
    810.5444	    449.4480
    810.5662	    844.5577
    810.5881	   1010.3989
    810.6100	    819.3314
    810.6319	    413.7672
    810.6538	      0.0000
    810.6757	      0.0000
    810.6976	      0.0000
    810.7195	      0.0000
    954.5288	      0.0000
    954.5568	      0.0000
    954.5848	      0.0000
    954.6128	      0.0000
