# ljz_20131022_MR_Chym1_ELUTE.mzML
#
# index: 2010
# id: controllerType=0 controllerNumber=1 scan=7482
# scanNumber: 7482
# massAnalyzerType: quadrupole
# scanEvent: 2
# msLevel: 2
# retentionTime: 2070.58
# filterString: FTMS + p NSI d Full ms2 453.55@hcd28.00 [100.00-1410.00]
# mzLow: 99.0036
# mzHigh: 1424.4
# basePeakMZ: 129.103
# basePeakIntensity: 55204.2
# totalIonCurrent: 798131
# precursorCount: 1
# precursor 0: 453.217 428495
# binary (2664): 
     99.0036	      0.0000
     99.0045	      0.0000
     99.0054	      0.0000
     99.0064	      0.0000
    101.0647	      0.0000
    101.0657	      0.0000
    101.0667	      0.0000
    101.0676	      0.0000
    101.0686	    681.2113
    101.0696	   2817.4827
    101.0705	   5179.5132
    101.0715	   7213.8926
    101.0724	   6038.3872
    101.0734	   3562.2151
    101.0744	   1272.0403
    101.0753	    577.1093
    101.0763	      0.0000
    101.0773	      0.0000
    101.0782	      0.0000
    101.0792	      0.0000
    103.0162	      0.0000
    103.0172	      0.0000
    103.0182	      0.0000
    103.0192	      0.0000
    103.0202	    343.5680
    103.0211	    816.5469
    103.0221	   1067.8916
    103.0231	    904.8478
    103.0241	    478.3894
    103.0251	      0.0000
    103.0261	      0.0000
    103.0271	      0.0000
    103.0281	      0.0000
    106.0262	      0.0000
    106.0272	      0.0000
    106.0282	      0.0000
    106.0293	      0.0000
    106.0303	    391.0331
    106.0313	    908.2334
    106.0324	   1290.0383
    106.0334	   1272.8148
    106.0344	    878.4180
    106.0355	    376.2789
    106.0365	      0.0000
    106.0375	      0.0000
    106.0386	      0.0000
    106.0396	      0.0000
    106.0427	      0.0000
    106.0438	      0.0000
    106.0448	      0.0000
    106.0458	      0.0000
    106.0469	    723.9827
    106.0479	   1908.6632
    106.0489	   3717.6296
    106.0500	   5354.7676
    106.0510	   4639.2544
    106.0520	   2765.1597
    106.0531	   1013.8575
    106.0541	    411.3110
    106.0552	      0.0000
    106.0563	      0.0000
    106.0573	      0.0000
    106.0583	      0.0000
    110.0627	      0.0000
    110.0638	      0.0000
    110.0649	      0.0000
    110.0660	      0.0000
    110.0671	    633.6353
    110.0682	   1708.6859
    110.0693	   5934.4521
    110.0704	  12073.1973
    110.0715	  18418.9688
    110.0726	  17943.1934
    110.0737	  11333.5850
    110.0748	   5204.7573
    110.0759	   1147.4174
    110.0770	     79.9607
    110.0779	      0.0000
    110.0790	      0.0000
    110.0801	      0.0000
    110.0812	      0.0000
    115.0424	      0.0000
    115.0436	      0.0000
    115.0448	      0.0000
    115.0459	      0.0000
    115.0471	    323.3508
    115.0483	    830.6006
    115.0494	   1433.2728
    115.0506	   1769.5867
    115.0518	   1573.7115
    115.0530	    967.9154
    115.0541	    367.0991
    115.0553	      0.0000
    115.0565	      0.0000
    115.0576	      0.0000
    115.0588	      0.0000
    115.0799	      0.0000
    115.0811	      0.0000
    115.0822	      0.0000
    115.0834	      0.0000
    115.0846	    472.1948
    115.0857	   1092.5652
    115.0869	   1420.4464
    115.0881	   1198.7446
    115.0893	    637.6781
    115.0904	      0.0000
    115.0916	      0.0000
    115.0927	      0.0000
    115.0939	      0.0000
    119.0412	      0.0000
    119.0425	      0.0000
    119.0437	      0.0000
    119.0449	      0.0000
    119.0462	    498.4103
    119.0474	    975.0581
    119.0486	   1322.2186
    119.0499	   1296.7446
    119.0511	    893.4149
    119.0523	    373.1239
    119.0537	      0.0000
    119.0549	      0.0000
    119.0562	      0.0000
    119.0574	      0.0000
    120.0718	      0.0000
    120.0731	      0.0000
    120.0743	      0.0000
    120.0756	      0.0000
    120.0768	    749.1243
    120.0781	   2439.0618
    120.0793	   5400.0386
    120.0805	   8571.4385
    120.0818	   9271.7822
    120.0830	   6282.7358
    120.0843	   3194.4099
    120.0855	    795.4978
    120.0868	     48.1713
    120.0879	      0.0000
    120.0891	      0.0000
    120.0904	      0.0000
    120.0916	      0.0000
    122.0732	      0.0000
    122.0745	      0.0000
    122.0757	      0.0000
    122.0770	      0.0000
    122.0783	    276.0258
    122.0796	    787.6478
    122.0808	   1310.8362
    122.0821	   1492.8903
    122.0834	   1203.7968
    122.0847	    658.3339
    122.0859	      0.0000
    122.0872	      0.0000
    122.0885	      0.0000
    122.0898	      0.0000
    126.0452	      0.0000
    126.0466	      0.0000
    126.0479	      0.0000
    126.0493	      0.0000
    126.0506	    661.6440
    126.0519	   2022.5345
    126.0533	   4058.5649
    126.0546	   6104.7314
    126.0560	   5769.6450
    126.0573	   3619.4082
    126.0586	   1617.4340
    126.0600	    525.1265
    126.0613	      0.0000
    126.0626	      0.0000
    126.0640	      0.0000
    126.0653	      0.0000
    129.0565	      0.0000
    129.0579	      0.0000
    129.0593	      0.0000
    129.0607	      0.0000
    129.0621	    554.7002
    129.0635	   1564.9783
    129.0649	   3724.5437
    129.0663	   4662.6689
    129.0677	   3317.4797
    129.0690	   1726.9946
    129.0704	    672.1127
    129.0720	      0.0000
    129.0734	      0.0000
    129.0748	      0.0000
    129.0762	      0.0000
    129.0887	      0.0000
    129.0901	      0.0000
    129.0915	      0.0000
    129.0929	      0.0000
    129.0943	    521.1525
    129.0957	   1018.4219
    129.0970	   2172.8447
    129.0984	   6927.2788
    129.0998	  21490.1348
    129.1012	  39094.7148
    129.1026	  54849.4219
    129.1040	  47238.3984
    129.1054	  28550.5234
    129.1068	  11217.7246
    129.1082	   2497.7356
    129.1096	    416.3401
    129.1109	      0.0000
    129.1123	      0.0000
    129.1137	      0.0000
    129.1151	      0.0000
    130.0764	      0.0000
    130.0778	      0.0000
    130.0793	      0.0000
    130.0807	      0.0000
    130.0821	    599.9263
    130.0835	   2910.0266
    130.0849	   6232.7168
    130.0863	   9791.3037
    130.0877	   9663.2646
    130.0891	   5989.4175
    130.0905	   2625.0906
    130.0919	    245.2289
    130.0932	      0.0000
    130.0946	      0.0000
    130.0960	      0.0000
    130.0974	      0.0000
    130.0988	      0.0000
    130.1003	      0.0000
    130.1017	      0.0000
    130.1031	    694.1354
    130.1045	   1470.8690
    130.1059	   2044.7810
    130.1073	   1990.6285
    130.1087	   1353.2681
    130.1101	    631.5329
    130.1114	      0.0000
    130.1128	      0.0000
    130.1142	      0.0000
    130.1156	      0.0000
    132.0905	      0.0000
    132.0919	      0.0000
    132.0933	      0.0000
    132.0948	      0.0000
    132.0962	      0.0000
    132.0977	    980.3506
    132.0991	   3708.0186
    132.1005	   6832.0684
    132.1020	   9585.6816
    132.1034	   8249.3750
    132.1049	   5019.9990
    132.1063	   2060.7700
    132.1077	    473.4427
    132.1095	      0.0000
    132.1109	      0.0000
    132.1124	      0.0000
    132.1138	      0.0000
    133.0493	      0.0000
    133.0507	      0.0000
    133.0522	      0.0000
    133.0536	      0.0000
    133.0551	    531.2734
    133.0565	   2631.4707
    133.0580	   8810.4072
    133.0594	  16730.8750
    133.0609	  24483.9805
    133.0624	  22467.0156
    133.0638	  13964.1426
    133.0653	   6053.1489
    133.0667	   1423.9429
    133.0682	    149.1652
    133.0694	      0.0000
    133.0709	      0.0000
    133.0723	      0.0000
    133.0738	      0.0000
    134.9842	      0.0000
    134.9857	      0.0000
    134.9871	      0.0000
    134.9886	      0.0000
    134.9901	    456.5901
    134.9916	    933.8047
    134.9931	   1230.9475
    134.9946	   1155.4097
    134.9961	    773.4185
    134.9976	    335.5077
    134.9990	      0.0000
    135.0005	      0.0000
    135.0020	      0.0000
    135.0035	      0.0000
    136.0586	      0.0000
    136.0601	      0.0000
    136.0616	      0.0000
    136.0631	      0.0000
    136.0646	    284.8618
    136.0662	   1635.7506
    136.0677	    927.4276
    136.0693	   1035.6141
    136.0708	   2485.3606
    136.0723	   8385.6494
    136.0738	  18707.2617
    136.0753	  29825.8184
    136.0768	  32058.5137
    136.0783	  21441.9434
    136.0798	  10813.1143
    136.0813	   2725.6028
    136.0828	    444.5585
    136.0842	      0.0000
    136.0857	      0.0000
    136.0872	      0.0000
    136.0887	      0.0000
    137.0683	      0.0000
    137.0698	      0.0000
    137.0713	      0.0000
    137.0729	      0.0000
    137.0744	    309.6610
    137.0759	    924.4037
    137.0774	   1836.6438
    137.0790	   2526.6509
    137.0805	   2499.7742
    137.0820	   1768.9556
    137.0835	    852.5989
    137.0850	    275.8545
    137.0866	      0.0000
    137.0881	      0.0000
    137.0896	      0.0000
    137.0911	      0.0000
    138.0462	      0.0000
    138.0477	      0.0000
    138.0492	      0.0000
    138.0508	      0.0000
    138.0523	    600.2647
    138.0539	    972.0605
    138.0554	   1049.1179
    138.0569	    784.7136
    138.0585	    377.4894
    138.0600	      0.0000
    138.0615	      0.0000
    138.0631	      0.0000
    138.0646	      0.0000
    141.0926	      0.0000
    141.0942	      0.0000
    141.0958	      0.0000
    141.0974	      0.0000
    141.0990	    416.2502
    141.1006	    864.0046
    141.1022	   1097.3671
    141.1038	    934.6868
    141.1053	    514.7562
    141.1070	      0.0000
    141.1086	      0.0000
    141.1102	      0.0000
    141.1118	      0.0000
    143.1059	      0.0000
    143.1075	      0.0000
    143.1091	      0.0000
    143.1107	      0.0000
    143.1124	    256.3089
    143.1140	    864.1398
    143.1156	   1822.6024
    143.1172	   3868.3901
    143.1189	   4030.3369
    143.1205	   1942.7709
    143.1221	    918.9267
    143.1237	    243.4039
    143.1253	      0.0000
    143.1269	      0.0000
    143.1286	      0.0000
    143.1302	      0.0000
    147.0334	      0.0000
    147.0351	      0.0000
    147.0368	      0.0000
    147.0385	      0.0000
    147.0402	    375.2111
    147.0418	    857.1516
    147.0435	   1212.7592
    147.0452	   1164.8810
    147.0469	    751.1263
    147.0489	      0.0000
    147.0506	      0.0000
    147.0522	      0.0000
    147.0539	      0.0000
    147.0996	      0.0000
    147.1013	      0.0000
    147.1030	      0.0000
    147.1047	      0.0000
    147.1064	    334.8791
    147.1081	   1501.9568
    147.1098	   4915.5332
    147.1115	   8904.7012
    147.1132	  12408.1191
    147.1148	  10494.5156
    147.1165	   6220.9468
    147.1182	   2245.8176
    147.1199	    303.4340
    147.1215	      0.0000
    147.1231	      0.0000
    147.1248	      0.0000
    147.1265	      0.0000
    165.0406	      0.0000
    165.0426	      0.0000
    165.0446	      0.0000
    165.0466	      0.0000
    165.0487	    577.8767
    165.0507	   2444.1985
    165.0527	   4810.1768
    165.0547	   7012.4888
    165.0567	   6025.9976
    165.0587	   3529.0410
    165.0607	   1228.2262
    165.0627	    143.1475
    165.0647	      0.0000
    165.0667	      0.0000
    165.0688	      0.0000
    165.0708	      0.0000
    167.0068	      0.0000
    167.0088	      0.0000
    167.0109	      0.0000
    167.0129	      0.0000
    167.0150	    495.9870
    167.0170	   1090.3423
    167.0191	   1579.8666
    167.0211	   1645.5620
    167.0232	   1240.7938
    167.0252	    639.4231
    167.0273	      0.0000
    167.0293	      0.0000
    167.0313	      0.0000
    167.0334	      0.0000
    169.0479	      0.0000
    169.0500	      0.0000
    169.0521	      0.0000
    169.0542	      0.0000
    169.0563	    406.9023
    169.0584	    901.6734
    169.0604	   1246.1085
    169.0625	   1179.6605
    169.0646	    749.2230
    169.0667	      0.0000
    169.0688	      0.0000
    169.0709	      0.0000
    169.0730	      0.0000
    169.0834	      0.0000
    169.0855	      0.0000
    169.0876	      0.0000
    169.0896	      0.0000
    169.0917	    472.8051
    169.0938	   1230.4916
    169.0959	   2006.0309
    169.0980	   2251.5620
    169.1001	   1779.8350
    169.1022	    957.5657
    169.1042	    314.4505
    169.1063	      0.0000
    169.1084	      0.0000
    169.1105	      0.0000
    169.1126	      0.0000
    170.8637	      0.0000
    170.8658	      0.0000
    170.8680	      0.0000
    170.8701	      0.0000
    170.8722	    560.9391
    170.8743	    891.3849
    170.8764	   1005.6198
    170.8785	    827.1511
    170.8807	    470.1520
    170.8829	      0.0000
    170.8850	      0.0000
    170.8871	      0.0000
    170.8892	      0.0000
    173.0799	      0.0000
    173.0821	      0.0000
    173.0842	      0.0000
    173.0864	      0.0000
    173.0885	    475.1151
    173.0907	    888.2114
    173.0929	   1075.7839
    173.0950	    921.9856
    173.0972	    549.5971
    173.0994	      0.0000
    173.1016	      0.0000
    173.1037	      0.0000
    173.1059	      0.0000
    173.1124	      0.0000
    173.1145	      0.0000
    173.1167	      0.0000
    173.1189	      0.0000
    173.1210	    791.7354
    173.1232	   2830.4607
    173.1253	   6917.2275
    173.1275	  11289.7441
    173.1297	  12822.1357
    173.1318	   8843.7041
    173.1340	   4543.5532
    173.1361	   1104.6588
    173.1383	      9.4175
    173.1404	      0.0000
    173.1425	      0.0000
    173.1447	      0.0000
    173.1469	      0.0000
    175.0556	      0.0000
    175.0578	      0.0000
    175.0600	      0.0000
    175.0622	      0.0000
    175.0644	    385.9497
    175.0666	   1011.0638
    175.0688	   2244.2808
    175.0710	   3775.7405
    175.0732	   3844.4668
    175.0754	   1898.1849
    175.0776	    855.0513
    175.0798	    310.3506
    175.0820	    448.6915
    175.0842	    890.2189
    175.0864	   1112.9585
    175.0886	    903.5631
    175.0908	    459.5963
    175.0930	      0.0000
    175.0952	      0.0000
    175.0974	      0.0000
    175.0996	      0.0000
    181.0468	      0.0000
    181.0492	      0.0000
    181.0515	      0.0000
    181.0538	      0.0000
    181.0561	    473.0300
    181.0584	    958.7184
    181.0607	   1245.7974
    181.0630	   1112.3142
    181.0653	    659.2347
    181.0677	      0.0000
    181.0700	      0.0000
    181.0723	      0.0000
    181.0746	      0.0000
    182.0633	      0.0000
    182.0656	      0.0000
    182.0679	      0.0000
    182.0702	      0.0000
    182.0726	    260.4900
    182.0749	   1656.2896
    182.0772	   5285.1753
    182.0796	   9121.3701
    182.0819	  11560.1387
    182.0842	   8624.1455
    182.0866	   4796.9126
    182.0889	   1289.1355
    182.0912	     19.3943
    182.0936	      0.0000
    182.0959	      0.0000
    182.0982	      0.0000
    182.1006	      0.0000
    183.0600	      0.0000
    183.0624	      0.0000
    183.0647	      0.0000
    183.0671	      0.0000
    183.0694	    488.3225
    183.0718	   1132.5117
    183.0741	   1954.2970
    183.0765	   2368.5439
    183.0788	   2051.2747
    183.0812	   1234.3551
    183.0835	    442.4133
    183.0858	      0.0000
    183.0882	      0.0000
    183.0905	      0.0000
    183.0929	      0.0000
    185.0400	      0.0000
    185.0424	      0.0000
    185.0447	      0.0000
    185.0471	      0.0000
    185.0495	    562.5080
    185.0519	   1347.9396
    185.0543	   2137.2397
    185.0567	   2407.9072
    185.0591	   1953.9052
    185.0615	   1112.2898
    185.0638	    438.3821
    185.0662	      0.0000
    185.0686	      0.0000
    185.0710	      0.0000
    185.0734	      0.0000
    185.1140	      0.0000
    185.1164	      0.0000
    185.1188	      0.0000
    185.1212	      0.0000
    185.1236	    410.4902
    185.1260	    964.8793
    185.1283	   1370.8042
    185.1307	   1320.6794
    185.1331	    869.8931
    185.1355	    354.4644
    185.1379	      0.0000
    185.1403	      0.0000
    185.1427	      0.0000
    185.1451	      0.0000
    187.0935	      0.0000
    187.0959	      0.0000
    187.0983	      0.0000
    187.1008	      0.0000
    187.1032	    745.7524
    187.1056	   1374.9933
    187.1081	   1724.6597
    187.1105	   1537.7642
    187.1129	    953.2297
    187.1153	    368.5960
    187.1178	      0.0000
    187.1202	      0.0000
    187.1227	      0.0000
    187.1251	      0.0000
    193.0634	      0.0000
    193.0659	      0.0000
    193.0685	      0.0000
    193.0710	      0.0000
    193.0736	    282.3963
    193.0761	    918.2411
    193.0787	   1950.1359
    193.0812	   3897.9099
    193.0837	   3846.9087
    193.0863	   2306.6895
    193.0888	    954.3361
    193.0914	    319.8747
    193.0939	      0.0000
    193.0964	      0.0000
    193.0990	      0.0000
    193.1015	      0.0000
    200.0838	      0.0000
    200.0865	      0.0000
    200.0892	      0.0000
    200.0918	      0.0000
    200.0945	    608.4654
    200.0972	   2226.6064
    200.0999	   4138.2026
    200.1026	   5880.9312
    200.1053	   5182.3413
    200.1079	   3152.6069
    200.1106	   1209.6598
    200.1133	    489.1359
    200.1160	      0.0000
    200.1187	      0.0000
    200.1214	      0.0000
    200.1241	      0.0000
    201.1051	      0.0000
    201.1078	      0.0000
    201.1105	      0.0000
    201.1132	      0.0000
    201.1159	    317.6399
    201.1186	    901.1229
    201.1214	   1577.3591
    201.1241	   1936.1185
    201.1268	   1744.2965
    201.1295	   1156.9597
    201.1322	    547.3376
    201.1349	      0.0000
    201.1376	      0.0000
    201.1403	      0.0000
    201.1430	      0.0000
    202.0662	      0.0000
    202.0689	      0.0000
    202.0716	      0.0000
    202.0743	      0.0000
    202.0771	    343.1716
    202.0798	    944.8109
    202.0825	   1390.8416
    202.0852	   1350.2195
    202.0880	    872.2375
    202.0907	    331.4294
    202.0935	      0.0000
    202.0962	      0.0000
    202.0990	      0.0000
    202.1017	      0.0000
    203.1221	      0.0000
    203.1248	      0.0000
    203.1276	      0.0000
    203.1303	      0.0000
    203.1331	    589.0523
    203.1358	   1049.6825
    203.1385	   1337.1720
    203.1413	   1269.1406
    203.1440	    887.3970
    203.1468	    420.6739
    203.1495	      0.0000
    203.1522	      0.0000
    203.1550	      0.0000
    203.1577	      0.0000
    209.0366	      0.0000
    209.0395	      0.0000
    209.0423	      0.0000
    209.0452	      0.0000
    209.0481	    286.3743
    209.0509	    840.5312
    209.0538	   1356.5182
    209.0567	   1487.4799
    209.0595	   1171.7820
    209.0624	    651.7059
    209.0653	      0.0000
    209.0681	      0.0000
    209.0710	      0.0000
    209.0739	      0.0000
    210.0032	      0.0000
    210.0061	      0.0000
    210.0089	      0.0000
    210.0118	      0.0000
    210.0147	    370.6410
    210.0176	   1016.7239
    210.0205	   2446.5649
    210.0234	   4298.3267
    210.0263	   5076.1489
    210.0292	   3601.4561
    210.0320	   1324.4617
    210.0349	    407.3849
    210.0379	      0.0000
    210.0407	      0.0000
    210.0436	      0.0000
    210.0465	      0.0000
    221.0712	      0.0000
    221.0743	      0.0000
    221.0775	      0.0000
    221.0806	      0.0000
    221.0837	    514.7177
    221.0868	   1365.9834
    221.0899	   3097.7290
    221.0931	   4178.4370
    221.0962	   2342.1616
    221.0993	   1394.1483
    221.1024	    534.0072
    221.1055	      0.0000
    221.1086	      0.0000
    221.1118	      0.0000
    221.1149	      0.0000
    222.5849	      0.0000
    222.5880	      0.0000
    222.5912	      0.0000
    222.5943	      0.0000
    222.5975	    392.3359
    222.6006	    938.6532
    222.6038	   1282.4850
    222.6069	   1192.5126
    222.6101	    766.1714
    222.6132	      0.0000
    222.6164	      0.0000
    222.6195	      0.0000
    222.6227	      0.0000
    225.0751	      0.0000
    225.0783	      0.0000
    225.0815	      0.0000
    225.0847	      0.0000
    225.0879	    393.3161
    225.0911	    825.3587
    225.0943	   2457.5327
    225.0975	   4185.5518
    225.1007	   4643.5605
    225.1039	   3064.9915
    225.1071	   1279.6455
    225.1103	    481.1092
    225.1135	      0.0000
    225.1167	      0.0000
    225.1199	      0.0000
    225.1231	      0.0000
    227.0417	      0.0000
    227.0449	      0.0000
    227.0482	      0.0000
    227.0514	      0.0000
    227.0547	    428.1033
    227.0579	    956.8521
    227.0611	   2773.5022
    227.0644	   4743.7593
    227.0676	   5374.7705
    227.0709	   3689.4932
    227.0741	   1888.9957
    227.0774	    413.1400
    227.0807	      0.0000
    227.0840	      0.0000
    227.0872	      0.0000
    227.0904	      0.0000
    231.1297	      0.0000
    231.1330	      0.0000
    231.1364	      0.0000
    231.1397	      0.0000
    231.1430	    547.3112
    231.1464	   1082.9286
    231.1497	   1406.4298
    231.1530	   1306.7955
    231.1564	    881.5812
    231.1596	      0.0000
    231.1630	      0.0000
    231.1663	      0.0000
    231.1697	      0.0000
    240.1125	      0.0000
    240.1160	      0.0000
    240.1196	      0.0000
    240.1231	      0.0000
    240.1266	    532.9108
    240.1302	   1029.1708
    240.1337	   1342.3262
    240.1372	   1272.0303
    240.1407	    883.4778
    240.1444	      0.0000
    240.1479	      0.0000
    240.1514	      0.0000
    240.1550	      0.0000
    244.0676	      0.0000
    244.0713	      0.0000
    244.0749	      0.0000
    244.0785	      0.0000
    244.0821	    571.5518
    244.0857	   2203.3889
    244.0894	   4088.7856
    244.0930	   5701.8740
    244.0966	   4576.6348
    244.1002	   2520.4434
    244.1038	    598.9068
    244.1078	      0.0000
    244.1115	      0.0000
    244.1151	      0.0000
    244.1187	      0.0000
    246.1537	      0.0000
    246.1574	      0.0000
    246.1611	      0.0000
    246.1647	      0.0000
    246.1684	    479.6353
    246.1721	    973.4677
    246.1757	   3291.6221
    246.1794	   5790.0586
    246.1830	   7537.9482
    246.1867	   5758.9292
    246.1904	   3281.7444
    246.1940	    897.8438
    246.1977	     68.8654
    246.2009	      0.0000
    246.2046	      0.0000
    246.2083	      0.0000
    246.2119	      0.0000
    249.9665	      0.0000
    249.9703	      0.0000
    249.9740	      0.0000
    249.9778	      0.0000
    249.9815	    568.7255
    249.9853	    988.1063
    249.9890	   1208.9662
    249.9928	   1093.0315
    249.9965	    709.1015
    250.0003	      0.0000
    250.0041	      0.0000
    250.0078	      0.0000
    250.0116	      0.0000
    260.1729	      0.0000
    260.1769	      0.0000
    260.1809	      0.0000
    260.1848	      0.0000
    260.1888	    770.2394
    260.1928	   1474.3302
    260.1968	   1950.3085
    260.2008	   1861.3114
    260.2047	   1280.1469
    260.2087	    598.7673
    260.2127	      0.0000
    260.2167	      0.0000
    260.2207	      0.0000
    260.2247	      0.0000
    261.1029	      0.0000
    261.1069	      0.0000
    261.1109	      0.0000
    261.1149	      0.0000
    261.1189	    488.4462
    261.1229	   1146.1271
    261.1269	   1683.0931
    261.1309	   1712.3102
    261.1349	   1228.8696
    261.1389	    600.1208
    261.1429	      0.0000
    261.1469	      0.0000
    261.1509	      0.0000
    261.1549	      0.0000
    263.1154	      0.0000
    263.1194	      0.0000
    263.1235	      0.0000
    263.1275	      0.0000
    263.1316	    450.2229
    263.1356	   1084.0382
    263.1397	   1773.6721
    263.1437	   2098.2546
    263.1478	   1835.1898
    263.1518	   1172.8793
    263.1559	    518.6933
    263.1599	      0.0000
    263.1640	      0.0000
    263.1680	      0.0000
    263.1721	      0.0000
    271.1104	      0.0000
    271.1146	      0.0000
    271.1189	      0.0000
    271.1231	      0.0000
    271.1273	    167.0644
    271.1316	   1658.2572
    271.1358	   3516.4709
    271.1400	   5187.0674
    271.1443	   4338.8145
    271.1485	   2472.9746
    271.1527	    726.1033
    271.1571	      0.0000
    271.1613	      0.0000
    271.1655	      0.0000
    271.1698	      0.0000
    284.1285	      0.0000
    284.1330	      0.0000
    284.1376	      0.0000
    284.1421	      0.0000
    284.1467	    627.6230
    284.1512	   1660.1008
    284.1558	   3695.5125
    284.1603	   5679.5039
    284.1648	   5158.3765
    284.1694	   3112.7607
    284.1739	   1254.5192
    284.1785	    340.0513
    284.1831	      0.0000
    284.1877	      0.0000
    284.1922	      0.0000
    284.1968	      0.0000
    297.1624	      0.0000
    297.1672	      0.0000
    297.1721	      0.0000
    297.1770	      0.0000
    297.1818	    576.8133
    297.1867	   1195.2311
    297.1915	   1683.7495
    297.1964	   1708.9640
    297.2013	   1245.1447
    297.2061	    615.3883
    297.2110	      0.0000
    297.2158	      0.0000
    297.2207	      0.0000
    297.2256	      0.0000
    298.1659	      0.0000
    298.1708	      0.0000
    298.1756	      0.0000
    298.1805	      0.0000
    298.1854	    733.0207
    298.1903	   1232.5680
    298.1952	   1416.9946
    298.2001	   1163.7408
    298.2049	    656.7603
    298.2098	      0.0000
    298.2147	      0.0000
    298.2196	      0.0000
    298.2245	      0.0000
    301.1079	      0.0000
    301.1128	      0.0000
    301.1178	      0.0000
    301.1227	      0.0000
    301.1277	    594.4725
    301.1326	   1390.9875
    301.1376	   2142.7119
    301.1426	   2284.0776
    301.1475	   1686.4937
    301.1525	    804.5311
    301.1574	      0.0000
    301.1624	      0.0000
    301.1673	      0.0000
    301.1723	      0.0000
    304.1037	      0.0000
    304.1087	      0.0000
    304.1137	      0.0000
    304.1188	      0.0000
    304.1238	    531.8903
    304.1288	   1145.4971
    304.1339	   1572.6354
    304.1389	   1495.3246
    304.1439	    964.6125
    304.1489	    362.4759
    304.1541	      0.0000
    304.1591	      0.0000
    304.1642	      0.0000
    304.1692	      0.0000
    318.5799	      0.0000
    318.5853	      0.0000
    318.5907	      0.0000
    318.5961	      0.0000
    318.6015	    401.9012
    318.6069	    904.4253
    318.6123	   1159.0924
    318.6177	    979.6436
    318.6231	    532.1670
    318.6285	      0.0000
    318.6339	      0.0000
    318.6393	      0.0000
    318.6447	      0.0000
    319.0713	      0.0000
    319.0767	      0.0000
    319.0821	      0.0000
    319.0875	      0.0000
    319.0929	    450.9951
    319.0984	   1014.5553
    319.1038	   1439.3318
    319.1092	   1400.1869
    319.1146	    908.0931
    319.1200	    327.7095
    319.1254	      0.0000
    319.1308	      0.0000
    319.1362	      0.0000
    319.1416	      0.0000
    333.0515	      0.0000
    333.0573	      0.0000
    333.0630	      0.0000
    333.0688	      0.0000
    333.0746	    299.1950
    333.0803	    878.8823
    333.0861	   1451.2755
    333.0919	   1669.9041
    333.0976	   1395.4122
    333.1034	    823.1645
    333.1092	      0.0000
    333.1149	      0.0000
    333.1207	      0.0000
    333.1265	      0.0000
    334.1091	      0.0000
    334.1148	      0.0000
    334.1206	      0.0000
    334.1264	      0.0000
    334.1322	    608.1760
    334.1380	   1289.6268
    334.1438	   1827.7896
    334.1496	   1890.5323
    334.1554	   1477.6611
    334.1612	    876.2867
    334.1670	    379.7393
    334.1729	      0.0000
    334.1787	      0.0000
    334.1845	      0.0000
    334.1903	      0.0000
    347.1354	      0.0000
    347.1415	      0.0000
    347.1476	      0.0000
    347.1538	      0.0000
    347.1599	    806.8708
    347.1660	   1699.5176
    347.1722	   2302.6624
    347.1783	   2122.3401
    347.1844	   1289.7043
    347.1906	    435.9938
    347.1967	      0.0000
    347.2028	      0.0000
    347.2090	      0.0000
    347.2151	      0.0000
    353.1132	      0.0000
    353.1195	      0.0000
    353.1258	      0.0000
    353.1320	      0.0000
    353.1383	    398.9598
    353.1446	    928.6450
    353.1509	   1517.8600
    353.1572	   1777.2056
    353.1635	   1467.5548
    353.1698	    785.9557
    353.1761	      0.0000
    353.1824	      0.0000
    353.1887	      0.0000
    353.1950	      0.0000
    354.0528	      0.0000
    354.0592	      0.0000
    354.0655	      0.0000
    354.0718	      0.0000
    354.0781	    491.1127
    354.0844	    959.7983
    354.0908	   1194.0767
    354.0971	   1008.1932
    354.1034	    542.2837
    354.1097	      0.0000
    354.1160	      0.0000
    354.1223	      0.0000
    354.1287	      0.0000
    363.6200	      0.0000
    363.6266	      0.0000
    363.6332	      0.0000
    363.6398	      0.0000
    363.6463	    640.1464
    363.6529	   1197.4840
    363.6595	   1393.7336
    363.6661	   1103.9683
    363.6726	    579.1774
    363.6794	      0.0000
    363.6860	      0.0000
    363.6926	      0.0000
    363.6991	      0.0000
    365.4555	      0.0000
    365.4621	      0.0000
    365.4688	      0.0000
    365.4754	      0.0000
    365.4820	    448.6310
    365.4887	   1228.0614
    365.4953	   2016.9254
    365.5019	   2286.9539
    365.5085	   1837.1971
    365.5152	   1012.7657
    365.5218	    361.6274
    365.5284	      0.0000
    365.5350	      0.0000
    365.5417	      0.0000
    365.5483	      0.0000
    369.1075	      0.0000
    369.1143	      0.0000
    369.1210	      0.0000
    369.1277	      0.0000
    369.1344	    245.5319
    369.1412	   1048.1976
    369.1479	   1981.7526
    369.1546	   2392.4419
    369.1614	   1855.1146
    369.1681	   1071.3817
    369.1748	    435.1552
    369.1815	      0.0000
    369.1883	      0.0000
    369.1950	      0.0000
    369.2017	      0.0000
    371.1880	      0.0000
    371.1948	      0.0000
    371.2016	      0.0000
    371.2084	      0.0000
    371.2152	    802.5822
    371.2219	   1249.2570
    371.2287	   1474.4504
    371.2355	   1310.9258
    371.2423	    844.7280
    371.2491	      0.0000
    371.2559	      0.0000
    371.2627	      0.0000
    371.2694	      0.0000
    371.5954	      0.0000
    371.6022	      0.0000
    371.6090	      0.0000
    371.6157	      0.0000
    371.6225	    540.2936
    371.6293	   1029.9459
    371.6361	   1196.5164
    371.6429	    920.7241
    371.6497	    433.3968
    371.6565	      0.0000
    371.6633	      0.0000
    371.6701	      0.0000
    371.6769	      0.0000
    384.1770	      0.0000
    384.1842	      0.0000
    384.1913	      0.0000
    384.1984	      0.0000
    384.2056	    694.9341
    384.2127	   1384.7767
    384.2199	   1961.0577
    384.2270	   2018.1726
    384.2342	   1503.4377
    384.2413	    770.0276
    384.2485	      0.0000
    384.2556	      0.0000
    384.2627	      0.0000
    384.2699	      0.0000
    384.7204	      0.0000
    384.7276	      0.0000
    384.7347	      0.0000
    384.7419	      0.0000
    384.7491	    490.2077
    384.7562	    943.3286
    384.7634	   1177.1056
    384.7705	   1022.7928
    384.7777	    596.6068
    384.7848	      0.0000
    384.7920	      0.0000
    384.7992	      0.0000
    384.8063	      0.0000
    386.1272	      0.0000
    386.1344	      0.0000
    386.1416	      0.0000
    386.1488	      0.0000
    386.1560	    682.8987
    386.1632	   2521.4792
    386.1704	   4488.6484
    386.1776	   5941.0894
    386.1848	   4631.1548
    386.1920	   2680.4209
    386.1992	    848.8537
    386.2064	      0.0000
    386.2135	      0.0000
    386.2207	      0.0000
    386.2279	      0.0000
    387.1439	      0.0000
    387.1512	      0.0000
    387.1584	      0.0000
    387.1656	      0.0000
    387.1729	    715.8577
    387.1801	   1164.1019
    387.1873	   1401.8000
    387.1945	   1248.4906
    387.2018	    779.6992
    387.2090	      0.0000
    387.2162	      0.0000
    387.2234	      0.0000
    387.2307	      0.0000
    391.7879	      0.0000
    391.7953	      0.0000
    391.8026	      0.0000
    391.8100	      0.0000
    391.8173	    730.8842
    391.8247	   1118.7516
    391.8320	   1233.5952
    391.8394	    986.8195
    391.8468	    535.5798
    391.8543	      0.0000
    391.8617	      0.0000
    391.8690	      0.0000
    391.8764	      0.0000
    399.1429	      0.0000
    399.1504	      0.0000
    399.1580	      0.0000
    399.1656	      0.0000
    399.1731	    513.0605
    399.1807	   1277.8051
    399.1883	   2004.0405
    399.1958	   2204.7668
    399.2034	   1752.7051
    399.2110	    988.9470
    399.2185	    360.0797
    399.2261	      0.0000
    399.2337	      0.0000
    399.2412	      0.0000
    399.2488	      0.0000
    399.4759	      0.0000
    399.4835	      0.0000
    399.4910	      0.0000
    399.4986	      0.0000
    399.5062	    693.5726
    399.5138	   1931.3766
    399.5213	   3392.7300
    399.5289	   4346.5396
    399.5365	   3346.0117
    399.5441	   1474.8694
    399.5516	    621.7314
    399.5592	      0.0000
    399.5668	      0.0000
    399.5744	      0.0000
    399.5819	      0.0000
    403.1361	      0.0000
    403.1438	      0.0000
    403.1514	      0.0000
    403.1591	      0.0000
    403.1668	    496.7006
    403.1745	    980.8829
    403.1821	   2889.1914
    403.1898	   4921.8618
    403.1975	   5668.4814
    403.2052	   3906.2610
    403.2129	   2010.6549
    403.2205	    501.3335
    403.2282	      0.0000
    403.2359	      0.0000
    403.2436	      0.0000
    403.2513	      0.0000
    403.4741	      0.0000
    403.4818	      0.0000
    403.4895	      0.0000
    403.4972	      0.0000
    403.5049	    807.5137
    403.5125	   3105.8042
    403.5202	   4778.6289
    403.5279	   5382.6318
    403.5356	   3825.1082
    403.5433	   2018.5450
    403.5510	    774.1387
    403.5587	      0.0000
    403.5664	      0.0000
    403.5741	      0.0000
    403.5818	      0.0000
    403.7895	      0.0000
    403.7972	      0.0000
    403.8049	      0.0000
    403.8126	      0.0000
    403.8203	    642.9958
    403.8280	   1463.2313
    403.8357	   2262.8398
    403.8434	   2499.0332
    403.8511	   1976.8761
    403.8588	   1070.6222
    403.8665	    358.5720
    403.8741	      0.0000
    403.8818	      0.0000
    403.8895	      0.0000
    403.8972	      0.0000
    404.1437	      0.0000
    404.1514	      0.0000
    404.1592	      0.0000
    404.1669	      0.0000
    404.1746	    794.5616
    404.1823	   1491.9142
    404.1900	   1958.5436
    404.1977	   1874.5684
    404.2054	   1305.5608
    404.2131	    626.8480
    404.2208	      0.0000
    404.2285	      0.0000
    404.2362	      0.0000
    404.2439	      0.0000
    405.1397	      0.0000
    405.1475	      0.0000
    405.1552	      0.0000
    405.1629	      0.0000
    405.1707	    379.7611
    405.1784	    958.0504
    405.1861	   1355.0295
    405.1939	   1287.4926
    405.2016	    827.9713
    405.2093	      0.0000
    405.2171	      0.0000
    405.2248	      0.0000
    405.2326	      0.0000
    408.8076	      0.0000
    408.8155	      0.0000
    408.8233	      0.0000
    408.8311	      0.0000
    408.8390	    512.6824
    408.8468	   1182.1049
    408.8547	   3058.0073
    408.8625	   5080.2168
    408.8704	   5638.4873
    408.8782	   3906.6284
    408.8860	   2059.2805
    408.8939	    603.8593
    408.9024	      0.0000
    408.9102	      0.0000
    408.9181	      0.0000
    408.9259	      0.0000
    409.1378	      0.0000
    409.1456	      0.0000
    409.1535	      0.0000
    409.1613	      0.0000
    409.1692	    596.3046
    409.1770	   1865.3008
    409.1849	   4679.1514
    409.1927	   7828.1045
    409.2006	   9125.2666
    409.2085	   6348.0405
    409.2163	   3258.6663
    409.2242	    859.1753
    409.2323	      0.0000
    409.2402	      0.0000
    409.2480	      0.0000
    409.2559	      0.0000
    409.4759	      0.0000
    409.4837	      0.0000
    409.4916	      0.0000
    409.4994	      0.0000
    409.5073	    874.5853
    409.5152	   3279.6262
    409.5230	   6038.1333
    409.5309	   8411.4551
    409.5387	   7093.8599
    409.5466	   4227.5557
    409.5545	   1479.1469
    409.5623	    195.2326
    409.5692	      0.0000
    409.5771	      0.0000
    409.5849	      0.0000
    409.5928	      0.0000
    409.8130	      0.0000
    409.8209	      0.0000
    409.8288	      0.0000
    409.8366	      0.0000
    409.8445	    743.7661
    409.8524	   1334.8822
    409.8603	   1792.5250
    409.8681	   1811.8896
    409.8760	   1345.9114
    409.8839	    681.7117
    409.8928	      0.0000
    409.9007	      0.0000
    409.9085	      0.0000
    409.9164	      0.0000
    413.2030	      0.0000
    413.2110	      0.0000
    413.2189	      0.0000
    413.2269	      0.0000
    413.2349	    457.6931
    413.2428	   1193.6461
    413.2508	   3534.6926
    413.2588	   6095.9180
    413.2667	   8080.6387
    413.2747	   6543.6689
    413.2827	   3825.5232
    413.2906	   1294.3624
    413.2986	     81.6108
    413.3055	      0.0000
    413.3135	      0.0000
    413.3215	      0.0000
    413.3294	      0.0000
    414.8240	      0.0000
    414.8320	      0.0000
    414.8400	      0.0000
    414.8481	      0.0000
    414.8561	    936.0505
    414.8641	   1690.5995
    414.8721	   2168.5850
    414.8801	   2041.0309
    414.8881	   1394.0339
    414.8961	    651.5066
    414.9042	      0.0000
    414.9122	      0.0000
    414.9202	      0.0000
    414.9282	      0.0000
    415.7954	      0.0000
    415.8035	      0.0000
    415.8115	      0.0000
    415.8195	      0.0000
    415.8276	    457.5347
    415.8356	   1069.1785
    415.8437	   1689.5123
    415.8517	   1941.6002
    415.8598	   1667.3947
    415.8678	   1052.0522
    415.8758	    442.1428
    415.8839	      0.0000
    415.8919	      0.0000
    415.9000	      0.0000
    415.9080	      0.0000
    416.1253	      0.0000
    416.1334	      0.0000
    416.1414	      0.0000
    416.1495	      0.0000
    416.1575	    337.2032
    416.1656	   1013.6790
    416.1736	   1829.0118
    416.1817	   2263.4075
    416.1898	   1989.4783
    416.1978	   1213.9524
    416.2059	    469.2935
    416.2139	      0.0000
    416.2220	      0.0000
    416.2300	      0.0000
    416.2381	      0.0000
    418.1537	      0.0000
    418.1618	      0.0000
    418.1699	      0.0000
    418.1780	      0.0000
    418.1862	    654.3469
    418.1943	   1789.7842
    418.2024	   4419.1152
    418.2105	   4875.3477
    418.2186	   3300.5566
    418.2267	   1615.9205
    418.2348	    542.8969
    418.2429	      0.0000
    418.2510	      0.0000
    418.2592	      0.0000
    418.2673	      0.0000
    421.8029	      0.0000
    421.8111	      0.0000
    421.8193	      0.0000
    421.8275	      0.0000
    421.8358	    746.7640
    421.8440	   1305.1741
    421.8522	   1581.6277
    421.8604	   1349.1633
    421.8686	    766.1897
    421.8769	      0.0000
    421.8851	      0.0000
    421.8933	      0.0000
    421.9015	      0.0000
    422.1400	      0.0000
    422.1482	      0.0000
    422.1565	      0.0000
    422.1647	      0.0000
    422.1729	    891.3557
    422.1811	   1652.0682
    422.1894	   2026.8998
    422.1976	   1757.1177
    422.2058	   1067.9454
    422.2141	    425.1298
    422.2225	      0.0000
    422.2307	      0.0000
    422.2389	      0.0000
    422.2472	      0.0000
    426.8187	      0.0000
    426.8271	      0.0000
    426.8355	      0.0000
    426.8438	      0.0000
    426.8522	    746.6483
    426.8606	   1460.2305
    426.8689	   1940.0488
    426.8773	   1821.2806
    426.8857	   1173.8906
    426.8940	    461.1528
    426.9024	      0.0000
    426.9108	      0.0000
    426.9191	      0.0000
    426.9275	      0.0000
    427.0112	      0.0000
    427.0195	      0.0000
    427.0279	      0.0000
    427.0363	      0.0000
    427.0447	    936.3890
    427.0530	   1434.6332
    427.0614	   1518.8967
    427.0698	   1139.1075
    427.0781	    568.1091
    427.0865	      0.0000
    427.0949	      0.0000
    427.1033	      0.0000
    427.1116	      0.0000
    427.4803	      0.0000
    427.4886	      0.0000
    427.4970	      0.0000
    427.5054	      0.0000
    427.5138	    734.7335
    427.5222	   1532.3237
    427.5306	   2096.4924
    427.5390	   1968.0392
    427.5473	   1227.9877
    427.5557	    443.8808
    427.5641	      0.0000
    427.5725	      0.0000
    427.5809	      0.0000
    427.5893	      0.0000
    430.2519	      0.0000
    430.2603	      0.0000
    430.2688	      0.0000
    430.2773	      0.0000
    430.2857	    856.3226
    430.2942	   1395.8131
    430.3027	   1570.2933
    430.3111	   1228.1566
    430.3196	    613.2954
    430.3280	      0.0000
    430.3365	      0.0000
    430.3450	      0.0000
    430.3535	      0.0000
    435.4711	      0.0000
    435.4797	      0.0000
    435.4883	      0.0000
    435.4970	      0.0000
    435.5056	    407.3649
    435.5142	   1218.3141
    435.5228	   2176.1633
    435.5315	   3709.7615
    435.5401	   2588.9543
    435.5487	   1320.4886
    435.5573	    521.5259
    435.5659	      0.0000
    435.5746	      0.0000
    435.5832	      0.0000
    435.5918	      0.0000
    437.4865	      0.0000
    437.4951	      0.0000
    437.5038	      0.0000
    437.5125	      0.0000
    437.5212	    626.5334
    437.5299	   1187.2473
    437.5386	   1551.9799
    437.5472	   1450.4958
    437.5559	    934.3743
    437.5646	      0.0000
    437.5733	      0.0000
    437.5820	      0.0000
    437.5906	      0.0000
    437.8252	      0.0000
    437.8339	      0.0000
    437.8425	      0.0000
    437.8512	      0.0000
    437.8599	    577.4160
    437.8686	   1108.4802
    437.8773	   1313.6160
    437.8860	   1031.9474
    437.8947	    495.9868
    437.9034	      0.0000
    437.9121	      0.0000
    437.9208	      0.0000
    437.9295	      0.0000
    441.4714	      0.0000
    441.4802	      0.0000
    441.4890	      0.0000
    441.4978	      0.0000
    441.5066	    370.8271
    441.5154	   1100.5977
    441.5242	   2068.4390
    441.5330	   4181.2847
    441.5418	   3656.7715
    441.5506	   1787.4454
    441.5594	    819.3455
    441.5682	      0.0000
    441.5770	      0.0000
    441.5858	      0.0000
    441.5946	      0.0000
    441.7267	      0.0000
    441.7355	      0.0000
    441.7443	      0.0000
    441.7531	      0.0000
    441.7619	    726.8503
    441.7707	   1308.6914
    441.7795	   1496.1066
    441.7883	   1159.4395
    441.7971	    591.1014
    441.8059	      0.0000
    441.8147	      0.0000
    441.8235	      0.0000
    441.8324	      0.0000
    441.8412	    407.0296
    441.8500	   1113.7544
    441.8588	   2011.3014
    441.8676	   2537.9072
    441.8764	   2288.8909
    441.8852	   1444.9751
    441.8940	    589.5768
    441.9028	      0.0000
    441.9116	      0.0000
    441.9205	      0.0000
    441.9293	      0.0000
    444.2116	      0.0000
    444.2205	      0.0000
    444.2294	      0.0000
    444.2383	      0.0000
    444.2471	    895.1691
    444.2560	   2802.0188
    444.2649	   4845.9341
    444.2738	   5974.1636
    444.2827	   4239.0474
    444.2915	   2128.0327
    444.3004	    233.7328
    444.3093	      0.0000
    444.3182	      0.0000
    444.3271	      0.0000
    444.3360	      0.0000
    447.1478	      0.0000
    447.1567	      0.0000
    447.1657	      0.0000
    447.1747	      0.0000
    447.1837	    670.5039
    447.1926	   1111.6549
    447.2016	   1374.6152
    447.2106	   1270.1555
    447.2195	    826.4576
    447.2285	      0.0000
    447.2375	      0.0000
    447.2464	      0.0000
    447.2554	      0.0000
    452.1673	      0.0000
    452.1764	      0.0000
    452.1855	      0.0000
    452.1946	      0.0000
    452.2038	    847.4645
    452.2129	   1264.6193
    452.2220	   1380.3289
    452.2311	   1042.0183
    452.2403	    460.3149
    452.2494	      0.0000
    452.2585	      0.0000
    452.2676	      0.0000
    452.2767	      0.0000
    452.7150	      0.0000
    452.7241	      0.0000
    452.7333	      0.0000
    452.7424	      0.0000
    452.7515	    503.6724
    452.7607	   1292.4480
    452.7698	   3392.8059
    452.7790	   5685.3569
    452.7881	   6126.2329
    452.7972	   3901.0872
    452.8064	   1691.3623
    452.8155	    158.1366
    452.8247	      0.0000
    452.8338	      0.0000
    452.8429	      0.0000
    452.8521	      0.0000
    453.0624	      0.0000
    453.0715	      0.0000
    453.0807	      0.0000
    453.0898	      0.0000
    453.0990	    331.0815
    453.1081	   1057.5526
    453.1173	   1977.6836
    453.1264	   2549.0500
    453.1356	   2987.5107
    453.1447	   1531.1860
    453.1539	    721.8114
    453.1630	      0.0000
    453.1722	      0.0000
    453.1813	      0.0000
    453.1905	    881.8397
    453.1996	   1499.1531
    453.2088	   2249.0654
    453.2179	   4106.1504
    453.2271	   2907.1853
    453.2362	   1539.2400
    453.2454	    381.1476
    453.2545	    258.0318
    453.2637	   1252.2861
    453.2728	   2661.7930
    453.2820	   4137.9775
    453.2912	   4088.9163
    453.3003	   2507.2344
    453.3095	   1268.9891
    453.3186	    585.3550
    453.3278	      0.0000
    453.3369	      0.0000
    453.3461	      0.0000
    453.3552	      0.0000
    453.4835	      0.0000
    453.4926	      0.0000
    453.5018	      0.0000
    453.5109	      0.0000
    453.5201	    417.3079
    453.5293	   1210.0591
    453.5384	   2934.5828
    453.5476	   4142.4160
    453.5567	   3389.5925
    453.5659	   1874.6208
    453.5751	    779.7241
    453.5842	      0.0000
    453.5934	      0.0000
    453.6026	      0.0000
    453.6117	      0.0000
    453.6759	      0.0000
    453.6850	      0.0000
    453.6942	      0.0000
    453.7034	      0.0000
    453.7125	    505.2079
    453.7217	    968.5937
    453.7309	   1255.9434
    453.7400	   1130.7882
    453.7492	    667.9218
    453.7584	      0.0000
    453.7675	      0.0000
    453.7767	      0.0000
    453.7859	      0.0000
    454.0060	      0.0000
    454.0152	      0.0000
    454.0244	      0.0000
    454.0336	      0.0000
    454.0427	    848.8539
    454.0519	   1207.0591
    454.0611	   1296.4921
    454.0703	   1042.1895
    454.0794	    587.2226
    454.0886	      0.0000
    454.0978	      0.0000
    454.1070	      0.0000
    454.1162	      0.0000
    454.1621	      0.0000
    454.1712	      0.0000
    454.1804	      0.0000
    454.1896	      0.0000
    454.1988	    327.3742
    454.2080	    985.8736
    454.2171	   1608.0310
    454.2263	   1654.2566
    454.2355	   1051.5773
    454.2447	    305.8431
    454.2543	      0.0000
    454.2635	      0.0000
    454.2727	      0.0000
    454.2818	      0.0000
    454.9806	      0.0000
    454.9899	      0.0000
    454.9991	      0.0000
    455.0083	      0.0000
    455.0175	    235.2121
    455.0267	   1008.8610
    455.0359	   3851.9658
    455.0451	   7077.3984
    455.0543	   9686.5469
    455.0635	   7739.2920
    455.0727	   4411.0542
    455.0819	   1310.8180
    455.0911	    182.2112
    455.0999	      0.0000
    455.1091	      0.0000
    455.1183	      0.0000
    455.1276	      0.0000
    458.1914	      0.0000
    458.2007	      0.0000
    458.2100	      0.0000
    458.2193	      0.0000
    458.2286	    829.3997
    458.2379	   1161.7980
    458.2472	   1251.6868
    458.2565	   1045.7183
    458.2658	    648.0462
    458.2754	      0.0000
    458.2847	      0.0000
    458.2940	      0.0000
    458.3033	      0.0000
    463.6638	      0.0000
    463.6733	      0.0000
    463.6828	      0.0000
    463.6922	      0.0000
    463.7017	    928.3943
    463.7112	   1331.4255
    463.7206	   1400.4047
    463.7301	   1098.2731
    463.7396	    620.7283
    463.7491	      0.0000
    463.7585	      0.0000
    463.7680	      0.0000
    463.7775	      0.0000
    468.1567	      0.0000
    468.1663	      0.0000
    468.1759	      0.0000
    468.1855	      0.0000
    468.1951	    422.2693
    468.2047	   1131.4688
    468.2143	   2104.0095
    468.2239	   4542.7300
    468.2335	   4269.7568
    468.2431	   2714.8501
    468.2528	    979.0427
    468.2624	    307.8985
    468.2720	      0.0000
    468.2816	      0.0000
    468.2912	      0.0000
    468.3008	      0.0000
    477.6473	      0.0000
    477.6572	      0.0000
    477.6671	      0.0000
    477.6770	      0.0000
    477.6869	    593.1143
    477.6968	   1038.9972
    477.7067	   1250.3103
    477.7166	   1060.1991
    477.7265	    585.0376
    477.7364	      0.0000
    477.7463	      0.0000
    477.7562	      0.0000
    477.7662	      0.0000
    483.1503	      0.0000
    483.1604	      0.0000
    483.1705	      0.0000
    483.1805	      0.0000
    483.1906	    555.5408
    483.2007	   1344.6863
    483.2108	   2164.2224
    483.2208	   2491.5872
    483.2309	   2094.4670
    483.2410	   1243.8804
    483.2511	    522.9401
    483.2611	      0.0000
    483.2712	      0.0000
    483.2813	      0.0000
    483.2914	      0.0000
    483.6443	      0.0000
    483.6544	      0.0000
    483.6645	      0.0000
    483.6745	      0.0000
    483.6846	    806.3841
    483.6947	   1449.0079
    483.7048	   1840.7234
    483.7149	   1701.6166
    483.7250	   1104.2540
    483.7351	    421.4415
    483.7475	      0.0000
    483.7576	      0.0000
    483.7677	      0.0000
    483.7778	      0.0000
    492.1407	      0.0000
    492.1511	      0.0000
    492.1614	      0.0000
    492.1718	      0.0000
    492.1821	    303.6276
    492.1925	   1273.5140
    492.2029	   4085.0752
    492.2132	   8288.6426
    492.2236	  12777.8242
    492.2339	  12951.1182
    492.2443	   8330.4395
    492.2547	   3938.9019
    492.2650	    735.3411
    492.2731	      0.0000
    492.2834	      0.0000
    492.2938	      0.0000
    492.3041	      0.0000
    492.6462	      0.0000
    492.6566	      0.0000
    492.6670	      0.0000
    492.6774	      0.0000
    492.6877	    420.8600
    492.6981	   1051.8284
    492.7085	   1871.3676
    492.7188	   2507.8333
    492.7292	   4077.1423
    492.7396	   1973.5266
    492.7500	   1100.2405
    492.7603	    416.1603
    492.7707	      0.0000
    492.7811	      0.0000
    492.7915	      0.0000
    492.8018	      0.0000
    496.1812	      0.0000
    496.1917	      0.0000
    496.2022	      0.0000
    496.2127	      0.0000
    496.2231	    546.7753
    496.2336	   1047.1423
    496.2441	   1411.6754
    496.2546	   1395.4072
    496.2651	    981.9191
    496.2756	    443.0433
    496.2876	      0.0000
    496.2981	      0.0000
    496.3086	      0.0000
    496.3191	      0.0000
    501.1470	      0.0000
    501.1577	      0.0000
    501.1683	      0.0000
    501.1790	      0.0000
    501.1896	    181.1073
    501.2003	   1436.5332
    501.2109	   4770.3350
    501.2215	   9888.3330
    501.2322	  15326.0576
    501.2428	  16372.1826
    501.2535	  11218.5830
    501.2641	   5928.4814
    501.2748	   1536.6349
    501.2854	      0.0000
    501.2945	      0.0000
    501.3051	      0.0000
    501.3158	      0.0000
    501.3264	      0.0000
    501.6567	      0.0000
    501.6673	      0.0000
    501.6780	      0.0000
    501.6886	      0.0000
    501.6993	    696.2904
    501.7100	   1601.2245
    501.7206	   2394.0994
    501.7313	   2528.8018
    501.7419	   1914.3862
    501.7526	   1007.9625
    501.7633	    349.9305
    501.7739	      0.0000
    501.7846	      0.0000
    501.7952	      0.0000
    501.8059	      0.0000
    502.1793	      0.0000
    502.1900	      0.0000
    502.2006	      0.0000
    502.2113	      0.0000
    502.2220	    705.4437
    502.2327	   1145.3059
    502.2433	   1333.9286
    502.2540	   1144.5188
    502.2647	    711.9313
    502.2756	      0.0000
    502.2863	      0.0000
    502.2970	      0.0000
    502.3077	      0.0000
    515.2048	      0.0000
    515.2159	      0.0000
    515.2270	      0.0000
    515.2381	      0.0000
    515.2491	    768.2021
    515.2602	   1396.1750
    515.2713	   1652.3926
    515.2824	   1374.4363
    515.2935	    787.7659
    515.3046	      0.0000
    515.3157	      0.0000
    515.3268	      0.0000
    515.3379	      0.0000
    529.1935	      0.0000
    529.2050	      0.0000
    529.2166	      0.0000
    529.2281	      0.0000
    529.2397	    924.9464
    529.2512	   2884.9512
    529.2628	   4911.2173
    529.2743	   6158.4541
    529.2859	   4673.0103
    529.2974	   2629.1953
    529.3090	    663.8558
    529.3205	      0.0000
    529.3321	      0.0000
    529.3436	      0.0000
    529.3552	      0.0000
    532.1387	      0.0000
    532.1503	      0.0000
    532.1620	      0.0000
    532.1736	      0.0000
    532.1853	    551.6159
    532.1969	   1319.9812
    532.2086	   2090.6245
    532.2202	   2379.6309
    532.2319	   1996.8677
    532.2435	   1215.6875
    532.2551	    501.2560
    532.2668	      0.0000
    532.2784	      0.0000
    532.2901	      0.0000
    532.3017	      0.0000
    532.6747	      0.0000
    532.6864	      0.0000
    532.6980	      0.0000
    532.7097	      0.0000
    532.7214	    832.4100
    532.7330	   1379.7716
    532.7447	   1513.4150
    532.7563	   1150.7917
    532.7680	    583.5599
    532.7797	      0.0000
    532.7913	      0.0000
    532.8030	      0.0000
    532.8147	      0.0000
    534.1822	      0.0000
    534.1939	      0.0000
    534.2056	      0.0000
    534.2173	      0.0000
    534.2291	    676.8688
    534.2408	   1051.0087
    534.2525	   1302.4515
    534.2642	   1301.9611
    534.2759	   1012.7973
    534.2876	    558.5995
    534.2993	      0.0000
    534.3111	      0.0000
    534.3228	      0.0000
    534.3345	      0.0000
    538.6603	      0.0000
    538.6721	      0.0000
    538.6840	      0.0000
    538.6959	      0.0000
    538.7077	    437.1459
    538.7196	   1105.1840
    538.7314	   1780.6580
    538.7433	   2034.4397
    538.7552	   1695.5150
    538.7670	   1015.0060
    538.7789	    406.9507
    538.7907	      0.0000
    538.8026	      0.0000
    538.8145	      0.0000
    538.8263	      0.0000
    539.1706	      0.0000
    539.1824	      0.0000
    539.1943	      0.0000
    539.2062	      0.0000
    539.2181	    762.8527
    539.2299	   1143.1106
    539.2418	   1234.5573
    539.2537	   1005.3534
    539.2656	    624.1556
    539.2774	      0.0000
    539.2893	      0.0000
    539.3012	      0.0000
    539.3131	      0.0000
    539.6816	      0.0000
    539.6934	      0.0000
    539.7053	      0.0000
    539.7172	      0.0000
    539.7291	    443.4807
    539.7410	   1059.7994
    539.7529	   1568.8127
    539.7648	   1645.5066
    539.7767	   1258.9269
    539.7886	    673.3105
    539.8005	      0.0000
    539.8124	      0.0000
    539.8243	      0.0000
    539.8362	      0.0000
    541.1592	      0.0000
    541.1711	      0.0000
    541.1831	      0.0000
    541.1950	      0.0000
    541.2070	    605.6228
    541.2189	   1070.9431
    541.2309	   1343.3829
    541.2428	   1219.5625
    541.2547	    762.3336
    541.2667	      0.0000
    541.2786	      0.0000
    541.2906	      0.0000
    541.3025	      0.0000
    542.6789	      0.0000
    542.6909	      0.0000
    542.7029	      0.0000
    542.7149	      0.0000
    542.7269	    443.5142
    542.7389	   1106.3761
    542.7509	   2738.7937
    542.7629	   4504.3979
    542.7749	   4683.8125
    542.7868	   3025.4739
    542.7988	   1162.1113
    542.8108	    371.4203
    542.8228	      0.0000
    542.8348	      0.0000
    542.8468	      0.0000
    542.8588	      0.0000
    546.2216	      0.0000
    546.2337	      0.0000
    546.2458	      0.0000
    546.2579	      0.0000
    546.2701	    506.6131
    546.2822	   1443.6515
    546.2943	   4006.2305
    546.3064	   4869.0850
    546.3185	   3668.0354
    546.3306	   2011.3296
    546.3427	    879.2925
    546.3563	      0.0000
    546.3684	      0.0000
    546.3805	      0.0000
    546.3926	      0.0000
    547.6547	      0.0000
    547.6669	      0.0000
    547.6790	      0.0000
    547.6912	      0.0000
    547.7034	    485.6540
    547.7155	   2120.7917
    547.7277	   4689.4585
    547.7398	   7457.2759
    547.7520	   7746.3691
    547.7642	   4992.7354
    547.7763	   2331.2512
    547.7885	    367.8175
    547.7992	      0.0000
    547.8114	      0.0000
    547.8235	      0.0000
    547.8357	      0.0000
    548.1520	      0.0000
    548.1642	      0.0000
    548.1764	      0.0000
    548.1886	      0.0000
    548.2007	    453.4867
    548.2129	   1632.9866
    548.2251	   3688.0969
    548.2373	   5895.4492
    548.2494	   6354.0562
    548.2616	   4274.0190
    548.2738	   2122.2200
    548.2860	    410.3741
    548.2981	      0.0000
    548.3103	      0.0000
    548.3225	      0.0000
    548.3347	      0.0000
    548.6759	      0.0000
    548.6881	      0.0000
    548.7002	      0.0000
    548.7124	      0.0000
    548.7246	    539.6472
    548.7368	   1769.5774
    548.7490	   3980.7966
    548.7612	   6362.2012
    548.7734	   6943.1367
    548.7856	   4744.5708
    548.7978	   2451.3994
    548.8100	    558.5946
    548.8239	      0.0000
    548.8361	      0.0000
    548.8483	      0.0000
    548.8605	      0.0000
    549.1534	      0.0000
    549.1656	      0.0000
    549.1778	      0.0000
    549.1900	      0.0000
    549.2022	    434.0308
    549.2144	   1227.6987
    549.2266	   3374.4001
    549.2388	   5937.3022
    549.2510	   8412.0742
    549.2632	   8761.4434
    549.2755	   6448.0356
    549.2877	   3812.8667
    549.2999	   1344.6754
    549.3121	      0.0000
    549.3226	      0.0000
    549.3348	      0.0000
    549.3470	      0.0000
    549.3592	      0.0000
    556.1760	      0.0000
    556.1885	      0.0000
    556.2009	      0.0000
    556.2134	      0.0000
    556.2258	    445.9976
    556.2382	   1308.7848
    556.2507	   2125.4136
    556.2631	   2263.4084
    556.2756	   1603.7520
    556.2880	    708.4937
    556.3032	      0.0000
    556.3156	      0.0000
    556.3281	      0.0000
    556.3405	      0.0000
    556.6518	      0.0000
    556.6643	      0.0000
    556.6768	      0.0000
    556.6892	      0.0000
    556.7017	    497.9722
    556.7141	   1071.1986
    556.7266	   3358.1724
    556.7390	   6126.9946
    556.7515	   8731.6992
    556.7640	   7752.1880
    556.7764	   4669.1030
    556.7889	   1828.0942
    556.8014	    134.5716
    556.8111	      0.0000
    556.8235	      0.0000
    556.8360	      0.0000
    556.8485	      0.0000
    557.1727	      0.0000
    557.1852	      0.0000
    557.1976	      0.0000
    557.2101	      0.0000
    557.2226	    999.2061
    557.2351	   2744.1042
    557.2475	   4559.8672
    557.2600	   4949.1084
    557.2725	   3347.5588
    557.2850	   1243.5327
    557.2975	    436.7562
    557.3127	      0.0000
    557.3252	      0.0000
    557.3376	      0.0000
    557.3501	      0.0000
    557.6748	      0.0000
    557.6872	      0.0000
    557.6997	      0.0000
    557.7122	      0.0000
    557.7247	    837.6555
    557.7372	   3360.0913
    557.7497	  10147.5488
    557.7622	  17747.9609
    557.7747	  23758.6855
    557.7872	  19172.6582
    557.7997	  11284.6348
    557.8122	   3732.2656
    557.8247	    582.2324
    557.8397	      0.0000
    557.8522	      0.0000
    557.8647	      0.0000
    557.8772	      0.0000
    558.1648	      0.0000
    558.1773	      0.0000
    558.1898	      0.0000
    558.2023	      0.0000
    558.2148	    814.7831
    558.2273	   1159.2625
    558.2398	   2273.2976
    558.2523	   5951.3735
    558.2648	  11161.0879
    558.2774	  16289.5850
    558.2899	  15111.9033
    558.3024	   9264.8779
    558.3149	   3807.7612
    558.3274	    495.0448
    558.3347	      0.0000
    558.3472	      0.0000
    558.3597	      0.0000
    558.3722	      0.0000
    558.6977	      0.0000
    558.7103	      0.0000
    558.7228	      0.0000
    558.7353	      0.0000
    558.7479	    458.7949
    558.7604	   1491.3645
    558.7729	   2456.0796
    558.7854	   3732.7117
    558.7980	   2135.3008
    558.8105	   1026.4006
    558.8230	    389.4118
    558.8356	      0.0000
    558.8481	      0.0000
    558.8606	      0.0000
    558.8732	      0.0000
    565.6769	      0.0000
    565.6897	      0.0000
    565.7024	      0.0000
    565.7152	      0.0000
    565.7280	    673.5903
    565.7407	   1155.6514
    565.7535	   1391.5853
    565.7663	   1230.7465
    565.7790	    783.3991
    565.7918	      0.0000
    565.8046	      0.0000
    565.8173	      0.0000
    565.8301	      0.0000
    574.1815	      0.0000
    574.1946	      0.0000
    574.2076	      0.0000
    574.2207	      0.0000
    574.2337	   1020.9084
    574.2468	   1697.9310
    574.2599	   1905.8777
    574.2729	   1469.7330
    574.2860	    716.9445
    574.2990	      0.0000
    574.3121	      0.0000
    574.3251	      0.0000
    574.3382	      0.0000
    575.6591	      0.0000
    575.6722	      0.0000
    575.6853	      0.0000
    575.6984	      0.0000
    575.7115	    776.4633
    575.7246	   1281.9854
    575.7377	   1422.7970
    575.7508	   1076.2037
    575.7639	    500.0654
    575.7770	      0.0000
    575.7901	      0.0000
    575.8032	      0.0000
    575.8164	      0.0000
    590.1820	      0.0000
    590.1956	      0.0000
    590.2092	      0.0000
    590.2228	      0.0000
    590.2364	    877.0259
    590.2500	   1460.1298
    590.2636	   1712.5741
    590.2772	   1441.2499
    590.2908	    832.5572
    590.3045	      0.0000
    590.3181	      0.0000
    590.3317	      0.0000
    590.3453	      0.0000
    596.1703	      0.0000
    596.1841	      0.0000
    596.1979	      0.0000
    596.2118	      0.0000
    596.2256	    702.5506
    596.2394	   1493.7627
    596.2532	   2071.6941
    596.2670	   2029.7843
    596.2808	   1420.7209
    596.2946	    672.0939
    596.3084	      0.0000
    596.3222	      0.0000
    596.3361	      0.0000
    596.3499	      0.0000
    604.6829	      0.0000
    604.6970	      0.0000
    604.7111	      0.0000
    604.7252	      0.0000
    604.7393	    757.6507
    604.7534	   1417.2113
    604.7675	   1828.7346
    604.7816	   1682.9232
    604.7957	   1074.1217
    604.8098	    396.3512
    604.8239	      0.0000
    604.8381	      0.0000
    604.8522	      0.0000
    604.8663	      0.0000
    605.1768	      0.0000
    605.1910	      0.0000
    605.2051	      0.0000
    605.2192	      0.0000
    605.2333	    780.9007
    605.2474	   1526.6946
    605.2616	   1900.7035
    605.2757	   1634.2875
    605.2898	    959.8032
    605.3040	      0.0000
    605.3181	      0.0000
    605.3322	      0.0000
    605.3463	      0.0000
    610.2070	      0.0000
    610.2213	      0.0000
    610.2356	      0.0000
    610.2499	      0.0000
    610.2642	    857.0415
    610.2785	   1723.5691
    610.2928	   2211.0833
    610.3071	   1915.4916
    610.3214	   1095.3535
    610.3357	    367.7609
    610.3500	      0.0000
    610.3643	      0.0000
    610.3786	      0.0000
    610.3929	      0.0000
    613.1918	      0.0000
    613.2062	      0.0000
    613.2206	      0.0000
    613.2350	      0.0000
    613.2494	    563.0506
    613.2638	   1509.0425
    613.2782	   3392.2231
    613.2926	   4313.9287
    613.3070	   3118.2151
    613.3215	   1424.5878
    613.3359	    555.3707
    613.3503	      0.0000
    613.3647	      0.0000
    613.3791	      0.0000
    613.3935	      0.0000
    613.6674	      0.0000
    613.6818	      0.0000
    613.6962	      0.0000
    613.7106	      0.0000
    613.7251	    306.2536
    613.7395	   1248.3269
    613.7539	   3137.0369
    613.7683	   5113.5547
    613.7828	   6217.9043
    613.7972	   4785.0298
    613.8116	   2741.1624
    613.8260	    944.1993
    613.8405	      0.0000
    613.8549	      0.0000
    613.8693	      0.0000
    613.8837	      0.0000
    614.1724	      0.0000
    614.1868	      0.0000
    614.2013	      0.0000
    614.2157	      0.0000
    614.2301	    933.5983
    614.2446	   2477.7146
    614.2590	   4352.4795
    614.2735	   5543.3359
    614.2879	   4369.0425
    614.3023	   2681.8333
    614.3168	    827.6879
    614.3312	      0.0000
    614.3457	      0.0000
    614.3601	      0.0000
    614.3746	      0.0000
    614.6780	      0.0000
    614.6925	      0.0000
    614.7069	      0.0000
    614.7214	      0.0000
    614.7358	    950.6925
    614.7503	   1707.2213
    614.7647	   2265.2886
    614.7792	   2251.2661
    614.7937	   1648.6295
    614.8081	    833.4333
    614.8226	      0.0000
    614.8370	      0.0000
    614.8515	      0.0000
    614.8660	      0.0000
    615.1842	      0.0000
    615.1987	      0.0000
    615.2132	      0.0000
    615.2277	      0.0000
    615.2421	    352.8300
    615.2566	   1053.6533
    615.2711	   1914.7343
    615.2856	   2374.5613
    615.3000	   2109.3416
    615.3145	   1326.6136
    615.3290	    538.7252
    615.3435	      0.0000
    615.3580	      0.0000
    615.3724	      0.0000
    615.3869	      0.0000
    622.6767	      0.0000
    622.6914	      0.0000
    622.7062	      0.0000
    622.7209	      0.0000
    622.7357	    936.0602
    622.7504	   2541.9778
    622.7651	   4267.4155
    622.7799	   4896.4063
    622.7946	   3440.4915
    622.8094	   1422.3137
    622.8241	    522.1104
    622.8388	      0.0000
    622.8536	      0.0000
    622.8683	      0.0000
    622.8831	      0.0000
    623.1633	      0.0000
    623.1781	      0.0000
    623.1929	      0.0000
    623.2076	      0.0000
    623.2224	    567.7997
    623.2371	   1044.9899
    623.2519	   3062.0671
    623.2666	   5220.7065
    623.2814	   6216.6064
    623.2962	   4669.6768
    623.3109	   2762.8630
    623.3257	    726.3726
    623.3404	      0.0000
    623.3552	      0.0000
    623.3700	      0.0000
    623.3847	      0.0000
    625.1898	      0.0000
    625.2046	      0.0000
    625.2194	      0.0000
    625.2343	      0.0000
    625.2491	    670.3746
    625.2639	   1102.6653
    625.2788	   1290.8003
    625.2936	   1096.9526
    625.3084	    647.4191
    625.3232	      0.0000
    625.3381	      0.0000
    625.3529	      0.0000
    625.3677	      0.0000
    629.2724	      0.0000
    629.2874	      0.0000
    629.3023	      0.0000
    629.3173	      0.0000
    629.3323	    158.5690
    629.3473	   1257.8330
    629.3622	   4347.4370
    629.3772	   8548.7793
    629.3922	  12847.9092
    629.4072	  12633.1611
    629.4222	   8285.1836
    629.4371	   4158.6519
    629.4521	   1102.5100
    629.4671	      0.0000
    629.4821	      0.0000
    629.4971	      0.0000
    629.5121	      0.0000
    629.5271	      0.0000
    630.3069	      0.0000
    630.3219	      0.0000
    630.3369	      0.0000
    630.3519	      0.0000
    630.3669	    947.3931
    630.3819	   1954.4377
    630.3969	   4039.1858
    630.4119	   4001.6091
    630.4270	   2514.5864
    630.4420	   1054.4744
    630.4570	    390.2778
    630.4720	      0.0000
    630.4870	      0.0000
    630.5020	      0.0000
    630.5171	      0.0000
    642.2570	      0.0000
    642.2725	      0.0000
    642.2879	      0.0000
    642.3033	      0.0000
    642.3188	    496.0273
    642.3342	   1096.4333
    642.3497	   1634.0469
    642.3651	   1705.1224
    642.3805	   1258.7988
    642.3960	    605.6486
    642.4114	      0.0000
    642.4269	      0.0000
    642.4423	      0.0000
    642.4578	      0.0000
    659.2775	      0.0000
    659.2935	      0.0000
    659.3096	      0.0000
    659.3257	      0.0000
    659.3417	    654.6370
    659.3578	   1597.3196
    659.3738	   3812.1250
    659.3899	   4571.5229
    659.4060	   3365.8049
    659.4220	   1435.7692
    659.4381	    556.0469
    659.4541	      0.0000
    659.4702	      0.0000
    659.4863	      0.0000
    659.5023	      0.0000
    660.2902	      0.0000
    660.3063	      0.0000
    660.3224	      0.0000
    660.3385	      0.0000
    660.3546	    576.9724
    660.3707	   1152.4600
    660.3868	   1586.6188
    660.4029	   1591.2325
    660.4190	   1163.4576
    660.4351	    598.2486
    660.4513	      0.0000
    660.4674	      0.0000
    660.4835	      0.0000
    660.4996	      0.0000
    730.2030	      0.0000
    730.2218	      0.0000
    730.2405	      0.0000
    730.2592	      0.0000
    730.2779	    831.7002
    730.2966	   1549.5602
    730.3153	   1896.4828
    730.3341	   1589.9128
    730.3528	    877.5034
    730.3715	      0.0000
    730.3902	      0.0000
    730.4090	      0.0000
    730.4277	      0.0000
    731.1960	      0.0000
    731.2148	      0.0000
    731.2335	      0.0000
    731.2523	      0.0000
    731.2710	    805.7280
    731.2898	   1323.2880
    731.3086	   1679.3676
    731.3273	   1678.9536
    731.3461	   1293.2767
    731.3648	    725.4105
    731.3836	      0.0000
    731.4024	      0.0000
    731.4211	      0.0000
    731.4399	      0.0000
    742.3113	      0.0000
    742.3304	      0.0000
    742.3496	      0.0000
    742.3688	      0.0000
    742.3880	    674.7374
    742.4072	   1167.0039
    742.4264	   1406.4392
    742.4456	   1217.6042
    742.4648	    731.7211
    742.4910	      0.0000
    742.5102	      0.0000
    742.5294	      0.0000
    742.5486	      0.0000
    776.3042	      0.0000
    776.3248	      0.0000
    776.3453	      0.0000
    776.3658	      0.0000
    776.3863	    915.2991
    776.4068	   2069.4744
    776.4273	   5762.4663
    776.4479	  10335.8604
    776.4684	  14337.3223
    776.4889	  12081.1084
    776.5094	   7065.6890
    776.5300	   2378.5481
    776.5505	    111.8494
    776.5640	      0.0000
    776.5845	      0.0000
    776.6050	      0.0000
    776.6256	      0.0000
    777.3240	      0.0000
    777.3446	      0.0000
    777.3651	      0.0000
    777.3857	      0.0000
    777.4063	    874.0063
    777.4268	   2822.8027
    777.4474	   5110.0566
    777.4679	   6825.9321
    777.4885	   5327.2822
    777.5091	   2988.9751
    777.5296	    787.3754
    777.5505	      0.0000
    777.5711	      0.0000
    777.5916	      0.0000
    777.6122	      0.0000
   1041.8637	      0.0000
   1041.8956	      0.0000
   1041.9275	      0.0000
   1041.9594	      0.0000
   1041.9913	    693.5731
   1042.0232	   1140.6591
   1042.0551	   1323.2310
   1042.0870	   1152.8793
   1042.1189	    796.4403
   1042.1509	      0.0000
   1042.1828	      0.0000
   1042.2148	      0.0000
   1042.2467	      0.0000
   1120.7886	      0.0000
   1120.8242	      0.0000
   1120.8598	      0.0000
   1120.8954	      0.0000
   1120.9310	    871.7487
   1120.9666	   1311.1636
   1121.0022	   1438.4446
   1121.0378	   1178.5795
   1121.0734	    691.8005
   1121.1090	      0.0000
   1121.1446	      0.0000
   1121.1803	      0.0000
   1121.2159	      0.0000
   1424.2436	      0.0000
   1424.2946	      0.0000
   1424.3456	      0.0000
   1424.3966	      0.0000
