# ljz_20131022_MR_Chym1_ELUTE.mzML
#
# index: 5114
# id: controllerType=0 controllerNumber=1 scan=11462
# scanNumber: 11462
# massAnalyzerType: quadrupole
# scanEvent: 2
# msLevel: 2
# retentionTime: 2782.37
# filterString: FTMS + p NSI d Full ms2 493.22@hcd28.00 [100.00-1530.00]
# mzLow: 99.0036
# mzHigh: 1545.64
# basePeakMZ: 167.093
# basePeakIntensity: 629288
# totalIonCurrent: 8.23132e+006
# precursorCount: 1
# precursor 0: 492.885 6.30064e+006
# binary (3538): 
     99.0036	      0.0000
     99.0045	      0.0000
     99.0055	      0.0000
     99.0064	      0.0000
    101.0647	      0.0000
    101.0657	      0.0000
    101.0667	      0.0000
    101.0676	      0.0000
    101.0686	   2077.0564
    101.0696	   5120.8306
    101.0705	   8574.8965
    101.0715	  15130.1758
    101.0725	   8990.7783
    101.0734	   5684.6982
    101.0744	   2518.1145
    101.0753	      0.0000
    101.0763	      0.0000
    101.0772	      0.0000
    101.0782	      0.0000
    104.7404	      0.0000
    104.7414	      0.0000
    104.7424	      0.0000
    104.7434	      0.0000
    104.7445	   1802.9152
    104.7455	   3135.9092
    104.7465	   3724.1301
    104.7475	   3144.9880
    104.7485	   1737.7433
    104.7495	      0.0000
    104.7505	      0.0000
    104.7515	      0.0000
    104.7525	      0.0000
    110.0637	      0.0000
    110.0648	      0.0000
    110.0659	      0.0000
    110.0670	      0.0000
    110.0681	   1749.4645
    110.0692	   4915.3335
    110.0703	  12501.2129
    110.0714	  18445.0410
    110.0725	  17179.5586
    110.0736	  10476.2695
    110.0747	   4279.9243
    110.0758	   1594.1012
    110.0768	      0.0000
    110.0779	      0.0000
    110.0790	      0.0000
    110.0801	      0.0000
    112.0699	      0.0000
    112.0710	      0.0000
    112.0721	      0.0000
    112.0733	      0.0000
    112.0744	   1544.0216
    112.0755	   3185.8623
    112.0766	   3990.7185
    112.0778	   3501.0313
    112.0789	   2328.7888
    112.0800	      0.0000
    112.0811	      0.0000
    112.0823	      0.0000
    112.0834	      0.0000
    112.0845	   2938.5142
    112.0856	   5812.3101
    112.0868	   7991.4824
    112.0879	   7783.3599
    112.0890	   5246.3472
    112.0901	   2189.8538
    112.0912	      0.0000
    112.0924	      0.0000
    112.0935	      0.0000
    112.0946	      0.0000
    115.0131	      0.0000
    115.0143	      0.0000
    115.0155	      0.0000
    115.0167	      0.0000
    115.0178	   2477.1790
    115.0190	   8767.5342
    115.0202	  17139.1523
    115.0213	  25283.5391
    115.0225	  22567.1621
    115.0237	  13288.2998
    115.0248	   4684.2520
    115.0260	   2060.5217
    115.0272	      0.0000
    115.0284	      0.0000
    115.0295	      0.0000
    115.0307	      0.0000
    115.0787	      0.0000
    115.0799	      0.0000
    115.0810	      0.0000
    115.0822	      0.0000
    115.0834	   2027.3286
    115.0845	   5349.8101
    115.0857	  12366.0068
    115.0869	  16862.5898
    115.0881	  13659.6494
    115.0892	   6434.5688
    115.0904	   2752.1047
    115.0916	      0.0000
    115.0927	      0.0000
    115.0939	      0.0000
    115.0951	      0.0000
    116.0354	      0.0000
    116.0366	      0.0000
    116.0378	      0.0000
    116.0390	      0.0000
    116.0402	   1605.0132
    116.0414	   3072.6772
    116.0426	   3742.6743
    116.0437	   3233.0686
    116.0449	   1978.5745
    116.0463	      0.0000
    116.0475	      0.0000
    116.0487	      0.0000
    116.0499	      0.0000
    120.0694	      0.0000
    120.0706	      0.0000
    120.0718	      0.0000
    120.0731	      0.0000
    120.0743	   2306.4705
    120.0756	   4983.0952
    120.0768	  13320.8438
    120.0781	  41813.2656
    120.0793	  90584.8906
    120.0806	 143536.6094
    120.0818	 152742.5781
    120.0831	 101234.3750
    120.0843	  50193.6680
    120.0856	  11622.4629
    120.0868	   1162.3491
    120.0878	      0.0000
    120.0891	      0.0000
    120.0903	      0.0000
    120.0916	      0.0000
    121.0750	      0.0000
    121.0763	      0.0000
    121.0776	      0.0000
    121.0788	      0.0000
    121.0801	    913.5198
    121.0813	   3439.2104
    121.0826	  11111.9287
    121.0839	  17534.5605
    121.0851	  19063.6367
    121.0864	  12837.2666
    121.0877	   6419.6255
    121.0889	   2424.0283
    121.0902	      0.0000
    121.0914	      0.0000
    121.0927	      0.0000
    121.0940	      0.0000
    122.0629	      0.0000
    122.0642	      0.0000
    122.0655	      0.0000
    122.0668	      0.0000
    122.0680	   2059.7361
    122.0693	   3760.9158
    122.0706	   4914.6782
    122.0719	   4755.2520
    122.0731	   3299.7957
    122.0744	   1464.9690
    122.0756	      0.0000
    122.0769	      0.0000
    122.0782	      0.0000
    122.0795	      0.0000
    129.0857	      0.0000
    129.0871	      0.0000
    129.0885	      0.0000
    129.0899	      0.0000
    129.0913	      0.0000
    129.0927	      0.0000
    129.0941	      0.0000
    129.0957	   9626.5156
    129.0971	  17781.6953
    129.0985	  47928.9688
    129.0999	 140056.2656
    129.1013	 250443.8281
    129.1027	 346303.6250
    129.1041	 292708.1563
    129.1055	 175010.4688
    129.1069	  65022.3281
    129.1083	  12588.5635
    129.1097	    722.9026
    129.1107	      0.0000
    129.1121	      0.0000
    129.1135	      0.0000
    129.1149	      0.0000
    130.0960	      0.0000
    130.0974	      0.0000
    130.0988	      0.0000
    130.1002	      0.0000
    130.1016	   2375.5679
    130.1030	   9402.5381
    130.1045	  16396.1133
    130.1059	  21946.8926
    130.1073	  17777.8574
    130.1087	  10096.7051
    130.1101	   2622.4253
    130.1117	      0.0000
    130.1131	      0.0000
    130.1145	      0.0000
    130.1159	      0.0000
    132.0865	      0.0000
    132.0879	      0.0000
    132.0894	      0.0000
    132.0908	      0.0000
    132.0923	   2122.8184
    132.0937	   6727.8921
    132.0951	  10986.7148
    132.0966	  23760.5605
    132.0980	  70301.7500
    132.0995	 207339.6250
    132.1009	 365647.5000
    132.1023	 497917.2188
    132.1038	 412192.3125
    132.1052	 245109.4375
    132.1067	  88591.5391
    132.1081	  17859.8770
    132.1095	   1861.2383
    132.1111	      0.0000
    132.1126	      0.0000
    132.1140	      0.0000
    132.1154	      0.0000
    133.0946	      0.0000
    133.0960	      0.0000
    133.0975	      0.0000
    133.0989	      0.0000
    133.1004	   1791.6879
    133.1019	   5057.0449
    133.1033	  13851.7324
    133.1048	  23504.7656
    133.1062	  29285.4980
    133.1077	  21395.8809
    133.1091	  11465.4922
    133.1106	   2385.4194
    133.1117	      0.0000
    133.1131	      0.0000
    133.1146	      0.0000
    133.1160	      0.0000
    133.2429	      0.0000
    133.2443	      0.0000
    133.2458	      0.0000
    133.2472	      0.0000
    133.2487	   1736.2507
    133.2502	   3536.3264
    133.2516	   4666.5200
    133.2531	   4341.8057
    133.2545	   2849.9304
    133.2560	      0.0000
    133.2574	      0.0000
    133.2589	      0.0000
    133.2604	      0.0000
    142.0208	      0.0000
    142.0224	      0.0000
    142.0240	      0.0000
    142.0257	      0.0000
    142.0273	   1229.0519
    142.0289	   3697.4907
    142.0305	   6474.9263
    142.0321	   7751.4712
    142.0337	   6531.7676
    142.0353	   3750.0684
    142.0369	   1361.2323
    142.0385	      0.0000
    142.0401	      0.0000
    142.0417	      0.0000
    142.0433	      0.0000
    143.0068	      0.0000
    143.0085	      0.0000
    143.0101	      0.0000
    143.0117	      0.0000
    143.0133	   2699.1255
    143.0150	   4517.0249
    143.0166	   4893.9580
    143.0182	   3564.8362
    143.0198	   1576.9064
    143.0214	      0.0000
    143.0231	      0.0000
    143.0247	      0.0000
    143.0263	      0.0000
    143.0717	      0.0000
    143.0734	      0.0000
    143.0750	      0.0000
    143.0766	      0.0000
    143.0782	   2591.9077
    143.0799	   4844.9404
    143.0815	   6398.7642
    143.0831	   6301.9150
    143.0847	   4653.9907
    143.0864	   2472.2366
    143.0880	      0.0000
    143.0896	      0.0000
    143.0912	      0.0000
    143.0928	      0.0000
    152.0721	      0.0000
    152.0739	      0.0000
    152.0757	      0.0000
    152.0774	      0.0000
    152.0792	   2386.9202
    152.0810	   4569.6602
    152.0828	   5083.2017
    152.0846	   3536.7546
    152.0863	   1382.2280
    152.0880	      0.0000
    152.0898	      0.0000
    152.0916	      0.0000
    152.0934	      0.0000
    159.0980	      0.0000
    159.0999	      0.0000
    159.1018	      0.0000
    159.1037	      0.0000
    159.1056	    806.3665
    159.1075	   4966.6313
    159.1094	  15230.6074
    159.1114	  26391.6699
    159.1133	  32723.8574
    159.1152	  23937.3730
    159.1171	  13138.9063
    159.1190	   3615.7681
    159.1209	   2074.5251
    159.1229	      0.0000
    159.1248	      0.0000
    159.1267	      0.0000
    159.1286	      0.0000
    160.0273	      0.0000
    160.0292	      0.0000
    160.0312	      0.0000
    160.0331	      0.0000
    160.0350	   1462.3785
    160.0369	   6904.4277
    160.0388	  23491.9707
    160.0408	  42894.5977
    160.0427	  60220.0547
    160.0446	  51477.8867
    160.0465	  30749.6641
    160.0484	  11812.6992
    160.0504	   2161.0955
    160.0524	      0.0000
    160.0544	      0.0000
    160.0563	      0.0000
    160.0582	      0.0000
    166.0672	      0.0000
    166.0692	      0.0000
    166.0712	      0.0000
    166.0733	      0.0000
    166.0753	   2754.1313
    166.0773	   4328.0200
    166.0794	  12564.0137
    166.0814	  42392.6211
    166.0834	  93335.6484
    166.0854	 148755.5625
    166.0875	 159880.9688
    166.0895	 107106.2109
    166.0915	  54077.1602
    166.0936	  14002.4922
    166.0956	   2669.9346
    166.0977	      0.0000
    166.0998	      0.0000
    166.1018	      0.0000
    166.1038	      0.0000
    167.0705	      0.0000
    167.0726	      0.0000
    167.0746	      0.0000
    167.0767	      0.0000
    167.0787	      0.0000
    167.0808	   5185.3516
    167.0828	  12442.8623
    167.0849	  30347.2012
    167.0869	  91574.7578
    167.0890	 267729.0000
    167.0910	 467495.8750
    167.0931	 628389.3125
    167.0951	 512141.1875
    167.0972	 303602.6875
    167.0992	 108141.5391
    167.1013	  23548.2969
    167.1033	   3498.0784
    167.1051	   4428.9600
    167.1071	    104.8331
    167.1098	      0.0000
    167.1119	      0.0000
    167.1139	      0.0000
    167.1160	      0.0000
    168.0791	      0.0000
    168.0812	      0.0000
    168.0833	      0.0000
    168.0853	      0.0000
    168.0874	   1402.1476
    168.0895	   5662.4541
    168.0915	  16005.4854
    168.0936	  31941.0918
    168.0957	  48855.1602
    168.0977	  50663.0508
    168.0998	  33843.5859
    168.1019	  16926.8496
    168.1039	   4100.3589
    168.1060	    237.3061
    168.1075	      0.0000
    168.1096	      0.0000
    168.1117	      0.0000
    168.1137	      0.0000
    173.1080	      0.0000
    173.1102	      0.0000
    173.1123	      0.0000
    173.1145	      0.0000
    173.1167	   1389.7155
    173.1188	   3224.3811
    173.1210	  10588.2344
    173.1232	  36711.5234
    173.1253	  84882.2422
    173.1275	 137430.6406
    173.1296	 153631.0156
    173.1318	 106291.4766
    173.1340	  56302.6406
    173.1361	  15971.6416
    173.1383	   3169.1289
    173.1404	    866.2324
    173.1417	      0.0000
    173.1438	      0.0000
    173.1460	      0.0000
    173.1482	      0.0000
    174.1052	      0.0000
    174.1074	      0.0000
    174.1095	      0.0000
    174.1117	      0.0000
    174.1139	      0.0000
    174.1161	   3551.7734
    174.1183	  19578.1387
    174.1204	  40306.7969
    174.1226	  61099.3984
    174.1248	  57325.1055
    174.1270	  36752.0352
    174.1292	  17997.8203
    174.1313	   7174.0752
    174.1335	   2191.8074
    174.1365	      0.0000
    174.1387	      0.0000
    174.1409	      0.0000
    174.1431	      0.0000
    186.0733	      0.0000
    186.0757	      0.0000
    186.0781	      0.0000
    186.0805	      0.0000
    186.0829	   2621.8010
    186.0853	   4923.7261
    186.0877	   6172.3999
    186.0901	   5365.8022
    186.0925	   3060.3345
    186.0949	      0.0000
    186.0973	      0.0000
    186.0998	      0.0000
    186.1022	      0.0000
    187.0570	      0.0000
    187.0595	      0.0000
    187.0619	      0.0000
    187.0643	      0.0000
    187.0668	   2216.8088
    187.0692	   4563.6201
    187.0716	   6057.2505
    187.0740	   5538.5059
    187.0765	   3406.6143
    187.0789	   1234.8812
    187.0813	      0.0000
    187.0837	      0.0000
    187.0862	      0.0000
    187.0886	      0.0000
    187.0910	      0.0000
    187.0934	      0.0000
    187.0959	      0.0000
    187.0983	      0.0000
    187.1007	   1302.5531
    187.1032	   3928.5205
    187.1056	  10332.2314
    187.1080	  15996.1992
    187.1104	  15631.2002
    187.1129	   7543.4990
    187.1153	   3694.8057
    187.1177	   1182.1769
    187.1201	      0.0000
    187.1226	      0.0000
    187.1250	      0.0000
    187.1274	      0.0000
    188.0560	      0.0000
    188.0584	      0.0000
    188.0609	      0.0000
    188.0633	      0.0000
    188.0658	   2799.0315
    188.0682	   5112.8418
    188.0707	   6602.9526
    188.0731	   6366.8130
    188.0755	   4579.6592
    188.0780	   2319.8179
    188.0804	      0.0000
    188.0829	      0.0000
    188.0853	      0.0000
    188.0878	      0.0000
    191.1038	      0.0000
    191.1063	      0.0000
    191.1088	      0.0000
    191.1113	      0.0000
    191.1138	   2385.3025
    191.1163	   4336.5449
    191.1188	   5180.0723
    191.1213	   4326.5269
    191.1238	   2482.1738
    191.1264	      0.0000
    191.1289	      0.0000
    191.1314	      0.0000
    191.1339	      0.0000
    195.0686	      0.0000
    195.0712	      0.0000
    195.0738	      0.0000
    195.0764	      0.0000
    195.0790	   1866.0922
    195.0816	   6302.9312
    195.0841	  12973.6875
    195.0867	  19831.8867
    195.0893	  18933.3613
    195.0919	  11752.5127
    195.0945	   5043.5859
    195.0971	   1541.4498
    195.0996	      0.0000
    195.1022	      0.0000
    195.1048	      0.0000
    195.1074	      0.0000
    197.1106	      0.0000
    197.1132	      0.0000
    197.1158	      0.0000
    197.1185	      0.0000
    197.1211	   2299.7156
    197.1237	   5653.9033
    197.1263	  12724.1650
    197.1290	  16429.3438
    197.1316	  12040.7783
    197.1342	   6164.1885
    197.1368	   3044.7930
    197.1394	      0.0000
    197.1421	      0.0000
    197.1447	      0.0000
    197.1473	      0.0000
    201.1024	      0.0000
    201.1051	      0.0000
    201.1078	      0.0000
    201.1105	      0.0000
    201.1132	   1490.3164
    201.1159	   5569.0576
    201.1186	  13504.6816
    201.1213	  22254.5859
    201.1240	  25846.9043
    201.1267	  18306.8145
    201.1294	   9773.8760
    201.1321	   2504.0146
    201.1349	      0.0000
    201.1376	      0.0000
    201.1403	      0.0000
    201.1430	      0.0000
    209.0824	      0.0000
    209.0853	      0.0000
    209.0882	      0.0000
    209.0910	      0.0000
    209.0939	   1478.8167
    209.0968	   4252.8413
    209.0996	  10074.1025
    209.1025	  15476.5332
    209.1054	  13840.9697
    209.1083	   7930.1616
    209.1111	   3437.1448
    209.1140	   1382.0098
    209.1168	      0.0000
    209.1197	      0.0000
    209.1226	      0.0000
    209.1255	      0.0000
    210.3094	      0.0000
    210.3123	      0.0000
    210.3152	      0.0000
    210.3181	      0.0000
    210.3210	   2776.7788
    210.3239	   4117.5928
    210.3268	   4447.3174
    210.3297	   3523.9290
    210.3326	   1889.6681
    210.3355	      0.0000
    210.3384	      0.0000
    210.3413	      0.0000
    210.3442	      0.0000
    211.0869	      0.0000
    211.0898	      0.0000
    211.0927	      0.0000
    211.0956	      0.0000
    211.0985	   1153.7900
    211.1015	   3909.7070
    211.1044	   7995.1704
    211.1073	  16508.2598
    211.1102	  15208.4160
    211.1131	   8854.9922
    211.1160	   4315.7251
    211.1189	   1796.5366
    211.1218	      0.0000
    211.1247	      0.0000
    211.1276	      0.0000
    211.1305	      0.0000
    212.1205	      0.0000
    212.1234	      0.0000
    212.1263	      0.0000
    212.1293	      0.0000
    212.1322	   1506.3252
    212.1351	   3574.1025
    212.1381	   5449.6753
    212.1410	   5855.6294
    212.1439	   4514.1719
    212.1469	   2354.7441
    212.1498	      0.0000
    212.1527	      0.0000
    212.1556	      0.0000
    212.1586	      0.0000
    213.0820	      0.0000
    213.0849	      0.0000
    213.0879	      0.0000
    213.0908	      0.0000
    213.0938	   3135.2661
    213.0967	   4270.5513
    213.0997	   4507.0015
    213.1026	   3613.4841
    213.1056	   2066.4849
    213.1085	      0.0000
    213.1115	      0.0000
    213.1144	      0.0000
    213.1174	      0.0000
    215.0456	      0.0000
    215.0486	      0.0000
    215.0516	      0.0000
    215.0546	      0.0000
    215.0576	   2855.8074
    215.0606	   8662.8096
    215.0636	  14805.8633
    215.0666	  18053.9316
    215.0696	  12621.3379
    215.0726	   6286.3120
    215.0756	   2958.7827
    215.0790	      0.0000
    215.0820	      0.0000
    215.0850	      0.0000
    215.0880	      0.0000
    221.1152	      0.0000
    221.1183	      0.0000
    221.1214	      0.0000
    221.1246	      0.0000
    221.1277	   1929.3761
    221.1308	   3460.4385
    221.1339	  12220.6914
    221.1370	  22092.4629
    221.1402	  29359.0156
    221.1433	  22911.8457
    221.1464	  13130.5518
    221.1495	   3672.9297
    221.1526	    560.6490
    221.1555	      0.0000
    221.1586	      0.0000
    221.1617	      0.0000
    221.1648	      0.0000
    228.1164	      0.0000
    228.1197	      0.0000
    228.1229	      0.0000
    228.1262	      0.0000
    228.1295	   2205.0298
    228.1327	   4098.3525
    228.1360	   5050.1768
    228.1393	   4419.3169
    228.1425	   2761.9866
    228.1466	      0.0000
    228.1499	      0.0000
    228.1531	      0.0000
    228.1564	      0.0000
    231.1438	      0.0000
    231.1471	      0.0000
    231.1505	      0.0000
    231.1538	      0.0000
    231.1571	   1809.8145
    231.1605	   4077.5183
    231.1638	  13280.0117
    231.1671	  25002.1426
    231.1705	  36183.0781
    231.1738	  32363.5898
    231.1771	  19515.1973
    231.1805	   7647.1235
    231.1838	   1046.7720
    231.1863	      0.0000
    231.1896	      0.0000
    231.1930	      0.0000
    231.1963	      0.0000
    233.0176	      0.0000
    233.0210	      0.0000
    233.0244	      0.0000
    233.0277	      0.0000
    233.0311	   1422.5736
    233.0345	   3268.4258
    233.0379	   4924.6563
    233.0412	   5338.2412
    233.0446	   4227.9233
    233.0480	   2300.4163
    233.0506	      0.0000
    233.0539	      0.0000
    233.0573	      0.0000
    233.0607	      0.0000
    237.0947	      0.0000
    237.0982	      0.0000
    237.1016	      0.0000
    237.1051	      0.0000
    237.1086	      0.0000
    237.1120	   3774.3442
    237.1155	  15731.7344
    237.1190	  29363.4004
    237.1224	  41724.7383
    237.1259	  35708.7383
    237.1293	  21445.7832
    237.1328	   8469.8877
    237.1363	   2057.1111
    237.1405	      0.0000
    237.1440	      0.0000
    237.1474	      0.0000
    237.1509	      0.0000
    238.1029	      0.0000
    238.1064	      0.0000
    238.1099	      0.0000
    238.1134	      0.0000
    238.1169	    688.8220
    238.1204	   5582.3374
    238.1238	  14130.5547
    238.1273	  23451.2227
    238.1308	  25796.6680
    238.1343	  17324.4199
    238.1378	   8788.0381
    238.1413	   2061.0938
    238.1447	      0.0000
    238.1482	      0.0000
    238.1517	      0.0000
    238.1552	      0.0000
    239.1308	      0.0000
    239.1343	      0.0000
    239.1378	      0.0000
    239.1414	      0.0000
    239.1449	   2181.4399
    239.1484	   4472.7476
    239.1519	   5612.9102
    239.1554	   4874.5591
    239.1589	   2955.7883
    239.1624	      0.0000
    239.1659	      0.0000
    239.1694	      0.0000
    239.1729	      0.0000
    240.1089	      0.0000
    240.1125	      0.0000
    240.1160	      0.0000
    240.1195	      0.0000
    240.1230	   1688.9132
    240.1266	   6630.8086
    240.1301	  13284.9629
    240.1336	  19956.1152
    240.1372	  18296.0059
    240.1407	  11028.9932
    240.1442	   4187.0488
    240.1478	   1401.2689
    240.1513	      0.0000
    240.1548	      0.0000
    240.1583	      0.0000
    240.1619	      0.0000
    241.0930	      0.0000
    241.0966	      0.0000
    241.1001	      0.0000
    241.1037	      0.0000
    241.1072	    876.3553
    241.1108	   3578.7249
    241.1143	   7406.7476
    241.1179	   9885.2598
    241.1214	   9060.4805
    241.1250	   5574.6025
    241.1286	   2105.4265
    241.1321	      0.0000
    241.1357	      0.0000
    241.1392	      0.0000
    241.1428	      0.0000
    242.1261	      0.0000
    242.1297	      0.0000
    242.1332	      0.0000
    242.1368	      0.0000
    242.1404	   1344.3129
    242.1440	   3207.6846
    242.1475	   5145.9775
    242.1511	   5907.9346
    242.1547	   4882.3076
    242.1583	   2757.4954
    242.1619	      0.0000
    242.1655	      0.0000
    242.1691	      0.0000
    242.1727	      0.0000
    245.4478	      0.0000
    245.4514	      0.0000
    245.4551	      0.0000
    245.4587	      0.0000
    245.4624	   2138.2295
    245.4660	   3478.0872
    245.4697	   4019.4492
    245.4733	   3419.3362
    245.4770	   2066.0774
    245.4806	      0.0000
    245.4842	      0.0000
    245.4879	      0.0000
    245.4915	      0.0000
    251.0232	      0.0000
    251.0270	      0.0000
    251.0307	      0.0000
    251.0345	      0.0000
    251.0383	    962.0341
    251.0420	   3303.2708
    251.0458	  10241.1631
    251.0496	  17119.9434
    251.0534	  19631.7734
    251.0571	  13426.2998
    251.0609	   6769.1255
    251.0647	   2462.4692
    251.0685	      0.0000
    251.0722	      0.0000
    251.0760	      0.0000
    251.0798	      0.0000
    252.0107	      0.0000
    252.0145	      0.0000
    252.0183	      0.0000
    252.0221	      0.0000
    252.0259	   2877.7280
    252.0297	   7668.5400
    252.0335	  13787.1084
    252.0373	  16234.0742
    252.0411	  10900.1416
    252.0449	   4189.9072
    252.0486	   1271.3958
    252.0524	      0.0000
    252.0562	      0.0000
    252.0600	      0.0000
    252.0638	      0.0000
    253.0919	      0.0000
    253.0957	      0.0000
    253.0995	      0.0000
    253.1033	      0.0000
    253.1071	   1310.3751
    253.1110	   3609.1663
    253.1148	   6799.8877
    253.1186	   8412.9541
    253.1224	   7207.9795
    253.1262	   4215.3511
    253.1301	   1572.1871
    253.1339	      0.0000
    253.1377	      0.0000
    253.1415	      0.0000
    253.1453	      0.0000
    254.1224	      0.0000
    254.1262	      0.0000
    254.1301	      0.0000
    254.1339	      0.0000
    254.1377	   2530.4873
    254.1416	   7942.3184
    254.1454	  14415.0879
    254.1493	  20179.6035
    254.1531	  18080.4316
    254.1570	  11140.2344
    254.1608	   4790.4404
    254.1646	   1910.6104
    254.1685	      0.0000
    254.1723	      0.0000
    254.1762	      0.0000
    254.1800	      0.0000
    257.1345	      0.0000
    257.1385	      0.0000
    257.1424	      0.0000
    257.1463	      0.0000
    257.1502	   1791.0784
    257.1541	   4459.7822
    257.1580	   7325.4277
    257.1619	   8364.6084
    257.1658	   6654.3394
    257.1697	   3445.8430
    257.1737	    930.4046
    257.1777	      0.0000
    257.1816	      0.0000
    257.1856	      0.0000
    257.1895	      0.0000
    282.0907	      0.0000
    282.0951	      0.0000
    282.0996	      0.0000
    282.1041	      0.0000
    282.1086	   2775.7024
    282.1131	   6226.8975
    282.1176	   9091.0518
    282.1221	   8947.1240
    282.1266	   5697.3545
    282.1311	   1997.9866
    282.1356	      0.0000
    282.1401	   2350.3003
    282.1446	   4531.7944
    282.1491	   5022.8633
    282.1536	   3674.3035
    282.1581	   1818.6233
    282.1623	      0.0000
    282.1668	      0.0000
    282.1713	      0.0000
    282.1758	      0.0000
    285.1211	      0.0000
    285.1257	      0.0000
    285.1303	      0.0000
    285.1348	      0.0000
    285.1394	   1282.3674
    285.1440	   7159.4927
    285.1485	  17154.1367
    285.1531	  27996.6934
    285.1577	  30131.5957
    285.1622	  19815.6680
    285.1668	   9636.1992
    285.1714	   2093.2202
    285.1762	      0.0000
    285.1807	      0.0000
    285.1853	      0.0000
    285.1899	      0.0000
    286.1333	      0.0000
    286.1379	      0.0000
    286.1425	      0.0000
    286.1471	      0.0000
    286.1517	   2463.6343
    286.1562	   4175.9297
    286.1608	   4508.2939
    286.1654	   3228.9543
    286.1700	   1365.8901
    286.1746	      0.0000
    286.1792	      0.0000
    286.1838	      0.0000
    286.1884	      0.0000
    291.6002	      0.0000
    291.6050	      0.0000
    291.6097	      0.0000
    291.6144	      0.0000
    291.6191	   2554.7134
    291.6238	   5499.2554
    291.6286	   7887.2129
    291.6333	   8072.6504
    291.6380	   6007.5933
    291.6427	   3204.2959
    291.6475	   1149.9243
    291.6523	      0.0000
    291.6570	      0.0000
    291.6618	      0.0000
    291.6665	      0.0000
    300.1240	      0.0000
    300.1289	      0.0000
    300.1338	      0.0000
    300.1388	      0.0000
    300.1437	   1362.8925
    300.1486	   3256.8438
    300.1536	   4855.4053
    300.1585	   5098.0947
    300.1634	   3773.4458
    300.1684	   1811.5338
    300.1731	      0.0000
    300.1781	      0.0000
    300.1830	      0.0000
    300.1879	      0.0000
    310.0702	      0.0000
    310.0754	      0.0000
    310.0805	      0.0000
    310.0857	      0.0000
    310.0909	   3067.7715
    310.0961	   8512.0400
    310.1013	  32133.6270
    310.1064	  73673.5078
    310.1116	 118773.3359
    310.1168	 127752.4766
    310.1220	  85439.1719
    310.1272	  43047.7031
    310.1323	  12434.0479
    310.1375	   4862.8838
    310.1427	   4733.9385
    310.1480	   8024.9390
    310.1532	   2225.8965
    310.1584	      0.0000
    310.1636	      0.0000
    310.1687	      0.0000
    310.1739	      0.0000
    311.0827	      0.0000
    311.0879	      0.0000
    311.0931	      0.0000
    311.0983	      0.0000
    311.1035	   2930.7942
    311.1087	   6363.3203
    311.1139	  12667.2227
    311.1191	  16257.3242
    311.1243	   8217.6953
    311.1295	   4236.6143
    311.1347	   1103.4821
    311.1401	      0.0000
    311.1453	      0.0000
    311.1505	      0.0000
    311.1557	      0.0000
    328.1086	      0.0000
    328.1143	      0.0000
    328.1199	      0.0000
    328.1255	      0.0000
    328.1312	   1208.2159
    328.1368	   3566.0425
    328.1425	   9067.7656
    328.1481	  14879.5576
    328.1537	  14496.8096
    328.1594	   8334.7588
    328.1650	   3932.0657
    328.1707	   1609.3414
    328.1763	      0.0000
    328.1819	      0.0000
    328.1876	      0.0000
    328.1932	      0.0000
    330.1020	      0.0000
    330.1077	      0.0000
    330.1134	      0.0000
    330.1191	      0.0000
    330.1248	   3067.4668
    330.1305	   7479.3330
    330.1362	  13779.0850
    330.1419	  18341.5469
    330.1476	  14726.3027
    330.1532	   6212.9087
    330.1589	   2500.7356
    330.1648	      0.0000
    330.1705	      0.0000
    330.1762	      0.0000
    330.1818	      0.0000
    339.1413	      0.0000
    339.1472	      0.0000
    339.1531	      0.0000
    339.1591	      0.0000
    339.1650	   3224.7986
    339.1709	   4773.2437
    339.1768	   4833.7554
    339.1828	   3312.7732
    339.1887	   1323.7228
    339.1946	      0.0000
    339.2005	      0.0000
    339.2064	      0.0000
    339.2124	      0.0000
    348.1313	      0.0000
    348.1374	      0.0000
    348.1436	      0.0000
    348.1497	      0.0000
    348.1559	   3193.7930
    348.1621	   7573.8462
    348.1682	  13648.7334
    348.1744	  16816.7539
    348.1806	  12301.1943
    348.1867	   5170.0913
    348.1929	   2018.8452
    348.1990	      0.0000
    348.2052	      0.0000
    348.2114	      0.0000
    348.2175	      0.0000
    352.0894	      0.0000
    352.0957	      0.0000
    352.1019	      0.0000
    352.1082	      0.0000
    352.1145	   2923.2957
    352.1207	   4365.1724
    352.1270	   4754.1807
    352.1333	   3641.6023
    352.1395	   1735.7806
    352.1458	      0.0000
    352.1521	      0.0000
    352.1583	      0.0000
    352.1646	      0.0000
    364.1203	      0.0000
    364.1269	      0.0000
    364.1335	      0.0000
    364.1401	      0.0000
    364.1467	   1361.6367
    364.1533	   3364.3765
    364.1599	   4892.7617
    364.1665	   4747.0396
    364.1731	   2998.5205
    364.1800	      0.0000
    364.1866	      0.0000
    364.1932	      0.0000
    364.1997	      0.0000
    400.1203	      0.0000
    400.1279	      0.0000
    400.1355	      0.0000
    400.1431	      0.0000
    400.1507	   2435.0015
    400.1583	   4306.1855
    400.1659	   5048.9233
    400.1735	   4124.1167
    400.1811	   2221.8330
    400.1887	      0.0000
    400.1963	      0.0000
    400.2039	      0.0000
    400.2114	      0.0000
    401.1243	      0.0000
    401.1319	      0.0000
    401.1396	      0.0000
    401.1472	      0.0000
    401.1548	   2643.3359
    401.1624	   9241.0332
    401.1700	  18278.3945
    401.1777	  27246.9980
    401.1853	  25227.2305
    401.1929	  15322.6172
    401.2005	   6185.5825
    401.2082	    812.5296
    401.2158	      0.0000
    401.2234	      0.0000
    401.2310	      0.0000
    401.2386	      0.0000
    405.1551	      0.0000
    405.1628	      0.0000
    405.1706	      0.0000
    405.1783	      0.0000
    405.1861	   2958.7400
    405.1938	   5285.0659
    405.2015	   6235.3486
    405.2093	   5262.5601
    405.2170	   3231.4172
    405.2247	      0.0000
    405.2325	      0.0000
    405.2402	      0.0000
    405.2479	      0.0000
    410.1594	      0.0000
    410.1673	      0.0000
    410.1752	      0.0000
    410.1831	      0.0000
    410.1909	   2097.3984
    410.1988	   4062.3230
    410.2067	   5489.7749
    410.2146	   5483.1021
    410.2225	   4030.1252
    410.2303	   2016.4967
    410.2382	      0.0000
    410.2461	      0.0000
    410.2540	      0.0000
    410.2619	      0.0000
    413.1700	      0.0000
    413.1780	      0.0000
    413.1859	      0.0000
    413.1939	      0.0000
    413.2019	   2158.4880
    413.2098	   4205.7886
    413.2178	   5002.3066
    413.2258	   3965.9443
    413.2337	   1946.3744
    413.2419	      0.0000
    413.2499	      0.0000
    413.2578	      0.0000
    413.2658	      0.0000
    438.1468	      0.0000
    438.1555	      0.0000
    438.1642	      0.0000
    438.1729	      0.0000
    438.1816	   1842.9281
    438.1903	   4938.3916
    438.1990	  11902.2432
    438.2077	  16889.5254
    438.2164	  14273.9248
    438.2251	   8022.8140
    438.2338	   3356.4915
    438.2425	   1228.3983
    438.2512	      0.0000
    438.2599	      0.0000
    438.2686	      0.0000
    438.2773	      0.0000
    463.1147	      0.0000
    463.1242	      0.0000
    463.1336	      0.0000
    463.1431	      0.0000
    463.1525	   2553.5662
    463.1620	   5112.5283
    463.1714	   6903.2715
    463.1809	   6568.8521
    463.1904	   4304.2153
    463.1998	   1723.0217
    463.2095	      0.0000
    463.2189	      0.0000
    463.2284	      0.0000
    463.2379	      0.0000
    464.6217	      0.0000
    464.6312	      0.0000
    464.6407	      0.0000
    464.6502	      0.0000
    464.6597	   2083.6418
    464.6692	   4311.4492
    464.6787	   5706.7002
    464.6882	   5262.2612
    464.6977	   3383.8684
    464.7072	   1383.0126
    464.7167	      0.0000
    464.7262	      0.0000
    464.7357	      0.0000
    464.7452	      0.0000
    465.1256	      0.0000
    465.1351	      0.0000
    465.1446	      0.0000
    465.1541	      0.0000
    465.1636	   2343.2468
    465.1732	   4376.9165
    465.1827	   5859.2002
    465.1922	   5857.0425
    465.2017	   4306.5220
    465.2112	   2122.6660
    465.2207	      0.0000
    465.2303	      0.0000
    465.2398	      0.0000
    465.2493	      0.0000
    473.1248	      0.0000
    473.1345	      0.0000
    473.1443	      0.0000
    473.1540	      0.0000
    473.1638	   2275.5381
    473.1736	   5152.4448
    473.1833	   7888.2720
    473.1931	   8524.3965
    473.2029	   6433.4980
    473.2126	   3092.1890
    473.2224	      0.0000
    473.2321	      0.0000
    473.2419	      0.0000
    473.2517	      0.0000
    478.6191	      0.0000
    478.6290	      0.0000
    478.6389	      0.0000
    478.6489	      0.0000
    478.6588	   2724.7073
    478.6687	   5500.6699
    478.6787	   6958.5298
    478.6886	   5865.3828
    478.6985	   3109.7351
    478.7085	      0.0000
    478.7184	      0.0000
    478.7283	      0.0000
    478.7383	      0.0000
    484.1793	      0.0000
    484.1894	      0.0000
    484.1995	      0.0000
    484.2097	      0.0000
    484.2198	   1647.9414
    484.2299	   3878.3293
    484.2400	   6389.3511
    484.2501	   7865.0605
    484.2602	   7288.6904
    484.2703	   4933.1821
    484.2804	   2326.4651
    484.2905	      0.0000
    484.3006	      0.0000
    484.3107	      0.0000
    484.3208	      0.0000
    487.1131	      0.0000
    487.1233	      0.0000
    487.1335	      0.0000
    487.1437	      0.0000
    487.1539	   1403.3707
    487.1641	   3831.0974
    487.1743	  10126.9375
    487.1845	  16700.2559
    487.1947	  18400.4941
    487.2049	  12104.9551
    487.2151	   5736.4331
    487.2253	   1944.6823
    487.2355	      0.0000
    487.2457	      0.0000
    487.2559	      0.0000
    487.2661	      0.0000
    487.6234	      0.0000
    487.6336	      0.0000
    487.6438	      0.0000
    487.6541	      0.0000
    487.6643	   3044.5750
    487.6745	   8420.0859
    487.6847	  14506.0859
    487.6949	  17823.8047
    487.7051	  13010.3672
    487.7153	   5334.4063
    487.7256	   1911.8711
    487.7358	      0.0000
    487.7460	      0.0000
    487.7562	      0.0000
    487.7664	      0.0000
    488.1345	      0.0000
    488.1447	      0.0000
    488.1550	      0.0000
    488.1652	      0.0000
    488.1754	   2627.7593
    488.1856	   4820.6836
    488.1959	   5647.4624
    488.2061	   4561.2734
    488.2163	   2487.2937
    488.2266	      0.0000
    488.2368	      0.0000
    488.2470	      0.0000
    488.2573	      0.0000
    493.9868	      0.0000
    493.9972	      0.0000
    494.0077	      0.0000
    494.0181	      0.0000
    494.0285	   3159.0928
    494.0389	   5309.5669
    494.0493	   5719.8818
    494.0597	   4130.0439
    494.0702	   1879.0555
    494.0850	      0.0000
    494.0954	      0.0000
    494.1058	      0.0000
    494.1162	      0.0000
    494.2100	      0.0000
    494.2204	      0.0000
    494.2308	      0.0000
    494.2413	      0.0000
    494.2517	   2476.3582
    494.2621	   6224.9673
    494.2725	  15692.4424
    494.2830	  31549.1406
    494.2934	  48404.8008
    494.3038	  49063.5313
    494.3142	  31215.7441
    494.3247	  14126.4492
    494.3351	   1905.2917
    494.3411	      0.0000
    494.3515	      0.0000
    494.3620	      0.0000
    494.3724	      0.0000
    495.6364	      0.0000
    495.6469	      0.0000
    495.6573	      0.0000
    495.6678	      0.0000
    495.6783	   1654.1483
    495.6887	   4187.8794
    495.6992	   6417.9810
    495.7097	   6704.3643
    495.7201	   4794.6201
    495.7306	   2139.7410
    495.7411	      0.0000
    495.7516	      0.0000
    495.7620	      0.0000
    495.7725	      0.0000
    496.1287	      0.0000
    496.1392	      0.0000
    496.1497	      0.0000
    496.1601	      0.0000
    496.1706	   1755.7366
    496.1811	   4258.9136
    496.1916	   6917.3628
    496.2021	   8058.7954
    496.2126	   6850.6372
    496.2230	   4160.1724
    496.2335	   1658.2994
    496.2440	      0.0000
    496.2545	      0.0000
    496.2650	      0.0000
    496.2755	      0.0000
    496.6322	      0.0000
    496.6427	      0.0000
    496.6532	      0.0000
    496.6637	      0.0000
    496.6742	   2180.7048
    496.6847	   4123.7563
    496.6952	   5591.4800
    496.7057	   5508.0317
    496.7162	   3767.8618
    496.7267	   1536.2473
    496.7372	      0.0000
    496.7477	      0.0000
    496.7582	      0.0000
    496.7687	      0.0000
    500.1784	      0.0000
    500.1890	      0.0000
    500.1996	      0.0000
    500.2102	      0.0000
    500.2209	   2040.9309
    500.2315	   4215.0835
    500.2421	   5641.3838
    500.2527	   5263.7773
    500.2633	   3323.5481
    500.2742	      0.0000
    500.2848	      0.0000
    500.2954	      0.0000
    500.3060	      0.0000
    508.6350	      0.0000
    508.6458	      0.0000
    508.6567	      0.0000
    508.6676	      0.0000
    508.6785	   2587.7681
    508.6894	  10753.5488
    508.7002	  17710.3535
    508.7111	  22186.6465
    508.7220	  16778.7637
    508.7329	   9263.3613
    508.7438	   1549.9070
    508.7547	      0.0000
    508.7656	      0.0000
    508.7764	      0.0000
    508.7873	      0.0000
    509.1358	      0.0000
    509.1467	      0.0000
    509.1576	      0.0000
    509.1685	      0.0000
    509.1794	   1379.8418
    509.1903	   4151.9683
    509.2012	   7493.8320
    509.2121	   9201.4268
    509.2230	   7924.3174
    509.2339	   4632.1689
    509.2448	   1749.1716
    509.2557	      0.0000
    509.2666	      0.0000
    509.2775	      0.0000
    509.2884	      0.0000
    509.6375	      0.0000
    509.6484	      0.0000
    509.6593	      0.0000
    509.6702	      0.0000
    509.6811	   1558.1942
    509.6920	   4152.2876
    509.7030	   7039.9194
    509.7139	   8521.8291
    509.7248	   7571.7329
    509.7357	   4856.9595
    509.7466	   2176.2114
    509.7575	      0.0000
    509.7685	      0.0000
    509.7794	      0.0000
    509.7903	      0.0000
    522.1288	      0.0000
    522.1401	      0.0000
    522.1514	      0.0000
    522.1627	      0.0000
    522.1740	   3184.5854
    522.1853	   4815.0010
    522.1967	   5166.1519
    522.2080	   3929.5984
    522.2193	   1942.9125
    522.2306	      0.0000
    522.2419	      0.0000
    522.2533	      0.0000
    522.2646	      0.0000
    522.6270	      0.0000
    522.6384	      0.0000
    522.6497	      0.0000
    522.6610	      0.0000
    522.6724	   1926.2609
    522.6837	   3942.3796
    522.6951	   5605.5889
    522.7064	   5999.1987
    522.7177	   4931.3481
    522.7291	   3017.3801
    522.7404	      0.0000
    522.7517	      0.0000
    522.7631	      0.0000
    522.7744	      0.0000
    534.1938	      0.0000
    534.2055	      0.0000
    534.2172	      0.0000
    534.2289	      0.0000
    534.2407	   2260.7466
    534.2524	   3965.2087
    534.2641	   4690.7534
    534.2758	   3831.4336
    534.2875	   1955.5874
    534.2992	      0.0000
    534.3109	      0.0000
    534.3227	      0.0000
    534.3344	      0.0000
    535.6137	      0.0000
    535.6254	      0.0000
    535.6372	      0.0000
    535.6490	      0.0000
    535.6607	   1873.4215
    535.6725	   4917.8018
    535.6842	  12545.5889
    535.6960	  18185.8574
    535.7078	  16594.7090
    535.7195	  10083.3057
    535.7313	   3872.7534
    535.7431	   1325.3044
    535.7548	      0.0000
    535.7666	      0.0000
    535.7783	      0.0000
    535.7901	      0.0000
    536.1079	      0.0000
    536.1196	      0.0000
    536.1314	      0.0000
    536.1432	      0.0000
    536.1550	   1222.0131
    536.1667	   8139.5405
    536.1785	  17225.2656
    536.1903	  26437.9063
    536.2021	  24929.6270
    536.2138	  15775.5518
    536.2256	   7450.3389
    536.2374	   1766.5225
    536.2492	      0.0000
    536.2610	      0.0000
    536.2727	      0.0000
    536.2845	      0.0000
    536.6145	      0.0000
    536.6263	      0.0000
    536.6381	      0.0000
    536.6499	      0.0000
    536.6617	   1549.8350
    536.6735	   4256.7529
    536.6853	   7172.6729
    536.6971	   8353.2246
    536.7089	   6910.4375
    536.7207	   3945.2976
    536.7324	   1484.4170
    536.7442	      0.0000
    536.7560	      0.0000
    536.7678	      0.0000
    536.7796	      0.0000
    541.1352	      0.0000
    541.1472	      0.0000
    541.1591	      0.0000
    541.1710	      0.0000
    541.1830	   2121.3962
    541.1949	   5005.4326
    541.2069	   7903.6479
    541.2188	   8797.9990
    541.2308	   6991.9741
    541.2427	   3827.3101
    541.2546	   1245.7660
    541.2679	      0.0000
    541.2798	      0.0000
    541.2917	      0.0000
    541.3037	      0.0000
    544.5797	      0.0000
    544.5917	      0.0000
    544.6038	      0.0000
    544.6158	      0.0000
    544.6279	   1974.2977
    544.6400	   4871.3848
    544.6520	   7833.5649
    544.6641	  22003.0820
    544.6761	  72506.3359
    544.6882	 152753.1719
    544.7002	 238972.6250
    544.7123	 246706.5781
    544.7244	 161670.2813
    544.7364	  79531.6563
    544.7485	  20314.3477
    544.7605	   4448.0479
    544.7726	   4426.4629
    544.7834	      0.0000
    544.7954	      0.0000
    544.8075	      0.0000
    544.8213	      0.0000
    544.8333	      0.0000
    544.8454	      0.0000
    544.8575	      0.0000
    545.0988	      0.0000
    545.1109	      0.0000
    545.1230	      0.0000
    545.1350	      0.0000
    545.1471	   2748.4514
    545.1592	   7502.8179
    545.1713	  23968.5840
    545.1833	  70761.9844
    545.1954	 122812.0391
    545.2075	 163667.2813
    545.2196	 131796.5156
    545.2316	  77630.1328
    545.2437	  26494.0781
    545.2558	   5134.8447
    545.2679	     50.0447
    545.2811	      0.0000
    545.2932	      0.0000
    545.3052	      0.0000
    545.3173	      0.0000
    545.5952	      0.0000
    545.6073	      0.0000
    545.6194	      0.0000
    545.6315	      0.0000
    545.6436	   2815.3411
    545.6557	   3653.4580
    545.6678	   8635.0029
    545.6799	  26986.3203
    545.6920	  53418.8750
    545.7040	  81000.3516
    545.7161	  78333.7188
    545.7282	  48949.4492
    545.7403	  21688.8730
    545.7524	   3910.1099
    545.7645	      0.0000
    545.7775	      0.0000
    545.7896	      0.0000
    545.8017	      0.0000
    545.8138	      0.0000
    546.1163	      0.0000
    546.1284	      0.0000
    546.1405	      0.0000
    546.1526	      0.0000
    546.1647	   1534.9056
    546.1768	   6457.8486
    546.1889	  17113.6895
    546.2010	  28784.0840
    546.2132	  33339.3242
    546.2253	  22648.6172
    546.2374	  10986.5332
    546.2495	   1340.1582
    546.2578	      0.0000
    546.2699	      0.0000
    546.2821	      0.0000
    546.2942	      0.0000
    546.6213	      0.0000
    546.6334	      0.0000
    546.6456	      0.0000
    546.6577	      0.0000
    546.6698	   1398.9991
    546.6819	   3785.7329
    546.6941	   6462.3105
    546.7062	   7598.1006
    546.7183	   6323.5459
    546.7304	   3589.3030
    546.7426	   1190.9603
    546.7547	      0.0000
    546.7668	      0.0000
    546.7789	      0.0000
    546.7911	      0.0000
    550.1416	      0.0000
    550.1538	      0.0000
    550.1660	      0.0000
    550.1783	      0.0000
    550.1905	   3109.1985
    550.2028	   5096.9521
    550.2150	   5813.1011
    550.2273	   4882.0205
    550.2395	   3029.1257
    550.2517	      0.0000
    550.2640	      0.0000
    550.2762	      0.0000
    550.2885	      0.0000
    552.1913	      0.0000
    552.2036	      0.0000
    552.2159	      0.0000
    552.2282	      0.0000
    552.2405	   2328.8491
    552.2528	   8327.4561
    552.2651	  14393.9521
    552.2774	  18661.8613
    552.2898	  14520.6152
    552.3021	   8159.7700
    552.3144	   2748.8018
    552.3267	      0.0000
    552.3390	      0.0000
    552.3513	      0.0000
    552.3637	      0.0000
    565.6385	      0.0000
    565.6513	      0.0000
    565.6640	      0.0000
    565.6768	      0.0000
    565.6896	   2081.5332
    565.7023	   3787.7146
    565.7151	   4558.8530
    565.7279	   3865.4851
    565.7406	   2205.3281
    565.7593	      0.0000
    565.7720	      0.0000
    565.7848	      0.0000
    565.7976	      0.0000
    566.1296	      0.0000
    566.1424	      0.0000
    566.1552	      0.0000
    566.1679	      0.0000
    566.1807	   2009.5431
    566.1935	   8563.8594
    566.2063	  17908.7559
    566.2191	  27951.6523
    566.2318	  31139.4375
    566.2446	  21490.2051
    566.2574	  11063.7773
    566.2702	   2047.5774
    566.2771	      0.0000
    566.2899	      0.0000
    566.3026	      0.0000
    566.3154	      0.0000
    566.6351	      0.0000
    566.6479	      0.0000
    566.6607	      0.0000
    566.6735	      0.0000
    566.6863	   2696.3269
    566.6991	   9283.7754
    566.7119	  16396.1523
    566.7247	  21553.9063
    566.7375	  16749.5684
    566.7503	   9569.9648
    566.7631	   2421.7842
    566.7759	      0.0000
    566.7887	      0.0000
    566.8015	      0.0000
    566.8143	      0.0000
    567.1473	      0.0000
    567.1601	      0.0000
    567.1729	      0.0000
    567.1857	      0.0000
    567.1985	   2825.6382
    567.2113	   5782.6230
    567.2241	   7607.8081
    567.2369	   7012.6475
    567.2498	   4509.6069
    567.2626	   1834.2510
    567.2754	      0.0000
    567.2882	      0.0000
    567.3010	      0.0000
    567.3138	      0.0000
    571.1268	      0.0000
    571.1397	      0.0000
    571.1527	      0.0000
    571.1656	      0.0000
    571.1786	   3568.9270
    571.1915	   7615.9009
    571.2045	  13978.7275
    571.2174	  15314.4199
    571.2304	  10582.0986
    571.2433	   7239.1440
    571.2613	  12973.4219
    571.2743	  25509.7520
    571.2872	  38597.0742
    571.3002	  35389.5781
    571.3131	  20921.5332
    571.3261	   7435.2207
    571.3390	      0.0000
    571.3470	      0.0000
    571.3599	      0.0000
    571.3729	      0.0000
    571.3858	      0.0000
    571.6321	      0.0000
    571.6450	      0.0000
    571.6580	      0.0000
    571.6709	      0.0000
    571.6839	   3262.7036
    571.6969	  10391.6787
    571.7098	  18363.6895
    571.7228	  24506.3516
    571.7358	  19381.0762
    571.7487	  10920.8984
    571.7617	   2614.6592
    571.7747	      0.0000
    571.7876	      0.0000
    571.8006	      0.0000
    571.8136	      0.0000
    572.1380	      0.0000
    572.1510	      0.0000
    572.1639	      0.0000
    572.1769	      0.0000
    572.1899	   1955.6338
    572.2029	   8416.9648
    572.2159	  15631.2178
    572.2288	  18031.5566
    572.2418	   6750.8755
    572.2548	   1841.2881
    572.2678	   1512.7073
    572.2808	   5692.8438
    572.2938	   9355.2295
    572.3068	  10620.0928
    572.3197	   5500.1748
    572.3327	   2202.7468
    572.3457	      0.0000
    572.3587	      0.0000
    572.3717	      0.0000
    572.3847	      0.0000
    572.6316	      0.0000
    572.6446	      0.0000
    572.6576	      0.0000
    572.6706	      0.0000
    572.6836	   1672.7689
    572.6966	   4097.3916
    572.7096	   6748.2490
    572.7226	   8082.1953
    572.7356	   7185.9424
    572.7486	   4621.7832
    572.7616	   1993.1792
    572.7783	      0.0000
    572.7913	      0.0000
    572.8043	      0.0000
    572.8173	      0.0000
    580.1032	      0.0000
    580.1165	      0.0000
    580.1297	      0.0000
    580.1430	      0.0000
    580.1562	   2637.2104
    580.1695	   4261.3872
    580.1828	  10122.2529
    580.1960	  29643.8672
    580.2093	  56658.1133
    580.2225	  83581.5781
    580.2358	  77989.0391
    580.2490	  48133.9648
    580.2623	  20356.8965
    580.2756	   3429.4316
    580.2888	      0.0000
    580.3020	      0.0000
    580.3153	      0.0000
    580.3286	      0.0000
    580.6204	      0.0000
    580.6337	      0.0000
    580.6469	      0.0000
    580.6602	      0.0000
    580.6735	   2917.2986
    580.6868	   8772.7539
    580.7000	  25970.0000
    580.7133	  46783.3633
    580.7266	  64583.7734
    580.7399	  54045.3477
    580.7531	  32114.3008
    580.7664	  11398.6895
    580.7797	   1727.9602
    580.7924	      0.0000
    580.8057	      0.0000
    580.8189	      0.0000
    580.8322	      0.0000
    581.1244	      0.0000
    581.1377	      0.0000
    581.1510	      0.0000
    581.1643	      0.0000
    581.1776	   3160.6584
    581.1909	   8412.3584
    581.2042	  20248.9902
    581.2175	  33040.4531
    581.2307	  39305.3398
    581.2440	  28328.1289
    581.2573	  15242.0518
    581.2706	   3596.1167
    581.2808	      0.0000
    581.2941	      0.0000
    581.3074	      0.0000
    581.3207	      0.0000
    581.6399	      0.0000
    581.6532	      0.0000
    581.6665	      0.0000
    581.6798	      0.0000
    581.6931	   3444.4399
    581.7064	   6993.8833
    581.7197	   9451.3174
    581.7331	   9023.8281
    581.7464	   6071.7837
    581.7597	   2722.3237
    581.7730	      0.0000
    581.7863	      0.0000
    581.7996	      0.0000
    581.8129	      0.0000
    588.1337	      0.0000
    588.1472	      0.0000
    588.1608	      0.0000
    588.1743	      0.0000
    588.1878	   1766.7512
    588.2013	   4091.0894
    588.2149	   6482.8550
    588.2284	   7400.4243
    588.2419	   6290.3364
    588.2555	   3949.1936
    588.2690	   1718.0017
    588.2825	      0.0000
    588.2961	      0.0000
    588.3096	      0.0000
    588.3231	      0.0000
    589.1361	      0.0000
    589.1497	      0.0000
    589.1633	      0.0000
    589.1768	      0.0000
    589.1904	   2511.1565
    589.2039	   4286.8794
    589.2175	   5307.5679
    589.2311	   4998.8647
    589.2446	   3559.7371
    589.2582	      0.0000
    589.2718	      0.0000
    589.2854	      0.0000
    589.2989	      0.0000
    592.1315	      0.0000
    592.1452	      0.0000
    592.1588	      0.0000
    592.1725	      0.0000
    592.1862	   2157.4075
    592.1998	   4857.8311
    592.2135	   7416.5601
    592.2272	   8105.3511
    592.2409	   6424.2817
    592.2545	   3543.9612
    592.2682	      0.0000
    592.2819	      0.0000
    592.2955	      0.0000
    592.3092	      0.0000
    592.6512	      0.0000
    592.6649	      0.0000
    592.6786	      0.0000
    592.6923	      0.0000
    592.7059	   3171.2805
    592.7196	   5211.5107
    592.7333	   6055.5757
    592.7470	   5113.2388
    592.7607	   3017.7305
    592.7739	      0.0000
    592.7876	      0.0000
    592.8013	      0.0000
    592.8150	      0.0000
    600.6267	      0.0000
    600.6407	      0.0000
    600.6546	      0.0000
    600.6686	      0.0000
    600.6825	   2074.7363
    600.6965	  10924.4268
    600.7105	  31901.0234
    600.7244	  54383.7734
    600.7384	  68440.7500
    600.7524	  51867.4492
    600.7663	  29875.3066
    600.7803	   9643.4473
    600.7943	   2303.1885
    600.8081	      0.0000
    600.8221	      0.0000
    600.8360	      0.0000
    600.8500	      0.0000
    601.1295	      0.0000
    601.1435	      0.0000
    601.1575	      0.0000
    601.1715	      0.0000
    601.1854	   2836.6416
    601.1994	  12963.1494
    601.2134	  31164.1914
    601.2274	  50696.8281
    601.2414	  54411.5039
    601.2553	  36291.4570
    601.2693	  18234.2148
    601.2833	   5076.0747
    601.2973	   2007.8516
    601.3153	      0.0000
    601.3293	      0.0000
    601.3433	      0.0000
    601.3573	      0.0000
    601.6232	      0.0000
    601.6372	      0.0000
    601.6512	      0.0000
    601.6652	      0.0000
    601.6792	    557.5806
    601.6932	   4713.1943
    601.7072	  16152.5537
    601.7212	  32196.4004
    601.7352	  49011.8711
    601.7492	  48165.8828
    601.7632	  30402.8320
    601.7772	  13828.1221
    601.7912	   1950.4188
    601.8018	      0.0000
    601.8158	      0.0000
    601.8298	      0.0000
    601.8438	      0.0000
    602.1240	      0.0000
    602.1380	      0.0000
    602.1520	      0.0000
    602.1660	      0.0000
    602.1800	   2082.4099
    602.1940	   4830.9097
    602.2081	  12416.1904
    602.2221	  20770.1777
    602.2361	  23070.0684
    602.2501	  15543.0723
    602.2641	   7678.6270
    602.2782	   1283.5449
    602.2922	      0.0000
    602.3062	      0.0000
    602.3202	      0.0000
    602.3342	      0.0000
    605.2050	      0.0000
    605.2191	      0.0000
    605.2332	      0.0000
    605.2473	      0.0000
    605.2614	   2785.2192
    605.2756	   9308.4902
    605.2897	  15418.2285
    605.3038	  18458.7539
    605.3179	  13007.4209
    605.3321	   6518.2891
    605.3462	   2321.5571
    605.3603	      0.0000
    605.3745	      0.0000
    605.3886	      0.0000
    605.4027	      0.0000
    605.6288	      0.0000
    605.6430	      0.0000
    605.6571	      0.0000
    605.6713	      0.0000
    605.6854	   2227.0879
    605.6995	   6724.4922
    605.7137	  13106.6680
    605.7278	  18798.5508
    605.7420	  16007.4121
    605.7561	   9178.2822
    605.7702	   3842.8521
    605.7844	   1469.6707
    605.7985	      0.0000
    605.8127	      0.0000
    605.8268	      0.0000
    605.8410	      0.0000
    606.6338	      0.0000
    606.6480	      0.0000
    606.6622	      0.0000
    606.6764	      0.0000
    606.6905	   1844.5044
    606.7047	   3971.8103
    606.7189	   5464.8789
    606.7331	   5128.0811
    606.7472	   3181.1257
    606.7614	      0.0000
    606.7756	      0.0000
    606.7898	      0.0000
    606.8039	      0.0000
    608.6371	      0.0000
    608.6513	      0.0000
    608.6656	      0.0000
    608.6798	      0.0000
    608.6941	   1787.3312
    608.7083	   5272.7378
    608.7226	  12644.0625
    608.7368	  17336.0156
    608.7511	  13650.9639
    608.7653	   7524.8647
    608.7795	   2540.0405
    608.7938	      0.0000
    608.8081	      0.0000
    608.8223	      0.0000
    608.8366	      0.0000
    609.1359	      0.0000
    609.1502	      0.0000
    609.1644	      0.0000
    609.1787	      0.0000
    609.1930	   3069.5530
    609.2072	   9589.5107
    609.2215	  16515.9512
    609.2358	  20599.8359
    609.2500	  15295.3389
    609.2643	   8369.1611
    609.2785	   2697.4976
    609.2962	      0.0000
    609.3104	      0.0000
    609.3247	      0.0000
    609.3390	      0.0000
    609.6244	      0.0000
    609.6387	      0.0000
    609.6530	      0.0000
    609.6673	      0.0000
    609.6815	   3137.5176
    609.6958	   9741.2158
    609.7101	  31193.7031
    609.7244	  61525.9063
    609.7387	  92853.1563
    609.7529	  89056.3438
    609.7672	  55771.2422
    609.7815	  24678.1465
    609.7958	   4758.8604
    609.8101	      0.0000
    609.8215	      0.0000
    609.8358	      0.0000
    609.8501	      0.0000
    609.8644	      0.0000
    610.1216	      0.0000
    610.1359	      0.0000
    610.1502	      0.0000
    610.1645	      0.0000
    610.1788	    447.4117
    610.1931	   3651.4492
    610.2074	  14363.2910
    610.2217	  30058.2402
    610.2360	  46910.0859
    610.2503	  47046.8672
    610.2646	  30192.1641
    610.2789	  14367.8975
    610.2932	   3557.5840
    610.3066	      0.0000
    610.3209	      0.0000
    610.3352	      0.0000
    610.3495	      0.0000
    610.6356	      0.0000
    610.6499	      0.0000
    610.6643	      0.0000
    610.6786	      0.0000
    610.6929	   1855.0447
    610.7072	   9795.7100
    610.7215	  21511.4941
    610.7358	  34131.9727
    610.7502	  35570.0313
    610.7645	  23380.1211
    610.7788	  11463.7217
    610.7931	   2521.6248
    610.8078	      0.0000
    610.8221	      0.0000
    610.8364	      0.0000
    610.8508	      0.0000
    611.1659	      0.0000
    611.1803	      0.0000
    611.1946	      0.0000
    611.2089	      0.0000
    611.2233	   2935.9321
    611.2376	   4958.3755
    611.2519	   5263.9370
    611.2663	   3660.2747
    611.2806	   1479.6608
    611.2976	      0.0000
    611.3119	      0.0000
    611.3263	      0.0000
    611.3406	      0.0000
    614.5938	      0.0000
    614.6083	      0.0000
    614.6227	      0.0000
    614.6372	      0.0000
    614.6517	   2204.7163
    614.6661	   5298.7607
    614.6806	  14234.9941
    614.6950	  43432.8789
    614.7095	 111796.9375
    614.7239	 186769.3125
    614.7384	 229005.0625
    614.7528	 168952.2969
    614.7673	  94559.8281
    614.7818	  26661.5957
    614.7962	   3468.7991
    614.8098	      0.0000
    614.8243	      0.0000
    614.8388	      0.0000
    614.8532	      0.0000
    615.0847	      0.0000
    615.0991	      0.0000
    615.1136	      0.0000
    615.1281	      0.0000
    615.1426	   2219.0303
    615.1570	   3978.3757
    615.1715	   6198.9258
    615.1860	  17154.8242
    615.2004	  56486.2070
    615.2149	 116808.5625
    615.2294	 181745.6406
    615.2439	 184482.3906
    615.2583	 118892.3359
    615.2728	  56837.3320
    615.2873	  13454.1611
    615.3018	   2052.2061
    615.3172	      0.0000
    615.3316	      0.0000
    615.3461	      0.0000
    615.3606	      0.0000
    615.6068	      0.0000
    615.6213	      0.0000
    615.6358	      0.0000
    615.6503	      0.0000
    615.6648	   1188.2629
    615.6793	   4113.8486
    615.6938	  12889.3428
    615.7082	  36611.0039
    615.7227	  62965.0625
    615.7372	  83555.9766
    615.7517	  67235.6094
    615.7662	  39318.0117
    615.7807	  13102.8770
    615.7952	   1559.2963
    615.8076	      0.0000
    615.8221	      0.0000
    615.8366	      0.0000
    615.8511	      0.0000
    616.1266	      0.0000
    616.1411	      0.0000
    616.1556	      0.0000
    616.1701	      0.0000
    616.1846	   2859.4651
    616.1991	  10037.5850
    616.2136	  22046.3008
    616.2282	  34915.5938
    616.2427	  37724.6211
    616.2572	  25527.9297
    616.2717	  13145.1563
    616.2862	   3226.6663
    616.3028	      0.0000
    616.3173	      0.0000
    616.3318	      0.0000
    616.3463	      0.0000
    623.5940	      0.0000
    623.6088	      0.0000
    623.6236	      0.0000
    623.6384	      0.0000
    623.6531	   3082.1094
    623.6679	   5982.4873
    623.6827	  13559.4043
    623.6975	  38915.4727
    623.7122	 111393.0078
    623.7270	 190859.1875
    623.7418	 249042.4219
    623.7566	 194479.6563
    623.7713	 113210.2578
    623.7861	  35100.1406
    623.8009	   6123.0640
    623.8157	    194.0522
    623.8298	      0.0000
    623.8446	      0.0000
    623.8594	      0.0000
    623.8742	      0.0000
    624.1107	      0.0000
    624.1255	      0.0000
    624.1403	      0.0000
    624.1551	      0.0000
    624.1699	   2438.6816
    624.1847	   9476.8174
    624.1995	  31594.7617
    624.2143	  84919.1250
    624.2290	 142971.9219
    624.2438	 178809.2813
    624.2586	 134722.0000
    624.2734	  77040.8750
    624.2882	  23053.8457
    624.3030	   3516.7502
    624.3172	      0.0000
    624.3320	      0.0000
    624.3468	      0.0000
    624.3616	      0.0000
    624.6133	      0.0000
    624.6281	      0.0000
    624.6429	      0.0000
    624.6577	      0.0000
    624.6725	   2718.7515
    624.6873	   7630.9048
    624.7021	  25280.2188
    624.7169	  59367.5898
    624.7317	  96464.9531
    624.7466	 109529.9688
    624.7614	  76417.1328
    624.7762	  40504.0664
    624.7910	  10930.1152
    624.8058	   1971.4508
    624.8177	      0.0000
    624.8325	      0.0000
    624.8473	      0.0000
    624.8621	      0.0000
    625.1289	      0.0000
    625.1437	      0.0000
    625.1585	      0.0000
    625.1734	      0.0000
    625.1882	   2602.7468
    625.2030	   9790.7412
    625.2179	  21942.4531
    625.2327	  35009.9727
    625.2475	  36247.5469
    625.2623	  23167.1309
    625.2772	  10826.6104
    625.2920	   2566.3628
    625.3083	      0.0000
    625.3231	      0.0000
    625.3380	      0.0000
    625.3528	      0.0000
    644.1756	      0.0000
    644.1911	      0.0000
    644.2066	      0.0000
    644.2221	      0.0000
    644.2376	   3399.5461
    644.2532	   6079.0952
    644.2687	   7215.4355
    644.2842	   5873.5522
    644.2997	   3076.2642
    644.3152	      0.0000
    644.3307	      0.0000
    644.3462	      0.0000
    644.3617	      0.0000
    648.2267	      0.0000
    648.2424	      0.0000
    648.2580	      0.0000
    648.2737	      0.0000
    648.2894	   1123.8007
    648.3050	   3810.8860
    648.3207	   7840.4795
    648.3363	  16178.1357
    648.3520	  14784.3906
    648.3676	   8773.5889
    648.3833	   3525.9060
    648.3990	      0.0000
    648.4146	      0.0000
    648.4303	      0.0000
    648.4460	      0.0000
    650.1566	      0.0000
    650.1723	      0.0000
    650.1880	      0.0000
    650.2037	      0.0000
    650.2195	   1830.0463
    650.2352	   7897.6118
    650.2509	  14946.3350
    650.2666	  21054.6719
    650.2824	  17219.3750
    650.2981	   9661.6533
    650.3138	   2975.7615
    650.3296	      0.0000
    650.3453	      0.0000
    650.3610	      0.0000
    650.3768	      0.0000
    650.6600	      0.0000
    650.6758	      0.0000
    650.6915	      0.0000
    650.7073	      0.0000
    650.7230	   3279.1265
    650.7388	  10335.3525
    650.7545	  18206.2773
    650.7703	  24209.8340
    650.7860	  19448.5410
    650.8017	  11146.1211
    650.8175	   3318.3855
    650.8350	      0.0000
    650.8507	      0.0000
    650.8665	      0.0000
    650.8822	      0.0000
    659.1346	      0.0000
    659.1507	      0.0000
    659.1667	      0.0000
    659.1828	      0.0000
    659.1988	   1678.7069
    659.2149	   4197.1553
    659.2309	  14475.1221
    659.2470	  41010.4414
    659.2630	  69532.5547
    659.2791	  87291.4297
    659.2951	  65335.9297
    659.3112	  36654.2539
    659.3273	  10159.2852
    659.3433	    610.3595
    659.3595	      0.0000
    659.3756	      0.0000
    659.3916	      0.0000
    659.4077	      0.0000
    659.6326	      0.0000
    659.6487	      0.0000
    659.6647	      0.0000
    659.6808	      0.0000
    659.6969	   3588.4866
    659.7129	   4430.7876
    659.7290	  11157.0273
    659.7451	  33430.1094
    659.7612	  59592.0117
    659.7772	  81542.6250
    659.7933	  67955.1719
    659.8094	  40303.3711
    659.8255	  14485.7920
    659.8415	   2805.2319
    659.8542	      0.0000
    659.8703	      0.0000
    659.8864	      0.0000
    659.9024	      0.0000
    660.1437	      0.0000
    660.1598	      0.0000
    660.1759	      0.0000
    660.1920	      0.0000
    660.2080	      0.0000
    660.2241	   3993.8916
    660.2402	  15082.3623
    660.2563	  27930.9980
    660.2724	  39180.3438
    660.2885	  33243.6523
    660.3046	  20309.7070
    660.3207	   8465.2910
    660.3368	   2882.3274
    660.3545	      0.0000
    660.3706	      0.0000
    660.3867	      0.0000
    660.4028	      0.0000
    660.6604	      0.0000
    660.6765	      0.0000
    660.6926	      0.0000
    660.7087	      0.0000
    660.7248	   1370.8898
    660.7409	   3939.6189
    660.7571	   7525.5474
    660.7732	  14504.5586
    660.7893	  12621.2598
    660.8054	   6563.6133
    660.8215	   3030.5713
    660.8376	      0.0000
    660.8537	      0.0000
    660.8698	      0.0000
    660.8860	      0.0000
    664.1534	      0.0000
    664.1696	      0.0000
    664.1858	      0.0000
    664.2021	      0.0000
    664.2183	   2218.3284
    664.2345	   5422.5811
    664.2508	  12476.4111
    664.2670	  17157.2793
    664.2833	  14580.2451
    664.2995	   6277.1265
    664.3157	   2762.1426
    664.3320	      0.0000
    664.3482	      0.0000
    664.3645	      0.0000
    664.3807	      0.0000
    664.6569	      0.0000
    664.6732	      0.0000
    664.6894	      0.0000
    664.7057	      0.0000
    664.7219	   1740.6259
    664.7382	   4837.4634
    664.7545	  11108.9668
    664.7707	  15992.9082
    664.7870	  13543.5225
    664.8032	   5580.5898
    664.8195	   2046.6223
    664.8367	      0.0000
    664.8529	      0.0000
    664.8692	      0.0000
    664.8854	      0.0000
    673.1413	      0.0000
    673.1579	      0.0000
    673.1744	      0.0000
    673.1910	      0.0000
    673.2076	   1889.0232
    673.2241	   4463.4224
    673.2407	  13882.5283
    673.2573	  24119.9297
    673.2738	  31071.9453
    673.2904	  24144.0938
    673.3070	  14068.2402
    673.3236	   4509.7515
    673.3401	   1923.0190
    673.3623	      0.0000
    673.3789	      0.0000
    673.3955	      0.0000
    673.4120	      0.0000
    673.6442	      0.0000
    673.6607	      0.0000
    673.6773	      0.0000
    673.6939	      0.0000
    673.7105	   1111.4462
    673.7271	   4030.3376
    673.7437	  11875.8174
    673.7603	  21522.5449
    673.7769	  29924.5352
    673.7934	  25120.5957
    673.8100	  14552.6699
    673.8266	   4615.7334
    673.8432	      0.0000
    673.8533	      0.0000
    673.8699	      0.0000
    673.8865	      0.0000
    673.9031	      0.0000
    674.1687	      0.0000
    674.1853	      0.0000
    674.2019	      0.0000
    674.2185	      0.0000
    674.2351	   2291.1877
    674.2517	   5149.6636
    674.2683	   7318.1724
    674.2849	   7205.7466
    674.3015	   4895.5469
    674.3181	   2070.1106
    674.3373	      0.0000
    674.3539	      0.0000
    674.3705	      0.0000
    674.3871	      0.0000
    676.2015	      0.0000
    676.2181	      0.0000
    676.2348	      0.0000
    676.2515	      0.0000
    676.2682	   1827.5554
    676.2849	   6734.9292
    676.3015	  21963.3164
    676.3182	  41989.7969
    676.3349	  61112.8984
    676.3516	  55499.2227
    676.3683	  34463.6445
    676.3850	  14545.8672
    676.4017	   3658.8616
    676.4158	      0.0000
    676.4325	      0.0000
    676.4492	      0.0000
    676.4659	      0.0000
    677.2175	      0.0000
    677.2342	      0.0000
    677.2509	      0.0000
    677.2676	      0.0000
    677.2843	   1528.9489
    677.3011	   7268.2339
    677.3178	  15315.6143
    677.3345	  23418.2227
    677.3512	  21492.4629
    677.3680	  12756.3906
    677.3847	   4571.0640
    677.4014	   1976.4219
    677.4215	      0.0000
    677.4382	      0.0000
    677.4549	      0.0000
    677.4717	      0.0000
    681.2001	      0.0000
    681.2170	      0.0000
    681.2339	      0.0000
    681.2507	      0.0000
    681.2676	   2045.3447
    681.2844	   5131.4111
    681.3013	  14106.3750
    681.3182	  23829.2637
    681.3351	  29311.7695
    681.3519	  21895.7871
    681.3688	  12250.1426
    681.3857	   3076.1194
    681.4065	      0.0000
    681.4234	      0.0000
    681.4402	      0.0000
    681.4571	      0.0000
    682.1833	      0.0000
    682.2002	      0.0000
    682.2171	      0.0000
    682.2340	      0.0000
    682.2509	   1652.5710
    682.2678	   4145.8638
    682.2847	  12240.1846
    682.3016	  23144.9160
    682.3185	  33307.6914
    682.3354	  29801.9199
    682.3523	  17888.1211
    682.3692	   6474.8286
    682.3861	    294.7697
    682.3977	      0.0000
    682.4146	      0.0000
    682.4315	      0.0000
    682.4484	      0.0000
    699.1871	      0.0000
    699.2047	      0.0000
    699.2222	      0.0000
    699.2397	      0.0000
    699.2573	   3303.2363
    699.2748	   7468.8379
    699.2924	  23297.4414
    699.3099	  66005.4063
    699.3275	 111830.5547
    699.3450	 142192.7344
    699.3625	 108219.6016
    699.3801	  61955.9297
    699.3976	  18530.1504
    699.4152	   2923.7473
    699.4357	      0.0000
    699.4533	      0.0000
    699.4708	      0.0000
    699.4884	      0.0000
    700.2084	      0.0000
    700.2260	      0.0000
    700.2435	      0.0000
    700.2611	      0.0000
    700.2787	   3583.1880
    700.2963	  10370.9326
    700.3139	  29943.9414
    700.3314	  52257.8633
    700.3490	  69352.4609
    700.3666	  55108.8867
    700.3842	  32185.2695
    700.4018	   9931.7881
    700.4193	   1130.4943
    700.4319	      0.0000
    700.4495	      0.0000
    700.4671	      0.0000
    700.4847	      0.0000
    701.2238	      0.0000
    701.2415	      0.0000
    701.2591	      0.0000
    701.2767	      0.0000
    701.2943	   2577.7458
    701.3119	   8689.2100
    701.3295	  16756.0234
    701.3472	  23646.6758
    701.3648	  19637.1270
    701.3824	  10990.8545
    701.4000	   2855.9697
    701.4176	      0.0000
    701.4353	      0.0000
    701.4529	      0.0000
    701.4705	      0.0000
    701.8584	      0.0000
    701.8760	      0.0000
    701.8936	      0.0000
    701.9113	      0.0000
    701.9289	   2227.0981
    701.9465	   3921.6204
    701.9642	   4619.1191
    701.9818	   3913.9741
    701.9995	   2361.8716
    702.0171	      0.0000
    702.0348	      0.0000
    702.0524	      0.0000
    702.0700	      0.0000
    702.2289	      0.0000
    702.2465	      0.0000
    702.2642	      0.0000
    702.2818	      0.0000
    702.2995	   1370.9429
    702.3171	   4298.7979
    702.3348	   8082.8667
    702.3525	  15489.0430
    702.3701	   9189.4170
    702.3878	   5779.2544
    702.4054	   2342.8882
    702.4272	      0.0000
    702.4448	      0.0000
    702.4625	      0.0000
    702.4802	      0.0000
    706.1502	      0.0000
    706.1680	      0.0000
    706.1858	      0.0000
    706.2036	      0.0000
    706.2214	   2974.5911
    706.2392	   9062.9346
    706.2570	  29946.5840
    706.2748	  59271.9023
    706.2926	  89699.4766
    706.3104	  85960.0547
    706.3282	  53668.6211
    706.3460	  23618.4199
    706.3638	   4531.6709
    706.3816	    248.0258
    706.4001	      0.0000
    706.4180	      0.0000
    706.4358	      0.0000
    706.4536	      0.0000
    707.1665	      0.0000
    707.1844	      0.0000
    707.2022	      0.0000
    707.2200	      0.0000
    707.2379	   2321.6663
    707.2557	   8034.9678
    707.2736	  17234.8184
    707.2914	  27086.5293
    707.3093	  29260.7363
    707.3271	  19797.6973
    707.3449	   9880.7070
    707.3628	   1927.7059
    707.3778	      0.0000
    707.3956	      0.0000
    707.4135	      0.0000
    707.4313	      0.0000
    719.2313	      0.0000
    719.2496	      0.0000
    719.2679	      0.0000
    719.2862	      0.0000
    719.3045	   1069.1427
    719.3228	   6937.8052
    719.3411	  22637.3398
    719.3594	  41343.2656
    719.3777	  57775.8477
    719.3960	  49473.6641
    719.4143	  29853.6680
    719.4326	  11719.7129
    719.4509	   2534.0164
    719.4673	      0.0000
    719.4856	      0.0000
    719.5039	      0.0000
    719.5222	      0.0000
    720.2551	      0.0000
    720.2734	      0.0000
    720.2917	      0.0000
    720.3101	      0.0000
    720.3284	   2977.3945
    720.3468	  11170.9844
    720.3651	  18762.6191
    720.3834	  22917.2363
    720.4018	  16430.0625
    720.4201	   8420.4043
    720.4385	   1351.5547
    720.4607	      0.0000
    720.4790	      0.0000
    720.4974	      0.0000
    720.5157	      0.0000
    747.2117	      0.0000
    747.2311	      0.0000
    747.2505	      0.0000
    747.2699	      0.0000
    747.2892	   1784.9207
    747.3086	   6474.8403
    747.3280	  21003.0645
    747.3474	  45083.2734
    747.3667	  71395.1172
    747.3861	  75179.2188
    747.4055	  49465.3203
    747.4249	  24064.1172
    747.4443	   5466.5146
    747.4637	    685.4257
    747.4836	      0.0000
    747.5030	      0.0000
    747.5224	      0.0000
    747.5418	      0.0000
    748.2402	      0.0000
    748.2596	      0.0000
    748.2790	      0.0000
    748.2985	      0.0000
    748.3179	   3728.4468
    748.3373	  12386.3232
    748.3567	  22973.6445
    748.3761	  32553.0273
    748.3955	  28728.8672
    748.4150	  17582.2129
    748.4344	   6858.4668
    748.4538	   1285.9824
    748.4688	      0.0000
    748.4882	      0.0000
    748.5076	      0.0000
    748.5271	      0.0000
    749.2463	      0.0000
    749.2658	      0.0000
    749.2852	      0.0000
    749.3047	      0.0000
    749.3241	   2556.1814
    749.3436	   5841.9976
    749.3630	   8649.6104
    749.3825	   8907.9570
    749.4020	   6485.9868
    749.4214	   3201.8479
    749.4448	      0.0000
    749.4643	      0.0000
    749.4837	      0.0000
    749.5032	      0.0000
    779.1399	      0.0000
    779.1605	      0.0000
    779.1812	      0.0000
    779.2018	      0.0000
    779.2224	   1036.8240
    779.2431	   6726.7402
    779.2637	  16295.3760
    779.2843	  26778.2676
    779.3050	  29509.7227
    779.3256	  19851.1836
    779.3462	   9855.6143
    779.3669	   1742.5385
    779.3836	      0.0000
    779.4043	      0.0000
    779.4249	      0.0000
    779.4456	      0.0000
    780.1685	      0.0000
    780.1892	      0.0000
    780.2098	      0.0000
    780.2305	      0.0000
    780.2512	   1675.6613
    780.2719	   3880.0144
    780.2925	   5431.8770
    780.3132	   4981.3516
    780.3339	   2841.7852
    780.3586	      0.0000
    780.3792	      0.0000
    780.3999	      0.0000
    780.4206	      0.0000
    790.2316	      0.0000
    790.2526	      0.0000
    790.2737	      0.0000
    790.2948	      0.0000
    790.3159	   1253.4886
    790.3369	   4274.0288
    790.3580	  14347.5830
    790.3791	  39082.9766
    790.4002	  65961.2188
    790.4212	  83059.9219
    790.4423	  62704.9727
    790.4634	  35755.6484
    790.4845	  10181.3604
    790.5056	    771.6227
    790.5257	      0.0000
    790.5468	      0.0000
    790.5678	      0.0000
    790.5889	      0.0000
    791.2641	      0.0000
    791.2852	      0.0000
    791.3063	      0.0000
    791.3274	      0.0000
    791.3485	   1987.0077
    791.3697	   8383.6914
    791.3908	  19645.3652
    791.4119	  31942.1992
    791.4330	  34152.8516
    791.4541	  22500.6289
    791.4752	  10966.1816
    791.4964	   2534.1907
    791.5145	      0.0000
    791.5356	      0.0000
    791.5567	      0.0000
    791.5779	      0.0000
    809.2324	      0.0000
    809.2543	      0.0000
    809.2761	      0.0000
    809.2979	      0.0000
    809.3198	   1262.8013
    809.3416	   4008.1953
    809.3635	   7324.4858
    809.3853	   8924.6260
    809.4071	   7654.0991
    809.4290	   4588.8237
    809.4508	   1839.4995
    809.4734	      0.0000
    809.4952	      0.0000
    809.5171	      0.0000
    809.5389	      0.0000
    810.1948	      0.0000
    810.2166	      0.0000
    810.2385	      0.0000
    810.2604	      0.0000
    810.2823	   2271.4250
    810.3041	   5461.8198
    810.3260	  18520.3418
    810.3479	  36531.7852
    810.3698	  54686.8242
    810.3917	  51583.5234
    810.4135	  31952.3867
    810.4354	  13981.1689
    810.4573	   2948.4202
    810.4785	      0.0000
    810.5004	      0.0000
    810.5223	      0.0000
    810.5442	      0.0000
    811.2231	      0.0000
    811.2450	      0.0000
    811.2670	      0.0000
    811.2889	      0.0000
    811.3108	   3751.2881
    811.3327	  11557.0127
    811.3546	  20130.8672
    811.3766	  26638.7793
    811.3985	  21159.5098
    811.4204	  12044.6084
    811.4423	   3438.6523
    811.4643	      0.0000
    811.4862	      0.0000
    811.5081	      0.0000
    811.5300	      0.0000
    812.2542	      0.0000
    812.2761	      0.0000
    812.2981	      0.0000
    812.3200	      0.0000
    812.3420	   2296.8105
    812.3640	   4416.0708
    812.3859	   5349.3574
    812.4079	   4495.9878
    812.4299	   2623.0129
    812.4588	      0.0000
    812.4808	      0.0000
    812.5028	      0.0000
    812.5247	      0.0000
    818.2446	      0.0000
    818.2668	      0.0000
    818.2890	      0.0000
    818.3112	      0.0000
    818.3335	   2593.5396
    818.3557	   8969.3203
    818.3779	  21138.3281
    818.4001	  34623.0000
    818.4223	  39895.7930
    818.4445	  27861.6152
    818.4667	  14371.5088
    818.4889	   3010.2021
    818.5041	      0.0000
    818.5263	      0.0000
    818.5485	      0.0000
    818.5707	      0.0000
    819.2376	      0.0000
    819.2598	      0.0000
    819.2821	      0.0000
    819.3043	      0.0000
    819.3266	   1672.5106
    819.3488	   4433.0420
    819.3711	  12659.0176
    819.3933	  21754.5449
    819.4156	  27072.8945
    819.4378	  19467.3125
    819.4601	  10196.6172
    819.4823	   1552.0293
    819.5046	      0.0000
    819.5268	      0.0000
    819.5491	      0.0000
    819.5713	      0.0000
    822.2038	      0.0000
    822.2261	      0.0000
    822.2485	      0.0000
    822.2709	      0.0000
    822.2932	   2992.4622
    822.3156	   5512.0537
    822.3380	   6613.1489
    822.3603	   5513.3003
    822.3827	   3107.7197
    822.4105	      0.0000
    822.4329	      0.0000
    822.4552	      0.0000
    822.4776	      0.0000
    827.1963	      0.0000
    827.2188	      0.0000
    827.2414	      0.0000
    827.2640	      0.0000
    827.2865	   1755.8357
    827.3091	   4304.5366
    827.3317	  12087.3350
    827.3543	  35961.8164
    827.3768	  66122.2578
    827.3994	  94452.5938
    827.4220	  83527.5547
    827.4446	  50521.4023
    827.4671	  20026.8047
    827.4897	   3384.0002
    827.5117	      0.0000
    827.5343	      0.0000
    827.5568	      0.0000
    827.5794	      0.0000
    828.2121	      0.0000
    828.2347	      0.0000
    828.2573	      0.0000
    828.2799	      0.0000
    828.3025	   2080.7373
    828.3251	   4386.8506
    828.3477	  12685.9463
    828.3704	  26383.9551
    828.3930	  41293.2188
    828.4156	  43599.3047
    828.4382	  28806.7441
    828.4608	  14017.8896
    828.4834	   2960.3672
    828.5013	      0.0000
    828.5239	      0.0000
    828.5465	      0.0000
    828.5691	      0.0000
    829.2709	      0.0000
    829.2935	      0.0000
    829.3162	      0.0000
    829.3388	      0.0000
    829.3615	   3902.5332
    829.3841	   6193.8511
    829.4068	   7330.7827
    829.4295	   6460.6821
    829.4521	   4123.2212
    829.4748	   1772.3485
    829.5057	      0.0000
    829.5283	      0.0000
    829.5510	      0.0000
    829.5737	      0.0000
    894.1223	      0.0000
    894.1477	      0.0000
    894.1731	      0.0000
    894.1984	      0.0000
    894.2238	   3166.0593
    894.2492	   7361.2139
    894.2745	  19769.1699
    894.2999	  34547.9648
    894.3253	  47053.6680
    894.3506	  39314.5156
    894.3760	  23010.6563
    894.4014	   7792.8438
    894.4267	    310.7170
    894.4440	      0.0000
    894.4693	      0.0000
    894.4947	      0.0000
    894.5201	      0.0000
    895.1549	      0.0000
    895.1803	      0.0000
    895.2057	      0.0000
    895.2311	      0.0000
    895.2565	   3876.8811
    895.2819	  10973.1318
    895.3073	  18119.2246
    895.3327	  21727.4004
    895.3581	  16635.5469
    895.3835	   9650.5244
    895.4090	   3405.7517
    895.4344	      0.0000
    895.4598	      0.0000
    895.4852	      0.0000
    895.5106	      0.0000
    896.1464	      0.0000
    896.1719	      0.0000
    896.1973	      0.0000
    896.2228	      0.0000
    896.2482	   1370.5321
    896.2737	   4606.3013
    896.2991	   8245.2031
    896.3246	   9718.1689
    896.3500	   8027.6914
    896.3755	   4662.0483
    896.4010	   1858.4100
    896.4264	      0.0000
    896.4519	      0.0000
    896.4773	      0.0000
    896.5028	      0.0000
    910.2293	      0.0000
    910.2554	      0.0000
    910.2814	      0.0000
    910.3075	      0.0000
    910.3335	   3502.3962
    910.3596	   5487.4683
    910.3856	   5836.6802
    910.4117	   4312.7607
    910.4378	   2043.0913
    910.4638	      0.0000
    910.4899	      0.0000
    910.5159	      0.0000
    910.5420	      0.0000
    919.1508	      0.0000
    919.1773	      0.0000
    919.2037	      0.0000
    919.2301	      0.0000
    919.2566	   1544.0868
    919.2830	   4409.7681
    919.3094	  11302.1230
    919.3359	  17551.3594
    919.3623	  17073.1758
    919.3888	  10453.9336
    919.4152	   4063.2856
    919.4416	   1524.3137
    919.4681	      0.0000
    919.4945	      0.0000
    919.5210	      0.0000
    919.5474	      0.0000
    920.1825	      0.0000
    920.2090	      0.0000
    920.2355	      0.0000
    920.2620	      0.0000
    920.2885	   2957.6377
    920.3149	   8950.4297
    920.3414	  14928.6201
    920.3679	  16325.3594
    920.3944	  10623.2939
    920.4209	   4385.1191
    920.4474	   1452.6055
    920.4739	      0.0000
    920.5004	      0.0000
    920.5269	      0.0000
    920.5533	      0.0000
    937.1741	      0.0000
    937.2013	      0.0000
    937.2285	      0.0000
    937.2557	      0.0000
    937.2830	   3104.8516
    937.3102	  10699.6289
    937.3374	  17061.7207
    937.3646	  18709.4707
    937.3918	  12208.3594
    937.4191	   5632.8315
    937.4463	     44.9062
    937.4736	      0.0000
    937.5008	      0.0000
    937.5280	      0.0000
    937.5553	      0.0000
    965.1626	      0.0000
    965.1910	      0.0000
    965.2195	      0.0000
    965.2479	      0.0000
    965.2764	   2157.4575
    965.3048	   5866.2383
    965.3333	   9482.0137
    965.3617	  14194.8076
    965.3902	   8525.5938
    965.4186	   4083.8179
    965.4471	   1459.2197
    965.4755	      0.0000
    965.5040	      0.0000
    965.5324	      0.0000
    965.5609	      0.0000
    966.1873	      0.0000
    966.2158	      0.0000
    966.2443	      0.0000
    966.2728	      0.0000
    966.3013	   2185.3140
    966.3298	   4836.9258
    966.3583	   6556.0840
    966.3868	   6024.8921
    966.4153	   3683.5906
    966.4438	      0.0000
    966.4723	      0.0000
    966.5008	      0.0000
    966.5293	      0.0000
    982.2229	      0.0000
    982.2521	      0.0000
    982.2813	      0.0000
    982.3105	      0.0000
    982.3398	   3657.6609
    982.3690	   5778.6387
    982.3982	   6174.5171
    982.4274	   4538.4126
    982.4566	   2105.3103
    982.4858	      0.0000
    982.5150	      0.0000
    982.5442	      0.0000
    982.5734	      0.0000
    983.2165	      0.0000
    983.2457	      0.0000
    983.2750	      0.0000
    983.3042	      0.0000
    983.3334	   2188.2788
    983.3627	   4501.8467
    983.3919	   5673.0820
    983.4212	   4846.9849
    983.4505	   2762.3745
    983.4797	      0.0000
    983.5090	      0.0000
    983.5382	      0.0000
    983.5675	      0.0000
    990.2135	      0.0000
    990.2431	      0.0000
    990.2726	      0.0000
    990.3022	      0.0000
    990.3318	   2528.9731
    990.3613	   4586.3970
    990.3909	   5562.4312
    990.4204	   4779.3276
    990.4500	   2803.6636
    990.4796	      0.0000
    990.5092	      0.0000
    990.5387	      0.0000
    990.5683	      0.0000
   1008.2186	      0.0000
   1008.2490	      0.0000
   1008.2794	      0.0000
   1008.3097	      0.0000
   1008.3401	   3773.6975
   1008.3705	   6154.4775
   1008.4008	   7350.8569
   1008.4312	   6586.5103
   1008.4616	   4299.1660
   1008.4920	   1794.0771
   1008.5224	      0.0000
   1008.5527	      0.0000
   1008.5831	      0.0000
   1008.6135	      0.0000
   1024.1652	      0.0000
   1024.1963	      0.0000
   1024.2274	      0.0000
   1024.2585	      0.0000
   1024.2896	   1643.3644
   1024.3207	   6598.7334
   1024.3518	  13295.1533
   1024.3829	  20113.0254
   1024.4140	  19420.9746
   1024.4451	  12271.4463
   1024.4762	   4700.6396
   1024.5073	   1629.2954
   1024.5384	      0.0000
   1024.5695	      0.0000
   1024.6006	      0.0000
   1024.6317	      0.0000
   1025.2231	      0.0000
   1025.2542	      0.0000
   1025.2854	      0.0000
   1025.3165	      0.0000
   1025.3476	   3851.6538
   1025.3788	   5983.2813
   1025.4099	   6131.6143
   1025.4411	   4203.9063
   1025.4722	   1663.1563
   1025.5109	      0.0000
   1025.5420	      0.0000
   1025.5732	      0.0000
   1025.6043	      0.0000
   1034.1311	      0.0000
   1034.1626	      0.0000
   1034.1942	      0.0000
   1034.2257	      0.0000
   1034.2573	   1705.6091
   1034.2888	   6800.6494
   1034.3204	  20452.9316
   1034.3519	  35201.5430
   1034.3835	  45514.0859
   1034.4151	  34896.3242
   1034.4466	  19867.1973
   1034.4782	   5193.7876
   1034.5097	      0.0000
   1034.5338	      0.0000
   1034.5654	      0.0000
   1034.5969	      0.0000
   1034.6285	      0.0000
   1035.1338	      0.0000
   1035.1653	      0.0000
   1035.1969	      0.0000
   1035.2285	      0.0000
   1035.2601	   1539.7957
   1035.2917	   7657.2173
   1035.3233	  15736.5000
   1035.3549	  24453.0156
   1035.3865	  26098.7637
   1035.4181	  17357.5156
   1035.4497	   8528.0225
   1035.4813	   1563.4371
   1035.5129	      0.0000
   1035.5445	      0.0000
   1035.5762	      0.0000
   1035.6078	      0.0000
   1036.1454	      0.0000
   1036.1770	      0.0000
   1036.2087	      0.0000
   1036.2403	      0.0000
   1036.2719	   2274.9299
   1036.3036	   8519.4805
   1036.3352	  15244.7637
   1036.3669	  21438.5430
   1036.3985	  19661.2520
   1036.4302	  12162.1143
   1036.4618	   5047.7754
   1036.4935	   2264.1096
   1036.5251	      0.0000
   1036.5568	      0.0000
   1036.5884	      0.0000
   1036.6201	      0.0000
   1037.1902	      0.0000
   1037.2218	      0.0000
   1037.2535	      0.0000
   1037.2852	      0.0000
   1037.3169	   2459.1990
   1037.3486	   4177.0703
   1037.3803	   5026.8760
   1037.4120	   4479.6851
   1037.4437	   2867.5898
   1037.4860	      0.0000
   1037.5177	      0.0000
   1037.5493	      0.0000
   1037.5811	      0.0000
   1052.1247	      0.0000
   1052.1570	      0.0000
   1052.1894	      0.0000
   1052.2218	      0.0000
   1052.2542	   2032.5033
   1052.2865	   4809.5459
   1052.3189	  14096.4707
   1052.3513	  28127.8027
   1052.3837	  43093.0742
   1052.4161	  43825.7852
   1052.4484	  28209.2383
   1052.4808	  13224.0869
   1052.5132	   1968.3088
   1052.5351	      0.0000
   1052.5674	      0.0000
   1052.5998	      0.0000
   1052.6322	      0.0000
   1053.1831	      0.0000
   1053.2156	      0.0000
   1053.2480	      0.0000
   1053.2804	      0.0000
   1053.3128	   2828.1279
   1053.3453	   6542.3511
   1053.3777	  14197.3457
   1053.4101	  16718.9375
   1053.4426	  11838.7656
   1053.4750	   5309.6616
   1053.5074	   2171.1963
   1053.5399	      0.0000
   1053.5723	      0.0000
   1053.6047	      0.0000
   1053.6372	      0.0000
   1054.1889	      0.0000
   1054.2213	      0.0000
   1054.2538	      0.0000
   1054.2863	      0.0000
   1054.3188	   2324.8608
   1054.3512	   4221.9683
   1054.3837	   5231.1401
   1054.4162	   4622.5293
   1054.4487	   2733.7500
   1054.4812	      0.0000
   1054.5137	      0.0000
   1054.5461	      0.0000
   1054.5786	      0.0000
   1069.2172	      0.0000
   1069.2504	      0.0000
   1069.2836	      0.0000
   1069.3167	      0.0000
   1069.3499	   3679.0696
   1069.3831	   6194.5693
   1069.4162	   7299.2012
   1069.4494	   6169.3115
   1069.4826	   3595.1331
   1069.5158	      0.0000
   1069.5489	      0.0000
   1069.5821	      0.0000
   1069.6153	      0.0000
   1071.1433	      0.0000
   1071.1765	      0.0000
   1071.2098	      0.0000
   1071.2431	      0.0000
   1071.2763	   1780.9824
   1071.3096	   4295.9653
   1071.3428	   7244.2183
   1071.3761	   9073.5547
   1071.4094	   8666.3291
   1071.4426	   6331.7026
   1071.4759	   3479.0742
   1071.5092	      0.0000
   1071.5424	      0.0000
   1071.5757	      0.0000
   1071.6090	      0.0000
   1072.1749	      0.0000
   1072.2082	      0.0000
   1072.2415	      0.0000
   1072.2748	      0.0000
   1072.3081	   1909.5983
   1072.3414	   4198.4443
   1072.3747	   5977.4800
   1072.4080	   6079.2236
   1072.4413	   4388.8550
   1072.4746	   2108.2231
   1072.5080	      0.0000
   1072.5413	      0.0000
   1072.5746	      0.0000
   1072.6079	      0.0000
   1088.1694	      0.0000
   1088.2035	      0.0000
   1088.2375	      0.0000
   1088.2716	      0.0000
   1088.3056	   1725.2610
   1088.3397	   4732.3394
   1088.3737	   7627.7705
   1088.4078	   8362.9141
   1088.4419	   6317.1636
   1088.4759	   3081.7617
   1088.5100	      0.0000
   1088.5441	      0.0000
   1088.5781	      0.0000
   1088.6122	      0.0000
   1089.1575	      0.0000
   1089.1916	      0.0000
   1089.2257	      0.0000
   1089.2598	      0.0000
   1089.2939	   1688.1790
   1089.3280	   4408.0625
   1089.3621	   7307.2896
   1089.3962	   8515.1611
   1089.4303	   7232.4668
   1089.4644	   4396.6929
   1089.4985	   1785.1616
   1089.5327	      0.0000
   1089.5668	      0.0000
   1089.6009	      0.0000
   1089.6350	      0.0000
   1106.2327	      0.0000
   1106.2676	      0.0000
   1106.3025	      0.0000
   1106.3374	      0.0000
   1106.3723	   2140.3516
   1106.4072	   4051.5720
   1106.4421	   4963.0586
   1106.4770	   4147.9541
   1106.5119	   2225.7629
   1106.5560	      0.0000
   1106.5909	      0.0000
   1106.6258	      0.0000
   1106.6607	      0.0000
   1123.1859	      0.0000
   1123.2216	      0.0000
   1123.2573	      0.0000
   1123.2930	      0.0000
   1123.3288	   1722.4362
   1123.3645	   5533.1260
   1123.4002	  14458.8818
   1123.4359	  24358.0176
   1123.4716	  28704.8027
   1123.5073	  20143.8047
   1123.5431	  10394.7500
   1123.5788	   1946.3608
   1123.6315	      0.0000
   1123.6672	      0.0000
   1123.7030	      0.0000
   1123.7387	      0.0000
   1124.2033	      0.0000
   1124.2391	      0.0000
   1124.2748	      0.0000
   1124.3106	      0.0000
   1124.3464	   1314.9110
   1124.3821	   7307.9712
   1124.4179	  15610.9160
   1124.4536	  24992.8652
   1124.4894	  28864.6719
   1124.5252	  20187.7012
   1124.5609	  10391.6846
   1124.5967	   1339.2335
   1124.6064	      0.0000
   1124.6422	      0.0000
   1124.6779	      0.0000
   1124.7137	      0.0000
   1143.1850	      0.0000
   1143.2216	      0.0000
   1143.2583	      0.0000
   1143.2950	      0.0000
   1143.3316	   2480.2388
   1143.3683	   4845.6729
   1143.4050	   6673.9746
   1143.4417	   6771.7700
   1143.4783	   5008.9443
   1143.5150	   2488.2146
   1143.5517	      0.0000
   1143.5884	      0.0000
   1143.6251	      0.0000
   1143.6618	      0.0000
   1151.2196	      0.0000
   1151.2567	      0.0000
   1151.2937	      0.0000
   1151.3308	      0.0000
   1151.3679	   1969.9502
   1151.4049	   4266.5732
   1151.4420	   5741.8408
   1151.4790	   5265.2988
   1151.5161	   3187.1235
   1151.5532	      0.0000
   1151.5902	      0.0000
   1151.6273	      0.0000
   1151.6644	      0.0000
   1159.1895	      0.0000
   1159.2270	      0.0000
   1159.2644	      0.0000
   1159.3019	      0.0000
   1159.3393	   2571.6714
   1159.3767	   6269.4214
   1159.4142	  13731.1270
   1159.4516	  15855.6055
   1159.4891	  10743.2354
   1159.5265	   5100.0942
   1159.5640	   2143.1370
   1159.6015	      0.0000
   1159.6389	      0.0000
   1159.6764	      0.0000
   1159.7138	      0.0000
   1192.1456	      0.0000
   1192.1846	      0.0000
   1192.2237	      0.0000
   1192.2627	      0.0000
   1192.3018	   2224.7136
   1192.3408	   4027.9858
   1192.3799	   4943.5835
   1192.4189	   4324.4238
   1192.4580	   2615.7244
   1192.4971	      0.0000
   1192.5361	      0.0000
   1192.5752	      0.0000
   1192.6142	      0.0000
   1201.2160	      0.0000
   1201.2555	      0.0000
   1201.2950	      0.0000
   1201.3345	      0.0000
   1201.3740	   2680.1501
   1201.4135	   4494.4229
   1201.4530	   5249.4507
   1201.4925	   4460.9727
   1201.5320	   2687.1348
   1201.5716	      0.0000
   1201.6111	      0.0000
   1201.6506	      0.0000
   1201.6901	      0.0000
   1218.2575	      0.0000
   1218.2978	      0.0000
   1218.3381	      0.0000
   1218.3785	      0.0000
   1218.4188	   3529.1580
   1218.4592	   5719.0771
   1218.4995	   6295.6626
   1218.5399	   4961.9111
   1218.5802	   2773.7090
   1218.6206	      0.0000
   1218.6609	      0.0000
   1218.7013	      0.0000
   1218.7416	      0.0000
   1219.2260	      0.0000
   1219.2664	      0.0000
   1219.3068	      0.0000
   1219.3472	      0.0000
   1219.3876	   3486.8333
   1219.4280	   6169.9575
   1219.4684	   7276.7681
   1219.5088	   6012.9224
   1219.5492	   3421.4231
   1219.5896	      0.0000
   1219.6300	      0.0000
   1219.6704	      0.0000
   1219.7108	      0.0000
   1228.1587	      0.0000
   1228.1996	      0.0000
   1228.2404	      0.0000
   1228.2812	      0.0000
   1228.3220	   2944.5615
   1228.3629	  10187.4678
   1228.4037	  18748.1855
   1228.4446	  25628.6426
   1228.4854	  20452.2383
   1228.5262	  11483.0508
   1228.5671	   2697.3438
   1228.6079	      0.0000
   1228.6488	      0.0000
   1228.6896	      0.0000
   1228.7305	      0.0000
   1229.1800	      0.0000
   1229.2209	      0.0000
   1229.2618	      0.0000
   1229.3026	      0.0000
   1229.3435	   3252.5962
   1229.3844	   9711.9463
   1229.4253	  16317.1006
   1229.4662	  19167.8320
   1229.5071	  13602.8633
   1229.5480	   7220.0107
   1229.5889	   2445.1323
   1229.6298	      0.0000
   1229.6707	      0.0000
   1229.7116	      0.0000
   1229.7525	      0.0000
   1246.1542	      0.0000
   1246.1959	      0.0000
   1246.2377	      0.0000
   1246.2794	      0.0000
   1246.3211	   2199.1147
   1246.3629	   7342.1313
   1246.4046	  14934.7930
   1246.4463	  22424.3047
   1246.4881	  19877.8301
   1246.5298	  11344.5381
   1246.5716	   3310.5662
   1246.6133	      0.0000
   1246.6551	      0.0000
   1246.6968	      0.0000
   1246.7386	      0.0000
   1247.1980	      0.0000
   1247.2398	      0.0000
   1247.2816	      0.0000
   1247.3234	      0.0000
   1247.3652	   3894.6685
   1247.4069	   8110.9248
   1247.4487	  16554.2656
   1247.4905	  14743.6758
   1247.5323	   8457.0225
   1247.5741	   3764.9644
   1247.6159	      0.0000
   1247.6577	      0.0000
   1247.6995	      0.0000
   1247.7413	      0.0000
   1248.2013	      0.0000
   1248.2431	      0.0000
   1248.2850	      0.0000
   1248.3268	      0.0000
   1248.3687	   1630.4004
   1248.4105	   4343.9111
   1248.4523	   6466.6187
   1248.4942	   6401.6367
   1248.5360	   4260.3467
   1248.5779	   1699.1034
   1248.6197	      0.0000
   1248.6616	      0.0000
   1248.7034	      0.0000
   1248.7453	      0.0000
   1545.4708	      0.0000
   1545.5284	      0.0000
   1545.5861	      0.0000
   1545.6437	      0.0000
