# ljz_20131022_MR_Chym1_ELUTE.mzML
#
# index: 5193
# id: controllerType=0 controllerNumber=1 scan=11561
# scanNumber: 11561
# massAnalyzerType: quadrupole
# scanEvent: 2
# msLevel: 2
# retentionTime: 2799.85
# filterString: FTMS + p NSI d Full ms2 357.71@hcd28.00 [100.00-750.00]
# mzLow: 99.0039
# mzHigh: 757.622
# basePeakMZ: 243.109
# basePeakIntensity: 891370
# totalIonCurrent: 3.50646e+006
# precursorCount: 1
# precursor 0: 357.713 1.30085e+007
# binary (986): 
     99.0039	      0.0000
     99.0048	      0.0000
     99.0058	      0.0000
     99.0067	      0.0000
    101.0631	      0.0000
    101.0641	      0.0000
    101.0651	      0.0000
    101.0660	      0.0000
    101.0670	    213.2140
    101.0680	   3823.0454
    101.0689	  12425.6758
    101.0699	  33045.3633
    101.0709	  55744.9414
    101.0718	  71807.7031
    101.0728	  56291.5508
    101.0737	  32420.4766
    101.0747	   9611.6309
    101.0757	      0.0000
    101.0763	      0.0000
    101.0772	      0.0000
    101.0782	      0.0000
    101.0792	      0.0000
    107.4444	      0.0000
    107.4455	      0.0000
    107.4466	      0.0000
    107.4476	      0.0000
    107.4487	   1985.7510
    107.4497	   3827.9119
    107.4508	   4687.4604
    107.4518	   3886.8669
    107.4529	   2003.2805
    107.4537	      0.0000
    107.4548	      0.0000
    107.4559	      0.0000
    107.4569	      0.0000
    129.0565	      0.0000
    129.0579	      0.0000
    129.0593	      0.0000
    129.0607	      0.0000
    129.0621	   2563.3796
    129.0635	   6538.3662
    129.0649	  14731.8730
    129.0663	  19999.0527
    129.0677	  16026.9248
    129.0690	   7502.5742
    129.0704	   3294.5029
    129.0718	      0.0000
    129.0732	      0.0000
    129.0746	      0.0000
    129.0760	      0.0000
    131.1083	      0.0000
    131.1097	      0.0000
    131.1111	      0.0000
    131.1125	      0.0000
    131.1140	   1719.2261
    131.1154	   4338.0869
    131.1168	   6874.3652
    131.1182	   7614.4639
    131.1197	   5945.5532
    131.1211	   3064.4363
    131.1227	      0.0000
    131.1241	      0.0000
    131.1256	      0.0000
    131.1270	      0.0000
    132.0635	      0.0000
    132.0649	      0.0000
    132.0663	      0.0000
    132.0678	      0.0000
    132.0692	   3192.3281
    132.0707	   6572.8252
    132.0721	  19156.0586
    132.0735	  62732.6211
    132.0750	 133219.0625
    132.0764	 208595.6563
    132.0779	 216377.2969
    132.0793	 142210.8281
    132.0807	  70819.3438
    132.0822	  17598.9707
    132.0836	   1498.5486
    132.0848	      0.0000
    132.0863	      0.0000
    132.0877	      0.0000
    132.0892	      0.0000
    132.0906	      0.0000
    132.0920	      0.0000
    132.0935	      0.0000
    132.0952	  10012.4385
    132.0967	  21798.9961
    132.0981	  60261.9531
    132.0995	 164984.4375
    132.1010	 279385.1875
    132.1024	 364651.1875
    132.1039	 286858.7813
    132.1053	 167075.3906
    132.1067	  52486.9141
    132.1082	   7408.4507
    132.1096	      0.0000
    132.1108	      0.0000
    132.1122	      0.0000
    132.1136	      0.0000
    132.1151	      0.0000
    133.0957	      0.0000
    133.0971	      0.0000
    133.0986	      0.0000
    133.1000	      0.0000
    133.1015	   2294.5422
    133.1029	   5842.4365
    133.1044	   9768.6650
    133.1059	  11269.8232
    133.1073	   9132.2822
    133.1088	   4980.6641
    133.1102	   1649.3137
    133.1116	      0.0000
    133.1131	      0.0000
    133.1145	      0.0000
    133.1160	      0.0000
    141.0545	      0.0000
    141.0561	      0.0000
    141.0577	      0.0000
    141.0593	      0.0000
    141.0608	   2218.9548
    141.0624	   5841.2603
    141.0640	  10096.4814
    141.0656	  12203.6416
    141.0672	  10445.1035
    141.0688	   6117.0161
    141.0704	   2270.8835
    141.0720	      0.0000
    141.0736	      0.0000
    141.0752	      0.0000
    141.0768	      0.0000
    152.0241	      0.0000
    152.0259	      0.0000
    152.0277	      0.0000
    152.0295	      0.0000
    152.0312	   1863.7695
    152.0330	   3828.4993
    152.0348	   4773.5801
    152.0366	   3867.5740
    152.0383	   1797.0587
    152.0401	      0.0000
    152.0419	      0.0000
    152.0437	      0.0000
    152.0455	      0.0000
    152.6197	      0.0000
    152.6215	      0.0000
    152.6233	      0.0000
    152.6251	      0.0000
    152.6269	   2749.7432
    152.6286	   4713.8467
    152.6304	   5389.7104
    152.6322	   4290.9995
    152.6340	   2261.6677
    152.6358	      0.0000
    152.6376	      0.0000
    152.6394	      0.0000
    152.6412	      0.0000
    166.9331	      0.0000
    166.9352	      0.0000
    166.9372	      0.0000
    166.9393	      0.0000
    166.9413	   2676.7148
    166.9434	   4454.9912
    166.9454	   4934.4443
    166.9474	   3841.1216
    166.9495	   1986.5938
    166.9521	      0.0000
    166.9541	      0.0000
    166.9562	      0.0000
    166.9582	      0.0000
    169.0464	      0.0000
    169.0485	      0.0000
    169.0506	      0.0000
    169.0527	      0.0000
    169.0547	   3635.5854
    169.0568	  12928.0518
    169.0589	  24709.3730
    169.0610	  35761.6250
    169.0631	  31672.8223
    169.0652	  19125.7793
    169.0673	   7383.0830
    169.0693	    985.9927
    169.0709	      0.0000
    169.0729	      0.0000
    169.0750	      0.0000
    169.0771	      0.0000
    170.0805	      0.0000
    170.0826	      0.0000
    170.0847	      0.0000
    170.0868	      0.0000
    170.0889	   2485.9673
    170.0910	   4501.4727
    170.0931	   5385.5366
    170.0952	   4500.9409
    170.0973	   2496.6970
    170.1003	      0.0000
    170.1024	      0.0000
    170.1045	      0.0000
    170.1066	      0.0000
    183.0961	      0.0000
    183.0984	      0.0000
    183.1008	      0.0000
    183.1031	      0.0000
    183.1055	   3364.8987
    183.1078	  11140.8740
    183.1102	  23047.5898
    183.1125	  35928.5820
    183.1149	  36363.5625
    183.1172	  22927.6211
    183.1196	  10177.7539
    183.1219	   1217.4733
    183.1235	      0.0000
    183.1258	      0.0000
    183.1282	      0.0000
    183.1305	      0.0000
    197.1106	      0.0000
    197.1133	      0.0000
    197.1159	      0.0000
    197.1185	      0.0000
    197.1211	   1162.3568
    197.1238	   4071.1052
    197.1264	   7441.0415
    197.1290	   8803.1387
    197.1316	   7089.3506
    197.1343	   3761.1543
    197.1371	      0.0000
    197.1398	      0.0000
    197.1424	      0.0000
    197.1450	      0.0000
    198.0646	      0.0000
    198.0672	      0.0000
    198.0699	      0.0000
    198.0725	      0.0000
    198.0751	   3076.7825
    198.0778	   8636.0527
    198.0804	  28447.0156
    198.0831	  71306.4922
    198.0857	 117845.8906
    198.0884	 140440.0469
    198.0910	 101540.6016
    198.0937	  55806.1719
    198.0963	  15573.1670
    198.0989	   1899.2693
    198.1013	      0.0000
    198.1040	      0.0000
    198.1066	      0.0000
    198.1093	      0.0000
    199.0702	      0.0000
    199.0729	      0.0000
    199.0755	      0.0000
    199.0782	      0.0000
    199.0809	   1476.0232
    199.0835	   4003.1333
    199.0862	   7251.3657
    199.0889	   9437.1572
    199.0915	   9052.6318
    199.0942	   6269.8135
    199.0968	   2909.3269
    199.0995	      0.0000
    199.1022	      0.0000
    199.1048	      0.0000
    199.1075	      0.0000
    200.1214	      0.0000
    200.1241	      0.0000
    200.1267	      0.0000
    200.1294	      0.0000
    200.1321	   3314.1970
    200.1348	   6522.4814
    200.1375	   8398.2949
    200.1402	   7634.2046
    200.1429	   4859.1299
    200.1455	   2134.8342
    200.1482	      0.0000
    200.1509	      0.0000
    200.1536	      0.0000
    200.1563	      0.0000
    214.1362	      0.0000
    214.1392	      0.0000
    214.1422	      0.0000
    214.1452	      0.0000
    214.1481	   2322.4539
    214.1511	   4956.7368
    214.1541	   6684.1748
    214.1571	   6286.7578
    214.1600	   4149.4805
    214.1630	   1743.3645
    214.1671	      0.0000
    214.1700	      0.0000
    214.1730	      0.0000
    214.1760	      0.0000
    215.0916	      0.0000
    215.0946	      0.0000
    215.0976	      0.0000
    215.1006	      0.0000
    215.1036	   3017.8604
    215.1066	   9308.0332
    215.1096	  24039.0957
    215.1126	  40498.7148
    215.1156	  50381.1758
    215.1186	  37452.0586
    215.1216	  20650.9941
    215.1246	   5027.7202
    215.1276	      0.0000
    215.1295	      0.0000
    215.1325	      0.0000
    215.1355	      0.0000
    215.1385	      0.0000
    225.1007	      0.0000
    225.1039	      0.0000
    225.1071	      0.0000
    225.1103	      0.0000
    225.1135	   2013.3773
    225.1167	  10324.7197
    225.1199	  19841.3164
    225.1232	  28100.5488
    225.1264	  23011.1563
    225.1296	  13073.2158
    225.1328	   3645.3193
    225.1360	      0.0000
    225.1392	      0.0000
    225.1424	      0.0000
    225.1456	      0.0000
    226.0584	      0.0000
    226.0616	      0.0000
    226.0649	      0.0000
    226.0681	      0.0000
    226.0713	   1532.2822
    226.0745	   3838.6912
    226.0777	   6859.2310
    226.0810	   8551.3496
    226.0842	   7451.6924
    226.0874	   4277.0078
    226.0906	   1262.5901
    226.0940	      0.0000
    226.0972	      0.0000
    226.1004	      0.0000
    226.1036	      0.0000
    228.1132	      0.0000
    228.1164	      0.0000
    228.1197	      0.0000
    228.1230	      0.0000
    228.1262	   1888.7996
    228.1295	   4386.4595
    228.1328	   6638.0571
    228.1360	   7103.6392
    228.1393	   5424.7734
    228.1426	   2750.3706
    228.1468	      0.0000
    228.1501	      0.0000
    228.1534	      0.0000
    228.1566	      0.0000
    231.1440	      0.0000
    231.1474	      0.0000
    231.1507	      0.0000
    231.1540	      0.0000
    231.1574	   2189.4070
    231.1607	   5456.8413
    231.1640	  17153.4023
    231.1674	  31883.4395
    231.1707	  45750.0508
    231.1740	  40577.0938
    231.1774	  24244.5410
    231.1807	   9264.3652
    231.1840	    896.8391
    231.1864	      0.0000
    231.1897	      0.0000
    231.1931	      0.0000
    231.1964	      0.0000
    242.1191	      0.0000
    242.1227	      0.0000
    242.1262	      0.0000
    242.1298	      0.0000
    242.1334	    730.3760
    242.1370	   4069.5708
    242.1405	  16951.8125
    242.1441	  40877.8594
    242.1477	  67020.8594
    242.1513	  75177.4063
    242.1548	  51453.7617
    242.1584	  26585.6484
    242.1620	   6408.7471
    242.1656	      0.0000
    242.1691	      0.0000
    242.1727	      0.0000
    242.1763	      0.0000
    242.1799	      0.0000
    242.6058	      0.0000
    242.6094	      0.0000
    242.6130	      0.0000
    242.6166	      0.0000
    242.6202	   2400.2197
    242.6238	   5975.7388
    242.6273	   9426.1455
    242.6309	  10453.7100
    242.6345	   8404.1836
    242.6381	   4810.5483
    242.6417	   1834.6052
    242.6458	      0.0000
    242.6493	      0.0000
    242.6529	      0.0000
    242.6565	      0.0000
    243.0658	      0.0000
    243.0694	      0.0000
    243.0730	      0.0000
    243.0766	      0.0000
    243.0802	    858.8400
    243.0837	   4135.0488
    243.0873	  15552.8506
    243.0909	  23191.8574
    243.0945	  40289.8633
    243.0981	 115875.0625
    243.1017	 353507.5938
    243.1053	 638208.5625
    243.1089	 887136.8125
    243.1125	 752221.3750
    243.1161	 451052.8750
    243.1197	 171201.7344
    243.1233	  39244.3984
    243.1269	   9201.3428
    243.1300	  11125.7285
    243.1336	   4408.5659
    243.1372	   3119.5339
    243.1408	      0.0000
    243.1444	      0.0000
    243.1480	      0.0000
    243.1516	      0.0000
    243.1552	      0.0000
    243.1588	      0.0000
    243.1637	      0.0000
    243.1673	      0.0000
    243.1709	      0.0000
    243.1745	      0.0000
    244.0835	      0.0000
    244.0871	      0.0000
    244.0907	      0.0000
    244.0943	      0.0000
    244.0980	   2564.8069
    244.1016	   8713.7402
    244.1052	  25926.7344
    244.1088	  47279.6680
    244.1124	  66618.1797
    244.1161	  57641.5195
    244.1197	  34382.9609
    244.1233	  12557.6963
    244.1269	   1148.7756
    244.1292	      0.0000
    244.1328	      0.0000
    244.1364	      0.0000
    244.1400	      0.0000
    266.1246	      0.0000
    266.1287	      0.0000
    266.1328	      0.0000
    266.1369	      0.0000
    266.1410	   2292.8945
    266.1452	   4126.7651
    266.1493	   5350.4819
    266.1534	   4996.7056
    266.1575	   3172.9346
    266.1616	      0.0000
    266.1657	      0.0000
    266.1699	      0.0000
    266.1740	      0.0000
    270.1139	      0.0000
    270.1181	      0.0000
    270.1223	      0.0000
    270.1265	      0.0000
    270.1307	   2689.6809
    270.1349	   8486.7588
    270.1391	  17089.3535
    270.1433	  25466.7813
    270.1476	  22994.1914
    270.1518	  13723.2129
    270.1560	   5022.1685
    270.1602	   1879.5731
    270.1645	      0.0000
    270.1687	      0.0000
    270.1729	      0.0000
    270.1771	      0.0000
    282.1132	      0.0000
    282.1177	      0.0000
    282.1222	      0.0000
    282.1267	      0.0000
    282.1312	   1760.1531
    282.1357	   4697.0840
    282.1402	   8277.3271
    282.1446	  10176.4814
    282.1491	   9004.6885
    282.1536	   5600.4897
    282.1581	   2237.8896
    282.1613	      0.0000
    282.1658	      0.0000
    282.1703	      0.0000
    282.1748	      0.0000
    286.9740	      0.0000
    286.9786	      0.0000
    286.9832	      0.0000
    286.9878	      0.0000
    286.9925	   3856.7783
    286.9971	  16882.5605
    287.0017	  31171.6387
    287.0063	  43083.8242
    287.0109	  35920.0234
    287.0155	  21800.2734
    287.0201	   8981.9404
    287.0247	   2734.5110
    287.0308	      0.0000
    287.0354	      0.0000
    287.0400	      0.0000
    287.0446	      0.0000
    296.1640	      0.0000
    296.1688	      0.0000
    296.1736	      0.0000
    296.1785	      0.0000
    296.1833	   3014.0376
    296.1881	   8491.1357
    296.1930	  16542.5938
    296.1978	  22481.8887
    296.2026	  17166.0254
    296.2075	   9179.3525
    296.2123	   2674.2659
    296.2177	      0.0000
    296.2225	      0.0000
    296.2274	      0.0000
    296.2322	      0.0000
    311.1302	      0.0000
    311.1354	      0.0000
    311.1406	      0.0000
    311.1458	      0.0000
    311.1510	    750.5058
    311.1562	   6782.8286
    311.1614	  23158.1641
    311.1666	  41320.8438
    311.1718	  55103.0781
    311.1770	  43555.4258
    311.1822	  25533.5039
    311.1874	   8420.8789
    311.1927	   2306.0664
    311.1973	      0.0000
    311.2025	      0.0000
    311.2077	      0.0000
    311.2129	      0.0000
    312.1367	      0.0000
    312.1419	      0.0000
    312.1472	      0.0000
    312.1524	      0.0000
    312.1576	   1478.9019
    312.1629	   4294.7832
    312.1681	   7954.3086
    312.1733	  10216.2236
    312.1786	   9465.1279
    312.1838	   6321.3647
    312.1890	   2947.7375
    312.1944	      0.0000
    312.1996	      0.0000
    312.2048	      0.0000
    312.2101	      0.0000
    325.1189	      0.0000
    325.1245	      0.0000
    325.1300	      0.0000
    325.1356	      0.0000
    325.1411	   2771.3560
    325.1467	   5439.7432
    325.1523	   6876.8740
    325.1578	   6118.8335
    325.1634	   3815.9436
    325.1703	      0.0000
    325.1759	      0.0000
    325.1815	      0.0000
    325.1870	      0.0000
    328.1552	      0.0000
    328.1608	      0.0000
    328.1665	      0.0000
    328.1721	      0.0000
    328.1778	   2713.8440
    328.1834	   8137.6240
    328.1890	  21168.0234
    328.1947	  35573.5195
    328.2003	  43507.0977
    328.2059	  31554.1953
    328.2116	  17127.5781
    328.2172	   3972.0120
    328.2216	      0.0000
    328.2273	      0.0000
    328.2329	      0.0000
    328.2385	      0.0000
    339.1236	      0.0000
    339.1295	      0.0000
    339.1354	      0.0000
    339.1413	      0.0000
    339.1473	   2944.4290
    339.1532	   9744.0479
    339.1591	  18851.5684
    339.1650	  27641.2559
    339.1710	  25059.6699
    339.1769	  15244.6074
    339.1828	   5977.7451
    339.1887	   2228.9126
    339.1947	      0.0000
    339.2006	      0.0000
    339.2065	      0.0000
    339.2124	      0.0000
    341.1765	      0.0000
    341.1825	      0.0000
    341.1885	      0.0000
    341.1944	      0.0000
    341.2004	   2346.7446
    341.2064	   6472.3794
    341.2124	  15181.0098
    341.2184	  20557.0723
    341.2243	  15815.7051
    341.2303	   8566.0957
    341.2363	   3561.6511
    341.2423	      0.0000
    341.2482	      0.0000
    341.2542	      0.0000
    341.2602	      0.0000
    352.1584	      0.0000
    352.1647	      0.0000
    352.1710	      0.0000
    352.1772	      0.0000
    352.1835	   3050.6411
    352.1898	   6404.7759
    352.1960	   8801.9141
    352.2023	   8330.2813
    352.2086	   5263.5552
    352.2148	   1896.1158
    352.2211	      0.0000
    352.2274	      0.0000
    352.2337	      0.0000
    352.2399	      0.0000
    353.1383	      0.0000
    353.1446	      0.0000
    353.1509	      0.0000
    353.1572	      0.0000
    353.1635	    962.4766
    353.1698	   4054.8843
    353.1761	   8453.4180
    353.1824	  11211.8477
    353.1887	  10301.7002
    353.1950	   6628.6426
    353.2013	   2918.3110
    353.2076	      0.0000
    353.2139	      0.0000
    353.2202	      0.0000
    353.2265	      0.0000
    356.1155	      0.0000
    356.1219	      0.0000
    356.1283	      0.0000
    356.1346	      0.0000
    356.1410	      0.0000
    356.1474	      0.0000
    356.1538	      0.0000
    356.1607	   7720.4746
    356.1671	  12777.0723
    356.1735	  39572.4141
    356.1798	 124901.5313
    356.1862	 227180.7344
    356.1926	 317487.2500
    356.1990	 270958.7500
    356.2053	 163080.8750
    356.2117	  63301.9844
    356.2181	  14844.5596
    356.2245	   3313.2048
    356.2303	      0.0000
    356.2367	      0.0000
    356.2430	      0.0000
    356.2494	      0.0000
    357.0224	      0.0000
    357.0288	      0.0000
    357.0352	      0.0000
    357.0416	      0.0000
    357.0480	   2068.8179
    357.0544	  14044.1475
    357.0608	  33674.4063
    357.0672	  47873.9023
    357.0736	  43357.6289
    357.0800	  29575.3652
    357.0864	  16319.6309
    357.0925	  20759.8047
    357.0989	  62798.2773
    357.1053	 136579.1719
    357.1117	 216436.8281
    357.1181	 230461.1406
    357.1245	 151764.9531
    357.1309	  73056.1953
    357.1373	  17886.7480
    357.1437	   3267.8213
    357.1464	      0.0000
    357.1528	      0.0000
    357.1592	      0.0000
    357.1656	   1427.4697
    357.1720	   5933.5249
    357.1784	  20010.6133
    357.1848	  39037.2031
    357.1912	  48858.8086
    357.1976	  42465.2891
    357.2040	  26664.4297
    357.2104	  11031.3594
    357.2168	   2317.4409
    357.2273	      0.0000
    357.2337	      0.0000
    357.2401	      0.0000
    357.2465	      0.0000
    358.0227	      0.0000
    358.0291	      0.0000
    358.0356	      0.0000
    358.0420	      0.0000
    358.0484	   1817.3362
    358.0548	   4512.4214
    358.0613	   7468.0820
    358.0677	   8959.7813
    358.0741	   8346.5488
    358.0806	   6241.5938
    358.0870	   2438.9224
    358.0934	   2116.5981
    358.0998	   5338.0747
    358.1063	  15314.2471
    358.1127	  26473.4141
    358.1191	  33905.7070
    358.1256	  24526.3047
    358.1320	  12821.2383
    358.1384	   1928.3362
    358.1450	      0.0000
    358.1514	      0.0000
    358.1579	      0.0000
    358.1643	      0.0000
    370.1659	      0.0000
    370.1726	      0.0000
    370.1794	      0.0000
    370.1861	      0.0000
    370.1929	   2796.7944
    370.1996	   5322.5356
    370.2064	   6788.4165
    370.2131	   6159.9106
    370.2199	   3895.6099
    370.2285	      0.0000
    370.2352	      0.0000
    370.2420	      0.0000
    370.2488	      0.0000
    373.1649	      0.0000
    373.1717	      0.0000
    373.1785	      0.0000
    373.1854	      0.0000
    373.1922	   2085.4661
    373.1991	   8357.9248
    373.2059	  26729.6328
    373.2127	  49555.7578
    373.2196	  70922.6406
    373.2264	  62434.0117
    373.2333	  37523.8242
    373.2401	  14534.7129
    373.2469	   1858.7047
    373.2519	      0.0000
    373.2588	      0.0000
    373.2656	      0.0000
    373.2725	      0.0000
    374.1839	      0.0000
    374.1908	      0.0000
    374.1977	      0.0000
    374.2045	      0.0000
    374.2114	   3839.6743
    374.2183	   6234.6733
    374.2251	   7021.9512
    374.2320	   5542.5166
    374.2389	   2917.6724
    374.2459	      0.0000
    374.2528	      0.0000
    374.2596	      0.0000
    374.2665	      0.0000
    398.1538	      0.0000
    398.1614	      0.0000
    398.1689	      0.0000
    398.1765	      0.0000
    398.1840	   3611.7896
    398.1915	   6050.4966
    398.1991	   7571.9590
    398.2066	   7081.1694
    398.2141	   4838.4526
    398.2217	   2255.9502
    398.2292	      0.0000
    398.2367	      0.0000
    398.2443	      0.0000
    398.2518	      0.0000
    410.1516	      0.0000
    410.1595	      0.0000
    410.1674	      0.0000
    410.1753	      0.0000
    410.1831	   2406.3523
    410.1910	   4832.4858
    410.1989	   6277.1855
    410.2068	   5596.1274
    410.2147	   3258.1199
    410.2225	      0.0000
    410.2304	      0.0000
    410.2383	      0.0000
    410.2462	      0.0000
    422.1482	      0.0000
    422.1564	      0.0000
    422.1647	      0.0000
    422.1729	      0.0000
    422.1811	   1657.3910
    422.1894	   4397.2192
    422.1976	   6848.3281
    422.2058	   7291.4082
    422.2140	   5412.2573
    422.2223	   2704.5820
    422.2307	      0.0000
    422.2389	      0.0000
    422.2472	      0.0000
    422.2554	      0.0000
    439.1665	      0.0000
    439.1752	      0.0000
    439.1839	      0.0000
    439.1926	      0.0000
    439.2014	   1946.0010
    439.2101	   5798.2021
    439.2188	  14874.4131
    439.2276	  22098.8164
    439.2363	  20242.8047
    439.2450	  12256.7656
    439.2538	   4621.6372
    439.2625	   1538.3832
    439.2712	      0.0000
    439.2800	      0.0000
    439.2887	      0.0000
    439.2974	      0.0000
    450.1584	      0.0000
    450.1675	      0.0000
    450.1766	      0.0000
    450.1856	      0.0000
    450.1947	   3241.0532
    450.2037	   4887.6563
    450.2128	   5717.1294
    450.2219	   5219.8672
    450.2309	   3538.7512
    450.2400	      0.0000
    450.2491	      0.0000
    450.2581	      0.0000
    450.2672	      0.0000
    456.1978	      0.0000
    456.2070	      0.0000
    456.2163	      0.0000
    456.2255	      0.0000
    456.2347	   1947.4886
    456.2440	   4884.4160
    456.2532	   7224.5625
    456.2625	   7149.0410
    456.2717	   4729.5366
    456.2810	   1878.8617
    456.2905	      0.0000
    456.2998	      0.0000
    456.3090	      0.0000
    456.3182	      0.0000
    467.1495	      0.0000
    467.1591	      0.0000
    467.1687	      0.0000
    467.1782	      0.0000
    467.1878	   1025.9799
    467.1974	   4596.1821
    467.2070	  16195.8438
    467.2166	  28912.0840
    467.2261	  38022.9414
    467.2357	  29432.1738
    467.2453	  16849.9063
    467.2549	   4935.5903
    467.2645	    310.2611
    467.2740	      0.0000
    467.2835	      0.0000
    467.2931	      0.0000
    467.3027	      0.0000
    468.1567	      0.0000
    468.1663	      0.0000
    468.1759	      0.0000
    468.1855	      0.0000
    468.1951	   2828.8093
    468.2047	   5487.5308
    468.2143	   7642.6748
    468.2239	   7884.0605
    468.2335	   5979.0532
    468.2431	   3130.1628
    468.2563	      0.0000
    468.2659	      0.0000
    468.2755	      0.0000
    468.2851	      0.0000
    484.1728	      0.0000
    484.1829	      0.0000
    484.1930	      0.0000
    484.2031	      0.0000
    484.2132	   3324.5798
    484.2234	   8717.8008
    484.2335	  26770.0371
    484.2436	  48810.1602
    484.2537	  66959.1719
    484.2638	  54162.1953
    484.2739	  31020.5332
    484.2840	   8778.4395
    484.2941	      0.0000
    484.3007	      0.0000
    484.3108	      0.0000
    484.3209	      0.0000
    484.3311	      0.0000
    485.1814	      0.0000
    485.1916	      0.0000
    485.2017	      0.0000
    485.2119	      0.0000
    485.2220	   1271.5090
    485.2321	   4301.7930
    485.2423	   8497.0928
    485.2524	  11001.0488
    485.2625	   9733.5029
    485.2727	   5713.7231
    485.2828	   2143.9634
    485.2932	      0.0000
    485.3034	      0.0000
    485.3135	      0.0000
    485.3237	      0.0000
    528.0637	      0.0000
    528.0752	      0.0000
    528.0867	      0.0000
    528.0982	      0.0000
    528.1097	   3270.4753
    528.1212	   5759.8613
    528.1327	   7053.8794
    528.1442	   6173.2676
    528.1558	   3674.8420
    528.1673	      0.0000
    528.1788	      0.0000
    528.1903	      0.0000
    528.2018	      0.0000
    538.2218	      0.0000
    538.2336	      0.0000
    538.2455	      0.0000
    538.2573	      0.0000
    538.2692	   2374.0203
    538.2810	   4489.6973
    538.2929	   5992.7393
    538.3047	   5749.5952
    538.3165	   3871.0752
    538.3284	      0.0000
    538.3403	      0.0000
    538.3521	      0.0000
    538.3640	      0.0000
    566.2133	      0.0000
    566.2261	      0.0000
    566.2388	      0.0000
    566.2516	      0.0000
    566.2644	   2167.6487
    566.2772	   4571.4932
    566.2900	   6028.2520
    566.3028	   5559.4282
    566.3155	   3543.5693
    566.3283	      0.0000
    566.3411	      0.0000
    566.3539	      0.0000
    566.3667	      0.0000
    583.2400	      0.0000
    583.2533	      0.0000
    583.2667	      0.0000
    583.2801	      0.0000
    583.2934	   1527.6470
    583.3068	   4246.0342
    583.3202	   6048.3276
    583.3335	   5461.8042
    583.3469	   3048.5679
    583.3604	      0.0000
    583.3737	      0.0000
    583.3871	      0.0000
    583.4005	      0.0000
    695.2215	      0.0000
    695.2388	      0.0000
    695.2562	      0.0000
    695.2736	      0.0000
    695.2910	   2378.4038
    695.3084	   5456.9561
    695.3258	   7800.6670
    695.3432	   7467.5288
    695.3606	   4640.2822
    695.3780	   1444.6885
    695.3954	      0.0000
    695.4128	      0.0000
    695.4302	      0.0000
    695.4476	      0.0000
    757.5631	      0.0000
    757.5829	      0.0000
    757.6027	      0.0000
    757.6225	      0.0000
