# ljz_20131022_MR_Chym1_ELUTE.mzML
#
# index: 3672
# id: controllerType=0 controllerNumber=1 scan=9648
# scanNumber: 9648
# massAnalyzerType: quadrupole
# scanEvent: 2
# msLevel: 2
# retentionTime: 2461.6
# filterString: FTMS + p NSI d Full ms2 1182.23@hcd28.00 [100.00-3640.00]
# mzLow: 99.0036
# mzHigh: 3677.5
# basePeakMZ: 517.3
# basePeakIntensity: 1.91068e+006
# totalIonCurrent: 2.33562e+007
# precursorCount: 1
# precursor 0: 1181.57 2.45708e+007
# binary (3061): 
     99.0036	      0.0000
     99.0046	      0.0000
     99.0055	      0.0000
     99.0064	      0.0000
    101.0629	      0.0000
    101.0638	      0.0000
    101.0648	      0.0000
    101.0658	      0.0000
    101.0667	   4780.5825
    101.0677	   9883.9668
    101.0687	  33689.3828
    101.0696	 105131.5391
    101.0706	 187138.4219
    101.0716	 255652.7031
    101.0725	 212480.5313
    101.0735	 127288.1406
    101.0744	  47537.8867
    101.0754	  11557.7764
    101.0764	   2987.3286
    101.0773	      0.0000
    101.0782	      0.0000
    101.0792	      0.0000
    101.0801	      0.0000
    102.0686	      0.0000
    102.0696	      0.0000
    102.0706	      0.0000
    102.0716	      0.0000
    102.0726	   4139.3442
    102.0735	   8243.6631
    102.0745	  11134.5576
    102.0755	  10877.7773
    102.0765	   7722.2100
    102.0774	   3747.7788
    102.0784	      0.0000
    102.0794	      0.0000
    102.0804	      0.0000
    102.0814	      0.0000
    102.7509	      0.0000
    102.7519	      0.0000
    102.7528	      0.0000
    102.7538	      0.0000
    102.7548	   3008.7517
    102.7558	   5068.9482
    102.7568	   6100.1465
    102.7578	   5630.5732
    102.7588	   3970.1072
    102.7597	      0.0000
    102.7606	      0.0000
    102.7616	      0.0000
    102.7626	      0.0000
    113.0656	      0.0000
    113.0668	      0.0000
    113.0679	      0.0000
    113.0691	      0.0000
    113.0702	   3637.9067
    113.0713	   5973.1040
    113.0725	   6840.1714
    113.0736	   5660.2603
    113.0748	   3234.4692
    113.0760	      0.0000
    113.0771	      0.0000
    113.0783	      0.0000
    113.0794	      0.0000
    117.0932	      0.0000
    117.0944	      0.0000
    117.0956	      0.0000
    117.0968	      0.0000
    117.0980	    921.0237
    117.0992	   8513.7754
    117.1004	  24834.0762
    117.1016	  42573.3398
    117.1028	  53430.0000
    117.1040	  40688.0234
    117.1052	  23416.4453
    117.1064	   6928.5020
    117.1076	    808.6813
    117.1086	      0.0000
    117.1098	      0.0000
    117.1110	      0.0000
    117.1122	      0.0000
    122.6650	      0.0000
    122.6663	      0.0000
    122.6676	      0.0000
    122.6689	      0.0000
    122.6702	      0.0000
    122.6715	      0.0000
    122.6728	      0.0000
    122.6741	      0.0000
    122.6754	      0.0000
    122.6768	      0.0000
    122.6781	      0.0000
    122.6794	      0.0000
    122.6806	      0.0000
    126.0453	      0.0000
    126.0467	      0.0000
    126.0480	      0.0000
    126.0494	      0.0000
    126.0507	   3558.1863
    126.0521	  15058.3105
    126.0534	  33545.7969
    126.0547	  53738.7813
    126.0561	  56406.1133
    126.0574	  36784.8164
    126.0588	  17748.6992
    126.0601	   3729.9695
    126.0613	      0.0000
    126.0626	      0.0000
    126.0640	      0.0000
    126.0653	      0.0000
    127.0308	      0.0000
    127.0321	      0.0000
    127.0335	      0.0000
    127.0349	      0.0000
    127.0362	   5194.0767
    127.0376	   9552.6436
    127.0389	  11946.3633
    127.0403	  10532.1123
    127.0417	   6334.5425
    127.0430	   2345.3069
    127.0443	      0.0000
    127.0457	      0.0000
    127.0471	      0.0000
    127.0484	      0.0000
    129.0579	      0.0000
    129.0593	      0.0000
    129.0606	      0.0000
    129.0620	      0.0000
    129.0634	   4163.1348
    129.0648	   7818.3643
    129.0662	   9416.6377
    129.0676	   7708.4189
    129.0690	   4080.2136
    129.0708	      0.0000
    129.0722	      0.0000
    129.0735	      0.0000
    129.0749	      0.0000
    129.0916	      0.0000
    129.0930	      0.0000
    129.0944	      0.0000
    129.0958	      0.0000
    129.0972	   2775.4568
    129.0986	   8979.1201
    129.1000	  28263.7715
    129.1014	  51533.6797
    129.1028	  71572.7578
    129.1042	  59883.5352
    129.1055	  35082.2930
    129.1069	  11652.1846
    129.1083	    832.9864
    129.1095	      0.0000
    129.1108	      0.0000
    129.1122	      0.0000
    129.1136	      0.0000
    131.0713	      0.0000
    131.0728	      0.0000
    131.0742	      0.0000
    131.0756	      0.0000
    131.0770	   4651.2705
    131.0785	  18634.1836
    131.0799	  41019.7773
    131.0813	  64840.5078
    131.0827	  65315.0703
    131.0842	  41333.0781
    131.0856	  18559.3926
    131.0870	   3527.4116
    131.0884	      0.0000
    131.0898	      0.0000
    131.0912	      0.0000
    131.0927	      0.0000
    132.0907	      0.0000
    132.0921	      0.0000
    132.0935	      0.0000
    132.0950	      0.0000
    132.0964	   2622.5649
    132.0979	  13573.7207
    132.0993	  45144.0586
    132.1007	  81731.8516
    132.1022	 114028.6641
    132.1036	  97503.9453
    132.1051	  58663.5430
    132.1065	  23025.0977
    132.1079	   4334.9004
    132.1093	      0.0000
    132.1107	      0.0000
    132.1121	      0.0000
    132.1136	      0.0000
    138.0415	      0.0000
    138.0431	      0.0000
    138.0446	      0.0000
    138.0462	      0.0000
    138.0477	   2540.8782
    138.0492	  10007.9658
    138.0508	  39700.8008
    138.0523	 116767.9531
    138.0538	 199238.0313
    138.0554	 253864.3281
    138.0569	 193105.3750
    138.0585	 110972.6016
    138.0600	  34689.1055
    138.0615	   7382.8921
    138.0631	    496.5546
    138.0646	      0.0000
    138.0661	      0.0000
    138.0676	      0.0000
    138.0692	      0.0000
    138.0830	      0.0000
    138.0846	      0.0000
    138.0861	      0.0000
    138.0877	      0.0000
    138.0892	   2911.9966
    138.0907	   6477.2749
    138.0923	   7936.6016
    138.0938	   6258.1284
    138.0954	   3043.7759
    138.0969	      0.0000
    138.0984	      0.0000
    138.0999	      0.0000
    138.1015	      0.0000
    141.0544	      0.0000
    141.0560	      0.0000
    141.0576	      0.0000
    141.0592	      0.0000
    141.0608	   2379.3457
    141.0624	   6619.0459
    141.0640	  12623.7842
    141.0656	  23228.8477
    141.0671	  20604.2930
    141.0687	  10243.2129
    141.0703	   4499.1426
    141.0720	      0.0000
    141.0735	      0.0000
    141.0751	      0.0000
    141.0767	      0.0000
    144.0556	      0.0000
    144.0572	      0.0000
    144.0589	      0.0000
    144.0605	      0.0000
    144.0621	   3147.8657
    144.0638	   7385.3843
    144.0654	  11069.5996
    144.0671	  11722.0645
    144.0687	   8967.8027
    144.0703	   4888.7163
    144.0720	      0.0000
    144.0736	      0.0000
    144.0753	      0.0000
    144.0769	      0.0000
    145.0380	      0.0000
    145.0397	      0.0000
    145.0414	      0.0000
    145.0430	      0.0000
    145.0447	   3213.5557
    145.0463	   7240.7988
    145.0480	  11647.4268
    145.0496	  13724.6016
    145.0513	  11936.6182
    145.0530	   7425.4277
    145.0546	   2956.5369
    145.0562	      0.0000
    145.0579	      0.0000
    145.0596	      0.0000
    145.0612	      0.0000
    147.0638	      0.0000
    147.0655	      0.0000
    147.0672	      0.0000
    147.0689	      0.0000
    147.0705	   2078.4590
    147.0722	   6103.5063
    147.0739	  16241.2949
    147.0756	  27485.0313
    147.0773	  31324.0039
    147.0790	  21494.9160
    147.0807	  10664.9531
    147.0824	   3503.5632
    147.0839	      0.0000
    147.0856	      0.0000
    147.0873	      0.0000
    147.0890	      0.0000
    157.0824	      0.0000
    157.0843	      0.0000
    157.0861	      0.0000
    157.0880	      0.0000
    157.0899	   2164.6064
    157.0917	  11992.3438
    157.0936	  39299.7695
    157.0955	  67657.8906
    157.0973	  87373.2266
    157.0992	  67216.9844
    157.1011	  38792.0938
    157.1029	  12673.9600
    157.1048	   2547.8237
    157.1069	      0.0000
    157.1087	      0.0000
    157.1106	      0.0000
    157.1125	      0.0000
    159.0524	      0.0000
    159.0543	      0.0000
    159.0562	      0.0000
    159.0581	      0.0000
    159.0600	      0.0000
    159.0619	      0.0000
    159.0638	      0.0000
    159.0657	      0.0000
    159.0676	      0.0000
    159.0694	  14283.1240
    159.0713	  60793.3203
    159.0732	 163827.8906
    159.0751	 274524.2188
    159.0770	 329270.8125
    159.0789	 238534.9063
    159.0808	 132047.1094
    159.0827	  41059.8867
    159.0846	  11227.3965
    159.0865	   4312.9673
    159.0886	      0.0000
    159.0905	      0.0000
    159.0924	      0.0000
    159.0943	      0.0000
    159.1762	      0.0000
    159.1781	      0.0000
    159.1800	      0.0000
    159.1819	      0.0000
    159.1838	      0.0000
    159.1857	      0.0000
    159.1876	      0.0000
    159.1895	      0.0000
    159.1914	      0.0000
    159.1933	      0.0000
    159.1952	      0.0000
    159.1971	      0.0000
    159.1990	      0.0000
    159.2314	      0.0000
    159.2333	      0.0000
    159.2352	      0.0000
    159.2371	      0.0000
    159.2390	      0.0000
    159.2410	      0.0000
    159.2429	      0.0000
    159.2448	      0.0000
    159.2467	      0.0000
    159.2486	      0.0000
    159.2505	      0.0000
    159.2524	      0.0000
    159.2543	      0.0000
    160.0541	      0.0000
    160.0561	      0.0000
    160.0580	      0.0000
    160.0599	      0.0000
    160.0618	      0.0000
    160.0637	      0.0000
    160.0657	      0.0000
    160.0676	      0.0000
    160.0695	      0.0000
    160.0714	      0.0000
    160.0733	      0.0000
    160.0753	      0.0000
    160.0772	      0.0000
    160.0791	      0.0000
    160.0810	      0.0000
    160.0829	      0.0000
    160.0849	      0.0000
    160.0868	      0.0000
    160.0887	      0.0000
    160.0906	      0.0000
    160.0926	      0.0000
    160.1214	      0.0000
    160.1233	      0.0000
    160.1252	      0.0000
    160.1271	      0.0000
    160.1291	      0.0000
    160.1310	      0.0000
    160.1329	      0.0000
    160.1348	      0.0000
    160.1368	      0.0000
    160.1387	      0.0000
    160.1406	      0.0000
    160.1425	      0.0000
    160.1444	      0.0000
    160.1656	      0.0000
    160.1675	      0.0000
    160.1694	      0.0000
    160.1714	      0.0000
    160.1733	      0.0000
    160.1752	      0.0000
    160.1771	      0.0000
    160.1791	      0.0000
    160.1810	      0.0000
    160.1829	      0.0000
    160.1848	      0.0000
    160.1867	      0.0000
    160.1887	      0.0000
    160.1906	      0.0000
    160.1925	      0.0000
    160.1944	      0.0000
    160.1963	      0.0000
    160.1983	      0.0000
    160.2002	      0.0000
    163.0456	      0.0000
    163.0476	      0.0000
    163.0495	      0.0000
    163.0515	      0.0000
    163.0535	   2320.6819
    163.0555	   6796.6675
    163.0574	  17445.4863
    163.0594	  28523.2910
    163.0614	  29759.6172
    163.0634	  19071.2012
    163.0653	   7773.8057
    163.0673	   2802.8198
    163.0693	      0.0000
    163.0713	      0.0000
    163.0733	      0.0000
    163.0753	      0.0000
    167.2219	      0.0000
    167.2239	      0.0000
    167.2260	      0.0000
    167.2280	      0.0000
    167.2301	      0.0000
    167.2321	      0.0000
    167.2342	      0.0000
    167.2363	      0.0000
    167.2383	      0.0000
    167.2404	      0.0000
    167.2424	      0.0000
    167.2445	      0.0000
    167.2465	      0.0000
    167.2486	      0.0000
    167.2506	      0.0000
    167.2527	      0.0000
    167.2547	      0.0000
    167.2568	      0.0000
    167.2588	      0.0000
    167.2752	      0.0000
    167.2773	      0.0000
    167.2793	      0.0000
    167.2814	      0.0000
    167.2834	      0.0000
    167.2855	      0.0000
    167.2875	      0.0000
    167.2896	      0.0000
    167.2917	      0.0000
    167.2937	      0.0000
    167.2958	      0.0000
    167.2978	      0.0000
    167.2999	      0.0000
    167.3019	      0.0000
    167.3040	      0.0000
    167.3060	      0.0000
    167.3081	      0.0000
    167.3101	      0.0000
    167.3122	      0.0000
    167.3142	      0.0000
    167.3327	      0.0000
    167.3348	      0.0000
    167.3368	      0.0000
    167.3389	      0.0000
    167.3409	      0.0000
    167.3430	      0.0000
    167.3450	      0.0000
    167.3471	      0.0000
    167.3491	      0.0000
    167.3512	      0.0000
    167.3532	      0.0000
    167.3553	      0.0000
    167.3574	      0.0000
    167.3594	      0.0000
    167.3615	      0.0000
    167.3635	      0.0000
    167.3656	      0.0000
    167.3676	      0.0000
    167.3697	      0.0000
    167.3717	      0.0000
    167.4005	      0.0000
    167.4025	      0.0000
    167.4046	      0.0000
    167.4066	      0.0000
    167.4087	      0.0000
    167.4108	      0.0000
    167.4128	      0.0000
    167.4149	      0.0000
    167.4169	      0.0000
    167.4193	      0.0000
    167.4214	      0.0000
    167.4234	      0.0000
    167.4255	      0.0000
    168.0498	      0.0000
    168.0519	      0.0000
    168.0540	      0.0000
    168.0560	      0.0000
    168.0581	   4688.4297
    168.0602	  17779.8828
    168.0622	  45195.9414
    168.0643	  75433.4609
    168.0664	  90345.6953
    168.0684	  65870.3281
    168.0705	  36511.1250
    168.0726	  10277.5859
    168.0746	   1678.9099
    168.0764	      0.0000
    168.0784	      0.0000
    168.0805	      0.0000
    168.0826	      0.0000
    168.1632	      0.0000
    168.1653	      0.0000
    168.1674	      0.0000
    168.1694	      0.0000
    168.1715	      0.0000
    168.1736	      0.0000
    168.1756	      0.0000
    168.1777	      0.0000
    168.1798	      0.0000
    168.1818	      0.0000
    168.1839	      0.0000
    168.1860	      0.0000
    168.1880	      0.0000
    168.1901	      0.0000
    168.1922	      0.0000
    168.1943	      0.0000
    168.1963	      0.0000
    168.1984	      0.0000
    168.2005	      0.0000
    168.2025	      0.0000
    168.2046	      0.0000
    168.2067	      0.0000
    168.2087	      0.0000
    168.2191	      0.0000
    168.2212	      0.0000
    168.2232	      0.0000
    168.2253	      0.0000
    168.2274	      0.0000
    168.2294	      0.0000
    168.2315	      0.0000
    168.2336	      0.0000
    168.2356	      0.0000
    168.2377	      0.0000
    168.2398	      0.0000
    168.2418	      0.0000
    168.2439	      0.0000
    168.2460	      0.0000
    168.2481	      0.0000
    168.2501	      0.0000
    168.2522	      0.0000
    168.2543	      0.0000
    168.2563	      0.0000
    168.2584	      0.0000
    168.2605	      0.0000
    168.2625	      0.0000
    168.2646	      0.0000
    168.2750	      0.0000
    168.2770	      0.0000
    168.2791	      0.0000
    168.2812	      0.0000
    168.2833	      0.0000
    168.2853	      0.0000
    168.2874	      0.0000
    168.2895	      0.0000
    168.2915	      0.0000
    168.2936	      0.0000
    168.2957	      0.0000
    168.2978	      0.0000
    168.2998	      0.0000
    168.3019	      0.0000
    168.3040	      0.0000
    168.3060	      0.0000
    168.3081	      0.0000
    168.3102	      0.0000
    168.3122	      0.0000
    168.3143	      0.0000
    168.3164	      0.0000
    168.3185	      0.0000
    168.3454	      0.0000
    168.3475	      0.0000
    168.3495	      0.0000
    168.3516	      0.0000
    168.3537	      0.0000
    168.3558	      0.0000
    168.3578	      0.0000
    168.3599	      0.0000
    168.3620	      0.0000
    168.3640	      0.0000
    168.3661	      0.0000
    168.3682	      0.0000
    168.3703	      0.0000
    168.3723	      0.0000
    168.3744	      0.0000
    168.4013	      0.0000
    168.4034	      0.0000
    168.4055	      0.0000
    168.4076	      0.0000
    168.4096	      0.0000
    168.4117	      0.0000
    168.4138	      0.0000
    168.4159	      0.0000
    168.4179	      0.0000
    168.4201	      0.0000
    168.4221	      0.0000
    168.4242	      0.0000
    168.4263	      0.0000
    183.0999	      0.0000
    183.1022	      0.0000
    183.1046	      0.0000
    183.1069	      0.0000
    183.1093	   4785.3867
    183.1116	   8772.5557
    183.1140	  10336.2998
    183.1163	   8220.3379
    183.1187	   4172.0518
    183.1210	      0.0000
    183.1234	      0.0000
    183.1257	      0.0000
    183.1281	      0.0000
    185.0781	      0.0000
    185.0805	      0.0000
    185.0829	      0.0000
    185.0853	      0.0000
    185.0877	   2707.0056
    185.0900	   5708.2056
    185.0924	   7173.9976
    185.0948	   5854.2627
    185.0972	   2908.4226
    185.0996	      0.0000
    185.1020	      0.0000
    185.1044	      0.0000
    185.1068	      0.0000
    185.1163	      0.0000
    185.1187	      0.0000
    185.1211	      0.0000
    185.1235	      0.0000
    185.1259	   3629.2070
    185.1283	   6472.2617
    185.1307	   7711.3525
    185.1330	   6624.2144
    185.1354	   4139.4727
    185.1378	      0.0000
    185.1402	      0.0000
    185.1426	      0.0000
    185.1450	      0.0000
    186.0588	      0.0000
    186.0612	      0.0000
    186.0636	      0.0000
    186.0660	      0.0000
    186.0684	   3865.7422
    186.0708	  13113.2949
    186.0732	  25305.7754
    186.0756	  37425.8828
    186.0781	  35699.9375
    186.0805	  22502.3574
    186.0829	  10260.3760
    186.0853	   3967.5447
    186.0877	      0.0000
    186.0901	      0.0000
    186.0925	      0.0000
    186.0949	      0.0000
    196.0934	      0.0000
    196.0960	      0.0000
    196.0986	      0.0000
    196.1012	      0.0000
    196.1038	   4501.1890
    196.1064	   7153.8252
    196.1090	   7787.3223
    196.1116	   6082.0288
    196.1142	   3322.9045
    196.1168	      0.0000
    196.1195	      0.0000
    196.1221	      0.0000
    196.1247	      0.0000
    196.1273	      0.0000
    196.1299	      0.0000
    196.1325	      0.0000
    196.1351	   2760.9563
    196.1377	   6146.7646
    196.1403	  18618.5352
    196.1429	  31487.7676
    196.1455	  37918.0234
    196.1481	  27438.1074
    196.1507	  14708.3320
    196.1533	   3426.8694
    196.1559	      0.0000
    196.1585	      0.0000
    196.1611	      0.0000
    196.1637	      0.0000
    197.0974	      0.0000
    197.1001	      0.0000
    197.1027	      0.0000
    197.1053	      0.0000
    197.1079	   1413.1635
    197.1106	  10941.7148
    197.1132	   5987.3838
    197.1158	   5536.7954
    197.1185	  10267.3262
    197.1211	  36674.5703
    197.1238	 115296.4375
    197.1264	 201898.7813
    197.1290	 268709.7188
    197.1316	 213533.1563
    197.1343	 125583.5859
    197.1369	  42931.4805
    197.1395	  10993.6553
    197.1421	   4569.6069
    197.1447	      0.0000
    197.1473	      0.0000
    197.1499	      0.0000
    197.1526	      0.0000
    198.1118	      0.0000
    198.1145	      0.0000
    198.1171	      0.0000
    198.1198	      0.0000
    198.1224	   1919.5348
    198.1251	   5409.3496
    198.1277	  10907.4648
    198.1303	  14922.3857
    198.1330	  14513.6982
    198.1356	   9892.1045
    198.1383	   4395.2646
    198.1409	      0.0000
    198.1436	      0.0000
    198.1462	      0.0000
    198.1489	      0.0000
    200.1213	      0.0000
    200.1240	      0.0000
    200.1267	      0.0000
    200.1294	      0.0000
    200.1320	   4821.2827
    200.1347	  11058.2705
    200.1374	  20545.5957
    200.1401	  26979.7344
    200.1428	  20513.8066
    200.1455	   8285.8223
    200.1482	   3005.0620
    200.1509	      0.0000
    200.1536	      0.0000
    200.1563	      0.0000
    200.1590	      0.0000
    204.0644	      0.0000
    204.0671	      0.0000
    204.0699	      0.0000
    204.0727	      0.0000
    204.0754	   5019.4688
    204.0782	  21436.5801
    204.0810	  75733.5859
    204.0837	 142656.8594
    204.0865	 205053.1875
    204.0893	 180226.7656
    204.0920	 109822.8984
    204.0948	  45219.9648
    204.0976	  12042.3779
    204.1003	   3958.0801
    204.1031	      0.0000
    204.1058	      0.0000
    204.1086	      0.0000
    204.1114	      0.0000
    205.0718	      0.0000
    205.0746	      0.0000
    205.0774	      0.0000
    205.0802	      0.0000
    205.0829	   3755.1262
    205.0857	   6785.5542
    205.0885	   8581.0557
    205.0913	   7829.9019
    205.0941	   4933.6714
    205.0969	      0.0000
    205.0996	      0.0000
    205.1024	      0.0000
    205.1052	      0.0000
    207.0950	      0.0000
    207.0979	      0.0000
    207.1007	      0.0000
    207.1035	      0.0000
    207.1063	   2459.0000
    207.1092	   5827.7769
    207.1120	   8815.0889
    207.1148	   9466.5879
    207.1177	   7273.6440
    207.1205	   3722.4700
    207.1233	      0.0000
    207.1261	      0.0000
    207.1289	      0.0000
    207.1318	      0.0000
    211.0869	      0.0000
    211.0898	      0.0000
    211.0927	      0.0000
    211.0956	      0.0000
    211.0985	   3015.2458
    211.1014	  12982.0176
    211.1043	  27930.9375
    211.1072	  43433.0313
    211.1101	  41748.2383
    211.1131	  25631.3340
    211.1160	  10726.2490
    211.1189	   1612.6493
    211.1218	      0.0000
    211.1247	      0.0000
    211.1276	      0.0000
    211.1305	      0.0000
    213.0967	      0.0000
    213.0996	      0.0000
    213.1026	      0.0000
    213.1055	      0.0000
    213.1085	   3808.3379
    213.1115	   5894.6177
    213.1144	  22782.0820
    213.1174	  78968.8047
    213.1203	 148077.6875
    213.1233	 212288.3125
    213.1262	 187138.9531
    213.1292	 114288.9766
    213.1321	  47145.8672
    213.1351	  12640.6094
    213.1380	   3433.3577
    213.1410	      0.0000
    213.1439	      0.0000
    213.1469	      0.0000
    213.1498	      0.0000
    214.1064	      0.0000
    214.1094	      0.0000
    214.1124	      0.0000
    214.1154	      0.0000
    214.1183	   4209.2041
    214.1213	   7657.6499
    214.1243	   9854.5322
    214.1272	   9368.3477
    214.1302	   6586.4321
    214.1332	   3319.7178
    214.1362	      0.0000
    214.1391	      0.0000
    214.1421	      0.0000
    214.1451	      0.0000
    214.1481	   2996.4622
    214.1510	   6097.0137
    214.1540	   8341.5625
    214.1570	   7937.3618
    214.1599	   5122.3506
    214.1636	      0.0000
    214.1665	      0.0000
    214.1695	      0.0000
    214.1725	      0.0000
    225.0980	      0.0000
    225.1012	      0.0000
    225.1044	      0.0000
    225.1077	      0.0000
    225.1109	   2563.7021
    225.1141	   5488.8511
    225.1173	  18987.9180
    225.1205	  34657.2500
    225.1237	  48490.3438
    225.1269	  41823.2344
    225.1301	  24959.9629
    225.1333	   9307.9268
    225.1365	    725.5229
    225.1391	      0.0000
    225.1423	      0.0000
    225.1455	      0.0000
    225.1487	      0.0000
    227.1195	      0.0000
    227.1227	      0.0000
    227.1260	      0.0000
    227.1292	      0.0000
    227.1325	   4449.5029
    227.1357	   7342.6274
    227.1390	   8111.3223
    227.1422	   6142.6475
    227.1455	   2887.2632
    227.1486	      0.0000
    227.1519	      0.0000
    227.1551	      0.0000
    227.1584	      0.0000
    228.0998	      0.0000
    228.1031	      0.0000
    228.1063	      0.0000
    228.1096	      0.0000
    228.1129	   5129.2510
    228.1161	   8280.1201
    228.1194	   8497.4795
    228.1227	  25246.2227
    228.1259	  94884.1797
    228.1292	 223269.8594
    228.1325	 362493.6250
    228.1357	 403067.2813
    228.1390	 277030.3438
    228.1423	 145686.5938
    228.1456	  43289.7539
    228.1488	  11724.6104
    228.1521	   4919.8613
    228.1556	      0.0000
    228.1588	      0.0000
    228.1621	      0.0000
    228.1654	      0.0000
    229.0966	      0.0000
    229.0999	      0.0000
    229.1032	      0.0000
    229.1065	      0.0000
    229.1098	   3746.8345
    229.1131	   8586.3096
    229.1164	  12702.0869
    229.1197	  12304.7100
    229.1230	   7659.5127
    229.1262	   6296.4697
    229.1295	  11461.2744
    229.1328	  26410.5527
    229.1361	  42263.1992
    229.1394	  44789.6016
    229.1427	  28961.9766
    229.1460	  12889.7520
    229.1493	   1471.5710
    229.1526	      0.0000
    229.1559	      0.0000
    229.1591	      0.0000
    229.1624	      0.0000
    230.0932	      0.0000
    230.0965	      0.0000
    230.0998	      0.0000
    230.1031	      0.0000
    230.1064	   3271.2432
    230.1098	   8092.0850
    230.1131	  12288.0557
    230.1164	  12920.8867
    230.1197	   9645.3213
    230.1230	   5087.1504
    230.1264	      0.0000
    230.1297	      0.0000
    230.1330	      0.0000
    230.1364	   2757.5862
    230.1397	   5818.9746
    230.1430	  19782.3789
    230.1463	  35767.0391
    230.1496	  50400.5820
    230.1529	  44544.6523
    230.1562	  27330.1875
    230.1595	  11456.9902
    230.1628	   2332.4514
    230.1660	      0.0000
    230.1693	      0.0000
    230.1727	      0.0000
    230.1760	      0.0000
    235.0826	      0.0000
    235.0860	      0.0000
    235.0894	      0.0000
    235.0928	      0.0000
    235.0962	   1971.9811
    235.0997	   5580.1338
    235.1031	  11066.2480
    235.1065	  14818.7178
    235.1099	  14021.0391
    235.1133	   9318.6328
    235.1168	   4070.8306
    235.1196	      0.0000
    235.1230	      0.0000
    235.1265	      0.0000
    235.1299	      0.0000
    240.1083	      0.0000
    240.1119	      0.0000
    240.1154	      0.0000
    240.1189	      0.0000
    240.1225	   2082.2002
    240.1260	  14862.4492
    240.1295	  33562.3594
    240.1331	  53378.4688
    240.1366	  52313.9609
    240.1401	  32763.4043
    240.1436	  14690.2314
    240.1472	   3382.0901
    240.1511	      0.0000
    240.1546	      0.0000
    240.1581	      0.0000
    240.1617	      0.0000
    242.1044	      0.0000
    242.1080	      0.0000
    242.1116	      0.0000
    242.1152	      0.0000
    242.1187	   3869.7476
    242.1223	   9601.4189
    242.1259	  13050.2021
    242.1295	  22419.8438
    242.1330	  22958.6543
    242.1366	  63822.9922
    242.1402	 238620.4531
    242.1438	 630210.3125
    242.1473	1052431.0000
    242.1509	1267293.0000
    242.1545	 924734.6250
    242.1581	 516981.5938
    242.1616	 163578.5781
    242.1652	  46335.1367
    242.1688	  19483.8965
    242.1723	  11314.0732
    242.1759	      0.0000
    242.1794	      0.0000
    242.1830	      0.0000
    242.1866	      0.0000
    242.1901	      0.0000
    243.0936	      0.0000
    243.0972	      0.0000
    243.1008	      0.0000
    243.1044	      0.0000
    243.1080	     28.7410
    243.1116	   5914.4180
    243.1152	  11211.4092
    243.1188	  16232.8203
    243.1224	  72279.2813
    243.1260	 288490.4688
    243.1295	 565140.1250
    243.1331	 832014.5000
    243.1367	 750071.6875
    243.1403	 465501.5938
    243.1439	 203154.6406
    243.1475	  85097.3125
    243.1511	  76254.1328
    243.1551	  84743.2578
    243.1587	  59001.7617
    243.1623	  26101.7676
    243.1659	      0.0000
    243.1690	      0.0000
    243.1726	      0.0000
    243.1762	      0.0000
    243.1798	      0.0000
    244.1069	      0.0000
    244.1105	      0.0000
    244.1141	      0.0000
    244.1178	      0.0000
    244.1214	      0.0000
    244.1250	   5865.3208
    244.1286	  26946.8125
    244.1322	  57258.7773
    244.1359	  89236.8906
    244.1395	  88124.8516
    244.1431	  56732.3203
    244.1467	  27215.4863
    244.1503	   8741.3428
    244.1539	   4027.1472
    244.1580	      0.0000
    244.1616	      0.0000
    244.1652	      0.0000
    244.1688	      0.0000
    246.1203	      0.0000
    246.1239	      0.0000
    246.1276	      0.0000
    246.1313	      0.0000
    246.1349	   4669.2139
    246.1386	  13726.4893
    246.1422	  24362.3320
    246.1459	  30917.4668
    246.1496	  22767.6230
    246.1532	  12368.6602
    246.1569	   3728.6660
    246.1605	      0.0000
    246.1642	      0.0000
    246.1678	      0.0000
    246.1715	      0.0000
    257.1384	      0.0000
    257.1423	      0.0000
    257.1462	      0.0000
    257.1501	      0.0000
    257.1541	   4199.0806
    257.1580	   7667.2173
    257.1619	   8701.6914
    257.1658	   6566.9004
    257.1697	   3042.3115
    257.1735	      0.0000
    257.1774	      0.0000
    257.1813	      0.0000
    257.1852	      0.0000
    258.1031	      0.0000
    258.1070	      0.0000
    258.1110	      0.0000
    258.1149	      0.0000
    258.1188	   3602.8247
    258.1228	   8875.8818
    258.1267	  10280.2451
    258.1306	  34293.8750
    258.1346	 132418.1406
    258.1385	 324345.6250
    258.1424	 532441.5000
    258.1464	 609153.6250
    258.1503	 428199.7500
    258.1542	 231580.2500
    258.1582	  71662.2266
    258.1621	  21857.6582
    258.1660	  12085.9248
    258.1700	   8024.5376
    258.1739	   2744.0054
    258.1783	      0.0000
    258.1822	      0.0000
    258.1861	      0.0000
    258.1901	      0.0000
    259.1173	      0.0000
    259.1213	      0.0000
    259.1253	      0.0000
    259.1292	      0.0000
    259.1332	   2927.0222
    259.1371	  14288.2217
    259.1411	  37718.2031
    259.1450	  63171.7695
    259.1490	  77799.0625
    259.1529	  59174.0859
    259.1569	  34585.4688
    259.1609	  11590.6563
    259.1648	   2597.8650
    259.1687	      0.0000
    259.1727	      0.0000
    259.1766	      0.0000
    259.1806	      0.0000
    260.1132	      0.0000
    260.1171	      0.0000
    260.1211	      0.0000
    260.1251	      0.0000
    260.1291	   1718.2683
    260.1331	   8568.4561
    260.1370	  16228.5020
    260.1410	  19005.2422
    260.1450	  40716.7813
    260.1490	 142147.0000
    260.1530	 444472.0938
    260.1569	 784764.5000
    260.1609	1061602.0000
    260.1649	 869717.0000
    260.1689	 518158.2500
    260.1729	 192648.6094
    260.1768	  51161.1055
    260.1808	  14073.4355
    260.1848	   9676.3926
    260.1888	      0.0000
    260.1927	      0.0000
    260.1967	      0.0000
    260.2007	      0.0000
    260.2046	      0.0000
    261.1308	      0.0000
    261.1348	      0.0000
    261.1388	      0.0000
    261.1428	      0.0000
    261.1468	   3259.4695
    261.1508	  10820.7100
    261.1548	  36872.1445
    261.1588	  72240.5781
    261.1628	 108083.7422
    261.1668	 102875.2344
    261.1708	  64933.6680
    261.1748	  29756.4199
    261.1788	   7721.6675
    261.1828	    925.4535
    261.1866	      0.0000
    261.1906	      0.0000
    261.1946	      0.0000
    261.1986	      0.0000
    275.1345	      0.0000
    275.1388	      0.0000
    275.1431	      0.0000
    275.1475	      0.0000
    275.1518	   3210.9883
    275.1561	  10707.4082
    275.1605	  42530.7461
    275.1648	  98711.4219
    275.1691	 159624.0313
    275.1735	 174014.0781
    275.1778	 117619.5703
    275.1821	  60250.7344
    275.1864	  16741.8262
    275.1908	   3658.9158
    275.1954	      0.0000
    275.1998	      0.0000
    275.2041	      0.0000
    275.2084	      0.0000
    276.1419	      0.0000
    276.1462	      0.0000
    276.1506	      0.0000
    276.1549	      0.0000
    276.1593	   2882.5779
    276.1637	   7001.6460
    276.1680	  15388.4404
    276.1724	  25420.0957
    276.1767	  26881.1855
    276.1811	  12754.7031
    276.1854	   6151.5425
    276.1898	   1708.7970
    276.1926	      0.0000
    276.1970	      0.0000
    276.2013	      0.0000
    276.2057	      0.0000
    285.1199	      0.0000
    285.1244	      0.0000
    285.1290	      0.0000
    285.1336	      0.0000
    285.1381	   2422.8811
    285.1427	  12852.1074
    285.1473	  35031.6680
    285.1518	  58279.4258
    285.1564	  68938.4297
    285.1610	  50216.8672
    285.1655	  28383.1973
    285.1701	   9879.6396
    285.1747	   1986.9489
    285.1807	      0.0000
    285.1852	      0.0000
    285.1898	      0.0000
    285.1944	      0.0000
    291.6096	      0.0000
    291.6143	      0.0000
    291.6191	      0.0000
    291.6238	      0.0000
    291.6285	   2884.2813
    291.6332	   5963.1846
    291.6380	   7418.7036
    291.6427	   6251.5913
    291.6474	   3483.6462
    291.6522	      0.0000
    291.6569	      0.0000
    291.6617	      0.0000
    291.6664	      0.0000
    313.1118	      0.0000
    313.1171	      0.0000
    313.1223	      0.0000
    313.1276	      0.0000
    313.1328	   3518.1875
    313.1381	   9032.3770
    313.1433	  21715.4043
    313.1486	  35605.7109
    313.1539	  37002.1602
    313.1591	  23244.5859
    313.1644	  10355.4736
    313.1696	   3925.3257
    313.1750	      0.0000
    313.1803	      0.0000
    313.1855	      0.0000
    313.1908	      0.0000
    323.1372	      0.0000
    323.1427	      0.0000
    323.1482	      0.0000
    323.1537	      0.0000
    323.1592	   2402.7600
    323.1648	   5673.3867
    323.1703	   8269.1357
    323.1758	   8557.7383
    323.1813	   6396.8296
    323.1868	   3285.2280
    323.1923	      0.0000
    323.1978	      0.0000
    323.2033	      0.0000
    323.2088	      0.0000
    324.1202	      0.0000
    324.1257	      0.0000
    324.1313	      0.0000
    324.1368	      0.0000
    324.1423	   4370.1260
    324.1479	   8635.5967
    324.1534	  11673.6797
    324.1589	  11355.0176
    324.1645	   8086.1523
    324.1700	   4138.9360
    324.1755	      0.0000
    324.1811	      0.0000
    324.1866	      0.0000
    324.1921	      0.0000
    326.1723	      0.0000
    326.1779	      0.0000
    326.1834	      0.0000
    326.1890	      0.0000
    326.1946	   2512.9727
    326.2002	   6790.5254
    326.2058	  10083.0146
    326.2114	  10137.3389
    326.2170	   7275.3701
    326.2226	   3658.7922
    326.2283	      0.0000
    326.2339	      0.0000
    326.2395	      0.0000
    326.2451	      0.0000
    340.1625	      0.0000
    340.1684	      0.0000
    340.1744	      0.0000
    340.1803	      0.0000
    340.1863	   2151.4609
    340.1922	   6118.1660
    340.1982	   8871.2891
    340.2041	   8376.6006
    340.2101	   5257.4038
    340.2160	      0.0000
    340.2220	      0.0000
    340.2279	      0.0000
    340.2339	      0.0000
    341.1405	      0.0000
    341.1465	      0.0000
    341.1525	      0.0000
    341.1585	      0.0000
    341.1644	   2418.7200
    341.1704	   7901.3740
    341.1764	  21406.4961
    341.1824	  31459.3574
    341.1883	  28242.8184
    341.1943	  17017.9688
    341.2003	   6153.7578
    341.2063	   2310.0413
    341.2123	      0.0000
    341.2182	      0.0000
    341.2242	      0.0000
    341.2302	      0.0000
    342.1588	      0.0000
    342.1648	      0.0000
    342.1708	      0.0000
    342.1768	      0.0000
    342.1828	   3617.5305
    342.1888	  12668.5977
    342.1948	  26455.2246
    342.2008	  40884.1211
    342.2068	  41830.5117
    342.2129	  26957.5879
    342.2189	  12513.8574
    342.2249	   2364.0359
    342.2309	      0.0000
    342.2369	      0.0000
    342.2429	      0.0000
    342.2489	      0.0000
    351.1263	      0.0000
    351.1325	      0.0000
    351.1387	      0.0000
    351.1450	      0.0000
    351.1512	   3124.9739
    351.1575	   5628.1997
    351.1637	   6846.4277
    351.1700	   5981.9458
    351.1762	   3614.1482
    351.1824	      0.0000
    351.1886	      0.0000
    351.1949	      0.0000
    351.2011	      0.0000
    358.1575	      0.0000
    358.1640	      0.0000
    358.1704	      0.0000
    358.1768	      0.0000
    358.1832	   1904.1118
    358.1897	  10277.4102
    358.1961	  35767.0820
    358.2025	  64417.7383
    358.2090	  87491.3359
    358.2154	  71203.9219
    358.2218	  42030.4805
    358.2283	  14884.1621
    358.2347	   3334.6458
    358.2423	      0.0000
    358.2487	      0.0000
    358.2552	      0.0000
    358.2616	      0.0000
    359.1703	      0.0000
    359.1767	      0.0000
    359.1832	      0.0000
    359.1896	      0.0000
    359.1961	   1934.9254
    359.2025	   6477.7188
    359.2090	  19328.2520
    359.2155	  58475.4414
    359.2219	 111057.4766
    359.2284	 162961.2500
    359.2348	 150564.1563
    359.2413	  93376.0078
    359.2478	  40534.1602
    359.2542	   9175.8799
    359.2607	    945.5150
    359.2660	      0.0000
    359.2724	      0.0000
    359.2789	      0.0000
    359.2853	      0.0000
    360.1914	      0.0000
    360.1979	      0.0000
    360.2044	      0.0000
    360.2109	      0.0000
    360.2174	      0.0000
    360.2238	      0.0000
    360.2303	      0.0000
    360.2368	      0.0000
    360.2433	      0.0000
    360.2498	      0.0000
    360.2564	      0.0000
    360.2629	      0.0000
    360.2694	      0.0000
    360.2759	      0.0000
    366.0924	      0.0000
    366.0990	      0.0000
    366.1057	      0.0000
    366.1123	      0.0000
    366.1190	   3332.6450
    366.1256	   8683.8545
    366.1323	  20259.7949
    366.1389	  28251.2676
    366.1455	  22560.9492
    366.1522	  12704.9199
    366.1588	   2751.6782
    366.1658	      0.0000
    366.1724	      0.0000
    366.1791	      0.0000
    366.1857	      0.0000
    368.1410	      0.0000
    368.1477	      0.0000
    368.1544	      0.0000
    368.1611	      0.0000
    368.1678	    969.1616
    368.1745	   8141.9033
    368.1812	  25775.7773
    368.1879	  44870.0352
    368.1946	  56066.5703
    368.2013	  41373.0703
    368.2080	  22641.3672
    368.2147	   6075.8398
    368.2214	   1376.9023
    368.2278	      0.0000
    368.2345	      0.0000
    368.2412	      0.0000
    368.2479	      0.0000
    369.1276	      0.0000
    369.1343	      0.0000
    369.1410	      0.0000
    369.1478	      0.0000
    369.1545	      0.0000
    369.1612	   5840.8252
    369.1679	  17813.2598
    369.1747	  30070.4902
    369.1814	  34039.6719
    369.1881	  24498.5879
    369.1949	   9617.7295
    369.2016	   4252.6465
    369.2083	      0.0000
    369.2150	      0.0000
    369.2218	      0.0000
    369.2285	      0.0000
    383.1504	      0.0000
    383.1575	      0.0000
    383.1646	      0.0000
    383.1718	      0.0000
    383.1789	   3835.2546
    383.1860	   7984.0508
    383.1931	  10986.5332
    383.2002	  10523.4336
    383.2073	   6814.4072
    383.2144	   2641.2034
    383.2216	      0.0000
    383.2287	      0.0000
    383.2358	      0.0000
    383.2429	      0.0000
    386.1126	      0.0000
    386.1198	      0.0000
    386.1270	      0.0000
    386.1342	      0.0000
    386.1414	      0.0000
    386.1486	      0.0000
    386.1558	      0.0000
    386.1630	      0.0000
    386.1702	      0.0000
    386.1769	  44913.1328
    386.1841	 173543.5938
    386.1913	 434292.0313
    386.1985	 716732.0000
    386.2057	 832324.8750
    386.2129	 590979.6250
    386.2201	 322336.8125
    386.2273	  99644.6563
    386.2345	  28728.5234
    386.2417	  14069.0547
    386.2489	   8570.3799
    386.2561	    742.4648
    386.2662	      0.0000
    386.2734	      0.0000
    386.2806	      0.0000
    386.2878	      0.0000
    387.1462	      0.0000
    387.1534	      0.0000
    387.1606	      0.0000
    387.1678	      0.0000
    387.1751	   3713.1782
    387.1823	  17301.2500
    387.1895	  46889.5781
    387.1967	  89192.3828
    387.2040	 133753.1563
    387.2112	 138757.1563
    387.2184	  93689.1563
    387.2257	  48314.1602
    387.2329	  12177.0645
    387.2401	      0.0000
    387.2450	      0.0000
    387.2522	      0.0000
    387.2594	      0.0000
    387.2667	      0.0000
    388.1428	      0.0000
    388.1501	      0.0000
    388.1573	      0.0000
    388.1646	      0.0000
    388.1719	   3223.3350
    388.1791	   6546.9160
    388.1864	   9464.3613
    388.1936	  10481.7158
    388.2009	   9372.6523
    388.2081	   6998.4497
    388.2154	   4404.0967
    388.2228	      0.0000
    388.2301	      0.0000
    388.2373	      0.0000
    388.2446	      0.0000
    398.1838	      0.0000
    398.1914	      0.0000
    398.1989	      0.0000
    398.2064	      0.0000
    398.2140	   2111.7190
    398.2215	   5727.2212
    398.2291	  10828.7852
    398.2366	  14344.8936
    398.2441	  13580.7539
    398.2517	   8948.5049
    398.2592	   3779.9578
    398.2667	      0.0000
    398.2743	      0.0000
    398.2818	      0.0000
    398.2894	      0.0000
    404.1590	      0.0000
    404.1667	      0.0000
    404.1744	      0.0000
    404.1821	      0.0000
    404.1898	   2801.0134
    404.1975	   7409.6748
    404.2052	  16425.4375
    404.2130	  25507.3262
    404.2207	  23107.3359
    404.2284	  10831.3145
    404.2361	   4724.4351
    404.2440	      0.0000
    404.2517	      0.0000
    404.2594	      0.0000
    404.2671	      0.0000
    454.1986	      0.0000
    454.2078	      0.0000
    454.2170	      0.0000
    454.2262	      0.0000
    454.2353	   2940.2739
    454.2445	   8158.2905
    454.2537	  18863.9023
    454.2629	  28285.5996
    454.2721	  25306.0098
    454.2813	  15394.6182
    454.2904	   5289.2095
    454.2996	      0.0000
    454.3088	      0.0000
    454.3180	      0.0000
    454.3272	      0.0000
    455.2103	      0.0000
    455.2195	      0.0000
    455.2287	      0.0000
    455.2379	      0.0000
    455.2471	   4463.3115
    455.2563	   7989.2900
    455.2656	  10266.3701
    455.2748	   9634.1611
    455.2840	   6329.7485
    455.2932	   2647.4841
    455.3026	      0.0000
    455.3119	      0.0000
    455.3211	      0.0000
    455.3303	      0.0000
    471.2269	      0.0000
    471.2366	      0.0000
    471.2463	      0.0000
    471.2560	      0.0000
    471.2657	   3753.4290
    471.2754	  15294.7949
    471.2851	  27108.8281
    471.2948	  34948.8125
    471.3045	  26373.7461
    471.3142	  14810.4912
    471.3239	   4719.3408
    471.3336	      0.0000
    471.3434	      0.0000
    471.3531	      0.0000
    471.3628	      0.0000
    472.2084	      0.0000
    472.2182	      0.0000
    472.2279	      0.0000
    472.2376	      0.0000
    472.2474	   3446.3508
    472.2571	   7846.9644
    472.2668	  17668.4453
    472.2766	  28343.8555
    472.2863	  31181.3516
    472.2960	  22790.3262
    472.3058	   8635.8438
    472.3155	   3268.6721
    472.3252	      0.0000
    472.3350	      0.0000
    472.3447	      0.0000
    472.3545	      0.0000
    481.2118	      0.0000
    481.2218	      0.0000
    481.2318	      0.0000
    481.2418	      0.0000
    481.2519	   3506.9810
    481.2619	   9611.5029
    481.2719	  22651.6660
    481.2819	  24596.7246
    481.2919	  15369.8965
    481.3019	   6324.2578
    481.3119	   3298.2959
    481.3220	      0.0000
    481.3320	      0.0000
    481.3420	      0.0000
    481.3520	      0.0000
    482.1845	      0.0000
    482.1946	      0.0000
    482.2046	      0.0000
    482.2147	      0.0000
    482.2247	   3197.6812
    482.2347	   8950.7461
    482.2448	  21714.1602
    482.2548	  35590.2969
    482.2649	  39225.3359
    482.2749	  26277.4141
    482.2850	  12900.9766
    482.2950	   2063.2288
    482.3056	      0.0000
    482.3156	      0.0000
    482.3257	      0.0000
    482.3357	      0.0000
    499.1935	      0.0000
    499.2041	      0.0000
    499.2147	      0.0000
    499.2252	      0.0000
    499.2358	   3182.3633
    499.2464	   6738.5376
    499.2570	  24596.3418
    499.2676	  77193.8906
    499.2781	 134547.3281
    499.2887	 177992.6563
    499.2993	 140600.5156
    499.3099	  81799.3594
    499.3205	  26600.6250
    499.3311	   5059.4980
    499.3395	      0.0000
    499.3501	      0.0000
    499.3607	      0.0000
    499.3713	      0.0000
    500.1873	      0.0000
    500.1979	      0.0000
    500.2085	      0.0000
    500.2191	      0.0000
    500.2297	      0.0000
    500.2404	   7233.8350
    500.2510	  27044.9102
    500.2616	  53607.8516
    500.2722	  81534.9375
    500.2828	  83396.5703
    500.2934	  56791.8398
    500.3040	  30745.5254
    500.3147	  10035.7813
    500.3253	   1009.9938
    500.3375	      0.0000
    500.3481	      0.0000
    500.3587	      0.0000
    500.3694	      0.0000
    501.2091	      0.0000
    501.2198	      0.0000
    501.2304	      0.0000
    501.2411	      0.0000
    501.2517	   3711.4482
    501.2624	   6990.8408
    501.2730	   9562.9248
    501.2837	   9953.3223
    501.2943	   7817.2109
    501.3049	   4346.5151
    501.3163	      0.0000
    501.3270	      0.0000
    501.3376	      0.0000
    501.3483	      0.0000
    517.1629	      0.0000
    517.1740	      0.0000
    517.1852	      0.0000
    517.1963	      0.0000
    517.2075	      0.0000
    517.2187	  25225.2832
    517.2298	  39336.0039
    517.2410	  46229.0859
    517.2521	  65165.1523
    517.2633	 206390.0469
    517.2744	 687328.6875
    517.2856	1299065.2500
    517.2968	1885597.3750
    517.3079	1694192.3750
    517.3191	1043313.0625
    517.3302	 444644.1250
    517.3414	 120309.9766
    517.3526	  39695.2891
    517.3637	  33767.8242
    517.3749	  16081.6807
    517.3861	   7065.4595
    517.3972	   2995.6475
    517.4079	      0.0000
    517.4191	      0.0000
    517.4302	      0.0000
    517.4414	      0.0000
    517.5754	      0.0000
    517.5866	      0.0000
    517.5977	      0.0000
    517.6089	      0.0000
    517.6201	      0.0000
    517.6312	      0.0000
    517.6424	      0.0000
    517.6536	      0.0000
    517.6648	      0.0000
    517.6759	      0.0000
    517.6871	      0.0000
    517.6983	      0.0000
    517.7094	      0.0000
    518.1790	      0.0000
    518.1902	      0.0000
    518.2014	      0.0000
    518.2126	      0.0000
    518.2238	      0.0000
    518.2350	      0.0000
    518.2462	      0.0000
    518.2574	  18561.4766
    518.2686	  67587.0000
    518.2798	 206058.6250
    518.2910	 354703.9063
    518.3022	 465132.0625
    518.3134	 366426.6563
    518.3246	 215377.7813
    518.3358	  74019.3125
    518.3470	  19118.4473
    518.3582	   4416.8774
    518.3694	      0.0000
    518.3806	      0.0000
    518.3917	      0.0000
    518.4029	      0.0000
    519.2212	      0.0000
    519.2324	      0.0000
    519.2436	      0.0000
    519.2549	      0.0000
    519.2661	   4931.5225
    519.2773	  19363.6387
    519.2885	  40234.9531
    519.2998	  62270.6563
    519.3110	  61360.9453
    519.3222	  38973.3945
    519.3334	  18102.9668
    519.3447	   4227.7134
    519.3559	      0.0000
    519.3671	      0.0000
    519.3783	      0.0000
    519.3895	      0.0000
    539.1941	      0.0000
    539.2060	      0.0000
    539.2179	      0.0000
    539.2297	      0.0000
    539.2416	   2803.4041
    539.2535	  10054.7861
    539.2654	  20718.9043
    539.2772	  31274.7500
    539.2891	  29291.4238
    539.3010	  18098.2832
    539.3129	   6780.6099
    539.3248	   2262.6182
    539.3367	      0.0000
    539.3486	      0.0000
    539.3605	      0.0000
    539.3724	      0.0000
    625.2489	      0.0000
    625.2637	      0.0000
    625.2785	      0.0000
    625.2934	      0.0000
    625.3082	   4299.8115
    625.3230	   8638.2129
    625.3379	  11748.2813
    625.3527	  11315.9170
    625.3675	   7746.7891
    625.3824	   3593.2878
    625.3974	      0.0000
    625.4122	      0.0000
    625.4270	      0.0000
    625.4419	      0.0000
    781.3272	      0.0000
    781.3479	      0.0000
    781.3686	      0.0000
    781.3893	      0.0000
    781.4100	   5274.0967
    781.4307	   8721.1611
    781.4515	   9576.3477
    781.4722	   7282.7373
    781.4929	   3684.2605
    781.5136	      0.0000
    781.5344	      0.0000
    781.5551	      0.0000
    781.5758	      0.0000
    799.3021	      0.0000
    799.3235	      0.0000
    799.3450	      0.0000
    799.3664	      0.0000
    799.3879	   2671.0356
    799.4093	   6527.2778
    799.4307	  11157.8232
    799.4522	  13781.9326
    799.4736	  12486.7324
    799.4951	   8041.0801
    799.5165	   3309.2383
    799.5380	      0.0000
    799.5594	      0.0000
    799.5809	      0.0000
    799.6023	      0.0000
    829.2481	      0.0000
    829.2707	      0.0000
    829.2934	      0.0000
    829.3160	      0.0000
    829.3387	   3692.3186
    829.3613	   6060.6528
    829.3840	   7046.1899
    829.4066	   5948.9556
    829.4293	   3390.5479
    829.4520	      0.0000
    829.4747	      0.0000
    829.4974	      0.0000
    829.5200	      0.0000
    879.2881	      0.0000
    879.3128	      0.0000
    879.3376	      0.0000
    879.3623	      0.0000
    879.3870	   2442.6167
    879.4118	   6300.1094
    879.4365	   9601.6660
    879.4612	   9827.4766
    879.4860	   6701.1543
    879.5107	   2608.6189
    879.5408	      0.0000
    879.5656	      0.0000
    879.5903	      0.0000
    879.6151	      0.0000
    896.2534	      0.0000
    896.2789	      0.0000
    896.3043	      0.0000
    896.3298	      0.0000
    896.3552	   3596.6021
    896.3807	   7302.8872
    896.4061	  21923.0137
    896.4316	  46941.7734
    896.4571	  73837.2109
    896.4825	  79134.5156
    896.5080	  52801.8477
    896.5334	  26222.1543
    896.5589	   5843.3765
    896.5790	      0.0000
    896.6045	      0.0000
    896.6299	      0.0000
    896.6554	      0.0000
    897.2924	      0.0000
    897.3179	      0.0000
    897.3434	      0.0000
    897.3689	      0.0000
    897.3944	   3549.2295
    897.4199	   8950.7402
    897.4454	  20291.3770
    897.4709	  27753.3789
    897.4964	  23255.0137
    897.5219	  10485.8867
    897.5475	   4830.1733
    897.5730	      0.0000
    897.5985	      0.0000
    897.6240	      0.0000
    897.6495	      0.0000
    905.2742	      0.0000
    905.3001	      0.0000
    905.3259	      0.0000
    905.3518	      0.0000
    905.3776	   2580.7310
    905.4034	   7104.4316
    905.4293	  16470.9160
    905.4551	  25424.1563
    905.4810	  23328.8848
    905.5068	  10816.4082
    905.5327	   4751.2969
    905.5585	      0.0000
    905.5844	      0.0000
    905.6102	      0.0000
    905.6361	      0.0000
    905.7912	      0.0000
    905.8170	      0.0000
    905.8429	      0.0000
    905.8688	      0.0000
    905.8946	   2434.3948
    905.9205	   6426.4980
    905.9464	  10748.6660
    905.9722	  12341.7305
    905.9981	   9777.7334
    906.0240	   4962.2627
    906.0498	      0.0000
    906.0757	      0.0000
    906.1016	      0.0000
    906.1274	      0.0000
    906.3086	      0.0000
    906.3345	      0.0000
    906.3603	      0.0000
    906.3862	      0.0000
    906.4121	   4030.5825
    906.4380	   7445.7432
    906.4639	   9366.0889
    906.4898	   8277.3311
    906.5156	   4791.1084
    906.5416	      0.0000
    906.5674	      0.0000
    906.5933	      0.0000
    906.6192	      0.0000
    919.8118	      0.0000
    919.8383	      0.0000
    919.8647	      0.0000
    919.8912	      0.0000
    919.9177	   4823.2109
    919.9441	  10421.1689
    919.9706	  14343.9082
    919.9971	  13896.7656
    920.0235	   9586.6348
    920.0500	   4518.3335
    920.0765	      0.0000
    920.1030	      0.0000
    920.1294	      0.0000
    920.1559	      0.0000
    928.7943	      0.0000
    928.8212	      0.0000
    928.8481	      0.0000
    928.8749	      0.0000
    928.9018	   4081.7627
    928.9286	  10195.3672
    928.9555	  23632.9238
    928.9823	  29175.4395
    929.0092	  21346.7676
    929.0360	   9054.8789
    929.0629	   3336.3765
    929.0898	      0.0000
    929.1167	      0.0000
    929.1435	      0.0000
    929.1704	      0.0000
    953.3269	      0.0000
    953.3548	      0.0000
    953.3828	      0.0000
    953.4107	      0.0000
    953.4386	   5329.1675
    953.4665	   8493.1133
    953.4945	   9442.0635
    953.5224	   7370.1445
    953.5503	   3772.3052
    953.5782	      0.0000
    953.6062	      0.0000
    953.6341	      0.0000
    953.6620	      0.0000
    960.8255	      0.0000
    960.8538	      0.0000
    960.8820	      0.0000
    960.9103	      0.0000
    960.9385	   3460.1580
    960.9668	   6191.2729
    960.9950	   7843.9092
    961.0233	   7442.2661
    961.0516	   5180.2661
    961.0798	      0.0000
    961.1081	      0.0000
    961.1364	      0.0000
    961.1646	      0.0000
    961.3060	      0.0000
    961.3342	      0.0000
    961.3625	      0.0000
    961.3908	      0.0000
    961.4191	   3818.0542
    961.4473	   7249.3652
    961.4756	  10036.0967
    961.5039	  10304.8174
    961.5322	   7720.1089
    961.5604	   4000.2617
    961.5887	      0.0000
    961.6170	      0.0000
    961.6453	      0.0000
    961.6736	      0.0000
    969.8438	      0.0000
    969.8725	      0.0000
    969.9011	      0.0000
    969.9298	      0.0000
    969.9584	   4750.5283
    969.9871	   8458.3154
    970.0157	   9686.9727
    970.0444	   7615.9536
    970.0730	   3951.7920
    970.1017	      0.0000
    970.1304	      0.0000
    970.1590	      0.0000
    970.1877	      0.0000
    970.3024	      0.0000
    970.3310	      0.0000
    970.3597	      0.0000
    970.3884	      0.0000
    970.4170	   3296.6704
    970.4457	   9554.5996
    970.4744	  27228.4609
    970.5031	  34866.1211
    970.5318	  27577.0137
    970.5604	  15215.7295
    970.5891	   3237.9563
    970.6178	      0.0000
    970.6465	      0.0000
    970.6752	      0.0000
    970.7039	      0.0000
   1007.3081	      0.0000
   1007.3384	      0.0000
   1007.3687	      0.0000
   1007.3991	      0.0000
   1007.4294	   2812.1655
   1007.4597	   6507.4824
   1007.4900	   9328.4697
   1007.5204	   9208.1602
   1007.5507	   6169.5234
   1007.5811	      0.0000
   1007.6114	      0.0000
   1007.6417	      0.0000
   1007.6721	      0.0000
   1020.8156	      0.0000
   1020.8466	      0.0000
   1020.8775	      0.0000
   1020.9085	      0.0000
   1020.9394	   3744.2300
   1020.9703	   7381.0439
   1021.0013	   9562.0000
   1021.0322	   8786.1309
   1021.0632	   5668.1729
   1021.0941	      0.0000
   1021.1251	      0.0000
   1021.1560	      0.0000
   1021.1870	      0.0000
   1021.3108	      0.0000
   1021.3418	      0.0000
   1021.3727	      0.0000
   1021.4037	      0.0000
   1021.4347	   5023.1782
   1021.4656	  12328.5283
   1021.4966	  21952.5000
   1021.5276	  26488.2188
   1021.5585	  18334.3477
   1021.5895	   7334.7017
   1021.6205	   2376.1296
   1021.6515	      0.0000
   1021.6824	      0.0000
   1021.7134	      0.0000
   1021.7444	      0.0000
   1022.3332	      0.0000
   1022.3642	      0.0000
   1022.3953	      0.0000
   1022.4263	      0.0000
   1022.4573	   3140.0273
   1022.4883	   7081.0479
   1022.5193	   9621.9346
   1022.5503	   9015.8877
   1022.5813	   5887.9526
   1022.6123	      0.0000
   1022.6434	      0.0000
   1022.6744	      0.0000
   1022.7054	      0.0000
   1022.7985	      0.0000
   1022.8295	      0.0000
   1022.8605	      0.0000
   1022.8916	      0.0000
   1022.9226	   3240.9194
   1022.9536	   6553.8530
   1022.9847	   8805.3018
   1023.0157	   8248.7607
   1023.0467	   5283.6230
   1023.0849	      0.0000
   1023.1159	      0.0000
   1023.1470	      0.0000
   1023.1780	      0.0000
   1029.7912	      0.0000
   1029.8226	      0.0000
   1029.8539	      0.0000
   1029.8852	      0.0000
   1029.9166	   4862.0278
   1029.9480	  17780.9980
   1029.9793	  37001.0117
   1030.0107	  57641.0742
   1030.0420	  57160.6367
   1030.0734	  36045.4219
   1030.1047	  15909.1836
   1030.1361	   2639.6536
   1030.1594	      0.0000
   1030.1908	      0.0000
   1030.2222	      0.0000
   1030.2535	      0.0000
   1030.2849	      0.0000
   1030.3163	      0.0000
   1030.3476	      0.0000
   1030.3790	   1893.9664
   1030.4104	   6524.5073
   1030.4417	  26554.3184
   1030.4731	  57891.5000
   1030.5045	  90923.8750
   1030.5359	  93421.5313
   1030.5673	  60712.0195
   1030.5986	  29120.9160
   1030.6300	   6084.5356
   1030.6623	      0.0000
   1030.6937	      0.0000
   1030.7251	      0.0000
   1030.7565	      0.0000
   1030.7879	      0.0000
   1030.8193	      0.0000
   1030.8507	      0.0000
   1030.8821	      0.0000
   1030.9135	   3638.2224
   1030.9449	  13573.4902
   1030.9763	  27498.3086
   1031.0077	  41398.3828
   1031.0391	  38827.8047
   1031.0705	  23595.7539
   1031.1019	   9471.2734
   1031.1333	   1043.8290
   1031.1647	      0.0000
   1031.1961	      0.0000
   1031.2275	      0.0000
   1031.2589	      0.0000
   1031.2903	      0.0000
   1031.3217	      0.0000
   1031.3532	      0.0000
   1031.3846	      0.0000
   1031.4160	   2653.0115
   1031.4474	   7603.4478
   1031.4788	  18280.4063
   1031.5103	  27263.6426
   1031.5417	  24862.0430
   1031.5731	  15013.3848
   1031.6045	   5719.7222
   1031.6361	      0.0000
   1031.6675	      0.0000
   1031.6989	      0.0000
   1031.7304	      0.0000
   1094.3240	      0.0000
   1094.3583	      0.0000
   1094.3926	      0.0000
   1094.4270	      0.0000
   1094.4613	   5662.6270
   1094.4957	  15593.7246
   1094.5300	  26192.6875
   1094.5644	  27707.7168
   1094.5987	  18121.7129
   1094.6331	   6336.8921
   1094.6674	   1756.5391
   1094.7018	      0.0000
   1094.7361	      0.0000
   1094.7705	      0.0000
   1094.8048	      0.0000
   1094.8392	      0.0000
   1094.8736	      0.0000
   1094.9079	      0.0000
   1094.9423	   3041.4265
   1094.9767	   7195.2319
   1095.0110	  11390.4883
   1095.0454	  12841.1211
   1095.0798	  10469.0684
   1095.1141	   5999.3853
   1095.1485	      0.0000
   1095.1829	      0.0000
   1095.2173	      0.0000
   1095.2517	      0.0000
   1095.3204	      0.0000
   1095.3548	      0.0000
   1095.3892	      0.0000
   1095.4236	      0.0000
   1095.4580	   3569.5479
   1095.4924	   8406.4473
   1095.5268	  12399.2412
   1095.5612	  12571.6543
   1095.5956	   8669.0977
   1095.6300	   3776.9192
   1095.6644	      0.0000
   1095.6988	      0.0000
   1095.7332	      0.0000
   1095.7676	      0.0000
   1095.8020	      0.0000
   1095.8364	      0.0000
   1095.8708	      0.0000
   1095.9052	      0.0000
   1095.9396	   3673.2883
   1095.9740	   7245.4331
   1096.0084	  10197.8008
   1096.0429	  10780.0498
   1096.0773	   8558.1895
   1096.1117	   4870.7544
   1096.1542	      0.0000
   1096.1886	      0.0000
   1096.2230	      0.0000
   1096.2575	      0.0000
   1102.7588	      0.0000
   1102.7935	      0.0000
   1102.8283	      0.0000
   1102.8630	      0.0000
   1102.8978	    900.9012
   1102.9325	   6298.2964
   1102.9672	  25380.5723
   1103.0020	  56474.0195
   1103.0367	  90755.0703
   1103.0715	  93548.2188
   1103.1062	  59551.5000
   1103.1410	  27345.0625
   1103.1757	   4124.2153
   1103.2127	      0.0000
   1103.2474	      0.0000
   1103.2822	      0.0000
   1103.3169	      0.0000
   1103.3517	      0.0000
   1103.3865	   1670.2137
   1103.4212	   7253.7588
   1103.4560	  22513.4121
   1103.4908	  61472.2695
   1103.5255	 104969.5469
   1103.5603	 137995.1406
   1103.5951	 107562.7734
   1103.6299	  61629.3984
   1103.6646	  17877.1621
   1103.6994	      0.0000
   1103.7291	      0.0000
   1103.7638	      0.0000
   1103.7986	      0.0000
   1103.8334	      0.0000
   1103.8682	      0.0000
   1103.9030	   1997.6016
   1103.9378	   9664.3711
   1103.9726	  31281.8828
   1104.0074	  60750.1484
   1104.0422	  91897.0078
   1104.0770	  88130.8281
   1104.1118	  53834.4570
   1104.1466	  22389.6895
   1104.1814	   2878.8237
   1104.2111	      0.0000
   1104.2459	      0.0000
   1104.2807	      0.0000
   1104.3155	      0.0000
   1104.3503	      0.0000
   1104.3851	      0.0000
   1104.4199	      0.0000
   1104.4547	      0.0000
   1104.4896	   5397.6978
   1104.5244	  11243.7900
   1104.5592	  14959.5908
   1104.5940	  13553.6260
   1104.6288	   8295.5205
   1104.6637	   3253.5752
   1104.6985	      0.0000
   1104.7333	      0.0000
   1104.7682	      0.0000
   1104.8030	      0.0000
   1113.8448	      0.0000
   1113.8801	      0.0000
   1113.9153	      0.0000
   1113.9506	      0.0000
   1113.9859	   4779.8804
   1114.0211	   7865.4414
   1114.0564	   9138.4053
   1114.0917	   7656.7046
   1114.1270	   4462.1890
   1114.1623	      0.0000
   1114.1975	      0.0000
   1114.2328	      0.0000
   1114.2681	      0.0000
   1131.3257	      0.0000
   1131.3618	      0.0000
   1131.3979	      0.0000
   1131.4340	      0.0000
   1131.4701	   4066.7732
   1131.5062	  10799.5176
   1131.5423	  23867.4277
   1131.5784	  24917.3047
   1131.6145	  14607.2813
   1131.6506	   4893.3462
   1131.6867	      0.0000
   1131.7228	      0.0000
   1131.7589	      0.0000
   1131.7951	      0.0000
   1131.8312	      0.0000
   1131.8673	      0.0000
   1131.9034	      0.0000
   1131.9395	   2119.4949
   1131.9757	   7044.8486
   1132.0118	  19433.3848
   1132.0479	  28361.5430
   1132.0840	  24836.2129
   1132.1202	  13714.3281
   1132.1563	   3048.7922
   1132.1925	      0.0000
   1132.2286	      0.0000
   1132.2647	      0.0000
   1132.3009	      0.0000
   1163.3183	      0.0000
   1163.3559	      0.0000
   1163.3935	      0.0000
   1163.4312	      0.0000
   1163.4688	   4068.3171
   1163.5065	   8937.2988
   1163.5441	  13281.0869
   1163.5817	  14054.2334
   1163.6194	  10582.1650
   1163.6570	   5352.6230
   1163.6947	      0.0000
   1163.7324	      0.0000
   1163.7701	      0.0000
   1163.8077	      0.0000
   1204.3020	      0.0000
   1204.3416	      0.0000
   1204.3813	      0.0000
   1204.4209	      0.0000
   1204.4606	   3415.6519
   1204.5002	   8023.4351
   1204.5399	  13022.5342
   1204.5795	  15239.0605
   1204.6192	  13105.8379
   1204.6588	   8104.7744
   1204.6985	   3331.8030
   1204.7382	      0.0000
   1204.7778	      0.0000
   1204.8175	      0.0000
   1204.8571	      0.0000
   1204.8968	      0.0000
   1204.9365	      0.0000
   1204.9762	   4629.6270
   1205.0158	  10079.2002
   1205.0555	  15060.5918
   1205.0952	  24476.5547
   1205.1349	  12527.9971
   1205.1746	   6603.0537
   1205.2143	   2118.3975
   1205.2541	      0.0000
   1205.2938	      0.0000
   1205.3335	      0.0000
   1205.3731	      0.0000
   1293.8384	      0.0000
   1293.8825	      0.0000
   1293.9267	      0.0000
   1293.9708	      0.0000
   1294.0150	   3493.8943
   1294.0591	   7444.1411
   1294.1033	   9795.9785
   1294.1474	   8856.3906
   1294.1916	   5551.3086
   1294.2358	      0.0000
   1294.2799	      0.0000
   1294.3241	      0.0000
   1294.3683	      0.0000
   1294.4124	      0.0000
   1294.4566	   2760.4822
   1294.5008	   7088.4976
   1294.5450	  12543.8828
   1294.5891	  23759.7656
   1294.6333	  15099.6611
   1294.6775	  10724.4863
   1294.7217	   5552.0488
   1294.7660	      0.0000
   1294.8101	      0.0000
   1294.8543	      0.0000
   1294.8985	      0.0000
   1350.8353	      0.0000
   1350.8824	      0.0000
   1350.9295	      0.0000
   1350.9766	      0.0000
   1351.0237	   5325.7363
   1351.0708	   9871.4023
   1351.1179	  12257.3398
   1351.1650	  10471.5947
   1351.2121	   5927.2021
   1351.2592	      0.0000
   1351.3064	      0.0000
   1351.3535	      0.0000
   1351.4006	      0.0000
   1351.4477	      0.0000
   1351.4948	   3463.6819
   1351.5420	   8438.8193
   1351.5891	  13250.8955
   1351.6362	  14837.1465
   1351.6834	  12295.7090
   1351.7305	   7651.3477
   1351.7777	   3653.6208
   1351.8248	      0.0000
   1351.8719	      0.0000
   1351.9191	      0.0000
   1351.9662	      0.0000
   1352.0134	   4656.6187
   1352.0606	   7467.1191
   1352.1077	   8540.1250
   1352.1549	   7012.7700
   1352.2020	   3963.1387
   1352.2492	      0.0000
   1352.2964	      0.0000
   1352.3435	      0.0000
   1352.3907	      0.0000
   1352.4379	      0.0000
   1352.4851	      0.0000
   1352.5322	   5526.0469
   1352.5794	   8394.2891
   1352.6266	   9012.0781
   1352.6738	   6876.3184
   1352.7210	   3528.2395
   1352.7682	      0.0000
   1352.8154	      0.0000
   1352.8626	      0.0000
   1352.9098	      0.0000
   1359.2571	      0.0000
   1359.3046	      0.0000
   1359.3521	      0.0000
   1359.3997	      0.0000
   1359.4472	   2601.5044
   1359.4948	   8008.9014
   1359.5423	  20458.2090
   1359.5899	  34044.5742
   1359.6374	  38357.9023
   1359.6850	  25893.5977
   1359.7325	  12913.1709
   1359.7801	   1477.1404
   1359.8276	      0.0000
   1359.8752	      0.0000
   1359.9228	      0.0000
   1359.9704	   2706.3816
   1360.0179	   7695.2500
   1360.0655	  19816.1563
   1360.1131	  30781.1445
   1360.1607	  30735.8711
   1360.2082	  18640.8105
   1360.2558	   7512.1226
   1360.3034	   2921.9431
   1360.3510	      0.0000
   1360.3986	      0.0000
   1360.4462	      0.0000
   1360.4938	      0.0000
   1360.8270	      0.0000
   1360.8747	      0.0000
   1360.9223	      0.0000
   1360.9699	      0.0000
   1361.0175	   4680.6973
   1361.0652	   7286.0596
   1361.1128	   8207.7979
   1361.1604	   6622.7495
   1361.2081	   3487.0930
   1361.2557	      0.0000
   1361.3033	      0.0000
   1361.3510	      0.0000
   1361.3986	      0.0000
   1365.7927	      0.0000
   1365.8406	      0.0000
   1365.8885	      0.0000
   1365.9364	      0.0000
   1365.9843	   2069.2446
   1366.0321	   6650.2871
   1366.0800	  12655.0146
   1366.1279	  23372.0996
   1366.1758	  14684.2422
   1366.2237	   9421.5137
   1366.2716	   4167.1616
   1366.3195	      0.0000
   1366.3674	      0.0000
   1366.4153	      0.0000
   1366.4633	      0.0000
   1366.5112	      0.0000
   1366.5591	   6227.3628
   1366.6070	   9462.8018
   1366.6549	  10145.8750
   1366.7029	   7556.8135
   1366.7508	   3526.1807
   1366.7987	      0.0000
   1366.8466	      0.0000
   1366.8946	      0.0000
   1366.9425	      0.0000
   1366.9905	      0.0000
   1367.0384	   3710.9875
   1367.0863	   7801.3662
   1367.1343	  10022.7949
   1367.1822	   8439.1104
   1367.2302	   4414.3618
   1367.2781	      0.0000
   1367.3261	      0.0000
   1367.3741	      0.0000
   1367.4220	      0.0000
   1374.3066	      0.0000
   1374.3550	      0.0000
   1374.4033	      0.0000
   1374.4516	      0.0000
   1374.5000	   4126.9185
   1374.5483	   9351.8564
   1374.5966	  19490.0488
   1374.6450	  25914.0625
   1374.6933	  19263.9570
   1374.7417	   9122.5283
   1374.7900	   3486.6560
   1374.8384	      0.0000
   1374.8867	      0.0000
   1374.9351	      0.0000
   1374.9835	      0.0000
   1375.0318	   3134.3479
   1375.0802	   8084.4058
   1375.1286	  12320.2471
   1375.1769	  12440.1338
   1375.2253	   8451.6768
   1375.2737	   3800.2463
   1375.3221	      0.0000
   1375.3704	      0.0000
   1375.4188	      0.0000
   1375.4672	   2579.9275
   1375.5156	   6806.0005
   1375.5640	  12896.9414
   1375.6124	  26028.2637
   1375.6608	  22523.0859
   1375.7092	  12617.0293
   1375.7576	   5776.6689
   1375.8048	      0.0000
   1375.8532	      0.0000
   1375.9016	      0.0000
   1375.9500	      0.0000
   1412.3362	      0.0000
   1412.3866	      0.0000
   1412.4369	      0.0000
   1412.4873	      0.0000
   1412.5376	   5176.8335
   1412.5880	   8877.3584
   1412.6384	  10214.6748
   1412.6887	   8210.9082
   1412.7391	   4501.7139
   1412.7895	      0.0000
   1412.8398	      0.0000
   1412.8902	      0.0000
   1412.9406	      0.0000
   1412.9910	      0.0000
   1413.0413	   5093.4580
   1413.0917	   8261.2891
   1413.1421	   8965.6738
   1413.1925	   6649.4263
   1413.2429	   3249.0518
   1413.2933	      0.0000
   1413.3437	      0.0000
   1413.3941	      0.0000
   1413.4445	      0.0000
   1413.4949	   3904.1716
   1413.5453	   8059.7256
   1413.5957	  11703.6270
   1413.6461	  12385.3018
   1413.6965	   9518.5781
   1413.7470	   5052.5210
   1413.7974	      0.0000
   1413.8478	      0.0000
   1413.8982	      0.0000
   1413.9487	      0.0000
   1423.3249	      0.0000
   1423.3759	      0.0000
   1423.4268	      0.0000
   1423.4778	      0.0000
   1423.5287	   2409.7515
   1423.5797	   7175.7402
   1423.6306	  11314.2979
   1423.6816	  11467.1162
   1423.7325	   7786.3892
   1423.7835	   3558.1812
   1423.8344	      0.0000
   1423.8854	      0.0000
   1423.9364	      0.0000
   1423.9873	   4322.6782
   1424.0383	  14453.8906
   1424.0893	  27376.4355
   1424.1402	  38720.7852
   1424.1912	  35924.1914
   1424.2422	  23194.0234
   1424.2932	   9563.3369
   1424.3442	   1388.6025
   1424.3952	      0.0000
   1424.4462	      0.0000
   1424.4972	   3191.6982
   1424.5482	  17335.7695
   1424.5992	  32207.6543
   1424.6502	  42295.5664
   1424.7012	  31730.1172
   1424.7522	  17221.3809
   1424.8032	   3255.1421
   1424.8542	      0.0000
   1424.9052	      0.0000
   1424.9562	      0.0000
   1425.0073	      0.0000
   1425.0583	   6322.8789
   1425.1093	  10648.8135
   1425.1604	  12510.3984
   1425.2114	  10140.4482
   1425.2624	   5379.3696
   1425.3180	      0.0000
   1425.3690	      0.0000
   1425.4201	      0.0000
   1425.4711	      0.0000
   1431.2572	      0.0000
   1431.3086	      0.0000
   1431.3600	      0.0000
   1431.4113	      0.0000
   1431.4627	   2452.0503
   1431.5141	   9713.8252
   1431.5654	  27255.3594
   1431.6168	  46457.6797
   1431.6682	  54284.9336
   1431.7196	  40324.3945
   1431.7710	  19146.2559
   1431.8224	   3315.9717
   1431.8874	      0.0000
   1431.9388	    716.2000
   1431.9902	   6947.7471
   1432.0416	  29687.3516
   1432.0930	  62774.3359
   1432.1444	  92136.2656
   1432.1958	  88731.7031
   1432.2472	  58051.4375
   1432.2986	  20192.3906
   1432.3500	    297.8351
   1432.3833	      0.0000
   1432.4348	   6880.3594
   1432.4862	  28492.0977
   1432.5376	  88177.2188
   1432.5890	 157076.0781
   1432.6405	 214378.7500
   1432.6919	 181351.2344
   1432.7434	 108196.7891
   1432.7948	  36396.0547
   1432.8462	   2000.1951
   1432.8977	      0.0000
   1432.9491	   4690.7544
   1433.0006	  31784.2500
   1433.0520	  94619.4531
   1433.1035	 159425.0313
   1433.1550	 197402.5156
   1433.2064	 150233.1875
   1433.2579	  84667.9297
   1433.3094	  22525.1914
   1433.3608	    773.5435
   1433.4271	      0.0000
   1433.4786	   6499.7588
   1433.5300	  29450.2988
   1433.5815	  73158.1953
   1433.6330	 112496.3984
   1433.6845	 121412.7109
   1433.7360	  83361.3594
   1433.7875	  39805.0156
   1433.8390	   6723.8188
   1433.8905	      0.0000
   1433.9272	      0.0000
   1433.9787	   4566.3130
   1434.0302	  14316.3662
   1434.0817	  29255.3320
   1434.1333	  39086.1250
   1434.1848	  37486.4375
   1434.2363	  24551.1895
   1434.2878	   9425.9063
   1434.3393	      0.0000
   1434.3909	      0.0000
   1434.4424	      0.0000
   1434.4939	      0.0000
   1434.5455	      0.0000
   1439.3505	      0.0000
   1439.4023	      0.0000
   1439.4541	      0.0000
   1439.5059	      0.0000
   1439.5577	   6513.2646
   1439.6096	  11094.2783
   1439.6614	  12846.1445
   1439.7132	  10337.1758
   1439.7650	   5622.3486
   1439.8168	      0.0000
   1439.8686	      0.0000
   1439.9205	      0.0000
   1439.9723	      0.0000
   1440.0241	   3055.7542
   1440.0760	   6525.4561
   1440.1278	   9001.6982
   1440.1796	   7639.4126
   1440.2315	   3999.7678
   1440.2833	      0.0000
   1440.3352	      0.0000
   1440.3870	   7780.6523
   1440.4389	  19577.7754
   1440.4907	  49692.2734
   1440.5426	 138145.3594
   1440.5945	 243175.5156
   1440.6463	 330887.4688
   1440.6982	 277690.2813
   1440.7501	 164700.3750
   1440.8019	  51701.0195
   1440.8538	   3276.4053
   1440.9057	      0.0000
   1440.9576	  23123.5430
   1441.0095	  88920.3750
   1441.0614	 215585.5781
   1441.1132	 348961.7500
   1441.1651	 402420.6563
   1441.2170	 287450.0625
   1441.2689	 151752.1250
   1441.3208	  34870.6719
   1441.3727	      0.0000
   1441.4247	   3885.1274
   1441.4766	  31843.4883
   1441.5285	 108455.6250
   1441.5804	 220719.0156
   1441.6323	 318416.4063
   1441.6842	 306784.1875
   1441.7362	 193281.9063
   1441.7881	  83047.9219
   1441.8400	  11966.4717
   1441.8919	      0.0000
   1441.9439	   4818.6289
   1441.9958	  23157.2793
   1442.0478	  70534.6563
   1442.0997	 126867.8906
   1442.1517	 159823.1875
   1442.2036	 135078.9844
   1442.2556	  77867.8906
   1442.3075	  24236.0781
   1442.3595	   1330.9895
   1442.4226	      0.0000
   1442.4746	   4020.3718
   1442.5266	  14164.9199
   1442.5785	  35591.6758
   1442.6305	  53667.4727
   1442.6825	  56372.3672
   1442.7345	  40870.1602
   1442.7864	  19067.3750
   1442.8384	   3101.8325
   1442.8792	      0.0000
   1442.9312	      0.0000
   1442.9832	      0.0000
   1443.0352	   4423.7900
   1443.0872	   7045.4604
   1443.1392	  10152.3398
   1443.1912	  10873.6934
   1443.2432	   8173.5884
   1443.2952	   4124.9521
   1443.3472	      0.0000
   1443.3992	      0.0000
   1443.4512	      0.0000
   1443.5033	      0.0000
   1447.2561	      0.0000
   1447.3083	      0.0000
   1447.3605	      0.0000
   1447.4128	      0.0000
   1447.4650	   2657.9275
   1447.5172	   8969.7842
   1447.5695	  22400.0449
   1447.6217	  36461.2227
   1447.6740	  38884.0469
   1447.7262	  26897.8145
   1447.7785	  10953.2305
   1447.8307	     93.8084
   1447.8946	      0.0000
   1447.9469	      0.0000
   1447.9992	   6249.6343
   1448.0514	  25385.4922
   1448.1037	  49369.5664
   1448.1560	  72018.6328
   1448.2082	  66925.1719
   1448.2605	  41427.4766
   1448.3128	  16650.1660
   1448.3651	   1842.5360
   1448.4061	      0.0000
   1448.4583	      0.0000
   1448.5106	   9997.5020
   1448.5629	  31788.7676
   1448.6152	  55674.6484
   1448.6675	  66518.1719
   1448.7198	  46696.1875
   1448.7721	  24242.3945
   1448.8244	   5291.4907
   1448.8764	      0.0000
   1448.9287	   3124.6514
   1448.9810	   7744.5405
   1449.0334	   9042.8311
   1449.0857	  11528.8203
   1449.1380	  13455.4629
   1449.1903	  12130.4717
   1449.2427	   7660.6958
   1449.2950	   3165.1431
   1449.3473	      0.0000
   1449.3997	      0.0000
   1449.4520	      0.0000
   1449.5044	      0.0000
   1457.3355	      0.0000
   1457.3883	      0.0000
   1457.4411	      0.0000
   1457.4938	      0.0000
   1457.5466	   4607.3242
   1457.5994	   7924.8623
   1457.6522	   9328.9111
   1457.7050	   7711.5942
   1457.7578	   4432.1260
   1457.8106	      0.0000
   1457.8634	      0.0000
   1457.9162	      0.0000
   1457.9690	      0.0000
   1458.0218	   4281.5205
   1458.0746	   7777.2686
   1458.1274	  10107.4385
   1458.1802	   9606.4824
   1458.2330	   6644.9790
   1458.2858	   3212.8433
   1458.3387	      0.0000
   1458.3915	      0.0000
   1458.4443	      0.0000
   1458.4972	      0.0000
   1483.3788	      0.0000
   1483.4330	      0.0000
   1483.4872	      0.0000
   1483.5414	      0.0000
   1483.5956	   4702.1274
   1483.6498	   7658.8174
   1483.7040	   8482.8604
   1483.7583	   6659.4673
   1483.8125	   3487.2737
   1483.8667	      0.0000
   1483.9209	      0.0000
   1483.9751	      0.0000
   1484.0294	      0.0000
   1504.2434	      0.0000
   1504.2988	      0.0000
   1504.3541	      0.0000
   1504.4095	      0.0000
   1504.4648	   5226.8535
   1504.5202	  22434.8398
   1504.5755	  56879.4297
   1504.6309	  91849.3906
   1504.6863	 104150.2813
   1504.7416	  77400.0391
   1504.7970	  36911.1797
   1504.8524	  13225.8750
   1504.9077	  10346.5674
   1504.9631	  25613.3125
   1505.0185	  81516.3516
   1505.0739	 186171.2813
   1505.1293	 303661.2188
   1505.1846	 347519.2500
   1505.2400	 244474.4531
   1505.2954	 128442.1797
   1505.3508	  34125.7695
   1505.4062	   8545.8613
   1505.4616	  23950.8164
   1505.5171	  86139.8125
   1505.5725	 196563.3281
   1505.6279	 324686.5625
   1505.6833	 373381.8750
   1505.7387	 263010.1250
   1505.7941	 142867.7813
   1505.8496	  38710.3984
   1505.9050	   8342.1240
   1505.9604	  21759.6563
   1506.0159	  77167.9609
   1506.0713	 175356.2031
   1506.1267	 289336.0625
   1506.1822	 331769.1563
   1506.2376	 236531.8594
   1506.2931	 129917.1406
   1506.3485	  35618.8633
   1506.4040	   5628.1885
   1506.4595	  10405.4951
   1506.5149	  37920.1484
   1506.5704	  86908.8594
   1506.6258	 142307.0313
   1506.6813	 159248.6563
   1506.7368	 118190.6797
   1506.7923	  64636.5664
   1506.8478	  18754.1289
   1506.9032	   2744.4170
   1506.9587	   2481.1758
   1507.0142	   8997.6689
   1507.0697	  19625.5254
   1507.1252	  34006.0078
   1507.1807	  38791.3477
   1507.2362	  28840.1152
   1507.2917	  14502.0498
   1507.3472	   1879.8130
   1507.4027	      0.0000
   1507.4583	      0.0000
   1507.5138	   6196.5005
   1507.5693	  14200.3506
   1507.6248	  23884.0332
   1507.6803	  27696.9766
   1507.7359	  20691.6621
   1507.7914	   8593.1328
   1507.8469	   3324.0369
   1507.9025	      0.0000
   1507.9580	      0.0000
   1508.0136	      0.0000
   1508.0691	      0.0000
   1513.0811	      0.0000
   1513.1369	      0.0000
   1513.1928	      0.0000
   1513.2486	      0.0000
   1513.3044	   6475.3506
   1513.3603	  30004.8516
   1513.4161	  47784.6758
   1513.4720	 100633.3594
   1513.5278	 293020.5000
   1513.5837	 657123.1250
   1513.6395	1055084.5000
   1513.6954	1184845.2500
   1513.7513	 853655.3750
   1513.8071	 428409.5313
   1513.8630	 125536.5625
   1513.9189	  52025.0742
   1513.9747	 130614.1172
   1514.0306	 436008.0938
   1514.0865	 964415.6250
   1514.1424	1569531.8750
   1514.1983	1753417.0000
   1514.2542	1206414.5000
   1514.3101	 645181.2500
   1514.3660	 179974.6094
   1514.4219	  51905.5430
   1514.4778	 116147.5391
   1514.5337	 374389.9688
   1514.5896	 800228.0625
   1514.6455	1267540.7500
   1514.7014	1360875.6250
   1514.7573	 931980.8125
   1514.8132	 487419.5000
   1514.8692	 130188.3359
   1514.9251	  29787.0762
   1514.9810	  65504.3750
   1515.0370	 200274.0938
   1515.0929	 411702.7500
   1515.1488	 625679.0000
   1515.2048	 647439.1250
   1515.2607	 445863.2188
   1515.3167	 222326.1094
   1515.3726	  56725.1641
   1515.4286	  13190.8867
   1515.4846	  31855.5645
   1515.5405	  84707.2891
   1515.5965	 161347.2969
   1515.6524	 238791.6406
   1515.7084	 243838.8750
   1515.7644	 168427.0313
   1515.8204	  82250.0781
   1515.8764	  21165.8066
   1515.9323	   5615.0649
   1515.9883	  12293.2422
   1516.0443	  28742.4219
   1516.1003	  49783.5156
   1516.1563	  69310.1094
   1516.2123	  65246.5859
   1516.2683	  42004.7070
   1516.3243	  17357.2559
   1516.3803	   3184.6160
   1516.4363	      0.0000
   1516.4924	      0.0000
   1516.5484	      0.0000
   1516.6044	      0.0000
   1595.3419	      0.0000
   1595.4024	      0.0000
   1595.4628	      0.0000
   1595.5233	      0.0000
   1595.5837	   4462.8071
   1595.6442	   7117.6270
   1595.7047	   8846.7803
   1595.7651	   8869.6846
   1595.8256	   7009.6484
   1595.8861	   4073.3330
   1595.9465	      0.0000
   1596.0070	      0.0000
   1596.0675	      0.0000
   1596.1280	      0.0000
   1838.3727	      0.0000
   1838.4475	      0.0000
   1838.5222	      0.0000
   1838.5970	      0.0000
   1838.6718	   2729.3884
   1838.7466	   7139.8789
   1838.8214	  11351.6621
   1838.8962	  12576.4648
   1838.9710	   9916.8730
   1839.0458	   5211.6729
   1839.1206	      0.0000
   1839.1954	      0.0000
   1839.2702	      0.0000
   1839.3450	      0.0000
   2041.4478	      0.0000
   2041.5353	      0.0000
   2041.6228	      0.0000
   2041.7103	      0.0000
   2041.7978	   3814.1921
   2041.8853	   8660.6094
   2041.9729	  11980.4453
   2042.0604	  11227.7930
   2042.1479	   7083.2983
   2042.2355	   2689.1870
   2042.3230	      0.0000
   2042.4106	      0.0000
   2042.4981	      0.0000
   2042.5857	      0.0000
   2042.6732	      0.0000
   2042.7608	   3063.9114
   2042.8484	   7210.8936
   2042.9360	  10234.2168
   2043.0236	   9991.5322
   2043.1112	   6818.4473
   2043.1988	      0.0000
   2043.2864	      0.0000
   2043.3740	      0.0000
   2043.4616	      0.0000
   2043.5492	      0.0000
   2043.6368	      0.0000
   2043.7245	   4115.0615
   2043.8121	   8475.2500
   2043.8998	  11965.6484
   2043.9874	  12022.5557
   2044.0751	   8353.9336
   2044.1627	   3506.3369
   2044.2504	      0.0000
   2044.3381	      0.0000
   2044.4258	      0.0000
   2044.5134	      0.0000
   2766.3628	      0.0000
   2766.5009	      0.0000
   2766.6389	      0.0000
   2766.7769	      0.0000
   2766.9150	   4254.1294
   2767.0530	   7649.7202
   2767.1911	   8957.0410
   2767.3292	   7469.6333
   2767.4673	   4363.1372
   2767.6053	      0.0000
   2767.7434	      0.0000
   2767.8815	      0.0000
   2768.0197	      0.0000
   2885.3068	      0.0000
   2885.4538	      0.0000
   2885.6008	      0.0000
   2885.7478	      0.0000
   2885.8949	   4185.1172
   2886.0420	   7588.8115
   2886.1890	   9511.9932
   2886.3361	   8580.4922
   2886.4832	   5418.5386
   2886.6303	      0.0000
   2886.7774	      0.0000
   2886.9246	      0.0000
   2887.0717	      0.0000
   2977.1168	      0.0000
   2977.2709	      0.0000
   2977.4250	      0.0000
   2977.5791	      0.0000
   2977.7333	   5494.5371
   2977.8874	   9446.8496
   2978.0416	  11702.3906
   2978.1957	  10530.5342
   2978.3499	   6580.5562
   2978.5041	      0.0000
   2978.6583	      0.0000
   2978.8125	      0.0000
   2978.9667	      0.0000
   3147.9203	      0.0000
   3148.0878	      0.0000
   3148.2554	      0.0000
   3148.4230	      0.0000
   3148.5905	   5788.5815
   3148.7581	   8179.8022
   3148.9257	   8941.5439
   3149.0933	   7353.7656
   3149.2610	   4194.0049
   3149.4286	      0.0000
   3149.5963	      0.0000
   3149.7639	      0.0000
   3149.9316	      0.0000
   3676.8609	      0.0000
   3677.0724	      0.0000
   3677.2839	      0.0000
   3677.4954	      0.0000
