# ljz_20131022_MR_Chym1_ELUTE.mzML
#
# index: 6189
# id: controllerType=0 controllerNumber=1 scan=12933
# scanNumber: 12933
# massAnalyzerType: quadrupole
# scanEvent: 2
# msLevel: 2
# retentionTime: 3068.42
# filterString: FTMS + p NSI d Full ms2 799.71@hcd28.00 [100.00-2470.00]
# mzLow: 99.0035
# mzHigh: 2495.33
# basePeakMZ: 204.087
# basePeakIntensity: 44590.2
# totalIonCurrent: 225811
# precursorCount: 1
# precursor 0: 799.371 442421
# binary (491): 
     99.0035	      0.0000
     99.0045	      0.0000
     99.0054	      0.0000
     99.0063	      0.0000
    107.9608	      0.0000
    107.9618	      0.0000
    107.9629	      0.0000
    107.9640	      0.0000
    107.9650	    695.3643
    107.9661	   1370.2593
    107.9672	   1782.7690
    107.9682	   1653.8571
    107.9693	   1107.5741
    107.9704	    515.8515
    107.9713	      0.0000
    107.9724	      0.0000
    107.9735	      0.0000
    107.9745	      0.0000
    115.0284	      0.0000
    115.0296	      0.0000
    115.0307	      0.0000
    115.0319	      0.0000
    115.0331	    579.7535
    115.0342	   1183.3279
    115.0354	   3383.1143
    115.0366	   5580.0264
    115.0377	   6634.9678
    115.0389	   4947.2417
    115.0401	   2835.3108
    115.0413	    893.3770
    115.0424	    308.1057
    115.0438	      0.0000
    115.0449	      0.0000
    115.0461	      0.0000
    115.0473	      0.0000
    126.0442	      0.0000
    126.0455	      0.0000
    126.0468	      0.0000
    126.0482	      0.0000
    126.0495	    563.5932
    126.0509	   1849.4822
    126.0522	   6005.4878
    126.0536	  12904.4023
    126.0549	  20416.2344
    126.0562	  21851.8320
    126.0576	  14626.2715
    126.0589	   7332.7544
    126.0603	   1712.4016
    126.0616	     80.4777
    126.0627	      0.0000
    126.0640	      0.0000
    126.0654	      0.0000
    126.0667	      0.0000
    127.0295	      0.0000
    127.0308	      0.0000
    127.0322	      0.0000
    127.0336	      0.0000
    127.0349	    716.5165
    127.0363	   1906.3154
    127.0376	   3635.9473
    127.0390	   5301.7954
    127.0404	   4652.6299
    127.0417	   2707.2900
    127.0431	   1107.6213
    127.0444	    414.8667
    127.0458	      0.0000
    127.0471	      0.0000
    127.0485	      0.0000
    127.0498	      0.0000
    129.0468	      0.0000
    129.0482	      0.0000
    129.0496	      0.0000
    129.0510	      0.0000
    129.0524	    401.7061
    129.0538	   1041.4792
    129.0551	   1409.7080
    129.0565	   1203.1719
    129.0579	    631.5678
    129.0593	      0.0000
    129.0607	      0.0000
    129.0621	      0.0000
    129.0635	      0.0000
    132.1309	      0.0000
    132.1324	      0.0000
    132.1338	      0.0000
    132.1353	      0.0000
    132.1367	    385.5779
    132.1381	    919.9112
    132.1396	   1500.4338
    132.1410	   1804.5380
    132.1425	   1696.0499
    132.1439	   1278.2305
    132.1453	    752.7003
    132.1470	      0.0000
    132.1484	      0.0000
    132.1499	      0.0000
    132.1513	      0.0000
    138.0418	      0.0000
    138.0434	      0.0000
    138.0449	      0.0000
    138.0464	      0.0000
    138.0480	    741.7404
    138.0495	   1949.8185
    138.0511	   6375.9453
    138.0526	  17051.6738
    138.0541	  28708.7637
    138.0557	  35561.7773
    138.0572	  26306.2637
    138.0587	  14681.0605
    138.0603	   3979.7974
    138.0618	    280.2942
    138.0631	      0.0000
    138.0646	      0.0000
    138.0662	      0.0000
    138.0677	      0.0000
    144.0540	      0.0000
    144.0557	      0.0000
    144.0573	      0.0000
    144.0589	      0.0000
    144.0606	    341.6873
    144.0622	   1029.4811
    144.0639	   1940.1262
    144.0655	   2529.7153
    144.0671	   2381.6252
    144.0688	   1611.1794
    144.0704	    746.4915
    144.0720	      0.0000
    144.0737	      0.0000
    144.0753	      0.0000
    144.0770	      0.0000
    145.0381	      0.0000
    145.0398	      0.0000
    145.0414	      0.0000
    145.0431	      0.0000
    145.0447	    353.6218
    145.0464	   1021.9961
    145.0480	   1850.0764
    145.0497	   2345.4043
    145.0514	   2152.8582
    145.0530	   1413.9811
    145.0547	    620.8148
    145.0563	      0.0000
    145.0580	      0.0000
    145.0596	      0.0000
    145.0613	      0.0000
    163.0457	      0.0000
    163.0476	      0.0000
    163.0496	      0.0000
    163.0516	      0.0000
    163.0536	    269.7345
    163.0555	    977.0545
    163.0575	   2168.7017
    163.0595	   4488.3442
    163.0615	   4372.2393
    163.0634	   2524.4338
    163.0654	   1263.1667
    163.0674	    501.8867
    163.0699	      0.0000
    163.0719	      0.0000
    163.0739	      0.0000
    163.0758	      0.0000
    168.0480	      0.0000
    168.0501	      0.0000
    168.0522	      0.0000
    168.0542	      0.0000
    168.0563	    199.7757
    168.0584	    972.9474
    168.0604	   3399.4143
    168.0625	   8595.9385
    168.0646	  14388.5615
    168.0666	  17160.9531
    168.0687	  12232.9561
    168.0708	   6547.7051
    168.0728	   1510.4393
    168.0749	      0.0000
    168.0766	      0.0000
    168.0786	      0.0000
    168.0807	      0.0000
    168.0828	      0.0000
    186.0565	      0.0000
    186.0589	      0.0000
    186.0614	      0.0000
    186.0638	      0.0000
    186.0662	     88.6619
    186.0686	   1098.6218
    186.0710	   4622.1479
    186.0734	   9378.9746
    186.0758	  14270.2090
    186.0782	  13477.7842
    186.0806	   8361.9951
    186.0830	   3649.8765
    186.0854	    775.1222
    186.0882	      0.0000
    186.0906	      0.0000
    186.0931	      0.0000
    186.0955	      0.0000
    204.0593	      0.0000
    204.0621	      0.0000
    204.0648	      0.0000
    204.0676	      0.0000
    204.0704	    637.4388
    204.0731	   1028.6897
    204.0759	   1875.1029
    204.0787	   5638.5776
    204.0814	  17568.9102
    204.0842	  31874.0586
    204.0870	  44384.0313
    204.0897	  37526.1133
    204.0925	  22406.1172
    204.0953	   8353.8975
    204.0980	   1763.3767
    204.1008	    408.5042
    204.1032	      0.0000
    204.1059	      0.0000
    204.1087	      0.0000
    204.1115	      0.0000
    205.0719	      0.0000
    205.0747	      0.0000
    205.0775	      0.0000
    205.0802	      0.0000
    205.0830	    868.0035
    205.0858	   2069.2903
    205.0886	   4736.8755
    205.0914	   5208.8027
    205.0942	   3366.7642
    205.0970	   1469.3302
    205.0997	    689.3297
    205.1018	      0.0000
    205.1046	      0.0000
    205.1074	      0.0000
    205.1102	      0.0000
    216.0747	      0.0000
    216.0777	      0.0000
    216.0808	      0.0000
    216.0838	      0.0000
    216.0868	    685.0578
    216.0898	   3319.3154
    216.0928	   7884.5703
    216.0958	  12707.4111
    216.0988	  13572.9229
    216.1019	   9024.5020
    216.1049	   4527.8765
    216.1079	   1204.1877
    216.1109	     51.5103
    216.1146	      0.0000
    216.1176	      0.0000
    216.1207	      0.0000
    216.1237	      0.0000
    242.1262	      0.0000
    242.1297	      0.0000
    242.1333	      0.0000
    242.1369	      0.0000
    242.1405	    892.1941
    242.1440	   1970.7201
    242.1476	   4110.3320
    242.1512	   4865.9941
    242.1547	   3400.0991
    242.1583	   1595.1364
    242.1619	    655.5124
    242.1658	      0.0000
    242.1694	      0.0000
    242.1729	      0.0000
    242.1765	      0.0000
    300.1240	      0.0000
    300.1290	      0.0000
    300.1339	      0.0000
    300.1388	      0.0000
    300.1438	    605.2983
    300.1487	   1032.5388
    300.1536	   1268.4968
    300.1586	   1167.8328
    300.1635	    799.7595
    300.1684	      0.0000
    300.1733	      0.0000
    300.1783	      0.0000
    300.1832	      0.0000
    307.0781	      0.0000
    307.0832	      0.0000
    307.0883	      0.0000
    307.0934	      0.0000
    307.0985	    539.9448
    307.1036	   1517.2476
    307.1087	   3733.0820
    307.1138	   5470.9365
    307.1189	   4908.1772
    307.1240	   2955.3301
    307.1291	   1067.9235
    307.1342	    336.8741
    307.1394	      0.0000
    307.1445	      0.0000
    307.1496	      0.0000
    307.1547	      0.0000
    329.1428	      0.0000
    329.1485	      0.0000
    329.1541	      0.0000
    329.1598	      0.0000
    329.1655	    931.6094
    329.1711	   3038.2717
    329.1768	   5343.3008
    329.1825	   7014.0195
    329.1881	   5488.2612
    329.1938	   3133.0264
    329.1995	    953.7189
    329.2054	      0.0000
    329.2111	      0.0000
    329.2167	      0.0000
    329.2224	      0.0000
    366.0925	      0.0000
    366.0992	      0.0000
    366.1058	      0.0000
    366.1125	      0.0000
    366.1191	    340.6408
    366.1258	   1176.3888
    366.1324	   2289.2327
    366.1391	   4641.0337
    366.1457	   3829.4468
    366.1524	   1937.1882
    366.1590	    899.6594
    366.1656	      0.0000
    366.1723	      0.0000
    366.1789	      0.0000
    366.1856	      0.0000
    372.6985	      0.0000
    372.7054	      0.0000
    372.7122	      0.0000
    372.7190	      0.0000
    372.7258	    758.0756
    372.7327	   1494.6788
    372.7395	   1931.5875
    372.7463	   1745.8413
    372.7532	   1086.0853
    372.7600	    411.7419
    372.7671	      0.0000
    372.7740	      0.0000
    372.7808	      0.0000
    372.7876	      0.0000
    428.7238	      0.0000
    428.7322	      0.0000
    428.7406	      0.0000
    428.7490	      0.0000
    428.7574	    488.5367
    428.7659	   1016.8820
    428.7743	   1369.3514
    428.7827	   1303.5847
    428.7911	    862.8446
    428.7995	      0.0000
    428.8080	      0.0000
    428.8164	      0.0000
    428.8248	      0.0000
    457.0586	      0.0000
    457.0678	      0.0000
    457.0771	      0.0000
    457.0864	      0.0000
    457.0956	    610.7917
    457.1049	   1008.7686
    457.1142	   1182.9628
    457.1235	   1010.4581
    457.1327	    594.7659
    457.1425	      0.0000
    457.1518	      0.0000
    457.1610	      0.0000
    457.1703	      0.0000
    528.5129	      0.0000
    528.5244	      0.0000
    528.5359	      0.0000
    528.5475	      0.0000
    528.5590	    484.1393
    528.5705	   1089.4403
    528.5820	   1834.5070
    528.5936	   2278.5757
    528.6051	   2060.2158
    528.6166	   1276.5515
    528.6282	    476.5400
    528.6397	      0.0000
    528.6512	      0.0000
    528.6627	      0.0000
    528.6743	      0.0000
    531.1736	      0.0000
    531.1852	      0.0000
    531.1968	      0.0000
    531.2085	      0.0000
    531.2201	    448.7388
    531.2317	    977.6702
    531.2433	   1419.5508
    531.2549	   1478.6133
    531.2665	   1095.4712
    531.2781	    526.7138
    531.2900	      0.0000
    531.3016	      0.0000
    531.3133	      0.0000
    531.3249	      0.0000
    762.5520	      0.0000
    762.5720	      0.0000
    762.5920	      0.0000
    762.6120	      0.0000
    762.6319	    699.2456
    762.6519	   1064.8352
    762.6719	   1230.9011
    762.6919	   1058.2496
    762.7119	    610.9006
    762.7320	      0.0000
    762.7520	      0.0000
    762.7719	      0.0000
    762.7919	      0.0000
    892.2913	      0.0000
    892.3166	      0.0000
    892.3419	      0.0000
    892.3672	      0.0000
    892.3925	    608.0049
    892.4178	   1048.4205
    892.4430	   1283.6696
    892.4683	   1131.3090
    892.4936	    665.7036
    892.5190	      0.0000
    892.5443	      0.0000
    892.5696	      0.0000
    892.5949	      0.0000
    956.3218	      0.0000
    956.3499	      0.0000
    956.3779	      0.0000
    956.4060	      0.0000
    956.4340	    638.2565
    956.4621	   1159.3853
    956.4902	   1420.6649
    956.5182	   1222.4843
    956.5463	    695.4503
    956.5744	      0.0000
    956.6025	      0.0000
    956.6306	      0.0000
    956.6586	      0.0000
   1059.3376	      0.0000
   1059.3703	      0.0000
   1059.4030	      0.0000
   1059.4357	      0.0000
   1059.4684	    795.8325
   1059.5011	   1727.0107
   1059.5339	   2252.8835
   1059.5666	   1928.9001
   1059.5993	   1031.7216
   1059.6320	      0.0000
   1059.6647	      0.0000
   1059.6974	      0.0000
   1059.7302	      0.0000
   1060.3194	      0.0000
   1060.3522	      0.0000
   1060.3849	      0.0000
   1060.4177	      0.0000
   1060.4504	    528.0530
   1060.4832	   1270.1648
   1060.5159	   2085.5601
   1060.5487	   2499.6521
   1060.5815	   2223.0928
   1060.6142	   1425.5555
   1060.6470	    591.5407
   1060.6798	      0.0000
   1060.7126	      0.0000
   1060.7454	      0.0000
   1060.7781	      0.0000
   1094.2901	      0.0000
   1094.3244	      0.0000
   1094.3588	      0.0000
   1094.3931	      0.0000
   1094.4275	    746.2209
   1094.4618	   1545.0897
   1094.4961	   2134.2437
   1094.5305	   2122.3193
   1094.5648	   1517.3953
   1094.5992	    720.1682
   1094.6337	      0.0000
   1094.6681	      0.0000
   1094.7025	      0.0000
   1094.7368	      0.0000
   1262.3334	      0.0000
   1262.3759	      0.0000
   1262.4184	      0.0000
   1262.4610	      0.0000
   1262.5035	    500.0595
   1262.5461	   1467.3768
   1262.5886	   2458.7578
   1262.6312	   2808.3931
   1262.6738	   2274.0952
   1262.7163	   1277.3417
   1262.7589	    475.1773
   1262.8014	      0.0000
   1262.8440	      0.0000
   1262.8866	      0.0000
   1262.9292	      0.0000
   2494.9793	      0.0000
   2495.0975	      0.0000
   2495.2158	      0.0000
   2495.3340	      0.0000
