# ljz_20131022_MR_Chym1_ELUTE.mzML
#
# index: 4129
# id: controllerType=0 controllerNumber=1 scan=10221
# scanNumber: 10221
# massAnalyzerType: quadrupole
# scanEvent: 2
# msLevel: 2
# retentionTime: 2560.19
# filterString: FTMS + p NSI d Full ms2 420.19@hcd28.00 [100.00-1305.00]
# mzLow: 99.0036
# mzHigh: 1318.33
# basePeakMZ: 110.072
# basePeakIntensity: 145270
# totalIonCurrent: 1.42272e+006
# precursorCount: 1
# precursor 0: 420.195 1.84273e+006
# binary (2763): 
     99.0036	      0.0000
     99.0045	      0.0000
     99.0055	      0.0000
     99.0064	      0.0000
    101.0002	      0.0000
    101.0012	      0.0000
    101.0021	      0.0000
    101.0031	      0.0000
    101.0041	    603.5353
    101.0050	   1188.0868
    101.0060	   1523.8975
    101.0070	   1349.9574
    101.0079	    802.0305
    101.0089	      0.0000
    101.0099	      0.0000
    101.0108	      0.0000
    101.0118	      0.0000
    101.0638	      0.0000
    101.0648	      0.0000
    101.0657	      0.0000
    101.0667	      0.0000
    101.0677	    345.5793
    101.0686	    931.3290
    101.0696	   2547.2754
    101.0705	   4293.8765
    101.0715	   5126.0166
    101.0725	   3649.9353
    101.0734	   1909.1158
    101.0744	    660.7722
    101.0753	      0.0000
    101.0763	      0.0000
    101.0773	      0.0000
    101.0782	      0.0000
    104.0655	      0.0000
    104.0665	      0.0000
    104.0675	      0.0000
    104.0685	      0.0000
    104.0695	    780.5746
    104.0705	   1289.3528
    104.0715	   1374.0630
    104.0725	    945.3883
    104.0735	    349.8549
    104.0745	      0.0000
    104.0756	      0.0000
    104.0766	      0.0000
    104.0776	      0.0000
    105.0584	      0.0000
    105.0594	      0.0000
    105.0604	      0.0000
    105.0614	      0.0000
    105.0624	    537.2305
    105.0635	    849.4364
    105.0645	   3098.9890
    105.0655	   5495.6616
    105.0665	   6978.5151
    105.0676	   5155.1084
    105.0686	   2839.4180
    105.0696	    757.8415
    105.0706	      0.0000
    105.0716	      0.0000
    105.0726	      0.0000
    105.0737	      0.0000
    106.8071	      0.0000
    106.8081	      0.0000
    106.8092	      0.0000
    106.8102	      0.0000
    106.8113	    634.8489
    106.8123	   1050.5675
    106.8134	   1187.4535
    106.8144	    960.6764
    106.8155	    546.1512
    106.8168	      0.0000
    106.8178	      0.0000
    106.8189	      0.0000
    106.8199	      0.0000
    110.0585	      0.0000
    110.0596	      0.0000
    110.0607	      0.0000
    110.0618	      0.0000
    110.0629	      0.0000
    110.0640	   1342.5646
    110.0651	   2816.9937
    110.0662	   4685.8955
    110.0673	   7472.9663
    110.0684	  18235.2734
    110.0695	  53465.0117
    110.0706	  99256.5156
    110.0717	 143387.3906
    110.0728	 128957.4688
    110.0739	  78675.6094
    110.0750	  32083.4395
    110.0761	   6239.2886
    110.0772	    480.7942
    110.0780	      0.0000
    110.0791	      0.0000
    110.0802	   2218.9597
    110.0812	    542.8777
    110.0824	      0.0000
    110.0835	      0.0000
    110.0846	      0.0000
    110.0857	      0.0000
    111.0662	      0.0000
    111.0673	      0.0000
    111.0684	      0.0000
    111.0695	      0.0000
    111.0707	    458.1443
    111.0718	   1009.7039
    111.0729	   3400.2075
    111.0740	   6123.9834
    111.0751	   8173.0151
    111.0762	   6372.3823
    111.0773	   3596.1440
    111.0784	    959.2012
    111.0795	    110.4887
    111.0805	      0.0000
    111.0816	      0.0000
    111.0827	      0.0000
    111.0838	      0.0000
    117.0534	      0.0000
    117.0546	      0.0000
    117.0558	      0.0000
    117.0570	      0.0000
    117.0582	    755.8217
    117.0594	   1218.4904
    117.0606	    907.9966
    117.0620	   1651.5970
    117.0632	   4729.3096
    117.0644	  10483.1611
    117.0656	  16734.2031
    117.0668	  18245.2227
    117.0680	  12181.0254
    117.0692	   6023.7617
    117.0705	   1264.4780
    117.0717	      0.0000
    117.0726	      0.0000
    117.0738	      0.0000
    117.0750	      0.0000
    117.0762	      0.0000
    118.4643	      0.0000
    118.4655	      0.0000
    118.4668	      0.0000
    118.4680	      0.0000
    118.4692	    538.5317
    118.4704	    797.2090
    118.4716	    903.2308
    118.4729	    767.2328
    118.4741	    439.1255
    118.4753	      0.0000
    118.4765	      0.0000
    118.4777	      0.0000
    118.4790	      0.0000
    120.0567	      0.0000
    120.0579	      0.0000
    120.0592	      0.0000
    120.0604	      0.0000
    120.0617	    378.1141
    120.0629	    781.0101
    120.0642	   1002.1565
    120.0654	    918.3745
    120.0667	    692.1478
    120.0681	      0.0000
    120.0693	      0.0000
    120.0706	      0.0000
    120.0718	      0.0000
    120.0731	      0.0000
    120.0743	    577.8410
    120.0756	   1027.8003
    120.0768	   2949.9485
    120.0781	   9857.4150
    120.0793	  21309.7285
    120.0806	  33638.7109
    120.0818	  35291.3242
    120.0831	  23223.6270
    120.0843	  11358.1084
    120.0856	   2651.5271
    120.0868	    399.0384
    120.0879	      0.0000
    120.0891	      0.0000
    120.0904	      0.0000
    120.0916	      0.0000
    121.0776	      0.0000
    121.0788	      0.0000
    121.0801	      0.0000
    121.0814	      0.0000
    121.0826	    394.8789
    121.0839	    883.3748
    121.0852	   1169.5968
    121.0864	   1057.8972
    121.0877	    650.5930
    121.0889	      0.0000
    121.0902	      0.0000
    121.0915	      0.0000
    121.0927	      0.0000
    122.0642	      0.0000
    122.0655	      0.0000
    122.0668	      0.0000
    122.0680	      0.0000
    122.0693	    786.3328
    122.0706	   1311.3290
    122.0719	   1667.3115
    122.0732	   1634.0264
    122.0744	   1194.0992
    122.0757	    619.5038
    122.0770	      0.0000
    122.0783	    576.6910
    122.0796	   1160.4955
    122.0808	   1592.3602
    122.0821	   1509.8116
    122.0834	    984.4770
    122.0847	    390.0965
    122.0859	      0.0000
    122.0872	      0.0000
    122.0885	      0.0000
    122.0897	      0.0000
    127.0417	      0.0000
    127.0430	      0.0000
    127.0444	      0.0000
    127.0458	      0.0000
    127.0471	    552.2429
    127.0485	   1157.4740
    127.0498	   1632.8376
    127.0512	   1646.6857
    127.0526	   1190.9373
    127.0539	    581.1563
    127.0553	      0.0000
    127.0566	      0.0000
    127.0580	      0.0000
    127.0593	      0.0000
    129.0579	      0.0000
    129.0593	      0.0000
    129.0607	      0.0000
    129.0621	      0.0000
    129.0635	    607.6452
    129.0649	   1082.0248
    129.0663	   1271.8179
    129.0676	   1020.1718
    129.0690	    509.9674
    129.0707	      0.0000
    129.0721	      0.0000
    129.0735	      0.0000
    129.0749	      0.0000
    129.0902	      0.0000
    129.0916	      0.0000
    129.0930	      0.0000
    129.0943	      0.0000
    129.0957	    758.2261
    129.0971	   1317.1429
    129.0985	   3819.3213
    129.0999	  11479.6318
    129.1013	  20381.5898
    129.1027	  27840.0488
    129.1041	  22994.8730
    129.1055	  13543.4072
    129.1069	   4690.7915
    129.1083	    723.0944
    129.1094	      0.0000
    129.1108	      0.0000
    129.1122	      0.0000
    129.1136	      0.0000
    132.0907	      0.0000
    132.0921	      0.0000
    132.0935	      0.0000
    132.0950	      0.0000
    132.0964	    506.9716
    132.0979	   1269.8728
    132.0993	   3815.2800
    132.1007	   6709.6040
    132.1022	   9187.9385
    132.1036	   8079.3389
    132.1051	   5046.5933
    132.1065	   2226.4421
    132.1079	    463.8445
    132.1096	      0.0000
    132.1110	      0.0000
    132.1124	      0.0000
    132.1139	      0.0000
    133.0318	      0.0000
    133.0333	      0.0000
    133.0348	      0.0000
    133.0362	      0.0000
    133.0377	    555.3715
    133.0391	   2053.7327
    133.0406	   6507.7368
    133.0420	  11592.3496
    133.0435	  15749.7725
    133.0449	  12840.5166
    133.0464	   7515.2437
    133.0479	   2498.1804
    133.0493	    332.3716
    133.0505	      0.0000
    133.0519	      0.0000
    133.0534	      0.0000
    133.0549	      0.0000
    134.9842	      0.0000
    134.9857	      0.0000
    134.9871	      0.0000
    134.9886	      0.0000
    134.9901	    625.5593
    134.9916	   1087.6788
    134.9931	   1359.7367
    134.9946	   1228.7596
    134.9961	    764.0187
    134.9975	      0.0000
    134.9990	      0.0000
    135.0005	      0.0000
    135.0020	      0.0000
    136.0646	      0.0000
    136.0661	      0.0000
    136.0676	      0.0000
    136.0692	      0.0000
    136.0707	    342.1741
    136.0722	   1057.0264
    136.0737	   2126.2590
    136.0752	   4218.2510
    136.0767	   3924.7947
    136.0782	   2316.2063
    136.0797	   1096.3789
    136.0812	    487.1472
    136.0827	      0.0000
    136.0842	      0.0000
    136.0857	      0.0000
    136.0872	      0.0000
    138.0554	      0.0000
    138.0569	      0.0000
    138.0585	      0.0000
    138.0600	      0.0000
    138.0615	    318.4803
    138.0631	    922.4662
    138.0646	   1611.4285
    138.0661	   1905.8177
    138.0677	   1591.8025
    138.0692	    908.3099
    138.0708	    301.1467
    138.0724	      0.0000
    138.0740	      0.0000
    138.0755	      0.0000
    138.0771	      0.0000
    145.0482	      0.0000
    145.0498	      0.0000
    145.0515	      0.0000
    145.0531	      0.0000
    145.0548	    735.8574
    145.0564	   3003.1819
    145.0581	   7819.7378
    145.0598	  13104.1904
    145.0614	  15606.8242
    145.0631	  11186.1563
    145.0647	   6069.3540
    145.0664	   1635.6157
    145.0680	    248.4820
    145.0696	      0.0000
    145.0712	      0.0000
    145.0729	      0.0000
    145.0745	      0.0000
    145.8951	      0.0000
    145.8968	      0.0000
    145.8985	      0.0000
    145.9001	      0.0000
    145.9018	    404.1139
    145.9035	    816.8556
    145.9052	   1079.0900
    145.9068	   1029.5237
    145.9085	    724.4478
    145.9102	      0.0000
    145.9118	      0.0000
    145.9135	      0.0000
    145.9152	      0.0000
    148.0260	      0.0000
    148.0277	      0.0000
    148.0294	      0.0000
    148.0311	      0.0000
    148.0328	    634.0554
    148.0345	   1469.3866
    148.0363	   2140.3171
    148.0380	   2147.9041
    148.0397	   1483.9949
    148.0414	    664.9173
    148.0432	      0.0000
    148.0449	      0.0000
    148.0466	      0.0000
    148.0483	      0.0000
    149.0029	      0.0000
    149.0046	      0.0000
    149.0064	      0.0000
    149.0081	      0.0000
    149.0098	    230.5649
    149.0115	   2208.0564
    149.0133	    924.6663
    149.0151	   1192.3525
    149.0169	   2866.9998
    149.0186	   9186.3164
    149.0203	  26093.8750
    149.0220	  44225.4180
    149.0238	  56474.8672
    149.0255	  43154.6484
    149.0272	  24873.0410
    149.0289	   7708.6470
    149.0307	   1505.3214
    149.0324	     30.8712
    149.0340	      0.0000
    149.0357	      0.0000
    149.0374	      0.0000
    149.0391	      0.0000
    150.0156	      0.0000
    150.0173	      0.0000
    150.0191	      0.0000
    150.0208	      0.0000
    150.0225	    547.0336
    150.0243	   1399.2637
    150.0260	   2295.4995
    150.0278	   2617.8694
    150.0295	   2110.0645
    150.0313	   1160.1672
    150.0330	    407.8467
    150.0347	      0.0000
    150.0365	      0.0000
    150.0382	      0.0000
    150.0400	      0.0000
    150.0539	      0.0000
    150.0557	      0.0000
    150.0574	      0.0000
    150.0592	      0.0000
    150.0609	    329.4878
    150.0626	   1063.7214
    150.0644	   2021.9391
    150.0661	   2562.3726
    150.0679	   2281.4854
    150.0696	   1413.0742
    150.0714	    576.0225
    150.0731	      0.0000
    150.0748	      0.0000
    150.0766	      0.0000
    150.0783	      0.0000
    152.0703	      0.0000
    152.0721	      0.0000
    152.0739	      0.0000
    152.0757	      0.0000
    152.0775	    315.4505
    152.0792	    868.6501
    152.0810	   1402.2301
    152.0828	   1552.8558
    152.0846	   1199.9526
    152.0864	    600.0468
    152.0881	      0.0000
    152.0899	      0.0000
    152.0917	      0.0000
    152.0934	      0.0000
    155.0795	      0.0000
    155.0813	      0.0000
    155.0832	      0.0000
    155.0850	      0.0000
    155.0868	    436.5246
    155.0887	   1406.7167
    155.0905	   3074.6167
    155.0923	   4784.4453
    155.0942	   4695.1284
    155.0960	   2784.1387
    155.0978	    978.5848
    155.0997	    593.2123
    155.1015	      0.0000
    155.1033	      0.0000
    155.1051	      0.0000
    155.1070	      0.0000
    155.9976	      0.0000
    155.9995	      0.0000
    156.0013	      0.0000
    156.0032	      0.0000
    156.0050	    357.5886
    156.0069	    844.7723
    156.0087	   1218.6711
    156.0106	   1176.9161
    156.0124	    735.1632
    156.0144	      0.0000
    156.0162	      0.0000
    156.0181	      0.0000
    156.0199	      0.0000
    156.0643	      0.0000
    156.0661	      0.0000
    156.0680	      0.0000
    156.0698	      0.0000
    156.0717	    656.6310
    156.0735	   1548.1603
    156.0754	   2438.2009
    156.0772	   4013.1084
    156.0791	   2080.3345
    156.0809	   1070.0082
    156.0828	    311.3443
    156.0846	      0.0000
    156.0865	      0.0000
    156.0883	      0.0000
    156.0902	      0.0000
    157.0845	      0.0000
    157.0864	      0.0000
    157.0883	      0.0000
    157.0901	      0.0000
    157.0920	    436.2242
    157.0939	   1156.8025
    157.0957	   1939.1414
    157.0976	   2195.9382
    157.0995	   1738.5980
    157.1013	    935.5026
    157.1032	    300.0912
    157.1051	      0.0000
    157.1069	      0.0000
    157.1088	      0.0000
    157.1107	      0.0000
    157.1200	      0.0000
    157.1219	      0.0000
    157.1237	      0.0000
    157.1256	      0.0000
    157.1275	    585.8040
    157.1294	   1998.2144
    157.1312	   4128.3013
    157.1331	   6344.9854
    157.1350	   6227.0815
    157.1368	   3900.5808
    157.1387	   1745.3777
    157.1406	    638.6052
    157.1424	      0.0000
    157.1443	      0.0000
    157.1461	      0.0000
    157.1480	      0.0000
    160.0311	      0.0000
    160.0331	      0.0000
    160.0350	      0.0000
    160.0369	      0.0000
    160.0388	    629.5808
    160.0407	   1029.8478
    160.0427	   1155.6689
    160.0446	    910.7570
    160.0465	    460.8006
    160.0485	      0.0000
    160.0504	      0.0000
    160.0523	      0.0000
    160.0542	      0.0000
    166.0467	      0.0000
    166.0487	      0.0000
    166.0508	      0.0000
    166.0528	      0.0000
    166.0548	    240.7451
    166.0569	   1127.2977
    166.0589	   3654.4070
    166.0609	   5129.0776
    166.0630	   4263.6470
    166.0650	   2253.7886
    166.0670	    406.6822
    166.0691	      0.0000
    166.0711	      0.0000
    166.0731	      0.0000
    166.0751	      0.0000
    166.0772	      0.0000
    166.0792	    764.2405
    166.0812	   2855.6042
    166.0833	   6493.6357
    166.0853	  10255.8643
    166.0873	  10550.2852
    166.0894	   6812.8872
    166.0914	   3166.0559
    166.0934	    661.4680
    166.0954	      0.0000
    166.0975	      0.0000
    166.0995	      0.0000
    166.1015	      0.0000
    167.0191	      0.0000
    167.0211	      0.0000
    167.0232	      0.0000
    167.0252	      0.0000
    167.0273	    426.9576
    167.0293	   1203.7676
    167.0314	   2100.6614
    167.0334	   2543.8223
    167.0354	   2222.8823
    167.0375	   1379.7494
    167.0395	    573.8470
    167.0416	      0.0000
    167.0436	      0.0000
    167.0457	      0.0000
    167.0477	      0.0000
    167.0764	      0.0000
    167.0785	      0.0000
    167.0805	      0.0000
    167.0826	      0.0000
    167.0846	    432.2530
    167.0867	   1097.1696
    167.0887	   3287.4688
    167.0907	   5676.9902
    167.0928	   6989.1685
    167.0948	   5078.3901
    167.0969	   2739.1704
    167.0989	    630.3530
    167.1010	      0.0000
    167.1030	      0.0000
    167.1051	      0.0000
    167.1071	      0.0000
    171.1012	      0.0000
    171.1033	      0.0000
    171.1055	      0.0000
    171.1076	      0.0000
    171.1097	    603.0087
    171.1118	   1116.2305
    171.1140	   1317.7283
    171.1161	   1035.4978
    171.1182	    488.9977
    171.1208	      0.0000
    171.1229	      0.0000
    171.1251	      0.0000
    171.1272	      0.0000
    171.1293	    678.9019
    171.1314	   1863.7427
    171.1336	   5776.1182
    171.1357	  11237.2852
    171.1378	  16703.0254
    171.1399	  15592.2607
    171.1421	   9632.4209
    171.1442	   4077.0132
    171.1463	    680.3297
    171.1488	      0.0000
    171.1510	      0.0000
    171.1531	      0.0000
    171.1552	      0.0000
    173.1110	      0.0000
    173.1131	      0.0000
    173.1153	      0.0000
    173.1174	      0.0000
    173.1196	    585.4485
    173.1218	   1059.8940
    173.1239	   3184.9368
    173.1261	   6903.0688
    173.1282	  10984.1074
    173.1304	  11387.4346
    173.1326	   7235.6567
    173.1347	   3228.1553
    173.1369	    415.6115
    173.1382	      0.0000
    173.1404	      0.0000
    173.1425	      0.0000
    173.1447	      0.0000
    177.0676	      0.0000
    177.0699	      0.0000
    177.0721	      0.0000
    177.0743	      0.0000
    177.0766	    669.2942
    177.0788	   1216.2450
    177.0810	   1515.6121
    177.0833	   1346.9779
    177.0855	    830.2017
    177.0877	      0.0000
    177.0900	      0.0000
    177.0922	      0.0000
    177.0944	      0.0000
    179.0372	      0.0000
    179.0395	      0.0000
    179.0418	      0.0000
    179.0441	      0.0000
    179.0463	    755.1091
    179.0486	   1266.3160
    179.0509	   1333.3158
    179.0532	    949.8549
    179.0554	    455.7964
    179.0578	      0.0000
    179.0601	      0.0000
    179.0623	      0.0000
    179.0646	      0.0000
    179.0760	      0.0000
    179.0783	      0.0000
    179.0805	      0.0000
    179.0828	      0.0000
    179.0851	    667.1047
    179.0873	   2896.5342
    179.0896	   6333.6016
    179.0919	  10016.0020
    179.0942	  10329.2246
    179.0964	   6710.2300
    179.0987	   3225.4514
    179.1010	    755.2957
    179.1032	      0.0000
    179.1054	      0.0000
    179.1077	      0.0000
    179.1100	      0.0000
    180.0596	      0.0000
    180.0619	      0.0000
    180.0642	      0.0000
    180.0665	      0.0000
    180.0688	    557.3032
    180.0711	   1258.4846
    180.0734	   3277.8274
    180.0756	   5465.4189
    180.0779	   6175.2964
    180.0802	   4182.9912
    180.0825	   2112.8003
    180.0848	    747.9271
    180.0875	      0.0000
    180.0898	      0.0000
    180.0921	      0.0000
    180.0943	      0.0000
    180.9987	      0.0000
    181.0010	      0.0000
    181.0033	      0.0000
    181.0056	      0.0000
    181.0079	    827.6550
    181.0102	   2312.4697
    181.0125	   7056.2720
    181.0149	  12690.0098
    181.0172	  17519.8574
    181.0195	  14741.1426
    181.0218	   8721.9600
    181.0241	   3109.5059
    181.0264	    407.6014
    181.0283	      0.0000
    181.0307	      0.0000
    181.0330	      0.0000
    181.0353	      0.0000
    181.0931	      0.0000
    181.0954	      0.0000
    181.0977	      0.0000
    181.1000	      0.0000
    181.1023	    818.7684
    181.1046	   2719.3936
    181.1069	   4787.9570
    181.1092	   5904.4111
    181.1115	   4235.9653
    181.1139	   2270.3823
    181.1162	    526.9032
    181.1185	      0.0000
    181.1209	      0.0000
    181.1232	      0.0000
    181.1255	      0.0000
    185.1116	      0.0000
    185.1140	      0.0000
    185.1164	      0.0000
    185.1188	      0.0000
    185.1212	    426.8569
    185.1235	   1101.7196
    185.1259	   2662.2502
    185.1283	   4064.6082
    185.1307	   3591.6880
    185.1331	   1790.1525
    185.1355	    786.7157
    185.1379	      0.0000
    185.1402	      0.0000
    185.1426	      0.0000
    185.1450	      0.0000
    189.0580	      0.0000
    189.0605	      0.0000
    189.0629	      0.0000
    189.0654	      0.0000
    189.0679	    463.8658
    189.0703	    866.4300
    189.0728	   1114.6553
    189.0753	   1032.2253
    189.0777	    649.5095
    189.0802	      0.0000
    189.0827	      0.0000
    189.0851	      0.0000
    189.0876	      0.0000
    192.0571	      0.0000
    192.0596	      0.0000
    192.0621	      0.0000
    192.0646	      0.0000
    192.0672	    320.8881
    192.0697	    959.5914
    192.0722	   2840.2883
    192.0747	   4749.5742
    192.0772	   5697.5591
    192.0798	   4094.4741
    192.0823	   2186.5679
    192.0848	    458.9326
    192.0874	      0.0000
    192.0900	      0.0000
    192.0925	      0.0000
    192.0950	      0.0000
    195.0687	      0.0000
    195.0712	      0.0000
    195.0738	      0.0000
    195.0764	      0.0000
    195.0790	    478.9666
    195.0816	   1138.5048
    195.0842	   2703.7161
    195.0868	   4414.9243
    195.0893	   4471.0522
    195.0919	   2798.3340
    195.0945	   1130.0071
    195.0971	    398.3311
    195.0997	      0.0000
    195.1023	      0.0000
    195.1048	      0.0000
    195.1074	      0.0000
    196.0466	      0.0000
    196.0492	      0.0000
    196.0518	      0.0000
    196.0544	      0.0000
    196.0570	    684.4474
    196.0596	   1079.6956
    196.0622	   1147.4843
    196.0648	    844.4366
    196.0674	    402.6541
    196.0685	      0.0000
    196.0711	      0.0000
    196.0737	      0.0000
    196.0763	      0.0000
    197.0829	      0.0000
    197.0855	      0.0000
    197.0881	      0.0000
    197.0907	      0.0000
    197.0934	    559.1675
    197.0960	   3880.7551
    197.0986	   7771.1704
    197.1012	  11734.0186
    197.1039	   9943.0332
    197.1065	   6007.9487
    197.1091	   3189.2666
    197.1132	   3542.9768
    197.1159	   5194.3799
    197.1185	   4890.1172
    197.1211	   2240.0698
    197.1237	      0.0000
    197.1264	      0.0000
    197.1290	      0.0000
    197.1316	      0.0000
    197.1342	      0.0000
    197.6024	      0.0000
    197.6050	      0.0000
    197.6077	      0.0000
    197.6103	      0.0000
    197.6129	    616.1780
    197.6156	   1075.5110
    197.6182	   1246.6599
    197.6208	    974.0532
    197.6235	    452.7098
    197.6261	      0.0000
    197.6287	      0.0000
    197.6314	      0.0000
    197.6340	      0.0000
    199.0089	      0.0000
    199.0116	      0.0000
    199.0142	      0.0000
    199.0169	      0.0000
    199.0196	    590.1822
    199.0222	   1494.5546
    199.0249	   3306.8291
    199.0276	   4406.5059
    199.0302	   3404.0920
    199.0329	   1552.2633
    199.0356	    620.3928
    199.0382	      0.0000
    199.0409	      0.0000
    199.0435	      0.0000
    199.0462	      0.0000
    201.1078	      0.0000
    201.1105	      0.0000
    201.1132	      0.0000
    201.1159	      0.0000
    201.1186	    692.4724
    201.1213	   1224.3146
    201.1240	   1434.1324
    201.1267	   1178.8605
    201.1295	    656.8912
    201.1322	      0.0000
    201.1349	      0.0000
    201.1376	      0.0000
    201.1403	      0.0000
    206.5844	      0.0000
    206.5872	      0.0000
    206.5900	      0.0000
    206.5928	      0.0000
    206.5956	    603.1708
    206.5985	   1133.8892
    206.6013	   1290.6125
    206.6041	    940.9779
    206.6069	    378.5533
    206.6094	      0.0000
    206.6123	      0.0000
    206.6151	      0.0000
    206.6179	      0.0000
    207.0665	      0.0000
    207.0694	      0.0000
    207.0722	      0.0000
    207.0750	      0.0000
    207.0779	    420.1046
    207.0807	   2222.1260
    207.0835	   5083.2798
    207.0863	   8107.7554
    207.0892	   7994.5313
    207.0920	   5017.8140
    207.0948	   2263.6321
    207.0976	    675.3557
    207.1021	      0.0000
    207.1049	      0.0000
    207.1077	      0.0000
    207.1106	      0.0000
    208.0496	      0.0000
    208.0524	      0.0000
    208.0552	      0.0000
    208.0581	      0.0000
    208.0609	    479.1662
    208.0638	    934.6047
    208.0666	   3000.6770
    208.0695	   5677.6460
    208.0723	   8177.4326
    208.0752	   7141.4253
    208.0780	   4195.2485
    208.0809	   1344.3403
    208.0837	    104.1965
    208.0852	    897.7120
    208.0881	   1137.2219
    208.0909	    942.5159
    208.0938	    419.4603
    208.0972	      0.0000
    208.1000	      0.0000
    208.1029	      0.0000
    208.1057	      0.0000
    209.0802	      0.0000
    209.0831	      0.0000
    209.0859	      0.0000
    209.0888	      0.0000
    209.0917	    633.1000
    209.0945	   2036.6432
    209.0974	   6819.7056
    209.1003	  13261.4932
    209.1031	  19706.1973
    209.1060	  18123.3984
    209.1089	  11142.7305
    209.1117	   4624.0127
    209.1146	    997.3687
    209.1175	    296.4651
    209.1197	      0.0000
    209.1226	      0.0000
    209.1255	      0.0000
    209.1283	      0.0000
    210.0089	      0.0000
    210.0118	      0.0000
    210.0147	      0.0000
    210.0176	      0.0000
    210.0205	    658.5426
    210.0234	   1179.7485
    210.0262	   1410.1100
    210.0291	   1162.4626
    210.0320	    618.1359
    210.0349	      0.0000
    210.0378	      0.0000
    210.0407	      0.0000
    210.0436	      0.0000
    210.0869	      0.0000
    210.0898	      0.0000
    210.0927	      0.0000
    210.0956	      0.0000
    210.0984	    620.5585
    210.1013	   1089.5071
    210.1042	   1526.9435
    210.1071	   1651.0336
    210.1100	   1323.9564
    210.1129	    738.9258
    210.1175	      0.0000
    210.1204	      0.0000
    210.1233	      0.0000
    210.1261	      0.0000
    211.0915	      0.0000
    211.0945	      0.0000
    211.0974	      0.0000
    211.1003	      0.0000
    211.1032	    518.8895
    211.1061	   1460.4995
    211.1090	   4143.4395
    211.1119	   7424.4785
    211.1148	  10074.9658
    211.1177	   8082.4287
    211.1206	   4604.1992
    211.1235	   1168.0466
    211.1265	      0.0000
    211.1277	      0.0000
    211.1306	      0.0000
    211.1335	      0.0000
    211.1364	      0.0000
    211.5969	      0.0000
    211.5999	      0.0000
    211.6028	      0.0000
    211.6057	      0.0000
    211.6086	    493.8477
    211.6115	    980.4392
    211.6145	   1263.5367
    211.6174	   1120.7733
    211.6203	    679.1638
    211.6233	      0.0000
    211.6262	      0.0000
    211.6291	      0.0000
    211.6320	      0.0000
    219.6069	      0.0000
    219.6100	      0.0000
    219.6131	      0.0000
    219.6162	      0.0000
    219.6193	    658.5464
    219.6223	   1630.3094
    219.6254	   2458.5481
    219.6285	   2495.3213
    219.6316	   1714.4877
    219.6347	    754.1559
    219.6378	      0.0000
    219.6409	      0.0000
    219.6440	      0.0000
    219.6470	      0.0000
    220.5794	      0.0000
    220.5825	      0.0000
    220.5856	      0.0000
    220.5887	      0.0000
    220.5918	    518.8329
    220.5950	   1200.1268
    220.5981	   1723.0083
    220.6012	   1735.8627
    220.6043	   1260.6631
    220.6074	    638.3438
    220.6105	      0.0000
    220.6136	      0.0000
    220.6167	      0.0000
    220.6198	      0.0000
    221.0806	      0.0000
    221.0837	      0.0000
    221.0868	      0.0000
    221.0899	      0.0000
    221.0930	    570.7303
    221.0962	   1015.8252
    221.0993	   1325.5298
    221.1024	   1253.3971
    221.1055	    823.2740
    221.1086	    351.2521
    221.1117	      0.0000
    221.1148	      0.0000
    221.1180	      0.0000
    221.1211	      0.0000
    225.0591	      0.0000
    225.0623	      0.0000
    225.0655	      0.0000
    225.0687	      0.0000
    225.0719	      0.0000
    225.0751	      0.0000
    225.0783	      0.0000
    225.0820	   2001.0092
    225.0852	   3324.9421
    225.0884	   9703.2510
    225.0916	  30599.4766
    225.0948	  57413.3047
    225.0980	  83225.1875
    225.1012	  75088.1875
    225.1044	  46129.9492
    225.1076	  19344.3086
    225.1108	   4475.5342
    225.1140	    858.2743
    225.1167	    959.9400
    225.1199	    571.0936
    225.1231	      0.0000
    225.1263	      0.0000
    225.1295	      0.0000
    225.1327	      0.0000
    226.0745	      0.0000
    226.0777	      0.0000
    226.0810	      0.0000
    226.0842	      0.0000
    226.0874	    486.7441
    226.0906	   1043.3323
    226.0939	   3225.5295
    226.0971	   5740.2007
    226.1003	   8077.3638
    226.1035	   7300.9121
    226.1068	   4555.4893
    226.1100	   2030.0651
    226.1132	    399.9414
    226.1164	      0.0000
    226.1197	    767.0507
    226.1229	   1016.6779
    226.1261	   1181.5388
    226.1293	   1166.6489
    226.1326	    929.2567
    226.1358	    546.6154
    226.1391	      0.0000
    226.1423	      0.0000
    226.1455	      0.0000
    226.1487	      0.0000
    236.0532	      0.0000
    236.0566	      0.0000
    236.0601	      0.0000
    236.0635	      0.0000
    236.0669	    550.8883
    236.0704	   1064.3336
    236.0738	   1346.3894
    236.0773	   1190.1515
    236.0807	    718.7972
    236.0841	      0.0000
    236.0876	      0.0000
    236.0910	      0.0000
    236.0944	      0.0000
    239.6051	      0.0000
    239.6086	      0.0000
    239.6121	      0.0000
    239.6156	      0.0000
    239.6192	    806.8195
    239.6227	   1225.6682
    239.6262	   1261.5016
    239.6297	    911.6852
    239.6332	    436.3578
    239.6367	      0.0000
    239.6403	      0.0000
    239.6438	      0.0000
    239.6473	      0.0000
    240.6073	      0.0000
    240.6109	      0.0000
    240.6144	      0.0000
    240.6180	      0.0000
    240.6215	    589.1914
    240.6250	   1377.1553
    240.6286	   2263.8811
    240.6321	   2683.5339
    240.6357	   2315.3071
    240.6392	   1414.4222
    240.6427	    581.4080
    240.6463	      0.0000
    240.6498	      0.0000
    240.6534	      0.0000
    240.6569	      0.0000
    242.1047	      0.0000
    242.1083	      0.0000
    242.1118	      0.0000
    242.1154	      0.0000
    242.1190	    807.9708
    242.1225	   1453.6887
    242.1261	   1720.3439
    242.1297	   1393.5730
    242.1333	    722.4843
    242.1381	      0.0000
    242.1417	      0.0000
    242.1453	      0.0000
    242.1489	      0.0000
    248.0853	      0.0000
    248.0890	      0.0000
    248.0927	      0.0000
    248.0964	      0.0000
    248.1001	    807.2937
    248.1038	   2199.3079
    248.1076	   6203.0190
    248.1113	  10798.8145
    248.1150	  14483.1631
    248.1187	  11734.6563
    248.1224	   6874.4438
    248.1261	   2188.2673
    248.1298	    269.7617
    248.1323	      0.0000
    248.1360	      0.0000
    248.1397	      0.0000
    248.1434	      0.0000
    249.1140	      0.0000
    249.1177	      0.0000
    249.1214	      0.0000
    249.1252	      0.0000
    249.1289	    453.3273
    249.1326	   1064.9469
    249.1364	   1397.0952
    249.1401	   1126.5331
    249.1438	    516.2730
    249.1482	      0.0000
    249.1520	      0.0000
    249.1557	      0.0000
    249.1594	      0.0000
    254.1039	      0.0000
    254.1077	      0.0000
    254.1116	      0.0000
    254.1154	      0.0000
    254.1193	    345.0714
    254.1231	    965.3727
    254.1269	   2952.6072
    254.1308	   8026.9092
    254.1346	  13600.6650
    254.1385	  17094.6836
    254.1423	  12780.7520
    254.1462	   7126.8809
    254.1500	   1955.4946
    254.1538	    204.0204
    254.1570	      0.0000
    254.1608	      0.0000
    254.1647	      0.0000
    254.1685	      0.0000
    254.6111	      0.0000
    254.6150	      0.0000
    254.6188	      0.0000
    254.6227	      0.0000
    254.6265	    768.3998
    254.6304	   1575.8807
    254.6342	   2379.8594
    254.6381	   4340.6997
    254.6419	   3140.5845
    254.6458	   1354.3994
    254.6496	    546.3338
    254.6535	      0.0000
    254.6574	      0.0000
    254.6612	      0.0000
    254.6651	      0.0000
    255.1090	      0.0000
    255.1128	      0.0000
    255.1167	      0.0000
    255.1205	      0.0000
    255.1244	    468.1612
    255.1283	    916.0834
    255.1321	   1165.0010
    255.1360	   1046.6559
    255.1399	    647.2568
    255.1438	      0.0000
    255.1477	      0.0000
    255.1516	      0.0000
    255.1554	      0.0000
    261.9493	      0.0000
    261.9533	      0.0000
    261.9573	      0.0000
    261.9614	      0.0000
    261.9654	    683.5018
    261.9694	   1145.1908
    261.9734	   1277.2994
    261.9775	    980.6779
    261.9815	    474.7655
    261.9856	      0.0000
    261.9896	      0.0000
    261.9937	      0.0000
    261.9977	      0.0000
    262.9415	      0.0000
    262.9455	      0.0000
    262.9496	      0.0000
    262.9536	      0.0000
    262.9577	    772.6693
    262.9617	   3242.7981
    262.9658	   7556.7734
    262.9698	  12281.0977
    262.9739	  13137.8496
    262.9779	   8604.3896
    262.9819	   4164.3130
    262.9860	    941.2674
    262.9900	    107.2350
    262.9940	      0.0000
    262.9980	      0.0000
    263.0021	      0.0000
    263.0061	      0.0000
    263.0587	      0.0000
    263.0628	      0.0000
    263.0668	      0.0000
    263.0708	      0.0000
    263.0749	    708.6657
    263.0789	   1541.7847
    263.0830	   2263.1316
    263.0870	   2300.2446
    263.0911	   1644.8605
    263.0951	    862.5639
    263.0992	    402.0980
    263.1036	      0.0000
    263.1076	      0.0000
    263.1117	      0.0000
    263.1157	      0.0000
    263.1198	      0.0000
    263.1238	    720.4048
    263.1279	   2305.9434
    263.1319	   8002.5898
    263.1360	  20630.0176
    263.1400	  34410.2383
    263.1441	  41251.3281
    263.1481	  29776.0273
    263.1522	  16301.4717
    263.1562	   4575.2603
    263.1603	    743.2285
    263.1656	      0.0000
    263.1697	      0.0000
    263.1737	      0.0000
    263.1778	      0.0000
    263.6116	      0.0000
    263.6157	      0.0000
    263.6197	      0.0000
    263.6238	      0.0000
    263.6278	    533.9505
    263.6319	   1368.4479
    263.6360	   4045.9185
    263.6400	   7783.7319
    263.6441	  11455.7803
    263.6482	  10685.2451
    263.6522	   6548.7700
    263.6563	   2676.1433
    263.6603	    256.2346
    263.6627	      0.0000
    263.6668	      0.0000
    263.6709	      0.0000
    263.6749	      0.0000
    264.0408	      0.0000
    264.0449	      0.0000
    264.0490	      0.0000
    264.0530	      0.0000
    264.0571	    572.5682
    264.0612	   1555.2343
    264.0652	   3508.3716
    264.0693	   4305.8164
    264.0734	   2983.7122
    264.0775	   1165.3999
    264.0815	    367.8352
    264.0859	      0.0000
    264.0900	      0.0000
    264.0941	      0.0000
    264.0981	      0.0000
    266.0920	      0.0000
    266.0961	      0.0000
    266.1002	      0.0000
    266.1043	      0.0000
    266.1084	    652.6544
    266.1125	   2018.9287
    266.1167	   6285.5010
    266.1208	  11100.5449
    266.1249	  14951.0947
    266.1290	  11994.0020
    266.1331	   6963.5459
    266.1372	   2238.2629
    266.1414	    358.0404
    266.1451	      0.0000
    266.1492	      0.0000
    266.1534	      0.0000
    266.1575	      0.0000
    268.1039	      0.0000
    268.1081	      0.0000
    268.1122	      0.0000
    268.1164	      0.0000
    268.1206	    356.7203
    268.1247	    910.1221
    268.1289	   1422.8816
    268.1330	   1580.9304
    268.1372	   1292.4238
    268.1414	    757.6159
    268.1456	      0.0000
    268.1498	      0.0000
    268.1540	      0.0000
    268.1581	      0.0000
    276.0810	      0.0000
    276.0854	      0.0000
    276.0897	      0.0000
    276.0941	      0.0000
    276.0984	    719.9528
    276.1028	   1516.3315
    276.1072	   2155.5042
    276.1115	   2184.2014
    276.1159	   1571.0175
    276.1202	    751.7151
    276.1246	      0.0000
    276.1289	      0.0000
    276.1333	      0.0000
    276.1376	      0.0000
    278.0979	      0.0000
    278.1023	      0.0000
    278.1067	      0.0000
    278.1111	      0.0000
    278.1155	    720.0029
    278.1199	   1187.2343
    278.1243	   1288.5365
    278.1287	    900.3719
    278.1331	    305.0201
    278.1375	      0.0000
    278.1419	      0.0000
    278.1463	      0.0000
    278.1507	      0.0000
    280.0792	      0.0000
    280.0836	      0.0000
    280.0881	      0.0000
    280.0925	      0.0000
    280.0970	    537.8809
    280.1014	   1701.3372
    280.1059	   3433.7979
    280.1103	   4998.2266
    280.1148	   4154.8970
    280.1192	   2311.8845
    280.1237	    551.9111
    280.1281	      0.0000
    280.1325	      0.0000
    280.1370	      0.0000
    280.1414	      0.0000
    282.6217	      0.0000
    282.6262	      0.0000
    282.6307	      0.0000
    282.6353	      0.0000
    282.6398	    747.0003
    282.6443	   1149.1193
    282.6488	   1251.5547
    282.6533	    989.3911
    282.6578	    538.5309
    282.6623	      0.0000
    282.6668	      0.0000
    282.6713	      0.0000
    282.6758	      0.0000
    290.1322	      0.0000
    290.1369	      0.0000
    290.1416	      0.0000
    290.1463	      0.0000
    290.1509	    397.8667
    290.1556	   1003.9749
    290.1603	   1642.7085
    290.1650	   1903.8640
    290.1697	   1587.7726
    290.1744	    913.8049
    290.1791	    339.5408
    290.1838	      0.0000
    290.1884	      0.0000
    290.1931	      0.0000
    290.1978	      0.0000
    291.6192	      0.0000
    291.6239	      0.0000
    291.6286	      0.0000
    291.6333	      0.0000
    291.6381	    327.5338
    291.6428	    978.7952
    291.6475	   2003.2152
    291.6522	   3899.8264
    291.6570	   3936.5283
    291.6617	   1856.7687
    291.6664	    825.3357
    291.6711	      0.0000
    291.6758	      0.0000
    291.6806	      0.0000
    291.6853	      0.0000
    292.6279	      0.0000
    292.6327	      0.0000
    292.6374	      0.0000
    292.6422	      0.0000
    292.6469	    751.5569
    292.6516	   1220.1792
    292.6564	   1378.4084
    292.6611	   1107.7950
    292.6659	    594.4916
    292.6708	      0.0000
    292.6755	      0.0000
    292.6803	      0.0000
    292.6850	      0.0000
    295.1272	      0.0000
    295.1321	      0.0000
    295.1369	      0.0000
    295.1417	      0.0000
    295.1465	    359.3972
    295.1513	    888.7103
    295.1561	   1202.1802
    295.1609	   1064.7854
    295.1657	    601.6156
    295.1705	      0.0000
    295.1753	      0.0000
    295.1802	      0.0000
    295.1850	      0.0000
    296.1011	      0.0000
    296.1059	      0.0000
    296.1108	      0.0000
    296.1156	      0.0000
    296.1204	    596.6552
    296.1253	   2010.1316
    296.1301	   3808.4133
    296.1349	   5430.8164
    296.1398	   4683.7817
    296.1446	   2732.0122
    296.1494	    920.6105
    296.1543	    415.9922
    296.1591	      0.0000
    296.1639	      0.0000
    296.1688	      0.0000
    296.1736	      0.0000
    297.1089	      0.0000
    297.1138	      0.0000
    297.1186	      0.0000
    297.1235	      0.0000
    297.1284	    279.4668
    297.1332	    845.5902
    297.1381	   1452.3125
    297.1429	   1714.7266
    297.1478	   1449.6520
    297.1526	    863.2347
    297.1575	    334.7302
    297.1632	      0.0000
    297.1681	      0.0000
    297.1729	      0.0000
    297.1778	      0.0000
    298.0593	      0.0000
    298.0642	      0.0000
    298.0691	      0.0000
    298.0739	      0.0000
    298.0788	    437.0284
    298.0837	   1926.8480
    298.0886	   5018.9458
    298.0935	   8472.7158
    298.0983	  10273.0146
    298.1032	   7448.8330
    298.1081	   4019.7603
    298.1130	   1069.5984
    298.1179	    138.5422
    298.1219	      0.0000
    298.1268	      0.0000
    298.1316	      0.0000
    298.1365	      0.0000
    306.1207	      0.0000
    306.1258	      0.0000
    306.1308	      0.0000
    306.1359	      0.0000
    306.1410	    418.5613
    306.1461	   1011.7446
    306.1512	   1590.2993
    306.1562	   1773.8831
    306.1613	   1421.1982
    306.1664	    780.6930
    306.1715	      0.0000
    306.1766	      0.0000
    306.1817	      0.0000
    306.1867	      0.0000
    307.1189	      0.0000
    307.1240	      0.0000
    307.1291	      0.0000
    307.1342	      0.0000
    307.1393	    519.9648
    307.1444	   1266.2194
    307.1495	   1955.4645
    307.1546	   2118.5676
    307.1597	   1680.4589
    307.1648	    977.2136
    307.1699	    416.5165
    307.1750	      0.0000
    307.1801	      0.0000
    307.1852	      0.0000
    307.1903	      0.0000
    308.0706	      0.0000
    308.0758	      0.0000
    308.0809	      0.0000
    308.0860	      0.0000
    308.0912	    817.9868
    308.0963	   3404.6570
    308.1014	   6321.4761
    308.1065	   8372.0645
    308.1117	   6277.4868
    308.1168	   3322.4336
    308.1219	   1012.6045
    308.1271	   1184.4967
    308.1322	   2307.5955
    308.1373	   2309.2717
    308.1425	   1760.1937
    308.1476	    810.0098
    308.1527	      0.0000
    308.1578	      0.0000
    308.1630	      0.0000
    308.1681	      0.0000
    309.0526	      0.0000
    309.0578	      0.0000
    309.0629	      0.0000
    309.0681	      0.0000
    309.0732	      0.0000
    309.0784	   1414.6270
    309.0835	   3660.0684
    309.0887	   6033.2368
    309.0938	   6455.3564
    309.0990	   4501.5088
    309.1042	   1459.3279
    309.1093	    480.4849
    309.1146	      0.0000
    309.1198	      0.0000
    309.1249	      0.0000
    309.1301	      0.0000
    316.0706	      0.0000
    316.0759	      0.0000
    316.0813	      0.0000
    316.0866	      0.0000
    316.0919	    424.3981
    316.0973	   1045.4243
    316.1026	   1629.3992
    316.1079	   1772.4121
    316.1133	   1374.7424
    316.1186	    733.4467
    316.1239	      0.0000
    316.1292	      0.0000
    316.1346	      0.0000
    316.1399	      0.0000
    324.1258	      0.0000
    324.1314	      0.0000
    324.1369	      0.0000
    324.1424	      0.0000
    324.1480	    634.3924
    324.1535	   1887.2163
    324.1590	   3542.6968
    324.1646	   5155.5283
    324.1701	   4655.8652
    324.1756	   2785.2554
    324.1812	   1084.5858
    324.1867	    511.7867
    324.1939	      0.0000
    324.1994	      0.0000
    324.2049	      0.0000
    324.2105	      0.0000
    325.1149	      0.0000
    325.1205	      0.0000
    325.1260	      0.0000
    325.1316	      0.0000
    325.1372	    581.7633
    325.1427	   1119.8424
    325.1483	   3136.5308
    325.1539	   7339.6582
    325.1594	  12011.5068
    325.1650	  14058.3623
    325.1705	   9887.7441
    325.1761	   5200.2656
    325.1817	   1148.9226
    325.1872	      0.0000
    325.1924	      0.0000
    325.1979	      0.0000
    325.2035	      0.0000
    325.2091	      0.0000
    326.0674	      0.0000
    326.0730	      0.0000
    326.0786	      0.0000
    326.0842	      0.0000
    326.0898	    753.4401
    326.0954	   2076.7537
    326.1010	   5959.6880
    326.1065	  17239.5488
    326.1121	  30437.4727
    326.1177	  41274.9531
    326.1233	  33795.6758
    326.1289	  19937.1309
    326.1345	   6925.7397
    326.1401	   1200.8024
    326.1456	     52.9592
    326.1500	      0.0000
    326.1556	      0.0000
    326.1612	      0.0000
    326.1668	      0.0000
    326.2562	      0.0000
    326.2618	      0.0000
    326.2674	      0.0000
    326.2730	      0.0000
    326.2786	    527.8821
    326.2842	    893.3675
    326.2897	   1095.0154
    326.2953	    962.5114
    326.3009	    555.6282
    326.3065	      0.0000
    326.3121	      0.0000
    326.3177	      0.0000
    326.3233	      0.0000
    327.0794	      0.0000
    327.0851	      0.0000
    327.0907	      0.0000
    327.0963	      0.0000
    327.1019	    640.5307
    327.1075	   1950.4587
    327.1131	   3662.4312
    327.1187	   5176.7217
    327.1243	   4463.6909
    327.1300	   2729.8435
    327.1356	   1016.8387
    327.1412	    377.8076
    327.1468	      0.0000
    327.1524	      0.0000
    327.1580	      0.0000
    327.1636	      0.0000
    328.0748	      0.0000
    328.0805	      0.0000
    328.0861	      0.0000
    328.0918	      0.0000
    328.0974	    327.3826
    328.1030	    967.8608
    328.1087	   1741.9673
    328.1143	   2193.8105
    328.1199	   2027.7643
    328.1256	   1373.0004
    328.1312	    652.5511
    328.1368	      0.0000
    328.1425	      0.0000
    328.1481	      0.0000
    328.1538	      0.0000
    335.1018	      0.0000
    335.1076	      0.0000
    335.1134	      0.0000
    335.1193	      0.0000
    335.1251	    407.7495
    335.1309	   1797.4054
    335.1367	   4822.6123
    335.1425	   8068.8188
    335.1484	   9007.9814
    335.1542	   6068.2749
    335.1600	   2997.6604
    335.1658	    852.5167
    335.1716	   1175.0121
    335.1775	   2455.5635
    335.1833	   3368.0046
    335.1891	   2285.0417
    335.1949	   1232.1704
    335.2007	    416.3519
    335.2066	      0.0000
    335.2124	      0.0000
    335.2182	      0.0000
    335.2240	      0.0000
    336.1165	      0.0000
    336.1224	      0.0000
    336.1282	      0.0000
    336.1341	      0.0000
    336.1399	    749.6447
    336.1458	   1146.6385
    336.1516	   1222.1765
    336.1575	    952.3481
    336.1633	    528.2451
    336.1693	      0.0000
    336.1751	      0.0000
    336.1810	      0.0000
    336.1868	      0.0000
    341.1526	      0.0000
    341.1586	      0.0000
    341.1645	      0.0000
    341.1705	      0.0000
    341.1765	    595.2563
    341.1825	   1058.3163
    341.1884	   1259.3635
    341.1944	   1051.4589
    341.2004	    589.3762
    341.2064	      0.0000
    341.2123	      0.0000
    341.2183	      0.0000
    341.2243	      0.0000
    353.1068	      0.0000
    353.1131	      0.0000
    353.1194	      0.0000
    353.1257	      0.0000
    353.1320	    672.9440
    353.1383	   3554.0696
    353.1446	  11669.6943
    353.1509	  20229.0918
    353.1572	  25337.2012
    353.1635	  18838.2578
    353.1698	  10529.9229
    353.1761	   3970.0005
    353.1824	   4140.4531
    353.1887	   7093.6157
    353.1950	   9001.8691
    353.2013	   7026.8730
    353.2076	   3179.4209
    353.2139	     21.3802
    353.2202	      0.0000
    353.2265	      0.0000
    353.2328	      0.0000
    353.2390	      0.0000
    354.1160	      0.0000
    354.1223	      0.0000
    354.1287	      0.0000
    354.1350	      0.0000
    354.1413	    501.6100
    354.1476	   1374.9780
    354.1539	   3013.0022
    354.1603	   4192.0806
    354.1666	   3340.8291
    354.1729	   1334.4545
    354.1792	    426.7507
    354.1855	      0.0000
    354.1919	      0.0000
    354.1982	      0.0000
    354.2045	      0.0000
    363.1272	      0.0000
    363.1338	      0.0000
    363.1404	      0.0000
    363.1469	      0.0000
    363.1535	    370.4375
    363.1600	   1441.6445
    363.1666	   3378.7449
    363.1732	   5435.2515
    363.1797	   5838.3960
    363.1863	   3914.5398
    363.1929	   1951.0243
    363.1994	    435.7072
    363.2043	      0.0000
    363.2108	      0.0000
    363.2174	      0.0000
    363.2240	      0.0000
    381.1292	      0.0000
    381.1362	      0.0000
    381.1433	      0.0000
    381.1504	      0.0000
    381.1574	      0.0000
    381.1645	   1002.0296
    381.1715	   4466.8032
    381.1786	   8160.4536
    381.1857	  10905.3721
    381.1927	   8391.3906
    381.1998	   4804.4019
    381.2068	   2044.4032
    381.2139	   2044.1965
    381.2228	   2080.9629
    381.2299	   3301.4866
    381.2370	   1920.3785
    381.2440	   1034.0448
    381.2511	    412.6492
    381.2581	      0.0000
    381.2652	      0.0000
    381.2723	      0.0000
    381.2793	      0.0000
    385.0284	      0.0000
    385.0355	      0.0000
    385.0427	      0.0000
    385.0499	      0.0000
    385.0570	    692.1061
    385.0642	   1165.7972
    385.0714	   1618.5686
    385.0785	   2014.8004
    385.0857	   1269.1722
    385.0929	    707.4073
    385.1010	   1050.3600
    385.1082	   3147.7476
    385.1154	   9280.1670
    385.1225	  16003.4023
    385.1297	  21191.4160
    385.1369	  16703.1543
    385.1440	   9622.4170
    385.1512	   2987.5295
    385.1584	    282.0543
    385.1645	      0.0000
    385.1717	      0.0000
    385.1789	      0.0000
    385.1861	      0.0000
    386.0840	      0.0000
    386.0912	      0.0000
    386.0984	      0.0000
    386.1055	      0.0000
    386.1127	    351.3362
    386.1199	   1132.5985
    386.1271	   1934.0521
    386.1343	   2233.2991
    386.1415	   1834.4883
    386.1487	   1070.6829
    386.1559	    478.3860
    386.1631	      0.0000
    386.1703	      0.0000
    386.1775	      0.0000
    386.1847	      0.0000
    387.0789	      0.0000
    387.0861	      0.0000
    387.0933	      0.0000
    387.1006	      0.0000
    387.1078	    636.4454
    387.1150	   1048.3688
    387.1222	   1199.8761
    387.1295	   1008.1808
    387.1367	    601.7198
    387.1439	      0.0000
    387.1511	      0.0000
    387.1584	      0.0000
    387.1656	      0.0000
    393.1744	      0.0000
    393.1818	      0.0000
    393.1892	      0.0000
    393.1966	      0.0000
    393.2040	    454.0723
    393.2114	   1075.6974
    393.2188	   1744.0861
    393.2262	   2004.5334
    393.2336	   1641.5092
    393.2410	    906.8622
    393.2486	      0.0000
    393.2560	      0.0000
    393.2634	      0.0000
    393.2708	      0.0000
    394.1377	      0.0000
    394.1451	      0.0000
    394.1526	      0.0000
    394.1600	      0.0000
    394.1674	    543.8515
    394.1748	   1137.3767
    394.1823	   1523.3254
    394.1897	   1435.3876
    394.1971	    960.2892
    394.2045	    427.1273
    394.2120	      0.0000
    394.2194	      0.0000
    394.2268	      0.0000
    394.2342	      0.0000
    395.1193	      0.0000
    395.1267	      0.0000
    395.1342	      0.0000
    395.1416	      0.0000
    395.1491	    805.4879
    395.1565	   1506.3965
    395.1640	   1868.5421
    395.1714	   1525.0808
    395.1789	    694.3737
    395.1863	      0.0000
    395.1938	      0.0000
    395.2012	      0.0000
    395.2087	      0.0000
    398.1613	      0.0000
    398.1689	      0.0000
    398.1764	      0.0000
    398.1840	      0.0000
    398.1915	    489.1999
    398.1990	   1358.0770
    398.2066	   2327.6150
    398.2141	   4020.1248
    398.2216	   2847.7063
    398.2292	   1324.0959
    398.2367	    505.4701
    398.2443	      0.0000
    398.2518	      0.0000
    398.2593	      0.0000
    398.2669	      0.0000
    403.0286	      0.0000
    403.0363	      0.0000
    403.0439	      0.0000
    403.0516	      0.0000
    403.0593	    639.2128
    403.0670	   1548.7999
    403.0746	   3289.3237
    403.0823	   4514.7788
    403.0900	   3510.8542
    403.0977	   1969.1740
    403.1053	    485.0952
    403.1130	      0.0000
    403.1207	    702.9139
    403.1284	   1216.7458
    403.1360	   1671.4520
    403.1437	   1743.4500
    403.1514	   1375.2507
    403.1591	    789.9741
    403.1668	      0.0000
    403.1744	      0.0000
    403.1821	      0.0000
    403.1898	    506.8911
    403.1975	    926.0838
    403.2052	   1222.2325
    403.2128	   1198.1173
    403.2205	    857.0660
    403.2282	      0.0000
    403.2359	      0.0000
    403.2435	      0.0000
    403.2512	      0.0000
    412.1364	      0.0000
    412.1443	      0.0000
    412.1523	      0.0000
    412.1602	      0.0000
    412.1681	    589.7996
    412.1761	   1442.4305
    412.1840	   3496.4429
    412.1919	   5054.8535
    412.1999	   4716.5034
    412.2078	   2959.4011
    412.2158	   1209.7938
    412.2237	    482.3278
    412.2316	      0.0000
    412.2396	      0.0000
    412.2475	      0.0000
    412.2555	      0.0000
    419.1368	      0.0000
    419.1449	      0.0000
    419.1531	      0.0000
    419.1612	      0.0000
    419.1694	    331.3154
    419.1775	   1004.4057
    419.1856	   1526.9127
    419.1938	   1519.2194
    419.2019	   1012.0385
    419.2101	    396.8838
    419.2182	      0.0000
    419.2263	      0.0000
    419.2345	      0.0000
    419.2426	      0.0000
    419.9682	      0.0000
    419.9764	      0.0000
    419.9846	      0.0000
    419.9927	      0.0000
    420.0009	    844.1884
    420.0091	   1411.2551
    420.0172	   1547.5657
    420.0254	   1103.2859
    420.0336	    428.4151
    420.0417	      0.0000
    420.0499	      0.0000
    420.0581	      0.0000
    420.0662	      0.0000
    420.1806	      0.0000
    420.1887	      0.0000
    420.1969	      0.0000
    420.2051	      0.0000
    420.2133	    441.3794
    420.2214	   1278.7999
    420.2296	   2116.5684
    420.2378	   2367.8762
    420.2459	   1895.8871
    420.2541	   1089.1176
    420.2623	    426.3598
    420.2733	      0.0000
    420.2814	      0.0000
    420.2896	      0.0000
    420.2978	      0.0000
    420.9360	      0.0000
    420.9442	      0.0000
    420.9524	      0.0000
    420.9606	      0.0000
    420.9688	    434.0403
    420.9770	   1157.8243
    420.9852	   3629.0215
    420.9934	   6464.2695
    421.0015	   8714.2012
    421.0097	   7112.4883
    421.0179	   4178.9624
    421.0261	   1302.4366
    421.0343	    119.0667
    421.0409	      0.0000
    421.0491	      0.0000
    421.0573	      0.0000
    421.0655	      0.0000
    421.0983	      0.0000
    421.1065	      0.0000
    421.1146	      0.0000
    421.1228	      0.0000
    421.1310	    585.9300
    421.1392	   2164.5623
    421.1474	   7697.7983
    421.1556	  16642.5508
    421.1638	  26308.7402
    421.1720	  27588.3887
    421.1802	  18311.9531
    421.1884	   9290.5674
    421.1966	   2873.4263
    421.2048	   1764.5151
    421.2119	   3273.0056
    421.2201	   5151.1963
    421.2283	   6040.5693
    421.2365	   5037.6929
    421.2447	   1825.0702
    421.2529	    974.0662
    421.2611	    439.4746
    421.2710	      0.0000
    421.2792	      0.0000
    421.2874	      0.0000
    421.2956	      0.0000
    422.1170	      0.0000
    422.1252	      0.0000
    422.1335	      0.0000
    422.1417	      0.0000
    422.1499	    724.7995
    422.1581	   2707.6760
    422.1664	   6328.5591
    422.1746	  10306.2354
    422.1828	  11177.7178
    422.1911	   7344.7422
    422.1993	   3478.2256
    422.2075	    588.0339
    422.2140	      0.0000
    422.2222	      0.0000
    422.2305	      0.0000
    422.2387	      0.0000
    423.1289	      0.0000
    423.1372	      0.0000
    423.1454	      0.0000
    423.1537	      0.0000
    423.1620	    398.2187
    423.1702	   1059.9414
    423.1785	   1650.2969
    423.1867	   1666.5470
    423.1950	   1083.4694
    423.2032	    365.6413
    423.2115	      0.0000
    423.2198	      0.0000
    423.2280	      0.0000
    423.2363	      0.0000
    425.6499	      0.0000
    425.6583	      0.0000
    425.6666	      0.0000
    425.6749	      0.0000
    425.6832	    507.6418
    425.6916	   1153.2100
    425.6999	   1660.9249
    425.7082	   1654.5712
    425.7166	   1132.5143
    425.7249	    498.8371
    425.7334	      0.0000
    425.7418	      0.0000
    425.7501	      0.0000
    425.7584	      0.0000
    436.6544	      0.0000
    436.6630	      0.0000
    436.6717	      0.0000
    436.6803	      0.0000
    436.6890	    542.4970
    436.6977	    967.5115
    436.7063	   1181.7732
    436.7150	   1014.4518
    436.7236	    567.3916
    436.7330	      0.0000
    436.7416	      0.0000
    436.7503	      0.0000
    436.7589	      0.0000
    438.1823	      0.0000
    438.1910	      0.0000
    438.1997	      0.0000
    438.2084	      0.0000
    438.2171	    708.0060
    438.2258	   2392.7312
    438.2345	   5520.6787
    438.2432	   8886.5420
    438.2519	   9139.0869
    438.2606	   5793.0190
    438.2693	   2590.9541
    438.2780	    547.9243
    438.2860	      0.0000
    438.2948	      0.0000
    438.3035	      0.0000
    438.3122	      0.0000
    439.2013	      0.0000
    439.2101	      0.0000
    439.2188	      0.0000
    439.2275	      0.0000
    439.2363	    792.4251
    439.2450	   1471.2603
    439.2537	   1662.5941
    439.2625	   1258.1504
    439.2712	    627.2483
    439.2799	      0.0000
    439.2887	      0.0000
    439.2974	      0.0000
    439.3061	      0.0000
    439.6469	      0.0000
    439.6557	      0.0000
    439.6644	      0.0000
    439.6732	      0.0000
    439.6819	    470.5319
    439.6907	   1148.9595
    439.6994	   1679.3727
    439.7082	   1670.7762
    439.7169	   1149.5336
    439.7257	    520.3455
    439.7353	      0.0000
    439.7441	      0.0000
    439.7528	      0.0000
    439.7616	      0.0000
    440.1117	      0.0000
    440.1204	      0.0000
    440.1292	      0.0000
    440.1379	      0.0000
    440.1467	    532.9025
    440.1555	   1038.5402
    440.1642	   3383.9534
    440.1730	  10049.5195
    440.1817	  17204.1035
    440.1905	  22449.8164
    440.1993	  17662.0430
    440.2080	  10304.0508
    440.2168	   3299.4688
    440.2255	    490.4308
    440.2334	      0.0000
    440.2421	      0.0000
    440.2509	      0.0000
    440.2597	      0.0000
    441.1372	      0.0000
    441.1460	      0.0000
    441.1548	      0.0000
    441.1636	      0.0000
    441.1724	    650.9195
    441.1811	   1397.7112
    441.1899	   1949.1350
    441.1987	   1902.4614
    441.2075	   1286.5050
    441.2163	    534.5356
    441.2251	      0.0000
    441.2339	      0.0000
    441.2427	      0.0000
    441.2515	      0.0000
    448.1629	      0.0000
    448.1719	      0.0000
    448.1809	      0.0000
    448.1899	      0.0000
    448.1989	    642.6920
    448.2079	   2033.4655
    448.2169	   4205.3789
    448.2259	   6449.7715
    448.2349	   6365.9443
    448.2439	   4169.7173
    448.2529	   2058.3999
    448.2619	    508.2905
    448.2729	      0.0000
    448.2819	      0.0000
    448.2909	      0.0000
    448.2999	      0.0000
    463.0979	      0.0000
    463.1073	      0.0000
    463.1168	      0.0000
    463.1262	      0.0000
    463.1357	    782.1868
    463.1451	   2100.5486
    463.1546	   6505.1592
    463.1640	  12915.8711
    463.1735	  19590.8613
    463.1830	  19182.9785
    463.1924	  12107.6885
    463.2019	   5466.5210
    463.2113	   1053.1326
    463.2208	      0.0000
    463.2285	      0.0000
    463.2379	      0.0000
    463.2474	      0.0000
    463.2568	      0.0000
    464.1092	      0.0000
    464.1187	      0.0000
    464.1282	      0.0000
    464.1376	      0.0000
    464.1471	    386.1457
    464.1566	   1341.8359
    464.1661	   3964.0117
    464.1756	   5694.6406
    464.1851	   5218.0845
    464.1946	   3236.0925
    464.2040	   1178.2617
    464.2135	    386.9225
    464.2230	      0.0000
    464.2325	      0.0000
    464.2420	      0.0000
    464.2515	      0.0000
    466.1836	      0.0000
    466.1931	      0.0000
    466.2027	      0.0000
    466.2122	      0.0000
    466.2218	    905.1184
    466.2313	   1740.1324
    466.2409	   2097.8374
    466.2504	   1678.8984
    466.2600	    822.3907
    466.2695	      0.0000
    466.2791	      0.0000
    466.2886	      0.0000
    466.2982	      0.0000
    489.6624	      0.0000
    489.6726	      0.0000
    489.6829	      0.0000
    489.6932	      0.0000
    489.7035	    557.5970
    489.7137	   1310.1318
    489.7240	   2136.7498
    489.7343	   2483.1426
    489.7446	   2135.1760
    489.7549	   1358.6709
    489.7651	    606.1870
    489.7754	      0.0000
    489.7857	      0.0000
    489.7960	      0.0000
    489.8063	      0.0000
    503.6556	      0.0000
    503.6663	      0.0000
    503.6770	      0.0000
    503.6877	      0.0000
    503.6984	    466.1647
    503.7092	   1153.6108
    503.7199	   1771.8998
    503.7306	   1861.4014
    503.7413	   1330.9529
    503.7521	    573.0063
    503.7630	      0.0000
    503.7738	      0.0000
    503.7845	      0.0000
    503.7952	      0.0000
    507.1909	      0.0000
    507.2018	      0.0000
    507.2126	      0.0000
    507.2234	      0.0000
    507.2343	    657.1062
    507.2451	   1503.0181
    507.2560	   2263.6375
    507.2668	   2392.9126
    507.2776	   1785.5560
    507.2885	    878.2915
    507.2993	      0.0000
    507.3101	      0.0000
    507.3210	      0.0000
    507.3318	      0.0000
    513.1477	      0.0000
    513.1588	      0.0000
    513.1698	      0.0000
    513.1808	      0.0000
    513.1918	    682.3497
    513.2029	   2316.0969
    513.2139	   4223.0352
    513.2249	   5957.4956
    513.2360	   5519.8047
    513.2470	   3634.6006
    513.2580	   1269.2036
    513.2690	    475.8699
    513.2801	      0.0000
    513.2911	      0.0000
    513.3021	      0.0000
    513.3132	      0.0000
    523.1942	      0.0000
    523.2056	      0.0000
    523.2169	      0.0000
    523.2283	      0.0000
    523.2396	    968.2079
    523.2510	   1831.7188
    523.2623	   2225.0574
    523.2737	   1844.4136
    523.2850	   1011.8495
    523.2964	    320.9508
    523.3077	      0.0000
    523.3191	      0.0000
    523.3305	      0.0000
    523.3418	      0.0000
    525.1978	      0.0000
    525.2092	      0.0000
    525.2206	      0.0000
    525.2320	      0.0000
    525.2435	    407.2502
    525.2549	   2046.9183
    525.2663	   3725.3440
    525.2777	   4832.3213
    525.2891	   3649.1597
    525.3006	   2089.6521
    525.3120	    691.5227
    525.3234	      0.0000
    525.3348	      0.0000
    525.3462	      0.0000
    525.3577	      0.0000
    535.1790	      0.0000
    535.1907	      0.0000
    535.2025	      0.0000
    535.2142	      0.0000
    535.2260	    719.7326
    535.2377	   2524.5764
    535.2494	   4635.5908
    535.2612	   6334.3003
    535.2729	   5278.6421
    535.2847	   3153.9194
    535.2964	    967.6195
    535.3082	      0.0000
    535.3199	      0.0000
    535.3317	      0.0000
    535.3434	      0.0000
    536.1904	      0.0000
    536.2021	      0.0000
    536.2139	      0.0000
    536.2257	      0.0000
    536.2375	    697.4675
    536.2492	   1151.1292
    536.2610	   1308.9153
    536.2728	   1044.4362
    536.2846	    540.8571
    536.2951	      0.0000
    536.3069	      0.0000
    536.3187	      0.0000
    536.3304	      0.0000
    541.1221	      0.0000
    541.1340	      0.0000
    541.1459	      0.0000
    541.1579	      0.0000
    541.1698	     69.6441
    541.1818	   1308.5104
    541.1937	   4411.4473
    541.2057	   7701.9800
    541.2176	   9917.7588
    541.2295	   7606.6621
    541.2415	   4370.9102
    541.2534	   1380.1692
    541.2654	    243.8566
    541.2802	      0.0000
    541.2922	      0.0000
    541.3041	      0.0000
    541.3161	      0.0000
    550.1065	      0.0000
    550.1188	      0.0000
    550.1310	      0.0000
    550.1433	      0.0000
    550.1555	    860.2671
    550.1677	   3174.0508
    550.1800	  10894.4385
    550.1922	  21325.6777
    550.2045	  31925.5918
    550.2167	  30009.2871
    550.2289	  18717.2598
    550.2412	   8216.6758
    550.2534	   1880.2655
    550.2657	    336.5314
    550.2751	      0.0000
    550.2873	      0.0000
    550.2995	      0.0000
    550.3118	      0.0000
    551.1086	      0.0000
    551.1209	      0.0000
    551.1331	      0.0000
    551.1454	      0.0000
    551.1577	    442.6109
    551.1700	   1037.2312
    551.1822	   3496.4436
    551.1945	   6286.3628
    551.2068	   8588.9775
    551.2191	   7212.8594
    551.2313	   4380.8057
    551.2436	   1835.2017
    551.2559	    488.0806
    551.2694	      0.0000
    551.2817	      0.0000
    551.2940	      0.0000
    551.3062	      0.0000
    552.1298	      0.0000
    552.1421	      0.0000
    552.1544	      0.0000
    552.1667	      0.0000
    552.1790	    535.4013
    552.1913	   1142.5721
    552.2036	   1607.4534
    552.2160	   1570.6102
    552.2283	   1044.8718
    552.2406	    401.5380
    552.2529	      0.0000
    552.2652	      0.0000
    552.2775	      0.0000
    552.2898	      0.0000
    553.1896	      0.0000
    553.2020	      0.0000
    553.2143	      0.0000
    553.2267	      0.0000
    553.2390	    389.6997
    553.2514	    994.8110
    553.2637	   1529.0940
    553.2760	   1630.4095
    553.2884	   1239.6670
    553.3007	    642.6934
    553.3131	      0.0000
    553.3255	      0.0000
    553.3378	      0.0000
    553.3501	      0.0000
    563.2092	      0.0000
    563.2219	      0.0000
    563.2346	      0.0000
    563.2473	      0.0000
    563.2599	    618.3799
    563.2726	   1345.2861
    563.2853	   1912.5081
    563.2980	   1926.2220
    563.3107	   1377.0958
    563.3233	    666.6719
    563.3360	      0.0000
    563.3487	      0.0000
    563.3614	      0.0000
    563.3741	      0.0000
    564.1994	      0.0000
    564.2121	      0.0000
    564.2248	      0.0000
    564.2376	      0.0000
    564.2503	    805.3837
    564.2630	   2544.2622
    564.2757	   4308.6753
    564.2884	   5776.0273
    564.3011	   4902.4546
    564.3138	   2971.8120
    564.3266	   1174.9817
    564.3393	    417.9029
    564.3520	      0.0000
    564.3647	      0.0000
    564.3774	      0.0000
    564.3901	      0.0000
    565.2177	      0.0000
    565.2305	      0.0000
    565.2432	      0.0000
    565.2560	      0.0000
    565.2687	    847.6757
    565.2815	   1462.3743
    565.2942	   1829.1561
    565.3070	   1674.9271
    565.3197	   1083.5676
    565.3325	    440.9373
    565.3452	      0.0000
    565.3580	      0.0000
    565.3707	      0.0000
    565.3835	      0.0000
    581.2011	      0.0000
    581.2144	      0.0000
    581.2277	      0.0000
    581.2410	      0.0000
    581.2543	    320.1094
    581.2676	   1024.5938
    581.2809	   2981.0713
    581.2942	   4674.1724
    581.3075	   5018.2876
    581.3208	   3409.2471
    581.3341	   1710.9913
    581.3474	    563.3098
    581.3606	      0.0000
    581.3739	      0.0000
    581.3872	      0.0000
    581.4005	      0.0000
    582.1992	      0.0000
    582.2125	      0.0000
    582.2259	      0.0000
    582.2392	      0.0000
    582.2525	    281.9042
    582.2658	   1014.7610
    582.2792	   3112.0537
    582.2925	   4789.5605
    582.3058	   4711.3882
    582.3191	   2844.6702
    582.3325	   1054.1974
    582.3458	    485.6181
    582.3603	      0.0000
    582.3736	      0.0000
    582.3870	      0.0000
    582.4003	      0.0000
    592.1737	      0.0000
    592.1874	      0.0000
    592.2011	      0.0000
    592.2147	      0.0000
    592.2284	    496.8735
    592.2421	   1145.8033
    592.2558	   3743.4182
    592.2694	   6712.8931
    592.2831	   9085.1221
    592.2968	   7351.5400
    592.3105	   4316.9419
    592.3241	   1484.1108
    592.3378	    289.4438
    592.3503	      0.0000
    592.3640	      0.0000
    592.3777	      0.0000
    592.3913	      0.0000
    593.1854	      0.0000
    593.1991	      0.0000
    593.2128	      0.0000
    593.2265	      0.0000
    593.2402	    369.4306
    593.2539	   1068.1735
    593.2676	   1924.9878
    593.2813	   2387.7041
    593.2950	   2093.2312
    593.3087	   1248.9146
    593.3224	    445.1395
    593.3374	      0.0000
    593.3512	      0.0000
    593.3649	      0.0000
    593.3786	      0.0000
    610.1796	      0.0000
    610.1939	      0.0000
    610.2082	      0.0000
    610.2225	      0.0000
    610.2368	    982.2386
    610.2511	   2887.3950
    610.2654	   8872.7842
    610.2797	  15683.4463
    610.2940	  20925.8105
    610.3083	  16687.7344
    610.3226	   9713.8438
    610.3369	   3159.7485
    610.3512	    618.2780
    610.3642	      0.0000
    610.3785	      0.0000
    610.3928	      0.0000
    610.4071	      0.0000
    611.1947	      0.0000
    611.2090	      0.0000
    611.2233	      0.0000
    611.2377	      0.0000
    611.2520	    942.0873
    611.2663	   3093.4478
    611.2807	   5519.0571
    611.2950	   7249.8198
    611.3093	   5518.4258
    611.3237	   3066.0984
    611.3380	    685.3218
    611.3524	      0.0000
    611.3667	      0.0000
    611.3810	      0.0000
    611.3954	      0.0000
    649.1671	      0.0000
    649.1828	      0.0000
    649.1985	      0.0000
    649.2142	      0.0000
    649.2299	    558.7939
    649.2456	   1355.7118
    649.2613	   2239.1675
    649.2769	   2658.4414
    649.2926	   2311.0171
    649.3083	   1443.7279
    649.3240	    607.6462
    649.3398	      0.0000
    649.3555	      0.0000
    649.3712	      0.0000
    649.3869	      0.0000
    681.2643	      0.0000
    681.2812	      0.0000
    681.2980	      0.0000
    681.3149	      0.0000
    681.3318	    302.8041
    681.3486	   1103.8126
    681.3655	   2170.9294
    681.3824	   4601.1079
    681.3992	   4038.6199
    681.4161	   1842.4662
    681.4330	    869.3096
    681.4499	      0.0000
    681.4667	      0.0000
    681.4836	      0.0000
    681.5005	      0.0000
    691.2395	      0.0000
    691.2567	      0.0000
    691.2739	      0.0000
    691.2912	      0.0000
    691.3084	    592.1893
    691.3257	   1164.5848
    691.3429	   1609.9543
    691.3601	   1631.5430
    691.3774	   1204.9131
    691.3946	    608.3671
    691.4163	      0.0000
    691.4335	      0.0000
    691.4507	      0.0000
    691.4680	      0.0000
    706.1505	      0.0000
    706.1683	      0.0000
    706.1861	      0.0000
    706.2039	      0.0000
    706.2217	    670.7218
    706.2395	   1804.5232
    706.2573	   5916.7041
    706.2751	  11559.2295
    706.2930	  17158.9902
    706.3108	  15915.5176
    706.3286	   9757.0186
    706.3464	   3980.8191
    706.3642	    670.1682
    706.3776	      0.0000
    706.3954	      0.0000
    706.4132	      0.0000
    706.4310	      0.0000
    707.1618	      0.0000
    707.1796	      0.0000
    707.1975	      0.0000
    707.2153	      0.0000
    707.2332	    470.1887
    707.2510	   1105.3912
    707.2688	   3317.1194
    707.2867	   5686.7080
    707.3045	   6619.1299
    707.3224	   4625.1753
    707.3402	   2386.7151
    707.3581	    628.8112
    707.3759	      0.0000
    707.3937	      0.0000
    707.4116	      0.0000
    707.4294	      0.0000
    708.1975	      0.0000
    708.2154	      0.0000
    708.2333	      0.0000
    708.2511	      0.0000
    708.2690	    842.4476
    708.2869	   1404.9452
    708.3048	   1610.5753
    708.3227	   1334.9364
    708.3405	    807.4999
    708.3584	      0.0000
    708.3763	      0.0000
    708.3942	      0.0000
    708.4121	      0.0000
    709.2355	      0.0000
    709.2534	      0.0000
    709.2713	      0.0000
    709.2892	      0.0000
    709.3072	    413.7895
    709.3251	   1126.9857
    709.3430	   1959.5657
    709.3609	   2402.0620
    709.3788	   2122.9587
    709.3968	   1330.8873
    709.4147	    577.7673
    709.4326	      0.0000
    709.4506	      0.0000
    709.4685	      0.0000
    709.4864	      0.0000
    738.2990	      0.0000
    738.3180	      0.0000
    738.3370	      0.0000
    738.3560	      0.0000
    738.3751	    805.0919
    738.3941	   1278.2463
    738.4131	   1409.3784
    738.4322	   1099.0726
    738.4512	    565.0212
    738.4702	      0.0000
    738.4893	      0.0000
    738.5083	      0.0000
    738.5274	      0.0000
    741.2189	      0.0000
    741.2381	      0.0000
    741.2572	      0.0000
    741.2764	      0.0000
    741.2955	    481.4391
    741.3147	   1013.1037
    741.3338	   1322.1134
    741.3529	   1180.2072
    741.3721	    699.9764
    741.3913	      0.0000
    741.4104	      0.0000
    741.4296	      0.0000
    741.4487	      0.0000
    778.2292	      0.0000
    778.2498	      0.0000
    778.2704	      0.0000
    778.2910	      0.0000
    778.3116	    468.5221
    778.3322	   1119.9465
    778.3528	   1961.5137
    778.3734	   2453.3013
    778.3940	   2216.9053
    778.4146	   1409.0446
    778.4352	    557.5899
    778.4559	      0.0000
    778.4765	      0.0000
    778.4971	      0.0000
    778.5177	      0.0000
    819.2154	      0.0000
    819.2377	      0.0000
    819.2599	      0.0000
    819.2822	      0.0000
    819.3044	    417.9831
    819.3267	   1113.6749
    819.3489	   2561.1133
    819.3711	   4204.1875
    819.3934	   4204.2690
    819.4156	   2625.9419
    819.4379	   1033.7404
    819.4601	    356.7262
    819.4825	      0.0000
    819.5048	      0.0000
    819.5270	      0.0000
    819.5493	      0.0000
    906.2312	      0.0000
    906.2571	      0.0000
    906.2830	      0.0000
    906.3088	      0.0000
    906.3347	    938.5223
    906.3606	   3047.4392
    906.3865	   5052.4961
    906.4124	   6073.8955
    906.4383	   4363.1089
    906.4641	   2328.1858
    906.4900	    482.9864
    906.5159	      0.0000
    906.5418	      0.0000
    906.5677	      0.0000
    906.5936	      0.0000
    907.2412	      0.0000
    907.2672	      0.0000
    907.2931	      0.0000
    907.3190	      0.0000
    907.3449	    723.1194
    907.3709	   1376.6768
    907.3968	   1838.7091
    907.4227	   1802.9403
    907.4486	   1294.3289
    907.4746	    635.1563
    907.5009	      0.0000
    907.5269	      0.0000
    907.5528	      0.0000
    907.5787	      0.0000
   1247.5743	      0.0000
   1247.6161	      0.0000
   1247.6579	      0.0000
   1247.6997	      0.0000
   1247.7415	    762.9727
   1247.7833	   1179.5564
   1247.8251	   1306.9465
   1247.8669	   1068.7789
   1247.9087	    623.3068
   1247.9505	      0.0000
   1247.9923	      0.0000
   1248.0342	      0.0000
   1248.0760	      0.0000
   1318.1917	      0.0000
   1318.2371	      0.0000
   1318.2825	      0.0000
   1318.3279	      0.0000
