# ljz_20131022_MR_Chym1_ELUTE.mzML
#
# index: 1854
# id: controllerType=0 controllerNumber=1 scan=7266
# scanNumber: 7266
# massAnalyzerType: quadrupole
# scanEvent: 2
# msLevel: 2
# retentionTime: 2028.9
# filterString: FTMS + p NSI d Full ms2 822.39@hcd28.00 [100.00-2540.00]
# mzLow: 99.0036
# mzHigh: 2566.09
# basePeakMZ: 829.929
# basePeakIntensity: 1.75809e+006
# totalIonCurrent: 2.32644e+007
# precursorCount: 1
# precursor 0: 822.052 1.98763e+007
# binary (3383): 
     99.0036	      0.0000
     99.0045	      0.0000
     99.0054	      0.0000
     99.0064	      0.0000
    100.3229	      0.0000
    100.3239	      0.0000
    100.3248	      0.0000
    100.3258	      0.0000
    100.3267	      0.0000
    100.3277	      0.0000
    100.3286	      0.0000
    100.3296	      0.0000
    100.3305	      0.0000
    100.3315	      0.0000
    100.3324	      0.0000
    100.3334	      0.0000
    100.3343	      0.0000
    100.3353	      0.0000
    100.3363	      0.0000
    100.3792	      0.0000
    100.3801	      0.0000
    100.3811	      0.0000
    100.3820	      0.0000
    100.3830	      0.0000
    100.3839	      0.0000
    100.3849	      0.0000
    100.3858	      0.0000
    100.3868	      0.0000
    100.3878	      0.0000
    100.3887	      0.0000
    100.3897	      0.0000
    100.3906	      0.0000
    100.3916	      0.0000
    100.4355	      0.0000
    100.4364	      0.0000
    100.4374	      0.0000
    100.4383	      0.0000
    100.4393	      0.0000
    100.4402	      0.0000
    100.4412	      0.0000
    100.4422	      0.0000
    100.4431	      0.0000
    100.4441	      0.0000
    100.4450	      0.0000
    100.4460	      0.0000
    100.4469	      0.0000
    101.0541	      0.0000
    101.0551	      0.0000
    101.0560	      0.0000
    101.0570	      0.0000
    101.0580	   1962.8184
    101.0589	   4595.6816
    101.0599	   6756.1548
    101.0609	   6995.1924
    101.0618	   5135.1919
    101.0628	   2483.5410
    101.0637	      0.0000
    101.0647	      0.0000
    101.0657	      0.0000
    101.0666	      0.0000
    103.4839	      0.0000
    103.4849	      0.0000
    103.4859	      0.0000
    103.4869	      0.0000
    103.4879	      0.0000
    103.4889	      0.0000
    103.4898	      0.0000
    103.4908	      0.0000
    103.4918	      0.0000
    103.4928	      0.0000
    103.4938	      0.0000
    103.4948	      0.0000
    103.4958	      0.0000
    103.4968	      0.0000
    103.4978	      0.0000
    103.4988	      0.0000
    103.4998	      0.0000
    103.5008	      0.0000
    103.5018	      0.0000
    103.5028	      0.0000
    103.5038	      0.0000
    103.5048	      0.0000
    103.5398	      0.0000
    103.5408	      0.0000
    103.5418	      0.0000
    103.5428	      0.0000
    103.5438	      0.0000
    103.5448	      0.0000
    103.5458	      0.0000
    103.5468	      0.0000
    103.5478	      0.0000
    103.5488	      0.0000
    103.5498	      0.0000
    103.5508	      0.0000
    103.5518	      0.0000
    103.5528	      0.0000
    103.5538	      0.0000
    103.5548	      0.0000
    103.5558	      0.0000
    103.5568	      0.0000
    103.5578	      0.0000
    103.5588	      0.0000
    103.5598	      0.0000
    103.5608	      0.0000
    103.5958	      0.0000
    103.5968	      0.0000
    103.5978	      0.0000
    103.5988	      0.0000
    103.5998	      0.0000
    103.6008	      0.0000
    103.6018	      0.0000
    103.6028	      0.0000
    103.6038	      0.0000
    103.6048	      0.0000
    103.6058	      0.0000
    103.6068	      0.0000
    103.6078	      0.0000
    103.6088	      0.0000
    103.6098	      0.0000
    103.6108	      0.0000
    103.6118	      0.0000
    103.6127	      0.0000
    103.6137	      0.0000
    103.6147	      0.0000
    103.6157	      0.0000
    109.0208	      0.0000
    109.0219	      0.0000
    109.0229	      0.0000
    109.0240	      0.0000
    109.0251	   2237.3315
    109.0262	   5981.1851
    109.0273	  15284.6631
    109.0283	  24310.3633
    109.0294	  25529.9805
    109.0305	  16618.3652
    109.0316	   7706.3765
    109.0327	   2766.8411
    109.0337	      0.0000
    109.0348	      0.0000
    109.0359	      0.0000
    109.0370	      0.0000
    111.0361	      0.0000
    111.0372	      0.0000
    111.0383	      0.0000
    111.0394	      0.0000
    111.0405	   2236.3975
    111.0417	   5756.6685
    111.0428	  15568.4834
    111.0439	  26142.7090
    111.0450	  30711.2559
    111.0461	  21834.0742
    111.0472	  11642.4932
    111.0483	   3853.0146
    111.0494	      0.0000
    111.0505	      0.0000
    111.0516	      0.0000
    111.0527	      0.0000
    111.6043	      0.0000
    111.6054	      0.0000
    111.6065	      0.0000
    111.6076	      0.0000
    111.6088	      0.0000
    111.6099	      0.0000
    111.6110	      0.0000
    111.6121	      0.0000
    111.6132	      0.0000
    111.6143	      0.0000
    111.6155	      0.0000
    111.6166	      0.0000
    111.6177	      0.0000
    111.6188	      0.0000
    111.6535	      0.0000
    111.6546	      0.0000
    111.6557	      0.0000
    111.6569	      0.0000
    111.6580	      0.0000
    111.6591	      0.0000
    111.6602	      0.0000
    111.6613	      0.0000
    111.6625	      0.0000
    111.6636	      0.0000
    111.6647	      0.0000
    111.6658	      0.0000
    111.6669	      0.0000
    111.6681	      0.0000
    111.6692	      0.0000
    111.6703	      0.0000
    111.6714	      0.0000
    111.6725	      0.0000
    111.6737	      0.0000
    111.6748	      0.0000
    111.7162	      0.0000
    111.7173	      0.0000
    111.7184	      0.0000
    111.7196	      0.0000
    111.7207	      0.0000
    111.7218	      0.0000
    111.7229	      0.0000
    111.7240	      0.0000
    111.7252	      0.0000
    111.7263	      0.0000
    111.7274	      0.0000
    111.7285	      0.0000
    111.7296	      0.0000
    112.4851	      0.0000
    112.4863	      0.0000
    112.4874	      0.0000
    112.4885	      0.0000
    112.4897	      0.0000
    112.4908	      0.0000
    112.4919	      0.0000
    112.4931	      0.0000
    112.4942	      0.0000
    112.4953	      0.0000
    112.4964	      0.0000
    112.4976	      0.0000
    112.4987	      0.0000
    112.4998	      0.0000
    112.5010	      0.0000
    112.5021	      0.0000
    112.5032	      0.0000
    112.5044	      0.0000
    112.5055	      0.0000
    112.5066	      0.0000
    112.5078	      0.0000
    112.5089	      0.0000
    112.5417	      0.0000
    112.5429	      0.0000
    112.5440	      0.0000
    112.5451	      0.0000
    112.5463	      0.0000
    112.5474	      0.0000
    112.5485	      0.0000
    112.5497	      0.0000
    112.5508	      0.0000
    112.5519	      0.0000
    112.5531	      0.0000
    112.5542	      0.0000
    112.5553	      0.0000
    112.5565	      0.0000
    112.5576	      0.0000
    112.5587	      0.0000
    112.5599	      0.0000
    112.5610	      0.0000
    112.5621	      0.0000
    112.5633	      0.0000
    112.5644	      0.0000
    112.5984	      0.0000
    112.5995	      0.0000
    112.6006	      0.0000
    112.6018	      0.0000
    112.6029	      0.0000
    112.6040	      0.0000
    112.6052	      0.0000
    112.6063	      0.0000
    112.6074	      0.0000
    112.6086	      0.0000
    112.6097	      0.0000
    112.6108	      0.0000
    112.6120	      0.0000
    112.6131	      0.0000
    112.6142	      0.0000
    112.6156	      0.0000
    112.6168	      0.0000
    112.6179	      0.0000
    112.6190	      0.0000
    115.0298	      0.0000
    115.0309	      0.0000
    115.0321	      0.0000
    115.0333	      0.0000
    115.0344	   3633.2832
    115.0356	  12318.3711
    115.0368	  40216.5508
    115.0380	  81062.5234
    115.0391	 124591.8516
    115.0403	 123144.1875
    115.0415	  78134.5781
    115.0426	  36046.2656
    115.0438	   7424.1172
    115.0450	    298.6066
    115.0458	      0.0000
    115.0470	      0.0000
    115.0482	      0.0000
    115.0493	      0.0000
    119.8286	      0.0000
    119.8298	      0.0000
    119.8311	      0.0000
    119.8323	      0.0000
    119.8336	      0.0000
    119.8348	      0.0000
    119.8361	      0.0000
    119.8373	      0.0000
    119.8386	      0.0000
    119.8398	      0.0000
    119.8410	      0.0000
    119.8423	      0.0000
    119.8435	      0.0000
    119.8846	      0.0000
    119.8859	      0.0000
    119.8871	      0.0000
    119.8883	      0.0000
    119.8896	      0.0000
    119.8908	      0.0000
    119.8921	      0.0000
    119.8933	      0.0000
    119.8946	      0.0000
    119.8958	      0.0000
    119.8971	      0.0000
    119.8983	      0.0000
    119.8995	      0.0000
    120.5975	      0.0000
    120.5987	      0.0000
    120.6000	      0.0000
    120.6012	      0.0000
    120.6025	      0.0000
    120.6038	      0.0000
    120.6050	      0.0000
    120.6063	      0.0000
    120.6075	      0.0000
    120.6088	      0.0000
    120.6100	      0.0000
    120.6113	      0.0000
    120.6126	      0.0000
    120.6138	      0.0000
    120.6151	      0.0000
    120.6163	      0.0000
    120.6176	      0.0000
    120.6188	      0.0000
    120.6201	      0.0000
    120.6213	      0.0000
    120.6226	      0.0000
    120.6239	      0.0000
    120.6616	      0.0000
    120.6628	      0.0000
    120.6641	      0.0000
    120.6653	      0.0000
    120.6666	      0.0000
    120.6679	      0.0000
    120.6691	      0.0000
    120.6704	      0.0000
    120.6716	      0.0000
    120.6729	      0.0000
    120.6741	      0.0000
    120.6754	      0.0000
    120.6767	      0.0000
    120.6779	      0.0000
    120.6792	      0.0000
    121.4956	      0.0000
    121.4969	      0.0000
    121.4982	      0.0000
    121.4994	      0.0000
    121.5007	      0.0000
    121.5020	      0.0000
    121.5033	      0.0000
    121.5045	      0.0000
    121.5058	      0.0000
    121.5071	      0.0000
    121.5083	      0.0000
    121.5096	      0.0000
    121.5109	      0.0000
    121.5439	      0.0000
    121.5452	      0.0000
    121.5465	      0.0000
    121.5477	      0.0000
    121.5490	      0.0000
    121.5503	      0.0000
    121.5515	      0.0000
    121.5528	      0.0000
    121.5541	      0.0000
    121.5554	      0.0000
    121.5566	      0.0000
    121.5579	      0.0000
    121.5592	      0.0000
    121.5604	      0.0000
    121.5617	      0.0000
    121.5630	      0.0000
    121.5643	      0.0000
    121.5655	      0.0000
    121.5668	      0.0000
    121.6062	      0.0000
    121.6075	      0.0000
    121.6088	      0.0000
    121.6100	      0.0000
    121.6113	      0.0000
    121.6126	      0.0000
    121.6139	      0.0000
    121.6151	      0.0000
    121.6164	      0.0000
    121.6177	      0.0000
    121.6189	      0.0000
    121.6202	      0.0000
    121.6215	      0.0000
    121.6227	      0.0000
    126.0411	      0.0000
    126.0425	      0.0000
    126.0438	      0.0000
    126.0452	      0.0000
    126.0465	   3965.1384
    126.0479	   8747.7197
    126.0492	  10978.1699
    126.0505	  30694.7188
    126.0519	 107012.2344
    126.0532	 247248.7813
    126.0546	 399030.6875
    126.0559	 443392.5625
    126.0573	 305398.4063
    126.0586	 160812.9375
    126.0599	  45979.2852
    126.0613	  10553.4072
    126.0626	   4910.5830
    126.0640	   3291.4463
    126.0654	      0.0000
    126.0667	      0.0000
    126.0681	      0.0000
    126.0694	      0.0000
    127.0268	      0.0000
    127.0282	      0.0000
    127.0295	      0.0000
    127.0309	      0.0000
    127.0322	   3964.8538
    127.0336	   6284.0645
    127.0349	  20791.7617
    127.0363	  71104.4922
    127.0377	 141360.1563
    127.0390	 214002.6094
    127.0404	 205868.4688
    127.0417	 130181.7188
    127.0431	  60033.4453
    127.0445	  14882.5068
    127.0458	   2179.9678
    127.0471	      0.0000
    127.0484	      0.0000
    127.0498	      0.0000
    127.0511	      0.0000
    127.0525	      0.0000
    127.0539	   2334.1616
    127.0552	   6217.1963
    127.0566	  17834.3359
    127.0579	  30462.7109
    127.0593	  37243.2383
    127.0607	  26189.7578
    127.0620	  13252.8350
    127.0634	   2946.3958
    127.0647	      0.0000
    127.0661	      0.0000
    127.0674	      0.0000
    127.0688	      0.0000
    128.8301	      0.0000
    128.8315	      0.0000
    128.8329	      0.0000
    128.8342	      0.0000
    128.8356	      0.0000
    128.8370	      0.0000
    128.8384	      0.0000
    128.8398	      0.0000
    128.8412	      0.0000
    128.8426	      0.0000
    128.8440	      0.0000
    128.8453	      0.0000
    128.8467	      0.0000
    128.8481	      0.0000
    128.8856	      0.0000
    128.8870	      0.0000
    128.8884	      0.0000
    128.8897	      0.0000
    128.8911	      0.0000
    128.8925	      0.0000
    128.8939	      0.0000
    128.8953	      0.0000
    128.8967	      0.0000
    128.8981	      0.0000
    128.8995	      0.0000
    128.9008	      0.0000
    128.9022	      0.0000
    128.9036	      0.0000
    129.0440	      0.0000
    129.0453	      0.0000
    129.0467	      0.0000
    129.0481	      0.0000
    129.0495	   2005.6936
    129.0509	   4445.4209
    129.0523	  13921.9902
    129.0537	  24624.8594
    129.0551	  31188.2988
    129.0565	  23077.5273
    129.0579	  12853.9834
    129.0592	   2904.8870
    129.0606	      0.0000
    129.0620	   3767.7019
    129.0634	   5662.1602
    129.0648	   7117.9116
    129.0662	   7221.7397
    129.0676	   5877.9365
    129.0690	   3651.7012
    129.0704	      0.0000
    129.0718	      0.0000
    129.0731	      0.0000
    129.0745	      0.0000
    129.6649	      0.0000
    129.6663	      0.0000
    129.6677	      0.0000
    129.6691	      0.0000
    129.6705	      0.0000
    129.6719	      0.0000
    129.6733	      0.0000
    129.6747	      0.0000
    129.6761	      0.0000
    129.6775	      0.0000
    129.6789	      0.0000
    129.6803	      0.0000
    129.6817	      0.0000
    138.0384	      0.0000
    138.0400	      0.0000
    138.0415	      0.0000
    138.0430	      0.0000
    138.0446	      0.0000
    138.0461	   7457.2832
    138.0476	  12765.3447
    138.0492	  44040.1172
    138.0507	 164767.6719
    138.0523	 503783.7500
    138.0538	 870302.3750
    138.0553	1144375.6250
    138.0569	 904911.3125
    138.0584	 533446.1875
    138.0600	 185669.7656
    138.0615	  49746.2656
    138.0630	  14179.7188
    138.0646	   9662.9902
    138.0661	      0.0000
    138.0676	      0.0000
    138.0692	      0.0000
    138.0707	      0.0000
    138.0723	      0.0000
    138.0815	      0.0000
    138.0830	      0.0000
    138.0846	      0.0000
    138.0861	      0.0000
    138.0876	      0.0000
    138.0892	      0.0000
    138.0907	      0.0000
    138.0923	      0.0000
    138.0938	      0.0000
    138.0957	      0.0000
    138.0972	      0.0000
    138.0988	      0.0000
    138.1003	      0.0000
    139.0457	      0.0000
    139.0472	      0.0000
    139.0488	      0.0000
    139.0504	      0.0000
    139.0519	   3076.4807
    139.0535	   5863.3560
    139.0550	  18628.7441
    139.0566	  39348.7891
    139.0581	  62020.0977
    139.0597	  65338.3438
    139.0612	  43376.6523
    139.0628	  21565.9395
    139.0644	   5039.5049
    139.0659	    450.1056
    139.0671	      0.0000
    139.0687	      0.0000
    139.0702	      0.0000
    139.0718	      0.0000
    144.0523	      0.0000
    144.0539	      0.0000
    144.0556	      0.0000
    144.0572	      0.0000
    144.0588	   1604.6735
    144.0605	   8617.6201
    144.0621	  33343.4883
    144.0638	  65574.1016
    144.0654	  97181.2578
    144.0670	  89135.8906
    144.0687	  55043.9648
    144.0703	  23673.9707
    144.0720	   5794.7480
    144.0736	   1415.8868
    144.0754	      0.0000
    144.0770	      0.0000
    144.0787	      0.0000
    144.0803	      0.0000
    145.0349	      0.0000
    145.0365	      0.0000
    145.0382	      0.0000
    145.0398	      0.0000
    145.0415	   2889.0308
    145.0431	   6422.1099
    145.0448	  22616.8477
    145.0465	  74384.0391
    145.0481	 137540.9375
    145.0498	 194461.7969
    145.0514	 167681.3594
    145.0531	 100837.2109
    145.0547	  39315.4492
    145.0564	   8900.6279
    145.0581	   1316.2379
    145.0596	      0.0000
    145.0613	      0.0000
    145.0629	      0.0000
    145.0646	      0.0000
    158.5021	      0.0000
    158.5040	      0.0000
    158.5059	      0.0000
    158.5077	      0.0000
    158.5096	   1841.2618
    158.5115	   4220.0205
    158.5134	   5444.8638
    158.5153	   4308.3403
    158.5172	   1848.1475
    158.5189	      0.0000
    158.5208	      0.0000
    158.5227	      0.0000
    158.5246	      0.0000
    163.0434	      0.0000
    163.0454	      0.0000
    163.0474	      0.0000
    163.0494	      0.0000
    163.0513	   3458.8909
    163.0533	  13277.2451
    163.0553	  54632.6563
    163.0573	 121375.7344
    163.0592	 193510.5313
    163.0612	 202669.5938
    163.0632	 133708.9063
    163.0652	  66995.7266
    163.0671	  19274.2871
    163.0691	   6463.3564
    163.0711	   5484.2124
    163.0731	   5142.8516
    163.0752	   5843.5693
    163.0772	      0.0000
    163.0791	      0.0000
    163.0811	      0.0000
    163.0831	      0.0000
    163.0851	      0.0000
    164.0514	      0.0000
    164.0534	      0.0000
    164.0554	      0.0000
    164.0574	      0.0000
    164.0594	   4140.9512
    164.0614	   8530.2900
    164.0634	  11430.4111
    164.0654	  10402.9766
    164.0674	   6232.8730
    164.0694	   2117.4297
    164.0713	      0.0000
    164.0733	      0.0000
    164.0753	      0.0000
    164.0773	      0.0000
    168.0474	      0.0000
    168.0494	      0.0000
    168.0515	      0.0000
    168.0536	      0.0000
    168.0556	   2428.5378
    168.0577	  17032.1895
    168.0598	  72948.4063
    168.0618	 224454.3281
    168.0639	 384874.7813
    168.0660	 497090.4688
    168.0680	 384695.1875
    168.0701	 225878.2656
    168.0722	  76285.0938
    168.0742	  22738.3906
    168.0763	   9056.3545
    168.0784	   7538.5884
    168.0804	   2501.5715
    168.0826	      0.0000
    168.0846	      0.0000
    168.0867	      0.0000
    168.0888	      0.0000
    169.0395	      0.0000
    169.0416	      0.0000
    169.0437	      0.0000
    169.0458	      0.0000
    169.0479	   3713.5181
    169.0499	   5173.1724
    169.0520	   5257.7808
    169.0541	   4507.6792
    169.0562	   3651.7236
    169.0583	      0.0000
    169.0604	      0.0000
    169.0624	   1063.3915
    169.0645	   9926.1748
    169.0666	  21552.5625
    169.0687	  33776.5273
    169.0708	  33320.7266
    169.0729	  21526.2949
    169.0750	  10387.0625
    169.0770	   3370.9792
    169.0792	      0.0000
    169.0813	      0.0000
    169.0833	      0.0000
    169.0854	      0.0000
    174.0711	      0.0000
    174.0733	      0.0000
    174.0755	      0.0000
    174.0776	      0.0000
    174.0798	   2985.8547
    174.0820	   5072.3540
    174.0842	   6297.9971
    174.0864	   5936.1807
    174.0885	   4185.1289
    174.0908	      0.0000
    174.0929	      0.0000
    174.0951	      0.0000
    174.0973	      0.0000
    182.1121	      0.0000
    182.1145	      0.0000
    182.1168	      0.0000
    182.1191	      0.0000
    182.1215	   1369.3181
    182.1238	   4373.9316
    182.1261	   9633.2041
    182.1285	  19618.8340
    182.1308	  20243.5918
    182.1331	  10506.4395
    182.1355	   5147.8530
    182.1378	   1752.9523
    182.1397	      0.0000
    182.1420	      0.0000
    182.1443	      0.0000
    182.1467	      0.0000
    183.0947	      0.0000
    183.0971	      0.0000
    183.0994	      0.0000
    183.1018	      0.0000
    183.1041	    421.2024
    183.1065	   7905.6460
    183.1088	  23606.0234
    183.1112	  40343.6953
    183.1135	  50788.1211
    183.1159	  39855.8672
    183.1182	  23735.1426
    183.1206	   9009.9990
    183.1229	   1588.1300
    183.1256	      0.0000
    183.1279	      0.0000
    183.1303	      0.0000
    183.1326	      0.0000
    186.0538	      0.0000
    186.0562	      0.0000
    186.0586	      0.0000
    186.0610	      0.0000
    186.0635	   3392.7644
    186.0659	   4666.9971
    186.0683	  19210.3496
    186.0707	  73361.2500
    186.0731	 156968.8594
    186.0755	 246460.8906
    186.0779	 252590.4219
    186.0803	 165376.5313
    186.0827	  82018.7266
    186.0851	  23621.4375
    186.0875	   7125.3140
    186.0899	   4658.3940
    186.0923	   2597.9526
    186.0949	      0.0000
    186.0973	      0.0000
    186.0997	      0.0000
    186.1021	      0.0000
    187.0618	      0.0000
    187.0643	      0.0000
    187.0667	      0.0000
    187.0691	      0.0000
    187.0716	   2056.9858
    187.0740	   5333.3306
    187.0764	  12645.4893
    187.0788	  21445.7695
    187.0813	  24075.8145
    187.0837	  16500.0430
    187.0861	   7039.7930
    187.0885	   2771.8191
    187.0907	      0.0000
    187.0932	      0.0000
    187.0956	      0.0000
    187.0980	      0.0000
    200.1183	      0.0000
    200.1210	      0.0000
    200.1237	      0.0000
    200.1264	      0.0000
    200.1291	   1566.5187
    200.1318	  11596.6270
    200.1344	  38640.2305
    200.1371	  67222.6953
    200.1398	  88460.2266
    200.1425	  69880.5938
    200.1452	  40965.5273
    200.1479	  14267.1494
    200.1506	   3526.9993
    200.1535	      0.0000
    200.1562	      0.0000
    200.1589	      0.0000
    200.1616	      0.0000
    201.1077	      0.0000
    201.1104	      0.0000
    201.1131	      0.0000
    201.1158	      0.0000
    201.1186	   3475.1072
    201.1213	   6079.5444
    201.1240	   7315.9902
    201.1267	   6343.9312
    201.1294	   3843.2134
    201.1321	      0.0000
    201.1348	      0.0000
    201.1375	   2358.3447
    201.1402	   4927.0986
    201.1429	   6459.6235
    201.1456	   5661.8384
    201.1483	   3182.7266
    201.1510	      0.0000
    201.1537	      0.0000
    201.1564	      0.0000
    201.1591	      0.0000
    204.0532	      0.0000
    204.0559	      0.0000
    204.0587	      0.0000
    204.0615	      0.0000
    204.0642	    563.0921
    204.0670	   6090.4873
    204.0698	  14114.0059
    204.0725	  16666.9727
    204.0753	  23882.8809
    204.0781	  94455.7031
    204.0808	 340149.4063
    204.0836	 663478.2500
    204.0864	 984767.5000
    204.0891	 913751.8750
    204.0919	 572892.6875
    204.0947	 258723.1406
    204.0974	  76773.2109
    204.1002	  28190.6875
    204.1030	  20199.9629
    204.1057	   8705.6123
    204.1085	   8362.6982
    204.1113	   3646.4036
    204.1141	      0.0000
    204.1169	      0.0000
    204.1197	      0.0000
    204.1224	      0.0000
    204.1335	      0.0000
    204.1363	      0.0000
    204.1390	      0.0000
    204.1418	      0.0000
    204.1446	      0.0000
    204.1473	      0.0000
    204.1501	      0.0000
    204.1529	      0.0000
    204.1556	      0.0000
    204.1585	      0.0000
    204.1612	      0.0000
    204.1640	      0.0000
    204.1668	      0.0000
    205.0691	      0.0000
    205.0719	      0.0000
    205.0746	      0.0000
    205.0774	      0.0000
    205.0802	   3604.4971
    205.0830	  16112.8496
    205.0858	  40105.9531
    205.0886	  66219.6875
    205.0914	  75288.6172
    205.0941	  52420.0313
    205.0969	  27889.6602
    205.0997	   7681.0449
    205.1025	   1513.9781
    205.1052	      0.0000
    205.1080	      0.0000
    205.1108	      0.0000
    205.1136	      0.0000
    206.0727	      0.0000
    206.0755	      0.0000
    206.0783	      0.0000
    206.0811	      0.0000
    206.0839	   1798.3643
    206.0867	   4435.4512
    206.0895	   7113.4648
    206.0923	   8277.6514
    206.0951	   7116.1577
    206.0979	   4393.8286
    206.1007	   1768.2814
    206.1035	      0.0000
    206.1063	      0.0000
    206.1091	      0.0000
    206.1119	      0.0000
    210.1070	      0.0000
    210.1099	      0.0000
    210.1128	      0.0000
    210.1157	      0.0000
    210.1186	   2897.4197
    210.1215	   6229.1313
    210.1244	   8302.6240
    210.1273	   7547.1431
    210.1301	   4668.5732
    210.1330	   1748.1479
    210.1359	      0.0000
    210.1388	      0.0000
    210.1417	      0.0000
    210.1446	      0.0000
    211.0898	      0.0000
    211.0927	      0.0000
    211.0956	      0.0000
    211.0985	      0.0000
    211.1014	   1865.8815
    211.1043	   4859.3359
    211.1072	   7222.1606
    211.1101	   7205.5908
    211.1130	   4781.9434
    211.1159	   1921.4637
    211.1189	      0.0000
    211.1218	      0.0000
    211.1247	      0.0000
    211.1276	      0.0000
    225.0558	      0.0000
    225.0590	      0.0000
    225.0622	      0.0000
    225.0654	      0.0000
    225.0686	   1881.7649
    225.0718	   4471.5947
    225.0750	   6228.2529
    225.0782	   6003.0327
    225.0814	   4106.4912
    225.0844	      0.0000
    225.0876	      0.0000
    225.0908	      0.0000
    225.0940	      0.0000
    228.1094	      0.0000
    228.1127	      0.0000
    228.1160	      0.0000
    228.1192	      0.0000
    228.1225	   1309.7188
    228.1258	   6766.1436
    228.1290	  20133.6270
    228.1323	  34246.5703
    228.1356	  41656.4258
    228.1389	  30361.5039
    228.1421	  16576.3730
    228.1454	   4487.6641
    228.1487	   2332.4612
    228.1522	      0.0000
    228.1555	      0.0000
    228.1588	      0.0000
    228.1620	      0.0000
    241.0433	      0.0000
    241.0468	      0.0000
    241.0504	      0.0000
    241.0539	      0.0000
    241.0575	   2380.7720
    241.0610	   5303.1685
    241.0646	  15934.7578
    241.0681	  27080.0645
    241.0717	  32846.8750
    241.0752	  23615.4883
    241.0788	  12589.7695
    241.0823	   3894.1006
    241.0860	      0.0000
    241.0895	      0.0000
    241.0931	      0.0000
    241.0966	      0.0000
    243.8940	      0.0000
    243.8976	      0.0000
    243.9012	      0.0000
    243.9049	      0.0000
    243.9085	   2331.8237
    243.9121	   4498.5073
    243.9157	   5838.7427
    243.9193	   5532.6655
    243.9229	   3767.0403
    243.9268	      0.0000
    243.9304	      0.0000
    243.9340	      0.0000
    243.9376	      0.0000
    295.0742	      0.0000
    295.0790	      0.0000
    295.0839	      0.0000
    295.0887	      0.0000
    295.0935	   2618.3289
    295.0983	   4864.8979
    295.1031	   6148.5176
    295.1079	   5568.4019
    295.1127	   3496.6582
    295.1176	      0.0000
    295.1224	      0.0000
    295.1272	      0.0000
    295.1320	      0.0000
    321.2501	      0.0000
    321.2556	      0.0000
    321.2610	      0.0000
    321.2665	      0.0000
    321.2720	   2794.0608
    321.2774	   5061.0313
    321.2829	   5987.4351
    321.2884	   4881.9736
    321.2938	   2595.1196
    321.2991	      0.0000
    321.3045	      0.0000
    321.3100	      0.0000
    321.3155	      0.0000
    366.0853	      0.0000
    366.0919	      0.0000
    366.0985	      0.0000
    366.1052	      0.0000
    366.1118	    698.6020
    366.1185	  11119.8486
    366.1251	  44442.7930
    366.1318	  87773.3828
    366.1384	 130195.9688
    366.1451	 120038.6172
    366.1517	  75453.6172
    366.1584	  34053.5195
    366.1650	  10205.7100
    366.1716	   3948.3025
    366.1787	      0.0000
    366.1854	      0.0000
    366.1920	      0.0000
    366.1987	      0.0000
    367.1044	      0.0000
    367.1110	      0.0000
    367.1177	      0.0000
    367.1244	      0.0000
    367.1310	   3661.2612
    367.1377	   6673.8257
    367.1444	   7697.2837
    367.1511	   5801.2422
    367.1577	   2451.2854
    367.1647	      0.0000
    367.1714	      0.0000
    367.1781	      0.0000
    367.1848	      0.0000
    448.6762	      0.0000
    448.6852	      0.0000
    448.6942	      0.0000
    448.7032	      0.0000
    448.7122	   2698.5781
    448.7212	   7021.0005
    448.7303	  11959.3701
    448.7393	  21182.1113
    448.7483	  15611.5088
    448.7573	   7356.1875
    448.7663	   2906.8125
    448.7753	      0.0000
    448.7844	      0.0000
    448.7934	      0.0000
    448.8024	      0.0000
    449.1814	      0.0000
    449.1904	      0.0000
    449.1995	      0.0000
    449.2085	      0.0000
    449.2175	   2266.5825
    449.2266	   5986.2603
    449.2356	   9483.8779
    449.2446	  10395.1885
    449.2537	   8116.8555
    449.2627	   4326.2588
    449.2719	      0.0000
    449.2810	      0.0000
    449.2900	      0.0000
    449.2990	      0.0000
    471.2075	      0.0000
    471.2172	      0.0000
    471.2269	      0.0000
    471.2366	      0.0000
    471.2463	   3418.0869
    471.2560	   5710.1187
    471.2657	   6401.2695
    471.2754	   4938.5024
    471.2851	   2378.8245
    471.2948	      0.0000
    471.3045	      0.0000
    471.3142	      0.0000
    471.3239	      0.0000
    498.1262	      0.0000
    498.1367	      0.0000
    498.1472	      0.0000
    498.1578	      0.0000
    498.1683	   4431.1030
    498.1789	   7797.9624
    498.1894	   8717.4082
    498.2000	   6460.4263
    498.2105	   2947.5869
    498.2213	      0.0000
    498.2319	      0.0000
    498.2424	      0.0000
    498.2530	      0.0000
    535.2023	      0.0000
    535.2140	      0.0000
    535.2257	      0.0000
    535.2375	      0.0000
    535.2492	   3797.5154
    535.2610	   6197.2998
    535.2727	   6733.6348
    535.2845	   5054.3809
    535.2962	   2439.6067
    535.3081	      0.0000
    535.3198	      0.0000
    535.3316	      0.0000
    535.3433	      0.0000
    625.2340	      0.0000
    625.2488	      0.0000
    625.2636	      0.0000
    625.2785	      0.0000
    625.2933	   2273.8655
    625.3081	   6302.2334
    625.3230	  15345.5752
    625.3378	  24170.1113
    625.3526	  24422.1445
    625.3675	  15853.0967
    625.3823	   6290.2729
    625.3971	   2239.3335
    625.4120	      0.0000
    625.4268	      0.0000
    625.4417	      0.0000
    625.4565	      0.0000
    652.2212	      0.0000
    652.2370	      0.0000
    652.2528	      0.0000
    652.2686	      0.0000
    652.2844	   2363.1995
    652.3002	   5097.6431
    652.3160	   6954.3530
    652.3318	   6558.0640
    652.3476	   4202.5664
    652.3635	      0.0000
    652.3793	      0.0000
    652.3951	      0.0000
    652.4109	      0.0000
    707.7327	      0.0000
    707.7505	      0.0000
    707.7684	      0.0000
    707.7863	      0.0000
    707.8041	   3109.0193
    707.8220	   7221.6895
    707.8398	  10968.4541
    707.8577	  11642.3223
    707.8756	   8699.8389
    707.8934	   4252.7378
    707.9113	      0.0000
    707.9292	      0.0000
    707.9470	      0.0000
    707.9649	      0.0000
    708.2330	      0.0000
    708.2509	      0.0000
    708.2688	      0.0000
    708.2866	      0.0000
    708.3045	   2511.2112
    708.3224	   6106.0591
    708.3403	   9193.5225
    708.3582	   9524.6357
    708.3760	   6871.0703
    708.3939	   3192.3103
    708.4118	      0.0000
    708.4297	      0.0000
    708.4476	      0.0000
    708.4655	      0.0000
    716.2380	      0.0000
    716.2562	      0.0000
    716.2744	      0.0000
    716.2926	      0.0000
    716.3108	   3091.2805
    716.3290	   9597.3848
    716.3471	  18461.8457
    716.3653	  24904.0742
    716.3835	  18526.4277
    716.4017	   9749.0879
    716.4199	   1623.3895
    716.4381	      0.0000
    716.4563	      0.0000
    716.4745	      0.0000
    716.4927	      0.0000
    716.7292	      0.0000
    716.7474	      0.0000
    716.7656	      0.0000
    716.7838	      0.0000
    716.8020	   1902.2979
    716.8202	   5516.1680
    716.8384	  10666.7266
    716.8566	  20398.2168
    716.8748	  19757.9258
    716.8930	   8874.3516
    716.9112	   3577.0288
    716.9295	      0.0000
    716.9477	      0.0000
    716.9659	      0.0000
    716.9841	      0.0000
    719.7418	      0.0000
    719.7601	      0.0000
    719.7784	      0.0000
    719.7967	      0.0000
    719.8150	   1908.5347
    719.8334	  11198.5635
    719.8517	  22679.0273
    719.8700	  33702.4063
    719.8883	  30632.5664
    719.9066	  18945.4121
    719.9250	   8168.3975
    719.9433	   1756.4553
    719.9555	      0.0000
    719.9738	      0.0000
    719.9921	      0.0000
    720.0105	      0.0000
    720.2304	      0.0000
    720.2488	      0.0000
    720.2671	      0.0000
    720.2854	      0.0000
    720.3038	     43.4227
    720.3221	   7115.1440
    720.3404	  21301.2969
    720.3588	  36604.0313
    720.3771	  43147.2617
    720.3955	  30953.4863
    720.4138	  17245.7246
    720.4321	   5825.8174
    720.4505	   1777.4395
    720.4749	      0.0000
    720.4933	      0.0000
    720.5116	      0.0000
    720.5300	      0.0000
    720.7502	      0.0000
    720.7685	      0.0000
    720.7869	      0.0000
    720.8052	      0.0000
    720.8236	   2692.2837
    720.8420	   7102.2261
    720.8603	  12070.2715
    720.8787	  20977.9590
    720.8970	  12046.9229
    720.9154	   7249.9907
    720.9338	   2958.7659
    720.9539	      0.0000
    720.9723	      0.0000
    720.9907	      0.0000
    721.0090	      0.0000
    728.2433	      0.0000
    728.2619	      0.0000
    728.2805	      0.0000
    728.2992	      0.0000
    728.3178	   2039.4968
    728.3365	   9354.7881
    728.3551	  29165.6738
    728.3738	  50611.6367
    728.3924	  63477.6367
    728.4111	  46502.0391
    728.4297	  25213.5508
    728.4483	   6418.8281
    728.4670	   1180.5166
    728.4863	      0.0000
    728.5050	      0.0000
    728.5236	      0.0000
    728.5423	      0.0000
    728.7475	      0.0000
    728.7661	      0.0000
    728.7848	      0.0000
    728.8035	      0.0000
    728.8221	   3807.7253
    728.8408	  13173.1299
    728.8595	  29274.4160
    728.8781	  46634.6523
    728.8968	  49651.3984
    728.9155	  32553.9551
    728.9341	  15745.3223
    728.9528	   2952.3792
    728.9690	      0.0000
    728.9877	      0.0000
    729.0063	      0.0000
    729.0250	      0.0000
    729.2678	      0.0000
    729.2865	      0.0000
    729.3051	      0.0000
    729.3238	      0.0000
    729.3425	   3564.5742
    729.3612	   7131.3008
    729.3799	   9478.0547
    729.3986	   8671.3955
    729.4172	   5189.7861
    729.4359	   1558.8906
    729.4546	      0.0000
    729.4733	      0.0000
    729.4920	      0.0000
    729.5107	      0.0000
    747.1883	      0.0000
    747.2077	      0.0000
    747.2270	      0.0000
    747.2464	      0.0000
    747.2658	   3063.5503
    747.2852	   6186.3271
    747.3046	   7971.2002
    747.3239	   7070.5137
    747.3433	   4134.8315
    747.3627	      0.0000
    747.3821	      0.0000
    747.4015	      0.0000
    747.4209	      0.0000
    748.1967	      0.0000
    748.2162	      0.0000
    748.2356	      0.0000
    748.2550	      0.0000
    748.2744	   3872.3184
    748.2938	   7437.7554
    748.3132	   9885.3428
    748.3327	   9918.3486
    748.3521	   7777.0474
    748.3715	   4791.4492
    748.3909	      0.0000
    748.4103	      0.0000
    748.4298	      0.0000
    748.4492	      0.0000
    760.7572	      0.0000
    760.7771	      0.0000
    760.7970	      0.0000
    760.8169	      0.0000
    760.8368	   2909.9539
    760.8567	   6896.2588
    760.8766	  10715.5947
    760.8965	  11926.1631
    760.9164	   9688.7109
    760.9363	   5549.0352
    760.9563	   1994.2946
    760.9762	      0.0000
    760.9961	      0.0000
    761.0160	      0.0000
    761.0359	      0.0000
    761.2550	      0.0000
    761.2749	      0.0000
    761.2949	      0.0000
    761.3148	      0.0000
    761.3347	   1432.9827
    761.3546	  11818.3350
    761.3746	  22008.9316
    761.3945	  29337.1191
    761.4144	  22979.9219
    761.4343	  13427.2080
    761.4543	   3184.6267
    761.4742	      0.0000
    761.4941	      0.0000
    761.5141	      0.0000
    761.5340	      0.0000
    761.7533	      0.0000
    761.7733	      0.0000
    761.7932	      0.0000
    761.8132	      0.0000
    761.8331	   2305.9087
    761.8530	   5484.0288
    761.8730	   9216.3750
    761.8929	  11404.3086
    761.9129	  10483.0430
    761.9328	   6985.2397
    761.9528	   3103.1240
    761.9716	      0.0000
    761.9915	      0.0000
    762.0115	      0.0000
    762.0314	      0.0000
    769.7314	      0.0000
    769.7516	      0.0000
    769.7719	      0.0000
    769.7922	      0.0000
    769.8124	   1059.7531
    769.8327	   6508.1860
    769.8529	  28006.7617
    769.8732	  65210.0547
    769.8935	 105622.0859
    769.9137	 115619.0859
    769.9340	  78368.7891
    769.9543	  40421.5117
    769.9745	  11183.5439
    769.9948	   2006.1440
    770.0171	      0.0000
    770.0374	      0.0000
    770.0577	      0.0000
    770.0779	      0.0000
    770.2401	      0.0000
    770.2604	      0.0000
    770.2807	      0.0000
    770.3009	      0.0000
    770.3212	   1271.9042
    770.3415	   9233.1865
    770.3618	  33477.0234
    770.3821	  65208.3203
    770.4023	  96899.7813
    770.4226	  90527.0391
    770.4429	  56612.8867
    770.4632	  25353.3633
    770.4835	   6250.2217
    770.5038	    492.1982
    770.5232	      0.0000
    770.5435	      0.0000
    770.5638	      0.0000
    770.5840	      0.0000
    770.7667	      0.0000
    770.7870	      0.0000
    770.8073	      0.0000
    770.8276	      0.0000
    770.8479	   2754.0476
    770.8682	  13440.9980
    770.8885	  24588.0371
    770.9088	  33515.2695
    770.9291	  26834.8906
    770.9494	  15525.3242
    770.9697	   5268.9146
    770.9900	   1589.9398
    771.0103	      0.0000
    771.0306	      0.0000
    771.0509	      0.0000
    771.0712	      0.0000
    771.2744	      0.0000
    771.2947	      0.0000
    771.3150	      0.0000
    771.3353	      0.0000
    771.3556	   4886.6543
    771.3760	   9300.6758
    771.3963	  12445.4668
    771.4166	  12063.5137
    771.4369	   8368.3682
    771.4573	   3857.8721
    771.4776	      0.0000
    771.4979	      0.0000
    771.5182	      0.0000
    771.5386	      0.0000
    771.7826	      0.0000
    771.8029	      0.0000
    771.8232	      0.0000
    771.8436	      0.0000
    771.8639	   3573.2729
    771.8842	   7393.1699
    771.9046	   9994.6699
    771.9249	   9587.3320
    771.9453	   6562.8555
    771.9656	   2998.1577
    771.9860	      0.0000
    772.0063	      0.0000
    772.0267	      0.0000
    772.0470	      0.0000
    777.2620	      0.0000
    777.2825	      0.0000
    777.3031	      0.0000
    777.3237	      0.0000
    777.3442	   3545.5574
    777.3648	   7250.6274
    777.3853	   9438.3535
    777.4059	   8352.8320
    777.4265	   4825.8911
    777.4470	      0.0000
    777.4676	      0.0000
    777.4881	      0.0000
    777.5087	      0.0000
    785.2571	      0.0000
    785.2780	      0.0000
    785.2989	      0.0000
    785.3198	      0.0000
    785.3406	   2738.1594
    785.3615	   7131.2202
    785.3824	  15303.5752
    785.4033	  22504.7754
    785.4242	  18672.2363
    785.4450	   8800.0244
    785.4659	   3475.7917
    785.4868	      0.0000
    785.5077	      0.0000
    785.5286	      0.0000
    785.5494	      0.0000
    786.2809	      0.0000
    786.3018	      0.0000
    786.3227	      0.0000
    786.3436	      0.0000
    786.3646	   4572.9331
    786.3855	   6519.1553
    786.4064	   7104.6973
    786.4273	   5690.7295
    786.4482	   3110.1077
    786.4692	      0.0000
    786.4901	      0.0000
    786.5110	      0.0000
    786.5319	      0.0000
    794.2673	      0.0000
    794.2886	      0.0000
    794.3098	      0.0000
    794.3310	      0.0000
    794.3523	   3929.7639
    794.3735	   9348.2764
    794.3947	  21041.3359
    794.4160	  24096.0586
    794.4372	  16423.8730
    794.4585	   7897.0396
    794.4797	   3138.3818
    794.5009	      0.0000
    794.5222	      0.0000
    794.5434	      0.0000
    794.5647	      0.0000
    794.7772	      0.0000
    794.7984	      0.0000
    794.8197	      0.0000
    794.8409	      0.0000
    794.8622	   3160.7913
    794.8834	   7651.5171
    794.9047	  11307.4395
    794.9259	  11454.9521
    794.9472	   8056.8057
    794.9685	   3750.5540
    794.9897	      0.0000
    795.0110	      0.0000
    795.0323	      0.0000
    795.0535	      0.0000
    799.3235	      0.0000
    799.3449	      0.0000
    799.3663	      0.0000
    799.3878	      0.0000
    799.4092	   5016.3135
    799.4307	   8537.2100
    799.4521	  10405.5029
    799.4735	   9273.9121
    799.4950	   5859.9224
    799.5164	   2430.1772
    799.5379	      0.0000
    799.5593	      0.0000
    799.5808	      0.0000
    799.6022	      0.0000
    800.2890	      0.0000
    800.3104	      0.0000
    800.3319	      0.0000
    800.3534	      0.0000
    800.3749	   4996.6792
    800.3963	   7403.7778
    800.4178	   7848.3594
    800.4393	   5988.5122
    800.4608	   3043.8745
    800.4823	      0.0000
    800.5037	      0.0000
    800.5252	      0.0000
    800.5467	      0.0000
    803.2823	      0.0000
    803.3039	      0.0000
    803.3255	      0.0000
    803.3471	      0.0000
    803.3687	   5018.4106
    803.3903	   7703.7983
    803.4119	   8302.1035
    803.4335	   6250.4316
    803.4551	   2976.8511
    803.4767	      0.0000
    803.4983	      0.0000
    803.5199	      0.0000
    803.5415	      0.0000
    811.7711	      0.0000
    811.7930	      0.0000
    811.8150	      0.0000
    811.8369	      0.0000
    811.8588	   5601.9316
    811.8808	  14949.1445
    811.9027	  25162.1348
    811.9247	  26224.3691
    811.9466	  16796.5371
    811.9686	   7704.2197
    811.9905	   2316.6003
    812.0125	      0.0000
    812.0344	      0.0000
    812.0564	      0.0000
    812.0783	      0.0000
    812.2539	      0.0000
    812.2759	      0.0000
    812.2979	      0.0000
    812.3198	      0.0000
    812.3418	   1353.2015
    812.3637	   8776.6240
    812.3857	  18800.9746
    812.4077	  28900.3789
    812.4296	  27269.1992
    812.4516	  17048.9453
    812.4736	   7599.3232
    812.4955	   2150.5662
    812.5175	      0.0000
    812.5395	      0.0000
    812.5614	      0.0000
    812.5834	      0.0000
    812.7592	      0.0000
    812.7812	      0.0000
    812.8032	      0.0000
    812.8252	      0.0000
    812.8471	   2097.3918
    812.8691	   6278.7388
    812.8911	  15033.0557
    812.9131	  22325.0605
    812.9351	  19441.5039
    812.9571	   8824.6709
    812.9790	   3635.7546
    813.0010	      0.0000
    813.0230	      0.0000
    813.0450	      0.0000
    813.0670	      0.0000
    817.7492	      0.0000
    817.7714	      0.0000
    817.7936	      0.0000
    817.8157	      0.0000
    817.8379	   3978.8713
    817.8601	  13303.6855
    817.8823	  23769.8086
    817.9045	  31068.7070
    817.9267	  23348.4434
    817.9489	  12723.9307
    817.9711	   4384.3501
    817.9932	      0.0000
    818.0154	      0.0000
    818.0376	      0.0000
    818.0598	      0.0000
    818.2596	      0.0000
    818.2818	      0.0000
    818.3040	      0.0000
    818.3262	      0.0000
    818.3484	   3540.8157
    818.3706	   6204.3960
    818.3928	   7820.1929
    818.4150	   7439.5215
    818.4373	   5363.9497
    818.4618	      0.0000
    818.4840	      0.0000
    818.5062	      0.0000
    818.5284	      0.0000
    820.7096	      0.0000
    820.7319	      0.0000
    820.7542	      0.0000
    820.7765	      0.0000
    820.7988	   4531.4937
    820.8211	   5846.2642
    820.8434	  11922.0000
    820.8658	  39602.4688
    820.8881	  93151.4063
    820.9104	 151462.5000
    820.9327	 165837.2188
    820.9550	 110992.5156
    820.9773	  55841.0781
    820.9996	  13778.7520
    821.0219	   2495.5913
    821.0411	      0.0000
    821.0635	      0.0000
    821.0858	      0.0000
    821.1081	      0.0000
    821.2197	      0.0000
    821.2420	      0.0000
    821.2643	      0.0000
    821.2867	      0.0000
    821.3090	      0.0000
    821.3313	  13961.9590
    821.3536	  58647.2852
    821.3760	 164264.7344
    821.3983	 277602.5625
    821.4206	 348572.1875
    821.4430	 265914.5313
    821.4653	 155216.5781
    821.4876	  53366.9609
    821.5100	  14357.8066
    821.5323	   1429.4436
    821.5566	      0.0000
    821.5789	      0.0000
    821.6013	      0.0000
    821.6236	      0.0000
    821.7130	      0.0000
    821.7353	      0.0000
    821.7576	      0.0000
    821.7800	      0.0000
    821.8023	   3154.3115
    821.8247	   8177.8281
    821.8470	  29557.7832
    821.8694	  95399.8672
    821.8917	 177385.6719
    821.9141	 253603.8750
    821.9364	 223282.3906
    821.9588	 136460.6250
    821.9811	  56543.3594
    822.0035	  14707.3916
    822.0258	   3943.6428
    822.0470	      0.0000
    822.0693	      0.0000
    822.0917	      0.0000
    822.1141	      0.0000
    822.2259	      0.0000
    822.2482	      0.0000
    822.2706	      0.0000
    822.2930	      0.0000
    822.3153	   1625.3395
    822.3377	   6849.2583
    822.3601	  24127.9512
    822.3824	  53784.9766
    822.4048	  86039.3281
    822.4272	  91745.9922
    822.4495	  60777.1523
    822.4719	  30165.1250
    822.4943	   8006.5620
    822.5167	   2203.8269
    822.5391	      0.0000
    822.5615	      0.0000
    822.5838	      0.0000
    822.6062	      0.0000
    822.7853	      0.0000
    822.8077	      0.0000
    822.8301	      0.0000
    822.8524	      0.0000
    822.8748	   5113.1885
    822.8972	   8451.4990
    822.9196	  10106.7588
    822.9420	   9070.5469
    822.9644	   6018.1382
    822.9868	   2711.4575
    823.0093	      0.0000
    823.0317	      0.0000
    823.0541	      0.0000
    823.0765	      0.0000
    829.6786	      0.0000
    829.7013	      0.0000
    829.7239	      0.0000
    829.7466	      0.0000
    829.7693	      0.0000
    829.7920	   9741.3672
    829.8146	  19942.6172
    829.8373	  70036.5859
    829.8600	 258015.5156
    829.8827	 782035.8750
    829.9053	1345862.2500
    829.9280	1757896.2500
    829.9507	1380879.6250
    829.9734	 815142.0000
    829.9961	 284452.1875
    830.0187	  80613.5391
    830.0414	  24822.3164
    830.0641	  18812.3945
    830.0868	   6514.4395
    830.1095	   4499.2090
    830.1328	      0.0000
    830.1555	      0.0000
    830.1781	      0.0000
    830.2008	      0.0000
    830.2235	      0.0000
    830.2462	      0.0000
    830.2689	   5694.6064
    830.2916	  13353.8955
    830.3143	  19159.5039
    830.3370	  56244.5039
    830.3597	 201328.7031
    830.3824	 618570.3750
    830.4051	1088405.0000
    830.4278	1470208.7500
    830.4505	1202529.3750
    830.4732	 717188.4375
    830.4959	 266733.9375
    830.5186	  71911.7188
    830.5413	  23242.8770
    830.5640	  21444.7832
    830.5867	  13849.6543
    830.6094	  10137.7129
    830.6321	      0.0000
    830.6549	      0.0000
    830.6776	      0.0000
    830.7003	      0.0000
    830.7230	      0.0000
    830.7457	   3486.4832
    830.7684	   7344.1465
    830.7911	   9856.1504
    830.8138	  11229.7441
    830.8366	  25557.9492
    830.8593	  89435.9844
    830.8820	 283971.8750
    830.9047	 514494.3750
    830.9274	 717127.3750
    830.9501	 608991.6250
    830.9729	 366509.1563
    830.9956	 142931.0625
    831.0183	  37725.4453
    831.0410	  12674.2891
    831.0638	  12041.9170
    831.0865	   6954.8125
    831.1092	   4558.9800
    831.1313	      0.0000
    831.1540	      0.0000
    831.1767	      0.0000
    831.1994	      0.0000
    831.2449	      0.0000
    831.2676	      0.0000
    831.2904	      0.0000
    831.3131	      0.0000
    831.3358	   3878.0393
    831.3586	  20273.7285
    831.3813	  69668.7734
    831.4041	 128981.1953
    831.4268	 183278.7500
    831.4495	 157996.9375
    831.4723	  95273.3047
    831.4950	  36912.6133
    831.5178	  10284.8018
    831.5405	   4988.7061
    831.5632	      0.0000
    831.5859	      0.0000
    831.6087	      0.0000
    831.6314	      0.0000
    831.7679	      0.0000
    831.7907	      0.0000
    831.8135	      0.0000
    831.8362	      0.0000
    831.8590	   1913.1460
    831.8817	  10932.2725
    831.9045	  20657.6660
    831.9272	  29316.0469
    831.9500	  25355.2617
    831.9728	  15584.0469
    831.9955	   4508.2197
    832.0183	      0.0000
    832.0411	      0.0000
    832.0638	      0.0000
    832.0866	      0.0000
    832.2915	      0.0000
    832.3143	      0.0000
    832.3371	      0.0000
    832.3599	      0.0000
    832.3826	   3725.6772
    832.4054	   6273.9424
    832.4282	   7236.5244
    832.4510	   5859.8457
    832.4738	   3086.8420
    832.4966	      0.0000
    832.5194	      0.0000
    832.5422	      0.0000
    832.5650	      0.0000
    879.2880	      0.0000
    879.3127	      0.0000
    879.3375	      0.0000
    879.3622	      0.0000
    879.3870	   3077.8430
    879.4117	   6421.1089
    879.4364	   8756.6309
    879.4612	   8502.1406
    879.4859	   5887.1450
    879.5106	   2676.9617
    879.5354	      0.0000
    879.5601	      0.0000
    879.5849	      0.0000
    879.6096	      0.0000
    886.8048	      0.0000
    886.8298	      0.0000
    886.8549	      0.0000
    886.8799	      0.0000
    886.9050	   4136.8174
    886.9300	   7303.9834
    886.9551	   8067.6479
    886.9802	   5953.4229
    887.0052	   2932.0256
    887.0303	      0.0000
    887.0553	      0.0000
    887.0804	      0.0000
    887.1055	      0.0000
    887.2809	      0.0000
    887.3060	      0.0000
    887.3311	      0.0000
    887.3561	      0.0000
    887.3812	   3468.7290
    887.4063	   8473.6982
    887.4314	  12563.3975
    887.4564	  12605.5332
    887.4815	   8605.0244
    887.5066	   3707.2737
    887.5317	      0.0000
    887.5567	      0.0000
    887.5818	      0.0000
    887.6069	      0.0000
    890.7506	      0.0000
    890.7759	      0.0000
    890.8011	      0.0000
    890.8263	      0.0000
    890.8515	   3593.9404
    890.8767	   6066.5317
    890.9020	   7223.7769
    890.9272	   6209.6494
    890.9524	   3643.2637
    890.9776	      0.0000
    891.0029	      0.0000
    891.0281	      0.0000
    891.0533	      0.0000
    893.7590	      0.0000
    893.7844	      0.0000
    893.8097	      0.0000
    893.8351	      0.0000
    893.8604	   2242.9460
    893.8858	   6587.8447
    893.9111	  16704.8340
    893.9365	  25513.1699
    893.9618	  24041.7715
    893.9872	  14688.8633
    894.0125	   5076.0601
    894.0474	      0.0000
    894.0727	      0.0000
    894.0981	      0.0000
    894.1234	      0.0000
    894.2502	      0.0000
    894.2756	      0.0000
    894.3010	      0.0000
    894.3263	      0.0000
    894.3517	   3167.3860
    894.3771	  10084.4717
    894.4025	  28804.1563
    894.4278	  50337.2773
    894.4532	  67847.4844
    894.4786	  55384.4844
    894.5040	  32174.9590
    894.5293	  10091.4893
    894.5547	     96.3751
    894.5713	      0.0000
    894.5967	      0.0000
    894.6221	      0.0000
    894.6475	      0.0000
    894.7490	      0.0000
    894.7744	      0.0000
    894.7998	      0.0000
    894.8252	      0.0000
    894.8505	   2252.1235
    894.8759	  11831.7324
    894.9013	  32917.8281
    894.9267	  55832.0664
    894.9521	  68233.1172
    894.9775	  50574.2773
    895.0029	  28665.6992
    895.0283	   8290.2002
    895.0537	    850.0074
    895.0784	      0.0000
    895.1038	      0.0000
    895.1292	      0.0000
    895.1546	      0.0000
    895.2562	      0.0000
    895.2817	      0.0000
    895.3071	      0.0000
    895.3325	      0.0000
    895.3579	   2836.3047
    895.3833	   7478.8638
    895.4087	  17691.2070
    895.4341	  28257.1973
    895.4595	  28024.8164
    895.4850	  17950.1602
    895.5104	   5565.5488
    895.5358	      0.0000
    895.5612	      0.0000
    895.5866	      0.0000
    895.6121	      0.0000
    895.7646	      0.0000
    895.7901	      0.0000
    895.8155	      0.0000
    895.8409	      0.0000
    895.8664	   2068.1733
    895.8918	   5852.3115
    895.9172	  10664.2520
    895.9427	  13329.8896
    895.9681	  11872.6436
    895.9935	   7383.4736
    896.0190	   2848.9353
    896.0426	      0.0000
    896.0680	      0.0000
    896.0935	      0.0000
    896.1189	      0.0000
    896.2716	      0.0000
    896.2971	      0.0000
    896.3225	      0.0000
    896.3480	      0.0000
    896.3734	   3849.7095
    896.3989	  16681.7324
    896.4243	  38353.4336
    896.4498	  61728.4063
    896.4752	  65742.1484
    896.5007	  43668.8711
    896.5262	  21866.5117
    896.5516	   5781.6743
    896.5771	   1285.3577
    896.6044	      0.0000
    896.6299	      0.0000
    896.6553	      0.0000
    896.6808	      0.0000
    897.3179	      0.0000
    897.3434	      0.0000
    897.3689	      0.0000
    897.3944	      0.0000
    897.4199	   3594.1543
    897.4454	   8334.1299
    897.4709	  11986.1309
    897.4964	  11918.1406
    897.5219	   8371.1855
    897.5474	   3931.4795
    897.5742	      0.0000
    897.5998	      0.0000
    897.6253	      0.0000
    897.6508	      0.0000
    902.6975	      0.0000
    902.7232	      0.0000
    902.7489	      0.0000
    902.7746	      0.0000
    902.8004	   3187.6941
    902.8261	   6794.5063
    902.8518	  18059.6855
    902.8776	  64303.1719
    902.9033	 200565.1719
    902.9290	 355706.3125
    902.9548	 483847.3125
    902.9805	 398940.0938
    903.0063	 237699.4219
    903.0320	  88297.7891
    903.0577	  22524.1152
    903.0835	   6230.6421
    903.1092	   2281.9836
    903.1339	      0.0000
    903.1597	      0.0000
    903.1854	      0.0000
    903.2112	      0.0000
    903.2369	      0.0000
    903.2627	      0.0000
    903.2884	   1067.3868
    903.3142	   7970.0898
    903.3399	  13433.9160
    903.3657	  35055.1914
    903.3914	 119863.5313
    903.4172	 262163.4688
    903.4429	 416151.2500
    903.4687	 440144.6875
    903.4945	 292485.0000
    903.5202	 147758.2344
    903.5460	  40556.8320
    903.5717	  10132.7969
    903.5975	   6247.6533
    903.6233	   3994.8926
    903.6475	      0.0000
    903.6733	      0.0000
    903.6990	      0.0000
    903.7248	      0.0000
    903.7506	      0.0000
    903.7764	      0.0000
    903.8021	      0.0000
    903.8279	      0.0000
    903.8537	   5680.0703
    903.8795	  23555.4258
    903.9052	  75765.4531
    903.9310	 132646.0781
    903.9568	 174245.2031
    903.9826	 136253.1250
    904.0083	  79463.4531
    904.0341	  26576.5684
    904.0599	   6261.5332
    904.0857	    852.2912
    904.1107	      0.0000
    904.1365	      0.0000
    904.1623	      0.0000
    904.1881	      0.0000
    904.2655	      0.0000
    904.2913	      0.0000
    904.3171	      0.0000
    904.3429	      0.0000
    904.3687	   3209.5310
    904.3945	  14970.1367
    904.4203	  32987.0586
    904.4461	  52065.5938
    904.4719	  52339.3750
    904.4977	  33320.4727
    904.5235	  15751.3965
    904.5493	   3153.2271
    904.5770	      0.0000
    904.6028	      0.0000
    904.6286	      0.0000
    904.6544	      0.0000
    913.8082	      0.0000
    913.8344	      0.0000
    913.8606	      0.0000
    913.8868	      0.0000
    913.9130	   5499.8071
    913.9393	   8513.5889
    913.9655	   9229.4023
    913.9917	   7085.4385
    914.0179	   3633.3196
    914.0438	      0.0000
    914.0701	      0.0000
    914.0963	      0.0000
    914.1225	      0.0000
    922.2507	      0.0000
    922.2773	      0.0000
    922.3038	      0.0000
    922.3304	      0.0000
    922.3570	   1547.7079
    922.3835	  10420.1348
    922.4101	  31933.2363
    922.4367	  55544.4219
    922.4633	  69541.1641
    922.4898	  51280.9922
    922.5164	  28379.7266
    922.5430	   8968.7578
    922.5696	   3024.0461
    922.5928	      0.0000
    922.6193	      0.0000
    922.6459	      0.0000
    922.6725	      0.0000
    922.7257	      0.0000
    922.7523	      0.0000
    922.7788	      0.0000
    922.8054	      0.0000
    922.8320	    716.9886
    922.8586	   7420.3452
    922.8852	  35296.2109
    922.9118	  82677.7188
    922.9384	 134529.2500
    922.9650	 146127.4063
    922.9916	  98658.9531
    923.0182	  51119.0078
    923.0448	  15469.1416
    923.0714	   5085.3594
    923.1051	      0.0000
    923.1317	      0.0000
    923.1583	      0.0000
    923.1849	      0.0000
    923.2381	      0.0000
    923.2647	      0.0000
    923.2913	      0.0000
    923.3179	      0.0000
    923.3445	   2961.9250
    923.3712	  12117.3193
    923.3978	  38432.2891
    923.4244	  73491.1719
    923.4510	 108398.5000
    923.4776	 100023.2891
    923.5042	  61706.4063
    923.5309	  26731.3496
    923.5575	   5836.9565
    923.5841	      0.0000
    923.6093	      0.0000
    923.6359	      0.0000
    923.6626	      0.0000
    923.6892	      0.0000
    923.7691	      0.0000
    923.7957	      0.0000
    923.8223	      0.0000
    923.8490	      0.0000
    923.8756	   4694.5142
    923.9023	  18067.5684
    923.9289	  35274.1875
    923.9555	  51878.4766
    923.9822	  46155.3320
    924.0088	  27423.4199
    924.0355	  10633.7852
    924.0621	   1168.6836
    924.0868	      0.0000
    924.1134	      0.0000
    924.1401	      0.0000
    924.1667	      0.0000
    924.2733	      0.0000
    924.3000	      0.0000
    924.3266	      0.0000
    924.3533	      0.0000
    924.3799	   2400.1101
    924.4066	   5815.3193
    924.4332	   8707.7539
    924.4599	   9014.7402
    924.4866	   6504.6729
    924.5132	   3009.6445
    924.5417	      0.0000
    924.5684	      0.0000
    924.5951	      0.0000
    924.6217	      0.0000
    931.1634	      0.0000
    931.1903	      0.0000
    931.2173	      0.0000
    931.2442	      0.0000
    931.2712	   2369.6653
    931.2981	   9363.8242
    931.3251	  15281.6855
    931.3520	  25278.9551
    931.3790	  82672.1875
    931.4060	 275780.5313
    931.4329	 531005.0000
    931.4599	 784281.6250
    931.4869	 724230.2500
    931.5138	 451738.2500
    931.5408	 201074.7969
    931.5678	  57186.8906
    931.5947	  17648.4590
    931.6217	  11926.5449
    931.6487	   6940.0151
    931.6738	  10381.0176
    931.7008	   2804.2415
    931.7274	      0.0000
    931.7543	      0.0000
    931.7813	   3326.9395
    931.8083	   6362.2041
    931.8353	  10671.0137
    931.8623	  36217.6172
    931.8893	 121449.2578
    931.9162	 338921.9375
    931.9432	 573900.4375
    931.9702	 722366.7500
    931.9972	 545663.6875
    932.0242	 313676.0625
    932.0512	 102779.3047
    932.0782	  29256.0234
    932.1052	   8335.9258
    932.1322	   3711.4629
    932.1593	      0.0000
    932.1863	      0.0000
    932.2133	      0.0000
    932.2403	      0.0000
    932.2673	      0.0000
    932.2943	      0.0000
    932.3213	   5694.0737
    932.3483	  11214.3506
    932.3753	  34793.4805
    932.4023	 114102.5547
    932.4293	 234658.5156
    932.4563	 364478.3750
    932.4833	 365903.6250
    932.5104	 235332.8438
    932.5374	 113211.2734
    932.5644	  31331.0625
    932.5914	   9106.6211
    932.6184	   6345.4019
    932.6454	   3137.9092
    932.6731	      0.0000
    932.7001	      0.0000
    932.7272	      0.0000
    932.7542	      0.0000
    932.7812	      0.0000
    932.8082	      0.0000
    932.8352	      0.0000
    932.8623	   5406.0186
    932.8893	  17242.7363
    932.9163	  46775.0117
    932.9434	  79235.8359
    932.9704	 103661.3984
    932.9974	  82724.6328
    933.0244	  48617.9180
    933.0515	  17117.6055
    933.0785	   2984.4053
    933.1077	      0.0000
    933.1347	      0.0000
    933.1618	      0.0000
    933.1888	      0.0000
    933.2699	      0.0000
    933.2970	      0.0000
    933.3240	      0.0000
    933.3511	      0.0000
    933.3781	   2553.7390
    933.4052	  11549.3340
    933.4322	  24994.7715
    933.4593	  39453.8008
    933.4863	  40190.5938
    933.5134	  26241.9219
    933.5404	  12774.9648
    933.5675	   3024.9084
    933.5920	      0.0000
    933.6191	      0.0000
    933.6462	      0.0000
    933.6732	      0.0000
    994.7806	      0.0000
    994.8104	      0.0000
    994.8402	      0.0000
    994.8699	      0.0000
    994.8997	   3834.8691
    994.9295	   6216.1167
    994.9592	   7571.3555
    994.9890	   6992.0278
    995.0188	   4731.1626
    995.0485	      0.0000
    995.0783	      0.0000
    995.1081	      0.0000
    995.1379	      0.0000
    995.2868	      0.0000
    995.3165	      0.0000
    995.3463	      0.0000
    995.3761	      0.0000
    995.4059	   5318.5522
    995.4357	  16515.6484
    995.4655	  28335.5293
    995.4953	  34555.4453
    995.5251	  25434.7344
    995.5549	  14310.8359
    995.5847	   4153.3047
    995.6174	      0.0000
    995.6472	      0.0000
    995.6770	      0.0000
    995.7068	      0.0000
    995.7366	      0.0000
    995.7664	      0.0000
    995.7962	      0.0000
    995.8260	      0.0000
    995.8558	   1190.2153
    995.8856	   8087.8916
    995.9154	  30573.3145
    995.9452	  62528.9023
    995.9750	  95704.3828
    996.0048	  93497.4219
    996.0347	  59617.4844
    996.0645	  27700.4238
    996.0943	   6449.9517
    996.1241	    802.3644
    996.1506	      0.0000
    996.1804	      0.0000
    996.2103	      0.0000
    996.2401	      0.0000
    996.2699	      0.0000
    996.2997	      0.0000
    996.3296	      0.0000
    996.3594	      0.0000
    996.3892	   5849.5742
    996.4191	  24533.8008
    996.4489	  46114.1523
    996.4787	  65331.0977
    996.5086	  55526.2422
    996.5384	  33348.4414
    996.5682	  12760.2295
    996.5981	   3727.3997
    996.6284	      0.0000
    996.6582	      0.0000
    996.6881	      0.0000
    996.7179	      0.0000
    996.7776	      0.0000
    996.8075	      0.0000
    996.8373	      0.0000
    996.8672	      0.0000
    996.8970	   5034.5581
    996.9269	  13461.6729
    996.9567	  22096.4336
    996.9866	  23844.6953
    997.0165	  16686.4902
    997.0463	   6173.9863
    997.0762	      0.0000
    997.1060	      0.0000
    997.1359	      0.0000
    997.1658	      0.0000
    997.2853	      0.0000
    997.3151	      0.0000
    997.3450	      0.0000
    997.3749	      0.0000
    997.4048	   4597.1299
    997.4346	  13368.0967
    997.4645	  22645.7949
    997.4944	  26842.8711
    997.5243	  19446.8027
    997.5542	   7031.4956
    997.5841	   2086.2271
    997.6273	      0.0000
    997.6571	      0.0000
    997.6870	      0.0000
    997.7169	      0.0000
   1003.2700	      0.0000
   1003.3002	      0.0000
   1003.3303	      0.0000
   1003.3605	      0.0000
   1003.3906	   4456.1240
   1003.4208	  13603.2158
   1003.4509	  29015.6465
   1003.4811	  45413.5469
   1003.5112	  47092.7813
   1003.5414	  30480.3008
   1003.5715	  14103.7393
   1003.6017	   1632.2618
   1003.6253	      0.0000
   1003.6554	      0.0000
   1003.6856	      0.0000
   1003.7158	      0.0000
   1003.7459	      0.0000
   1003.7761	      0.0000
   1003.8062	      0.0000
   1003.8364	      0.0000
   1003.8666	   4448.9751
   1003.8968	  16641.1680
   1003.9269	  52427.6797
   1003.9571	  94120.8359
   1003.9873	 129482.2344
   1004.0174	 109981.9297
   1004.0476	  67721.7109
   1004.0778	  26016.4395
   1004.1080	   4077.3220
   1004.1338	      0.0000
   1004.1640	      0.0000
   1004.1941	      0.0000
   1004.2243	      0.0000
   1004.2545	      0.0000
   1004.2847	      0.0000
   1004.3149	   2578.0164
   1004.3451	   6225.5762
   1004.3753	  19731.9863
   1004.4055	  69526.9531
   1004.4357	 202075.5469
   1004.4658	 342227.4375
   1004.4960	 439640.3125
   1004.5262	 340366.0313
   1004.5564	 200394.3125
   1004.5866	  65061.0859
   1004.6168	  14149.7998
   1004.6470	   2715.2266
   1004.6733	      0.0000
   1004.7035	      0.0000
   1004.7337	      0.0000
   1004.7639	      0.0000
   1004.7941	      0.0000
   1004.8244	   6059.9409
   1004.8546	   9573.7598
   1004.8848	  28115.8555
   1004.9150	 103932.0781
   1004.9452	 236731.2031
   1004.9754	 377413.6250
   1005.0057	 411818.4688
   1005.0359	 281718.4375
   1005.0661	 147243.2813
   1005.0963	  43439.6953
   1005.1265	  12148.1152
   1005.1568	   6828.8955
   1005.1870	      8.3649
   1005.2200	      0.0000
   1005.2502	      0.0000
   1005.2804	      0.0000
   1005.3107	      0.0000
   1005.3409	      0.0000
   1005.3711	   6770.2451
   1005.4014	  31106.9336
   1005.4316	  98618.2031
   1005.4619	 175341.6250
   1005.4921	 242367.6250
   1005.5223	 208357.5313
   1005.5526	 127224.6484
   1005.5828	  51204.1406
   1005.6131	  11512.3555
   1005.6433	    608.5107
   1005.6682	      0.0000
   1005.6985	      0.0000
   1005.7287	      0.0000
   1005.7590	      0.0000
   1005.7892	      0.0000
   1005.8195	      0.0000
   1005.8498	      0.0000
   1005.8800	   4268.3447
   1005.9103	  18248.2754
   1005.9405	  42487.8906
   1005.9708	  67439.4531
   1006.0011	  76399.5000
   1006.0313	  54500.3711
   1006.0616	  29860.9473
   1006.0919	   8750.7402
   1006.1221	    781.4017
   1006.1566	      0.0000
   1006.1869	      0.0000
   1006.2172	      0.0000
   1006.2475	      0.0000
   1006.3080	      0.0000
   1006.3383	      0.0000
   1006.3686	      0.0000
   1006.3989	      0.0000
   1006.4291	   5773.3794
   1006.4594	  10712.6865
   1006.4897	  13575.3457
   1006.5200	  12399.6895
   1006.5503	   8024.8364
   1006.5806	   3346.0781
   1006.6148	      0.0000
   1006.6451	      0.0000
   1006.6754	      0.0000
   1006.7057	      0.0000
   1012.1509	      0.0000
   1012.1815	      0.0000
   1012.2120	      0.0000
   1012.2426	      0.0000
   1012.2731	   2851.4102
   1012.3037	  10765.4941
   1012.3342	  14665.6748
   1012.3648	  22736.9082
   1012.3953	  71281.0625
   1012.4259	 232201.4063
   1012.4564	 440677.1250
   1012.4870	 643404.4375
   1012.5175	 588954.0000
   1012.5481	 367280.7188
   1012.5787	 158361.0469
   1012.6092	  38465.0195
   1012.6398	   9232.5479
   1012.6704	   2664.5295
   1012.6973	      0.0000
   1012.7278	      0.0000
   1012.7584	      0.0000
   1012.7890	      0.0000
   1012.8195	   5616.8169
   1012.8501	  17123.1445
   1012.8807	  45215.9688
   1012.9113	 156932.5313
   1012.9418	 374201.2813
   1012.9724	 606112.5000
   1013.0030	 692950.2500
   1013.0336	 488842.1563
   1013.0642	 264557.4063
   1013.0948	  77607.0625
   1013.1253	  17952.0684
   1013.1559	   7451.2646
   1013.1865	      0.0000
   1013.2173	      0.0000
   1013.2479	      0.0000
   1013.2785	      0.0000
   1013.3091	      0.0000
   1013.3397	   4724.5313
   1013.3703	  14114.0215
   1013.4009	  48094.7500
   1013.4315	 146838.7344
   1013.4621	 255394.5781
   1013.4927	 341194.3125
   1013.5233	 279265.9688
   1013.5539	 167109.8594
   1013.5845	  60639.2031
   1013.6151	  13287.9082
   1013.6458	   1667.3167
   1013.6726	      0.0000
   1013.7032	      0.0000
   1013.7338	      0.0000
   1013.7644	      0.0000
   1013.7950	      0.0000
   1013.8256	      0.0000
   1013.8563	   3904.6956
   1013.8869	  10436.0537
   1013.9175	  39314.9336
   1013.9481	  81849.7031
   1013.9788	 125037.4688
   1014.0094	 123863.7734
   1014.0400	  79288.6406
   1014.0707	  37052.5586
   1014.1013	   9149.2324
   1014.1319	   1407.4344
   1014.1659	      0.0000
   1014.1965	      0.0000
   1014.2272	      0.0000
   1014.2578	      0.0000
   1014.2884	      0.0000
   1014.3191	      0.0000
   1014.3497	      0.0000
   1014.3804	      0.0000
   1014.4110	   2624.8408
   1014.4417	   6366.2480
   1014.4723	   9144.5234
   1014.5029	   9164.0762
   1014.5336	   6546.1348
   1014.5643	   3112.2776
   1014.5950	      0.0000
   1014.6256	      0.0000
   1014.6563	      0.0000
   1014.6870	      0.0000
   1069.2833	      0.0000
   1069.3164	      0.0000
   1069.3496	      0.0000
   1069.3828	      0.0000
   1069.4160	   5517.3140
   1069.4491	  16228.8701
   1069.4823	  27546.3320
   1069.5155	  31195.0586
   1069.5487	  21392.6309
   1069.5818	  10906.3623
   1069.6150	   2938.9746
   1069.6525	      0.0000
   1069.6857	      0.0000
   1069.7189	      0.0000
   1069.7520	      0.0000
   1069.7852	      0.0000
   1069.8184	      0.0000
   1069.8516	      0.0000
   1069.8848	   2179.4429
   1069.9180	  11717.6182
   1069.9512	  27342.8047
   1069.9844	  44697.0781
   1070.0176	  48700.0117
   1070.0508	  32658.3242
   1070.0840	  16137.5137
   1070.1172	   3249.9976
   1070.1461	      0.0000
   1070.1793	      0.0000
   1070.2125	      0.0000
   1070.2457	      0.0000
   1070.2790	      0.0000
   1070.3122	      0.0000
   1070.3454	      0.0000
   1070.3786	      0.0000
   1070.4118	   4442.8291
   1070.4450	  13846.9873
   1070.4783	  24044.4844
   1070.5115	  29435.4961
   1070.5447	  21370.2051
   1070.5779	  11236.8398
   1070.6112	   3675.0149
   1070.6444	      0.0000
   1070.6776	      0.0000
   1070.7108	      0.0000
   1070.7441	      0.0000
   1070.7773	      0.0000
   1070.8106	      0.0000
   1070.8438	      0.0000
   1070.8770	      0.0000
   1070.9103	   3113.1230
   1070.9435	  11114.6455
   1070.9768	  20176.7207
   1071.0100	  26230.5840
   1071.0432	  19581.1191
   1071.0765	  10780.0635
   1071.1097	   3815.9326
   1071.1430	      0.0000
   1071.1763	      0.0000
   1071.2095	      0.0000
   1071.2428	      0.0000
   1071.3093	      0.0000
   1071.3425	      0.0000
   1071.3758	      0.0000
   1071.4091	      0.0000
   1071.4423	   3899.0605
   1071.4756	   7029.7485
   1071.5089	   8447.7676
   1071.5421	   7217.5391
   1071.5754	   4358.4624
   1071.6087	      0.0000
   1071.6420	      0.0000
   1071.6752	      0.0000
   1071.7085	      0.0000
   1076.2823	      0.0000
   1076.3158	      0.0000
   1076.3493	      0.0000
   1076.3828	      0.0000
   1076.4163	   2626.5212
   1076.4498	   6963.3604
   1076.4833	  11754.5957
   1076.5168	  13683.0908
   1076.5503	  11267.1387
   1076.5838	   6420.7646
   1076.6173	   2332.2219
   1076.6593	      0.0000
   1076.6928	      0.0000
   1076.7263	      0.0000
   1076.7598	      0.0000
   1076.7933	      0.0000
   1076.8268	      0.0000
   1076.8604	      0.0000
   1076.8939	   3549.3618
   1076.9274	  13081.8447
   1076.9609	  28370.4219
   1076.9944	  45065.5313
   1077.0280	  48869.4453
   1077.0615	  32788.0898
   1077.0950	  16336.5762
   1077.1286	   3264.4900
   1077.1436	      0.0000
   1077.1772	      0.0000
   1077.2107	      0.0000
   1077.2442	      0.0000
   1077.2778	      0.0000
   1077.3113	      0.0000
   1077.3449	      0.0000
   1077.3784	      0.0000
   1077.4120	   5265.3389
   1077.4455	  18402.7637
   1077.4790	  32518.2441
   1077.5126	  38968.5625
   1077.5461	  26927.7832
   1077.5797	  13798.3047
   1077.6133	   3433.9497
   1077.6568	      0.0000
   1077.6904	      0.0000
   1077.7239	      0.0000
   1077.7575	      0.0000
   1077.7911	      0.0000
   1077.8246	      0.0000
   1077.8582	      0.0000
   1077.8917	      0.0000
   1077.9253	   4915.1895
   1077.9589	  13401.3018
   1077.9925	  23101.1621
   1078.0260	  24306.8047
   1078.0596	  16076.6113
   1078.0932	   4964.9429
   1078.1288	      0.0000
   1078.1624	      0.0000
   1078.1959	      0.0000
   1078.2295	      0.0000
   1078.2631	      0.0000
   1078.2967	      0.0000
   1078.3303	      0.0000
   1078.3639	   1854.0978
   1078.3975	  15115.3506
   1078.4310	  56701.7070
   1078.4646	 118586.0938
   1078.4982	 185836.7969
   1078.5318	 188914.6875
   1078.5654	 122283.5781
   1078.5990	  59724.7656
   1078.6326	  15428.0244
   1078.6662	    628.1785
   1078.7002	      0.0000
   1078.7338	      0.0000
   1078.7674	      0.0000
   1078.8010	      0.0000
   1078.8346	      0.0000
   1078.8682	   3365.3713
   1078.9018	  16788.3672
   1078.9355	  59363.1563
   1078.9691	 123146.2266
   1079.0027	 192092.2188
   1079.0363	 191605.5469
   1079.0699	 122151.6172
   1079.1036	  58131.4102
   1079.1372	  14480.7627
   1079.1708	   1804.4419
   1079.2007	      0.0000
   1079.2344	      0.0000
   1079.2680	      0.0000
   1079.3016	      0.0000
   1079.3353	      0.0000
   1079.3689	    324.5606
   1079.4025	  13384.0088
   1079.4362	  47988.9375
   1079.4698	  92613.5625
   1079.5034	 138073.8906
   1079.5371	 128126.0625
   1079.5707	  79968.3594
   1079.6044	  36205.3867
   1079.6380	   9678.4092
   1079.6717	   1343.7902
   1079.7017	      0.0000
   1079.7353	      0.0000
   1079.7690	      0.0000
   1079.8026	      0.0000
   1079.8363	      0.0000
   1079.8700	      0.0000
   1079.9036	   4614.1782
   1079.9373	  17613.7285
   1079.9709	  33051.2422
   1080.0046	  47560.2109
   1080.0383	  41680.1953
   1080.0719	  25122.4141
   1080.1056	  10134.8896
   1080.1393	   1538.0193
   1080.1780	      0.0000
   1080.2116	      0.0000
   1080.2453	      0.0000
   1080.2790	      0.0000
   1080.3127	      0.0000
   1080.3463	      0.0000
   1080.3800	      0.0000
   1080.4137	      0.0000
   1080.4474	   4527.6211
   1080.4811	   7892.0503
   1080.5148	   9508.7979
   1080.5485	   8108.5005
   1080.5822	   4745.5903
   1080.6159	      0.0000
   1080.6496	      0.0000
   1080.6832	      0.0000
   1080.7169	      0.0000
   1084.2980	      0.0000
   1084.3318	      0.0000
   1084.3657	      0.0000
   1084.3996	      0.0000
   1084.4334	   4155.5840
   1084.4673	   7343.2422
   1084.5012	   8542.3633
   1084.5351	   6698.8784
   1084.5689	   3284.8115
   1084.6054	      0.0000
   1084.6393	      0.0000
   1084.6732	      0.0000
   1084.7071	      0.0000
   1084.7410	      0.0000
   1084.7748	      0.0000
   1084.8087	      0.0000
   1084.8426	      0.0000
   1084.8765	   1084.2130
   1084.9104	   9750.3213
   1084.9443	  31744.5156
   1084.9782	  55585.5117
   1085.0121	  72794.2734
   1085.0460	  55913.8477
   1085.0799	  31976.1855
   1085.1138	  10593.9287
   1085.1477	    223.7201
   1085.1817	      0.0000
   1085.2156	      0.0000
   1085.2495	      0.0000
   1085.2834	      0.0000
   1085.3173	      0.0000
   1085.3512	   2172.1628
   1085.3852	  12782.1367
   1085.4191	  46337.6367
   1085.4530	 140039.0781
   1085.4869	 241606.0625
   1085.5208	 316437.1563
   1085.5548	 247061.4063
   1085.5887	 144511.2969
   1085.6226	  48046.4180
   1085.6565	   9801.5898
   1085.6905	      0.0000
   1085.7216	      0.0000
   1085.7556	      0.0000
   1085.7895	      0.0000
   1085.8234	      0.0000
   1085.8574	      0.0000
   1085.8913	  14991.8418
   1085.9253	  59401.7383
   1085.9592	 150205.3906
   1085.9931	 250486.1875
   1086.0271	 299061.9688
   1086.0610	 215085.1875
   1086.0950	 118678.8672
   1086.1289	  35418.0703
   1086.1629	   6363.2993
   1086.1968	      0.0000
   1086.2306	      0.0000
   1086.2646	      0.0000
   1086.2985	      0.0000
   1086.3325	      0.0000
   1086.3665	      0.0000
   1086.4004	   9955.9492
   1086.4344	  36893.4453
   1086.4684	  79407.7344
   1086.5023	 126500.3438
   1086.5363	 134205.9844
   1086.5703	  88377.3516
   1086.6043	  43886.4063
   1086.6382	  11333.2305
   1086.6722	   1329.6531
   1086.7071	      0.0000
   1086.7411	      0.0000
   1086.7751	      0.0000
   1086.8091	      0.0000
   1086.8431	      0.0000
   1086.8771	      0.0000
   1086.9111	   8657.9170
   1086.9450	  26689.5000
   1086.9790	  46856.0703
   1087.0130	  65132.9180
   1087.0470	  56388.5898
   1087.0810	  34151.5898
   1087.1150	  13583.2822
   1087.1490	   2373.8318
   1087.1855	      0.0000
   1087.2195	      0.0000
   1087.2535	      0.0000
   1087.2875	      0.0000
   1093.2289	      0.0000
   1093.2632	      0.0000
   1093.2975	      0.0000
   1093.3318	      0.0000
   1093.3661	   5777.8672
   1093.4004	  23697.8242
   1093.4347	  82668.4688
   1093.4690	 171405.8594
   1093.5033	 268240.3125
   1093.5376	 273246.7188
   1093.5719	 177060.3125
   1093.6062	  86806.5469
   1093.6405	  20903.4180
   1093.6748	      0.0000
   1093.7108	      0.0000
   1093.7451	      0.0000
   1093.7794	      0.0000
   1093.8137	      0.0000
   1093.8480	    610.5687
   1093.8823	  10410.7686
   1093.9167	  38339.3828
   1093.9510	 116549.5000
   1093.9853	 209612.3281
   1094.0196	 291567.1250
   1094.0540	 245146.3594
   1094.0883	 145595.2031
   1094.1226	  54359.7305
   1094.1569	  10697.0850
   1094.1913	      0.0000
   1094.2226	      0.0000
   1094.2570	      0.0000
   1094.2913	      0.0000
   1094.3256	      0.0000
   1094.3600	      0.0000
   1094.3943	  12744.3193
   1094.4287	  48222.3398
   1094.4630	 112447.3594
   1094.4974	 183992.2344
   1094.5317	 212005.8906
   1094.5661	 149078.6719
   1094.6004	  80183.9375
   1094.6348	  22850.2266
   1094.6691	   4202.2759
   1094.7011	      0.0000
   1094.7354	      0.0000
   1094.7698	      0.0000
   1094.8041	      0.0000
   1094.8385	      0.0000
   1094.8728	      0.0000
   1094.9072	   5099.7271
   1094.9416	  20921.4316
   1094.9759	  41070.8945
   1095.0103	  62760.2383
   1095.0447	  59224.8672
   1095.0791	  36467.2656
   1095.1134	  16118.7744
   1095.1478	   3571.3875
   1095.1828	      0.0000
   1095.2172	      0.0000
   1095.2516	      0.0000
   1095.2860	      0.0000
   1095.3203	      0.0000
   1095.3547	      0.0000
   1095.3891	      0.0000
   1095.4235	      0.0000
   1095.4579	   5754.5327
   1095.4923	   9226.4141
   1095.5267	  10621.8555
   1095.5611	   8965.1289
   1095.5955	   5474.4648
   1095.6299	      0.0000
   1095.6643	      0.0000
   1095.6987	      0.0000
   1095.7331	      0.0000
   1119.2948	      0.0000
   1119.3303	      0.0000
   1119.3658	      0.0000
   1119.4014	      0.0000
   1119.4369	   3635.2361
   1119.4724	   7985.9492
   1119.5079	  11032.0010
   1119.5435	  10571.6152
   1119.5790	   7010.7339
   1119.6145	   2985.7209
   1119.6501	      0.0000
   1119.6856	      0.0000
   1119.7212	      0.0000
   1119.7567	      0.0000
   1133.3134	      0.0000
   1133.3496	      0.0000
   1133.3858	      0.0000
   1133.4219	      0.0000
   1133.4581	   4803.8325
   1133.4943	   7071.7319
   1133.5305	   7844.5308
   1133.5667	   6458.5522
   1133.6029	   3713.6917
   1133.6392	      0.0000
   1133.6754	      0.0000
   1133.7116	      0.0000
   1133.7478	      0.0000
   1142.7815	      0.0000
   1142.8181	      0.0000
   1142.8548	      0.0000
   1142.8914	      0.0000
   1142.9281	   3633.5205
   1142.9647	   9116.1563
   1143.0014	  21047.9922
   1143.0380	  24307.2813
   1143.0747	  16027.8203
   1143.1113	   7294.5483
   1143.1480	   3465.8069
   1143.1847	      0.0000
   1143.2213	      0.0000
   1143.2580	      0.0000
   1143.2947	      0.0000
   1143.3313	      0.0000
   1143.3680	      0.0000
   1143.4047	      0.0000
   1143.4414	   2545.0029
   1143.4780	   6717.1138
   1143.5147	  10637.4189
   1143.5514	  11456.5273
   1143.5881	   8482.6621
   1143.6248	   4082.5378
   1143.6715	      0.0000
   1143.7082	      0.0000
   1143.7449	      0.0000
   1143.7816	      0.0000
   1150.7479	      0.0000
   1150.7849	      0.0000
   1150.8220	      0.0000
   1150.8590	      0.0000
   1150.8960	   1417.1034
   1150.9331	   6477.9077
   1150.9701	  19253.1934
   1151.0072	  33290.5586
   1151.0442	  39957.9492
   1151.0812	  28559.2715
   1151.1183	  14875.3965
   1151.1553	   2172.9658
   1151.1812	      0.0000
   1151.2182	      0.0000
   1151.2553	      0.0000
   1151.2924	      0.0000
   1151.3294	      0.0000
   1151.3665	   2444.8635
   1151.4035	   7425.7837
   1151.4406	  29824.6914
   1151.4776	  69197.0469
   1151.5147	 111279.0234
   1151.5518	 121303.8203
   1151.5888	  82499.8516
   1151.6259	  42276.9102
   1151.6630	  10820.4238
   1151.7001	   2032.1238
   1151.7382	      0.0000
   1151.7753	      0.0000
   1151.8123	      0.0000
   1151.8494	      0.0000
   1151.8865	    752.0576
   1151.9236	  13057.6045
   1151.9607	  49426.0039
   1151.9978	  90555.5938
   1152.0348	 127719.9844
   1152.0719	 111608.8750
   1152.1090	  68004.1875
   1152.1461	  27427.9180
   1152.1832	   5278.7363
   1152.2250	      0.0000
   1152.2621	      0.0000
   1152.2992	      0.0000
   1152.3363	      0.0000
   1152.3734	      0.0000
   1152.4105	   1222.6370
   1152.4476	   9486.3398
   1152.4847	  26240.9004
   1152.5218	  43027.5664
   1152.5589	  51283.2930
   1152.5960	  36719.7500
   1152.6332	  19342.6230
   1152.6703	   3928.5002
   1152.7028	      0.0000
   1152.7399	      0.0000
   1152.7770	      0.0000
   1152.8141	      0.0000
   1152.8513	      0.0000
   1152.8884	      0.0000
   1152.9255	      0.0000
   1152.9627	   3619.8401
   1152.9998	   7240.7437
   1153.0369	   9183.2031
   1153.0741	   7669.0503
   1153.1112	   3815.7910
   1153.1484	      0.0000
   1153.1855	      0.0000
   1153.2227	      0.0000
   1153.2598	      0.0000
   1157.3197	      0.0000
   1157.3571	      0.0000
   1157.3944	      0.0000
   1157.4318	      0.0000
   1157.4691	   5826.7139
   1157.5065	  10058.7441
   1157.5438	  11970.7090
   1157.5812	  10444.7168
   1157.6185	   6834.5439
   1157.6559	   3366.3174
   1157.6933	      0.0000
   1157.7306	      0.0000
   1157.7680	      0.0000
   1157.8053	      0.0000
   1157.8427	      0.0000
   1157.8801	      0.0000
   1157.9175	   3964.2666
   1157.9548	  14399.6631
   1157.9922	  24848.9199
   1158.0296	  32924.4453
   1158.0670	  27001.6016
   1158.1044	  15038.8896
   1158.1417	   3584.4285
   1158.1791	      0.0000
   1158.2165	      0.0000
   1158.2539	      0.0000
   1158.2913	      0.0000
   1158.3287	      0.0000
   1158.3661	      0.0000
   1158.4035	   2152.5701
   1158.4409	   6512.5459
   1158.4783	  19273.6777
   1158.5157	  27767.0547
   1158.5531	  26253.3652
   1158.5905	  16107.9824
   1158.6279	   6598.5483
   1158.6653	   2577.7356
   1158.7027	      0.0000
   1158.7401	      0.0000
   1158.7775	      0.0000
   1158.8150	      0.0000
   1158.8524	      0.0000
   1158.8898	      0.0000
   1158.9272	      0.0000
   1158.9646	   5978.2837
   1159.0021	  10679.7803
   1159.0395	  13065.4014
   1159.0769	  11708.5723
   1159.1144	   8127.7769
   1159.1518	   4621.6851
   1159.2009	      0.0000
   1159.2383	      0.0000
   1159.2757	      0.0000
   1159.3132	      0.0000
   1159.3506	      0.0000
   1159.3881	   5351.8682
   1159.4255	  20666.3438
   1159.4629	  62034.8320
   1159.5004	 115075.9766
   1159.5378	 163931.1563
   1159.5753	 147614.9219
   1159.6128	  91784.3906
   1159.6502	  37899.5508
   1159.6877	   5326.9478
   1159.7156	      0.0000
   1159.7531	      0.0000
   1159.7906	      0.0000
   1159.8280	      0.0000
   1159.8655	   3876.2678
   1159.9030	  11513.1367
   1159.9404	  45577.2109
   1159.9779	 114682.3125
   1160.0154	 187570.3750
   1160.0529	 216382.1406
   1160.0903	 152585.1250
   1160.1278	  80868.9219
   1160.1653	  20675.1367
   1160.2028	   3923.0388
   1160.2418	      0.0000
   1160.2793	      0.0000
   1160.3168	      0.0000
   1160.3543	      0.0000
   1160.3918	   3999.4727
   1160.4293	  13494.1895
   1160.4668	  45731.6211
   1160.5043	  80097.9844
   1160.5418	 107909.5859
   1160.5793	  89588.2813
   1160.6168	  52775.5039
   1160.6543	  17287.9297
   1160.6918	   1879.3804
   1160.7275	      0.0000
   1160.7650	      0.0000
   1160.8025	      0.0000
   1160.8400	      0.0000
   1160.8776	      0.0000
   1160.9151	   2282.3057
   1160.9526	  13422.0967
   1160.9901	  30212.2715
   1161.0276	  46537.0977
   1161.0652	  47373.9961
   1161.1027	  30276.6602
   1161.1402	  13125.9111
   1161.1778	   2492.0076
   1161.2131	      0.0000
   1161.2507	      0.0000
   1161.2882	      0.0000
   1161.3258	      0.0000
   1166.2213	      0.0000
   1166.2591	      0.0000
   1166.2968	      0.0000
   1166.3346	      0.0000
   1166.3724	   2029.3242
   1166.4102	  10034.9893
   1166.4480	  39540.3359
   1166.4858	  89489.8281
   1166.5235	 142532.2500
   1166.5613	 152562.1406
   1166.5991	 103158.6406
   1166.6369	  52495.0977
   1166.6747	  13052.0518
   1166.7125	   1914.9622
   1166.7538	      0.0000
   1166.7916	      0.0000
   1166.8294	      0.0000
   1166.8672	    523.6414
   1166.9050	   7628.3115
   1166.9429	  33677.6250
   1166.9807	  90669.8438
   1167.0185	 150512.5000
   1167.0563	 180648.2031
   1167.0941	 132680.1406
   1167.1319	  73961.6719
   1167.1698	  20167.5430
   1167.2076	   2792.4924
   1167.2458	      0.0000
   1167.2836	      0.0000
   1167.3215	      0.0000
   1167.3593	      0.0000
   1167.3971	   3075.4185
   1167.4350	  11032.4014
   1167.4728	  40093.2617
   1167.5106	  72324.7344
   1167.5485	  99200.1641
   1167.5863	  83424.5313
   1167.6242	  49345.9961
   1167.6620	  16349.1533
   1167.6999	   2240.4253
   1167.7331	      0.0000
   1167.7710	      0.0000
   1167.8088	      0.0000
   1167.8467	      0.0000
   1167.8845	      0.0000
   1167.9224	   3513.7522
   1167.9603	  16468.7363
   1167.9981	  32803.1445
   1168.0360	  48192.4805
   1168.0739	  46907.7070
   1168.1117	  30102.7949
   1168.1496	  13693.3740
   1168.1875	   2409.8950
   1168.2263	      0.0000
   1168.2642	      0.0000
   1168.3021	      0.0000
   1168.3400	      0.0000
   1211.3493	      0.0000
   1211.3893	      0.0000
   1211.4293	      0.0000
   1211.4693	      0.0000
   1211.5093	   2830.5259
   1211.5493	   6567.5840
   1211.5893	   9544.4551
   1211.6293	   9611.5400
   1211.6693	   6712.0332
   1211.7093	   2978.7136
   1211.7483	      0.0000
   1211.7883	      0.0000
   1211.8284	      0.0000
   1211.8684	      0.0000
   1414.3521	      0.0000
   1414.4025	      0.0000
   1414.4530	      0.0000
   1414.5035	      0.0000
   1414.5539	   3515.8257
   1414.6044	   7296.6035
   1414.6549	  10743.0547
   1414.7053	  11389.9424
   1414.7558	   8522.2490
   1414.8063	   4113.4644
   1414.8568	      0.0000
   1414.9072	      0.0000
   1414.9577	      0.0000
   1415.0082	      0.0000
   1415.3617	      0.0000
   1415.4122	      0.0000
   1415.4627	      0.0000
   1415.5132	      0.0000
   1415.5638	   5106.1860
   1415.6143	   9337.6104
   1415.6648	  11853.0430
   1415.7153	  10643.2725
   1415.7658	   6482.6523
   1415.8164	   2301.0522
   1415.8669	      0.0000
   1415.9174	      0.0000
   1415.9680	      0.0000
   1416.0185	      0.0000
   1438.3668	      0.0000
   1438.4185	      0.0000
   1438.4703	      0.0000
   1438.5220	      0.0000
   1438.5738	   2772.9524
   1438.6255	  12982.0039
   1438.6773	  24785.2578
   1438.7290	  35396.8828
   1438.7808	  31409.8340
   1438.8326	  19466.6484
   1438.8843	   8412.9688
   1438.9361	   2176.4919
   1438.9879	      0.0000
   1439.0397	      0.0000
   1439.0915	      0.0000
   1439.1432	      0.0000
   1493.2363	      0.0000
   1493.2910	      0.0000
   1493.3457	      0.0000
   1493.4005	      0.0000
   1493.4552	   3234.5383
   1493.5100	   7180.3091
   1493.5647	  10546.1357
   1493.6195	  11179.6035
   1493.6742	   8778.7402
   1493.7290	   5079.8472
   1493.7838	      0.0000
   1493.8385	      0.0000
   1493.8933	      0.0000
   1493.9481	      0.0000
   1494.2767	      0.0000
   1494.3315	      0.0000
   1494.3863	      0.0000
   1494.4411	      0.0000
   1494.4959	   5090.6631
   1494.5507	   9044.6006
   1494.6055	  11283.3867
   1494.6603	  10189.5527
   1494.7152	   6483.0029
   1494.7700	   2616.2861
   1494.8248	      0.0000
   1494.8796	      0.0000
   1494.9344	      0.0000
   1494.9893	      0.0000
   1495.2635	      0.0000
   1495.3183	      0.0000
   1495.3731	      0.0000
   1495.4280	      0.0000
   1495.4829	   2665.8794
   1495.5377	   6261.1953
   1495.5926	   9710.1543
   1495.6474	  10801.5098
   1495.7023	   8784.9766
   1495.7572	   5014.9126
   1495.8121	      0.0000
   1495.8669	      0.0000
   1495.9218	      0.0000
   1495.9767	      0.0000
   1625.3757	      0.0000
   1625.4378	      0.0000
   1625.5000	      0.0000
   1625.5622	      0.0000
   1625.6243	   4433.2900
   1625.6865	   7487.3066
   1625.7487	   8850.1904
   1625.8109	   7523.2676
   1625.8730	   4460.5234
   1625.9609	      0.0000
   1626.0231	      0.0000
   1626.0853	      0.0000
   1626.1475	      0.0000
   1641.3679	      0.0000
   1641.4310	      0.0000
   1641.4941	      0.0000
   1641.5572	      0.0000
   1641.6202	   3265.1897
   1641.6833	  12678.4160
   1641.7464	  26322.7930
   1641.8095	  40060.7852
   1641.8726	  37159.3398
   1641.9357	  22240.5410
   1641.9988	   8122.2881
   1642.0620	    587.8262
   1642.0994	      0.0000
   1642.1625	      0.0000
   1642.2256	      0.0000
   1642.2887	      0.0000
   1642.3519	      0.0000
   1642.4150	      0.0000
   1642.4781	      0.0000
   1642.5413	      0.0000
   1642.6044	   2252.3022
   1642.6676	   8152.3501
   1642.7307	  18327.4219
   1642.7939	  28356.1504
   1642.8570	  26902.2363
   1642.9202	  16208.7383
   1642.9834	   6127.2930
   1643.0465	   2687.7961
   1643.1097	      0.0000
   1643.1729	      0.0000
   1643.2361	      0.0000
   1643.2993	      0.0000
   1643.4256	      0.0000
   1643.4888	      0.0000
   1643.5520	      0.0000
   1643.6152	      0.0000
   1643.6784	   3901.7322
   1643.7417	   7049.5532
   1643.8049	   9031.3262
   1643.8681	   8535.1289
   1643.9313	   5911.3862
   1643.9945	      0.0000
   1644.0578	      0.0000
   1644.1210	      0.0000
   1644.1842	      0.0000
   1658.3776	      0.0000
   1658.4417	      0.0000
   1658.5058	      0.0000
   1658.5698	      0.0000
   1658.6339	   2790.3677
   1658.6980	   7183.8320
   1658.7621	  11758.1338
   1658.8261	  13493.1953
   1658.8902	  11091.1143
   1658.9543	   6338.3838
   1659.0184	   2376.4202
   1659.0825	      0.0000
   1659.1466	      0.0000
   1659.2107	      0.0000
   1659.2748	      0.0000
   1659.4672	      0.0000
   1659.5313	      0.0000
   1659.5954	      0.0000
   1659.6596	      0.0000
   1659.7237	   5768.5063
   1659.7878	   9721.7813
   1659.8520	  11002.7285
   1659.9161	   8580.1982
   1659.9803	   4334.6572
   1660.0444	      0.0000
   1660.1086	      0.0000
   1660.1727	      0.0000
   1660.2369	      0.0000
   2565.7179	      0.0000
   2565.8411	      0.0000
   2565.9644	      0.0000
   2566.0877	      0.0000
