# ljz_20131022_MR_Chym1_ELUTE.mzML
#
# index: 6144
# id: controllerType=0 controllerNumber=1 scan=12855
# scanNumber: 12855
# massAnalyzerType: quadrupole
# scanEvent: 2
# msLevel: 2
# retentionTime: 3051.3
# filterString: FTMS + p NSI d Full ms2 425.16@hcd28.00 [100.00-885.00]
# mzLow: 99.0035
# mzHigh: 894.013
# basePeakMZ: 334.172
# basePeakIntensity: 34532.8
# totalIonCurrent: 307514
# precursorCount: 1
# precursor 0: 425.165 245496
# binary (900): 
     99.0035	      0.0000
     99.0045	      0.0000
     99.0054	      0.0000
     99.0063	      0.0000
    107.9608	      0.0000
    107.9618	      0.0000
    107.9629	      0.0000
    107.9640	      0.0000
    107.9650	    391.3805
    107.9661	    852.1622
    107.9672	   1153.3799
    107.9682	   1062.0709
    107.9693	    647.9534
    107.9703	      0.0000
    107.9714	      0.0000
    107.9725	      0.0000
    107.9735	      0.0000
    110.0637	      0.0000
    110.0648	      0.0000
    110.0659	      0.0000
    110.0670	      0.0000
    110.0681	    472.6772
    110.0692	   1705.0386
    110.0703	   3518.4146
    110.0714	   5427.9644
    110.0725	   5306.2163
    110.0736	   3312.4536
    110.0747	   1459.9944
    110.0758	    562.9184
    110.0771	      0.0000
    110.0782	      0.0000
    110.0793	      0.0000
    110.0803	      0.0000
    120.0719	      0.0000
    120.0732	      0.0000
    120.0744	      0.0000
    120.0757	      0.0000
    120.0769	    463.3606
    120.0782	   2139.8975
    120.0794	   5046.9233
    120.0807	   8279.8896
    120.0819	   9158.8330
    120.0832	   6128.4116
    120.0844	   3043.0437
    120.0857	    526.9957
    120.0866	      0.0000
    120.0878	      0.0000
    120.0891	      0.0000
    120.0903	      0.0000
    126.1191	      0.0000
    126.1204	      0.0000
    126.1218	      0.0000
    126.1231	      0.0000
    126.1245	    269.7086
    126.1258	    792.6041
    126.1271	   1391.0120
    126.1285	   1693.9706
    126.1298	   1470.0118
    126.1312	    876.9507
    126.1325	    320.2611
    126.1338	      0.0000
    126.1352	      0.0000
    126.1365	      0.0000
    126.1379	      0.0000
    129.0941	      0.0000
    129.0955	      0.0000
    129.0969	      0.0000
    129.0983	      0.0000
    129.0997	    517.5234
    129.1010	   1070.2789
    129.1024	   1381.6191
    129.1038	   1242.1746
    129.1052	    775.4158
    129.1066	    307.2691
    129.1080	      0.0000
    129.1094	      0.0000
    129.1108	      0.0000
    129.1121	      0.0000
    132.0906	      0.0000
    132.0920	      0.0000
    132.0935	      0.0000
    132.0949	      0.0000
    132.0964	    404.0358
    132.0978	   1128.9944
    132.0992	   2950.2136
    132.1007	   4912.3599
    132.1021	   5883.2295
    132.1036	   4314.8896
    132.1050	   2347.5129
    132.1064	    530.6824
    132.1079	      0.0000
    132.1093	      0.0000
    132.1107	      0.0000
    132.1122	      0.0000
    134.9842	      0.0000
    134.9857	      0.0000
    134.9872	      0.0000
    134.9886	      0.0000
    134.9901	    415.7450
    134.9916	   1019.9885
    134.9931	   1605.1814
    134.9946	   1754.7217
    134.9961	   1375.1602
    134.9976	    747.4263
    134.9990	      0.0000
    135.0005	      0.0000
    135.0020	      0.0000
    135.0035	      0.0000
    136.0647	      0.0000
    136.0662	      0.0000
    136.0677	      0.0000
    136.0692	      0.0000
    136.0707	    433.2577
    136.0722	   1332.2393
    136.0737	   2956.1077
    136.0752	   4640.9722
    136.0767	   4449.4858
    136.0782	   2587.9250
    136.0797	    864.1464
    136.0812	      0.0000
    136.0828	      0.0000
    136.0843	      0.0000
    136.0858	      0.0000
    136.0873	      0.0000
    157.0715	      0.0000
    157.0733	      0.0000
    157.0752	      0.0000
    157.0771	      0.0000
    157.0789	    342.2599
    157.0808	    866.0901
    157.0827	   1375.7502
    157.0845	   1547.6898
    157.0864	   1261.4375
    157.0883	    720.3284
    157.0902	      0.0000
    157.0920	      0.0000
    157.0939	      0.0000
    157.0958	      0.0000
    166.0752	      0.0000
    166.0772	      0.0000
    166.0792	      0.0000
    166.0812	      0.0000
    166.0833	    568.3140
    166.0853	   1024.4407
    166.0873	   1197.4637
    166.0894	    958.0868
    166.0914	    491.3863
    166.0935	      0.0000
    166.0955	      0.0000
    166.0975	      0.0000
    166.0996	      0.0000
    173.1145	      0.0000
    173.1166	      0.0000
    173.1188	      0.0000
    173.1210	      0.0000
    173.1231	    493.7600
    173.1253	   1203.2482
    173.1274	   1903.5582
    173.1296	   2117.9304
    173.1318	   1672.1213
    173.1339	    903.4773
    173.1361	    352.6959
    173.1383	      0.0000
    173.1404	      0.0000
    173.1426	      0.0000
    173.1448	      0.0000
    182.0656	      0.0000
    182.0679	      0.0000
    182.0703	      0.0000
    182.0726	      0.0000
    182.0749	    521.8370
    182.0773	   1024.4261
    182.0796	   1445.7125
    182.0819	   1527.9326
    182.0843	   1217.2137
    182.0866	    714.2374
    182.0889	      0.0000
    182.0912	      0.0000
    182.0935	      0.0000
    182.0959	      0.0000
    189.1098	      0.0000
    189.1123	      0.0000
    189.1148	      0.0000
    189.1172	      0.0000
    189.1197	    691.5706
    189.1222	   1227.0660
    189.1246	   1484.9431
    189.1271	   1277.4535
    189.1296	    753.6180
    189.1320	    263.7530
    189.1346	      0.0000
    189.1370	      0.0000
    189.1395	      0.0000
    189.1420	      0.0000
    195.0816	      0.0000
    195.0842	      0.0000
    195.0868	      0.0000
    195.0894	      0.0000
    195.0919	    286.7240
    195.0945	    893.9371
    195.0971	   1664.5060
    195.0997	   2125.6589
    195.1023	   1929.8397
    195.1049	   1219.5903
    195.1075	    501.9435
    195.1100	      0.0000
    195.1126	      0.0000
    195.1152	      0.0000
    195.1178	      0.0000
    196.0857	      0.0000
    196.0883	      0.0000
    196.0909	      0.0000
    196.0935	      0.0000
    196.0961	    360.6753
    196.0987	    772.9700
    196.1013	   1014.8406
    196.1039	    905.2026
    196.1065	    528.2819
    196.1091	      0.0000
    196.1117	      0.0000
    196.1143	      0.0000
    196.1169	      0.0000
    210.9910	      0.0000
    210.9939	      0.0000
    210.9968	      0.0000
    210.9997	      0.0000
    211.0026	    706.5850
    211.0055	   1626.6553
    211.0084	   3489.1819
    211.0113	   3700.2661
    211.0143	   1870.4685
    211.0172	   1004.7242
    211.0201	    384.6031
    211.0230	      0.0000
    211.0259	      0.0000
    211.0288	      0.0000
    211.0317	      0.0000
    211.0753	      0.0000
    211.0782	      0.0000
    211.0811	      0.0000
    211.0841	      0.0000
    211.0870	    448.0872
    211.0899	    962.7209
    211.0928	   1366.4961
    211.0957	   1368.1396
    211.0986	    950.5322
    211.1015	    412.2607
    211.1039	      0.0000
    211.1068	      0.0000
    211.1097	      0.0000
    211.1126	      0.0000
    224.1008	      0.0000
    224.1040	      0.0000
    224.1072	      0.0000
    224.1104	      0.0000
    224.1136	    371.9514
    224.1168	   1737.9155
    224.1199	   5029.2373
    224.1231	   8508.3799
    224.1263	  10314.2686
    224.1295	   7464.9009
    224.1327	   4046.6194
    224.1359	   1191.8604
    224.1390	    296.1814
    224.1428	      0.0000
    224.1459	      0.0000
    224.1491	      0.0000
    224.1523	      0.0000
    225.0783	      0.0000
    225.0815	      0.0000
    225.0847	      0.0000
    225.0879	      0.0000
    225.0911	    718.5939
    225.0943	   1435.7217
    225.0975	   1924.0448
    225.1007	   1851.0432
    225.1039	   1283.6930
    225.1071	    635.2278
    225.1104	      0.0000
    225.1136	      0.0000
    225.1168	      0.0000
    225.1200	      0.0000
    239.0643	      0.0000
    239.0678	      0.0000
    239.0713	      0.0000
    239.0748	      0.0000
    239.0783	    352.3424
    239.0818	   1103.0979
    239.0853	   2043.6101
    239.0888	   3842.6143
    239.0923	   3070.3569
    239.0958	   1348.0927
    239.0993	    508.6264
    239.1028	      0.0000
    239.1063	      0.0000
    239.1098	      0.0000
    239.1134	      0.0000
    239.1379	      0.0000
    239.1414	      0.0000
    239.1449	      0.0000
    239.1484	      0.0000
    239.1519	    393.5515
    239.1554	    945.5410
    239.1590	   1475.0984
    239.1625	   1629.0251
    239.1660	   1291.9712
    239.1695	    708.2675
    239.1731	      0.0000
    239.1766	      0.0000
    239.1801	      0.0000
    239.1836	      0.0000
    251.0987	      0.0000
    251.1025	      0.0000
    251.1063	      0.0000
    251.1100	      0.0000
    251.1138	    240.4417
    251.1176	    779.3751
    251.1214	   1468.4524
    251.1251	   1879.5869
    251.1289	   1714.4736
    251.1327	   1107.7333
    251.1365	    488.6032
    251.1402	      0.0000
    251.1440	      0.0000
    251.1478	      0.0000
    251.1515	      0.0000
    252.1057	      0.0000
    252.1095	      0.0000
    252.1132	      0.0000
    252.1170	      0.0000
    252.1208	    418.3133
    252.1246	    877.3211
    252.1284	   1200.1460
    252.1322	   1167.2036
    252.1360	    808.8375
    252.1398	    365.4629
    252.1436	      0.0000
    252.1474	      0.0000
    252.1512	      0.0000
    252.1550	      0.0000
    253.0767	      0.0000
    253.0805	      0.0000
    253.0843	      0.0000
    253.0881	      0.0000
    253.0919	    316.1584
    253.0958	    899.3182
    253.0996	   2128.9297
    253.1034	   3481.7344
    253.1072	   3502.8638
    253.1110	   2150.4702
    253.1148	    981.7604
    253.1187	    423.1643
    253.1225	      0.0000
    253.1263	      0.0000
    253.1301	    532.2885
    253.1339	   1004.7895
    253.1378	   1519.4689
    253.1416	   1698.4482
    253.1454	   1339.6499
    253.1492	    683.8062
    253.1531	      0.0000
    253.1569	      0.0000
    253.1608	      0.0000
    253.1646	      0.0000
    268.1039	      0.0000
    268.1081	      0.0000
    268.1123	      0.0000
    268.1164	      0.0000
    268.1206	    275.5677
    268.1248	    930.3215
    268.1289	   1740.7301
    268.1331	   2182.5979
    268.1373	   1933.6606
    268.1414	   1197.0131
    268.1456	    501.2827
    268.1509	      0.0000
    268.1551	      0.0000
    268.1592	      0.0000
    268.1634	      0.0000
    311.1306	      0.0000
    311.1358	      0.0000
    311.1411	      0.0000
    311.1463	      0.0000
    311.1515	    740.8851
    311.1567	   2953.4575
    311.1619	   6559.9160
    311.1671	  10469.7656
    311.1723	  10769.1318
    311.1775	   6891.6748
    311.1827	   3196.9653
    311.1879	    639.9683
    311.1922	      0.0000
    311.1974	      0.0000
    311.2026	      0.0000
    311.2078	      0.0000
    325.1245	      0.0000
    325.1300	      0.0000
    325.1356	      0.0000
    325.1412	      0.0000
    325.1467	    526.2541
    325.1523	   1950.1432
    325.1578	   3809.6973
    325.1634	   5703.1074
    325.1690	   5417.3091
    325.1745	   3362.1086
    325.1801	   1419.1885
    325.1857	    507.5516
    325.1912	      0.0000
    325.1968	      0.0000
    325.2023	      0.0000
    325.2079	      0.0000
    325.6144	      0.0000
    325.6199	      0.0000
    325.6255	      0.0000
    325.6311	      0.0000
    325.6367	    320.8438
    325.6422	    911.3881
    325.6478	   2484.2559
    325.6534	   4196.6475
    325.6590	   4983.4219
    325.6645	   3652.0205
    325.6701	   2031.2024
    325.6757	    558.2272
    325.6815	      0.0000
    325.6870	      0.0000
    325.6926	      0.0000
    325.6982	      0.0000
    334.1209	      0.0000
    334.1267	      0.0000
    334.1325	      0.0000
    334.1382	      0.0000
    334.1440	    437.0372
    334.1498	   1740.2195
    334.1556	   6559.8203
    334.1614	  17143.1934
    334.1672	  28652.5020
    334.1730	  34431.3867
    334.1788	  25157.0664
    334.1846	  14073.4932
    334.1904	   4342.9546
    334.1962	   1229.7327
    334.2020	    836.6407
    334.2076	   1012.3007
    334.2134	   1511.4611
    334.2192	    410.5981
    334.2251	      0.0000
    334.2309	      0.0000
    334.2367	      0.0000
    334.2425	      0.0000
    349.9623	      0.0000
    349.9685	      0.0000
    349.9747	      0.0000
    349.9809	      0.0000
    349.9871	    519.8469
    349.9933	    973.6683
    349.9995	   1241.0330
    350.0057	   1132.0334
    350.0120	    721.0522
    350.0182	      0.0000
    350.0244	      0.0000
    350.0306	      0.0000
    350.0368	      0.0000
    352.1146	      0.0000
    352.1208	      0.0000
    352.1271	      0.0000
    352.1334	      0.0000
    352.1396	    569.0902
    352.1459	   2114.2129
    352.1522	   3760.8843
    352.1584	   4778.5640
    352.1647	   3636.7905
    352.1710	   2094.3945
    352.1772	    659.4471
    352.1835	      0.0000
    352.1898	      0.0000
    352.1961	      0.0000
    352.2023	      0.0000
    354.1097	      0.0000
    354.1161	      0.0000
    354.1224	      0.0000
    354.1287	      0.0000
    354.1350	    735.8124
    354.1413	   1157.3636
    354.1477	   1209.1656
    354.1540	    843.9500
    354.1603	    338.9587
    354.1666	      0.0000
    354.1729	      0.0000
    354.1793	      0.0000
    354.1856	      0.0000
    363.1010	      0.0000
    363.1076	      0.0000
    363.1141	      0.0000
    363.1207	      0.0000
    363.1273	    356.5600
    363.1338	    979.4318
    363.1404	   1677.7260
    363.1470	   1919.0316
    363.1535	   1476.8345
    363.1601	    682.3521
    363.1692	      0.0000
    363.1758	      0.0000
    363.1823	      0.0000
    363.1889	      0.0000
    374.1177	      0.0000
    374.1245	      0.0000
    374.1314	      0.0000
    374.1383	      0.0000
    374.1451	    421.6614
    374.1520	   1219.8374
    374.1589	   3296.6240
    374.1657	   5633.4985
    374.1726	   7207.8433
    374.1795	   5515.5352
    374.1863	   3147.3879
    374.1932	    832.8399
    374.2001	      0.0000
    374.2047	      0.0000
    374.2116	      0.0000
    374.2184	      0.0000
    374.2253	      0.0000
    396.1419	      0.0000
    396.1494	      0.0000
    396.1569	      0.0000
    396.1644	      0.0000
    396.1718	    571.9039
    396.1793	   1020.8356
    396.1868	   1206.3828
    396.1943	   1008.2424
    396.2018	    582.5574
    396.2095	      0.0000
    396.2170	      0.0000
    396.2245	      0.0000
    396.2319	      0.0000
    397.0937	      0.0000
    397.1012	      0.0000
    397.1087	      0.0000
    397.1162	      0.0000
    397.1237	    439.4220
    397.1312	   1235.4407
    397.1387	   3361.7371
    397.1462	   5682.1079
    397.1537	   6700.9224
    397.1613	   4708.1187
    397.1688	   2466.2656
    397.1763	    557.7858
    397.1835	      0.0000
    397.1910	      0.0000
    397.1985	      0.0000
    397.2060	      0.0000
    405.9997	      0.0000
    406.0074	      0.0000
    406.0152	      0.0000
    406.0230	      0.0000
    406.0307	    666.3891
    406.0385	   1159.4290
    406.0463	   1344.9412
    406.0540	   1045.3929
    406.0618	    494.4851
    406.0695	      0.0000
    406.0773	      0.0000
    406.0851	      0.0000
    406.0928	      0.0000
    408.0717	      0.0000
    408.0795	      0.0000
    408.0873	      0.0000
    408.0951	      0.0000
    408.1029	    342.2979
    408.1108	    819.1723
    408.1186	   1222.0374
    408.1264	   1278.2401
    408.1342	    935.0542
    408.1420	    453.4630
    408.1499	      0.0000
    408.1577	      0.0000
    408.1655	      0.0000
    408.1733	      0.0000
    408.9880	      0.0000
    408.9959	      0.0000
    409.0037	      0.0000
    409.0116	      0.0000
    409.0194	    652.2490
    409.0273	   1061.4768
    409.0351	   1192.4641
    409.0430	    944.9644
    409.0508	    491.8636
    409.0630	      0.0000
    409.0709	      0.0000
    409.0787	      0.0000
    409.0866	      0.0000
    425.0220	      0.0000
    425.0303	      0.0000
    425.0386	      0.0000
    425.0469	      0.0000
    425.0552	    290.4323
    425.0636	   1614.6931
    425.0719	   4663.7583
    425.0802	   7996.9565
    425.0885	   9412.4141
    425.0968	   6095.1763
    425.1051	   2689.9185
    425.1134	      0.0000
    425.1174	      0.0000
    425.1257	      0.0000
    425.1340	      0.0000
    425.1423	      0.0000
    425.1506	    475.1646
    425.1589	   2423.3962
    425.1673	   5054.9531
    425.1756	   5264.1382
    425.1839	   1256.0350
    425.1922	    489.0168
    425.2005	   5431.4146
    425.2088	   8730.3857
    425.2172	  10495.6914
    425.2255	   7752.9414
    425.2338	   3766.7617
    425.2421	   1049.2495
    425.2504	    593.8006
    425.2587	   2353.7214
    425.2671	   8491.2998
    425.2754	  18212.4238
    425.2837	  29135.8613
    425.2920	  29916.3203
    425.3003	  19003.8984
    425.3087	   8794.6416
    425.3170	   1490.2174
    425.3253	      0.0000
    425.3336	      0.0000
    425.3419	      0.0000
    425.3503	      0.0000
    425.3586	      0.0000
    425.9417	      0.0000
    425.9500	      0.0000
    425.9583	      0.0000
    425.9667	      0.0000
    425.9750	    329.1486
    425.9834	    818.6115
    425.9917	   1223.7172
    426.0000	   1214.9656
    426.0084	    775.4985
    426.0167	      0.0000
    426.0251	      0.0000
    426.0334	      0.0000
    426.0417	      0.0000
    426.0501	      0.0000
    426.0584	      0.0000
    426.0668	    366.4781
    426.0751	    992.0577
    426.0835	   1388.0573
    426.0918	   1252.1262
    426.1001	    748.6579
    426.1085	      0.0000
    426.1168	      0.0000
    426.1252	      0.0000
    426.1335	      0.0000
    426.1669	      0.0000
    426.1752	      0.0000
    426.1836	      0.0000
    426.1919	      0.0000
    426.2003	    570.0883
    426.2086	   1243.3689
    426.2170	   1702.6772
    426.2253	   1760.5188
    426.2337	   1600.1949
    426.2420	   1295.8356
    426.2504	    743.5125
    426.2587	    643.1809
    426.2671	   1414.3096
    426.2754	   4518.9810
    426.2837	   8537.5186
    426.2921	  12425.2500
    426.3004	  10964.5322
    426.3088	   6490.6748
    426.3171	   2353.3464
    426.3255	     79.4908
    426.3343	      0.0000
    426.3426	      0.0000
    426.3510	      0.0000
    426.3593	      0.0000
    465.1447	      0.0000
    465.1542	      0.0000
    465.1638	      0.0000
    465.1733	      0.0000
    465.1828	    326.1523
    465.1923	    847.7596
    465.2018	   1517.0336
    465.2113	   1883.1071
    465.2209	   1642.7535
    465.2304	    948.4920
    465.2399	    323.9201
    465.2497	      0.0000
    465.2592	      0.0000
    465.2687	      0.0000
    465.2782	      0.0000
    522.8766	      0.0000
    522.8879	      0.0000
    522.8993	      0.0000
    522.9106	      0.0000
    522.9220	    630.3700
    522.9333	   1053.2266
    522.9446	   1195.3428
    522.9560	    953.1719
    522.9673	    502.4279
    522.9787	      0.0000
    522.9900	      0.0000
    523.0014	      0.0000
    523.0127	      0.0000
    528.2709	      0.0000
    528.2825	      0.0000
    528.2940	      0.0000
    528.3055	      0.0000
    528.3170	    787.4378
    528.3285	   1271.4269
    528.3400	   1404.7051
    528.3516	   1037.6615
    528.3631	    443.2342
    528.3746	      0.0000
    528.3861	      0.0000
    528.3977	      0.0000
    528.4092	      0.0000
    536.1669	      0.0000
    536.1787	      0.0000
    536.1904	      0.0000
    536.2022	      0.0000
    536.2140	    418.6470
    536.2258	    801.0453
    536.2375	   1055.3877
    536.2493	   1074.9205
    536.2611	    894.5460
    536.2729	    620.9802
    536.2867	      0.0000
    536.2985	      0.0000
    536.3103	      0.0000
    536.3221	      0.0000
    550.1438	      0.0000
    550.1560	      0.0000
    550.1682	      0.0000
    550.1805	      0.0000
    550.1927	    624.0694
    550.2050	   2474.7444
    550.2172	   4833.2676
    550.2294	   7038.7031
    550.2417	   6185.7393
    550.2539	   3681.8340
    550.2662	   1359.6581
    550.2784	    106.5121
    550.2886	      0.0000
    550.3009	      0.0000
    550.3131	      0.0000
    550.3254	      0.0000
    554.1784	      0.0000
    554.1907	      0.0000
    554.2031	      0.0000
    554.2155	      0.0000
    554.2279	    727.8958
    554.2403	   1191.9064
    554.2526	   1369.9272
    554.2650	   1147.7391
    554.2774	    686.3928
    554.2898	      0.0000
    554.3022	      0.0000
    554.3145	      0.0000
    554.3269	      0.0000
    593.7751	      0.0000
    593.7889	      0.0000
    593.8026	      0.0000
    593.8163	      0.0000
    593.8300	    663.7736
    593.8438	    989.1804
    593.8575	   1103.4969
    593.8712	    921.9754
    593.8849	    547.3122
    593.8987	      0.0000
    593.9124	      0.0000
    593.9261	      0.0000
    593.9399	      0.0000
    594.1733	      0.0000
    594.1871	      0.0000
    594.2008	      0.0000
    594.2145	      0.0000
    594.2283	    603.8789
    594.2420	   1065.0251
    594.2558	   1242.0374
    594.2695	    986.2864
    594.2833	    504.6056
    594.3001	      0.0000
    594.3138	      0.0000
    594.3276	      0.0000
    594.3413	      0.0000
    681.1662	      0.0000
    681.1830	      0.0000
    681.1999	      0.0000
    681.2168	      0.0000
    681.2336	    288.1627
    681.2505	   1004.9166
    681.2674	   3294.3364
    681.2842	  10295.4814
    681.3011	  20350.5234
    681.3180	  31097.2793
    681.3348	  31020.0898
    681.3517	  19908.5742
    681.3686	   9499.0049
    681.3855	   2134.8525
    681.4023	      0.0000
    681.4207	      0.0000
    681.4376	      0.0000
    681.4544	      0.0000
    681.4713	      0.0000
    682.1975	      0.0000
    682.2144	      0.0000
    682.2313	      0.0000
    682.2482	      0.0000
    682.2651	    414.7370
    682.2820	   1454.7820
    682.2989	   3753.8545
    682.3158	   6263.2515
    682.3327	   7858.7051
    682.3496	   6023.3984
    682.3665	   3424.3240
    682.3834	    994.1070
    682.4003	      0.0000
    682.4128	      0.0000
    682.4297	      0.0000
    682.4466	      0.0000
    682.4635	      0.0000
    683.2251	      0.0000
    683.2421	      0.0000
    683.2590	      0.0000
    683.2759	      0.0000
    683.2929	    734.7461
    683.3098	   1114.9725
    683.3268	   1274.0880
    683.3437	   1085.9742
    683.3607	    642.2858
    683.3776	      0.0000
    683.3946	      0.0000
    683.4115	      0.0000
    683.4285	      0.0000
    703.2009	      0.0000
    703.2186	      0.0000
    703.2362	      0.0000
    703.2539	      0.0000
    703.2716	    701.8259
    703.2893	   1139.8895
    703.3070	   1301.8392
    703.3247	   1082.5529
    703.3424	    637.2936
    703.3681	      0.0000
    703.3858	      0.0000
    703.4035	      0.0000
    703.4212	      0.0000
    725.2023	      0.0000
    725.2208	      0.0000
    725.2393	      0.0000
    725.2579	      0.0000
    725.2764	    256.9372
    725.2949	   1048.8373
    725.3134	   2877.5125
    725.3320	   5469.2847
    725.3505	   8141.7905
    725.3690	   7791.4966
    725.3876	   4801.7368
    725.4061	   2069.8469
    725.4246	    198.3440
    725.4352	      0.0000
    725.4537	      0.0000
    725.4723	      0.0000
    725.4908	      0.0000
    726.2328	      0.0000
    726.2513	      0.0000
    726.2699	      0.0000
    726.2885	      0.0000
    726.3070	    552.1523
    726.3256	   1342.3379
    726.3442	   2036.4989
    726.3627	   2145.5515
    726.3813	   1602.2224
    726.3999	    818.8715
    726.4186	      0.0000
    726.4372	      0.0000
    726.4558	      0.0000
    726.4744	      0.0000
    880.9726	      0.0000
    880.9974	      0.0000
    881.0222	      0.0000
    881.0470	      0.0000
    881.0718	    574.0657
    881.0967	    985.1486
    881.1215	   1164.1407
    881.1463	   1008.1317
    881.1711	    630.6909
    881.1959	      0.0000
    881.2207	      0.0000
    881.2455	      0.0000
    881.2703	      0.0000
    893.9369	      0.0000
    893.9623	      0.0000
    893.9876	      0.0000
    894.0130	      0.0000
