# ljz_20131022_MR_Chym1_ELUTE.mzML
#
# index: 5471
# id: controllerType=0 controllerNumber=1 scan=11893
# scanNumber: 11893
# massAnalyzerType: quadrupole
# scanEvent: 2
# msLevel: 2
# retentionTime: 2858.48
# filterString: FTMS + p NSI d Full ms2 512.58@hcd28.00 [100.00-1590.00]
# mzLow: 99.0036
# mzHigh: 1606.22
# basePeakMZ: 132.103
# basePeakIntensity: 50820
# totalIonCurrent: 339226
# precursorCount: 1
# precursor 0: 512.245 574714
# binary (1204): 
     99.0036	      0.0000
     99.0045	      0.0000
     99.0055	      0.0000
     99.0064	      0.0000
    101.0002	      0.0000
    101.0012	      0.0000
    101.0022	      0.0000
    101.0031	      0.0000
    101.0041	    513.1542
    101.0051	   1198.5957
    101.0060	   1686.9393
    101.0070	   1616.7909
    101.0079	   1060.9823
    101.0089	    447.2864
    101.0099	      0.0000
    101.0108	      0.0000
    101.0118	      0.0000
    101.0128	      0.0000
    101.0657	      0.0000
    101.0667	      0.0000
    101.0677	      0.0000
    101.0686	      0.0000
    101.0696	    570.9918
    101.0706	   1076.7426
    101.0715	   1362.0757
    101.0725	   1242.9139
    101.0734	    816.9526
    101.0744	    363.3627
    101.0754	      0.0000
    101.0763	      0.0000
    101.0773	      0.0000
    101.0783	      0.0000
    101.1834	      0.0000
    101.1844	      0.0000
    101.1853	      0.0000
    101.1863	      0.0000
    101.1873	    743.8453
    101.1882	   1112.3838
    101.1892	   1158.0970
    101.1902	    864.6457
    101.1911	    444.1827
    101.1921	      0.0000
    101.1931	      0.0000
    101.1940	      0.0000
    101.1950	      0.0000
    103.0152	      0.0000
    103.0162	      0.0000
    103.0172	      0.0000
    103.0182	      0.0000
    103.0192	    513.0455
    103.0202	   1293.6895
    103.0211	   2026.5327
    103.0221	   2203.8096
    103.0231	   1682.3441
    103.0241	    867.5234
    103.0251	    325.6942
    103.0261	      0.0000
    103.0271	      0.0000
    103.0281	      0.0000
    103.0291	      0.0000
    104.0645	      0.0000
    104.0655	      0.0000
    104.0665	      0.0000
    104.0675	      0.0000
    104.0685	    419.3141
    104.0695	   1006.3966
    104.0705	   1538.6222
    104.0715	   1599.1517
    104.0726	   1111.9628
    104.0736	    457.4361
    104.0747	      0.0000
    104.0757	      0.0000
    104.0768	      0.0000
    104.0778	      0.0000
    110.0618	      0.0000
    110.0629	      0.0000
    110.0640	      0.0000
    110.0651	      0.0000
    110.0662	    328.4681
    110.0673	    879.8403
    110.0683	   2840.4265
    110.0694	   9123.9561
    110.0705	  17585.1016
    110.0716	  26111.2012
    110.0727	  24355.0117
    110.0738	  15085.5811
    110.0749	   6489.1553
    110.0760	   1312.5835
    110.0771	     74.0009
    110.0779	      0.0000
    110.0790	      0.0000
    110.0801	      0.0000
    110.0812	      0.0000
    115.0296	      0.0000
    115.0307	      0.0000
    115.0319	      0.0000
    115.0331	      0.0000
    115.0342	    679.1030
    115.0354	   1581.4320
    115.0366	   2371.5178
    115.0377	   2459.0808
    115.0389	   1761.9579
    115.0401	    815.4848
    115.0413	    240.0555
    115.0424	      0.0000
    115.0436	      0.0000
    115.0448	      0.0000
    115.0459	      0.0000
    115.0799	      0.0000
    115.0811	      0.0000
    115.0822	      0.0000
    115.0834	      0.0000
    115.0846	    470.3543
    115.0857	    856.2814
    115.0869	   1035.5291
    115.0881	    854.5802
    115.0893	    433.3116
    115.0906	      0.0000
    115.0918	      0.0000
    115.0930	      0.0000
    115.0941	      0.0000
    120.0706	      0.0000
    120.0719	      0.0000
    120.0731	      0.0000
    120.0744	      0.0000
    120.0756	    401.7812
    120.0769	   1390.5492
    120.0781	   4514.4404
    120.0794	   9943.5635
    120.0806	  15904.4512
    120.0819	  17396.8809
    120.0831	  11763.0098
    120.0844	   6010.8105
    120.0856	   1347.1084
    120.0869	      0.0000
    120.0879	      0.0000
    120.0891	      0.0000
    120.0904	      0.0000
    120.0916	      0.0000
    121.0776	      0.0000
    121.0788	      0.0000
    121.0801	      0.0000
    121.0814	      0.0000
    121.0826	    548.9633
    121.0839	   1080.0682
    121.0852	   1345.3125
    121.0864	   1155.7269
    121.0877	    675.9984
    121.0890	      0.0000
    121.0902	      0.0000
    121.0915	      0.0000
    121.0927	      0.0000
    122.0642	      0.0000
    122.0655	      0.0000
    122.0668	      0.0000
    122.0681	      0.0000
    122.0693	    540.0093
    122.0706	    850.9844
    122.0719	    991.4932
    122.0732	    870.2404
    122.0745	    553.3365
    122.0757	      0.0000
    122.0770	      0.0000
    122.0783	    686.8416
    122.0796	   1300.0824
    122.0809	   1715.6899
    122.0821	   1623.9728
    122.0834	   1074.6605
    122.0847	    438.4816
    122.0859	      0.0000
    122.0872	      0.0000
    122.0885	      0.0000
    122.0897	      0.0000
    129.0927	      0.0000
    129.0941	      0.0000
    129.0955	      0.0000
    129.0969	      0.0000
    129.0983	    293.4399
    129.0997	    883.5857
    129.1010	   1651.2402
    129.1024	   2131.1008
    129.1038	   1950.3324
    129.1052	   1229.4431
    129.1066	    485.2558
    129.1080	      0.0000
    129.1094	      0.0000
    129.1108	      0.0000
    129.1121	      0.0000
    132.0230	      0.0000
    132.0244	      0.0000
    132.0258	      0.0000
    132.0273	      0.0000
    132.0287	    779.5277
    132.0301	   1076.6921
    132.0316	   1231.1002
    132.0330	   1185.0996
    132.0345	    931.6630
    132.0359	    555.1948
    132.0373	      0.0000
    132.0388	      0.0000
    132.0402	      0.0000
    132.0417	      0.0000
    132.0460	      0.0000
    132.0474	      0.0000
    132.0489	      0.0000
    132.0503	      0.0000
    132.0517	    644.1977
    132.0532	   1206.0143
    132.0546	   1398.7970
    132.0561	   1037.8492
    132.0575	    428.4209
    132.0592	      0.0000
    132.0606	      0.0000
    132.0621	      0.0000
    132.0635	      0.0000
    132.0880	      0.0000
    132.0894	      0.0000
    132.0909	      0.0000
    132.0923	      0.0000
    132.0937	    206.5724
    132.0952	    848.2333
    132.0966	   2094.2515
    132.0981	   6697.5210
    132.0995	  20294.4941
    132.1009	  36445.6523
    132.1024	  50583.6953
    132.1038	  42872.8125
    132.1053	  25717.9570
    132.1067	   9734.5029
    132.1081	   2017.4812
    132.1096	    201.8748
    132.1108	      0.0000
    132.1122	      0.0000
    132.1136	      0.0000
    132.1151	      0.0000
    132.9690	      0.0000
    132.9705	      0.0000
    132.9720	      0.0000
    132.9734	      0.0000
    132.9749	    498.3239
    132.9763	    959.3527
    132.9778	   1178.6840
    132.9792	    970.3531
    132.9807	    503.0483
    132.9821	      0.0000
    132.9836	      0.0000
    132.9850	      0.0000
    132.9865	      0.0000
    134.9827	      0.0000
    134.9842	      0.0000
    134.9857	      0.0000
    134.9872	      0.0000
    134.9886	    433.6181
    134.9901	   1311.4730
    134.9916	   3585.5859
    134.9931	   5205.2583
    134.9946	   4743.1973
    134.9961	   2831.4521
    134.9976	   1068.5260
    134.9991	    477.8571
    135.0005	      0.0000
    135.0020	      0.0000
    135.0035	      0.0000
    135.0050	      0.0000
    136.0662	      0.0000
    136.0677	      0.0000
    136.0692	      0.0000
    136.0707	      0.0000
    136.0722	    539.7723
    136.0737	   1377.6768
    136.0752	   2194.0171
    136.0767	   2442.1902
    136.0782	   1965.3059
    136.0797	   1136.5828
    136.0812	    469.0373
    136.0827	      0.0000
    136.0842	      0.0000
    136.0857	      0.0000
    136.0872	      0.0000
    154.8015	      0.0000
    154.8033	      0.0000
    154.8051	      0.0000
    154.8069	      0.0000
    154.8088	    633.2653
    154.8106	    952.4445
    154.8124	   1081.7865
    154.8142	    936.2084
    154.8161	    598.2946
    154.8179	      0.0000
    154.8198	      0.0000
    154.8216	      0.0000
    154.8234	      0.0000
    159.1001	      0.0000
    159.1020	      0.0000
    159.1039	      0.0000
    159.1058	      0.0000
    159.1077	    333.1049
    159.1096	    871.5920
    159.1115	   1419.1802
    159.1134	   1630.3727
    159.1153	   1355.5977
    159.1172	    788.0665
    159.1191	      0.0000
    159.1210	      0.0000
    159.1229	      0.0000
    159.1249	      0.0000
    164.9883	      0.0000
    164.9904	      0.0000
    164.9924	      0.0000
    164.9944	      0.0000
    164.9964	    464.4255
    164.9984	    936.0345
    165.0004	   3011.9202
    165.0024	   5279.4238
    165.0044	   6611.2910
    165.0064	   5012.0610
    165.0084	   2852.0842
    165.0105	    948.8312
    165.0125	    327.8849
    165.0145	      0.0000
    165.0165	      0.0000
    165.0185	      0.0000
    165.0205	      0.0000
    166.0467	      0.0000
    166.0488	      0.0000
    166.0508	      0.0000
    166.0528	      0.0000
    166.0549	    294.4935
    166.0569	    904.9335
    166.0589	   2432.2458
    166.0609	   3939.5347
    166.0630	   3784.6487
    166.0650	   2248.1130
    166.0670	    792.8271
    166.0691	      0.0000
    166.0711	      0.0000
    166.0731	      0.0000
    166.0752	      0.0000
    166.0772	      0.0000
    166.0792	      0.0000
    166.0812	    465.7248
    166.0833	   1042.5177
    166.0853	   1520.0024
    166.0873	   1544.8206
    166.0894	   1096.2185
    166.0914	    484.4644
    166.0934	      0.0000
    166.0955	      0.0000
    166.0975	      0.0000
    166.0995	      0.0000
    167.0785	      0.0000
    167.0805	      0.0000
    167.0826	      0.0000
    167.0846	      0.0000
    167.0867	    487.4187
    167.0887	   1607.6608
    167.0908	   3358.1948
    167.0928	   4887.7773
    167.0949	   4053.4258
    167.0969	   2288.6956
    167.0990	    585.3998
    167.1010	      0.0000
    167.1031	      0.0000
    167.1051	      0.0000
    167.1072	      0.0000
    168.0516	      0.0000
    168.0537	      0.0000
    168.0558	      0.0000
    168.0578	      0.0000
    168.0599	    488.3600
    168.0620	   1206.4554
    168.0640	   1938.4720
    168.0661	   2144.0752
    168.0682	   1650.0944
    168.0702	    829.8336
    168.0721	      0.0000
    168.0742	      0.0000
    168.0762	      0.0000
    168.0783	      0.0000
    173.1121	      0.0000
    173.1142	      0.0000
    173.1164	      0.0000
    173.1185	      0.0000
    173.1207	    499.6329
    173.1229	   2370.8057
    173.1250	   5887.6846
    173.1272	   9656.1621
    173.1293	  11165.7314
    173.1315	   7988.6758
    173.1337	   4407.9556
    173.1358	   1368.8290
    173.1380	    180.0549
    173.1404	      0.0000
    173.1426	      0.0000
    173.1448	      0.0000
    173.1469	      0.0000
    182.0656	      0.0000
    182.0679	      0.0000
    182.0703	      0.0000
    182.0726	      0.0000
    182.0749	    646.8036
    182.0773	   1262.0759
    182.0796	   1699.3311
    182.0819	   1663.9625
    182.0843	   1181.8254
    182.0866	    576.1200
    182.0889	      0.0000
    182.0912	      0.0000
    182.0936	      0.0000
    182.0959	      0.0000
    200.0865	      0.0000
    200.0892	      0.0000
    200.0918	      0.0000
    200.0945	      0.0000
    200.0972	    483.6473
    200.0999	   1078.6931
    200.1026	   1516.7556
    200.1053	   1467.9803
    200.1080	    967.7296
    200.1106	    390.5860
    200.1133	      0.0000
    200.1160	      0.0000
    200.1187	      0.0000
    200.1214	      0.0000
    201.1051	      0.0000
    201.1078	      0.0000
    201.1105	      0.0000
    201.1132	      0.0000
    201.1160	    283.7843
    201.1187	    861.1055
    201.1214	   1506.2708
    201.1241	   1813.5743
    201.1268	   1589.6561
    201.1295	   1017.5198
    201.1322	    462.9334
    201.1350	      0.0000
    201.1377	      0.0000
    201.1404	      0.0000
    201.1431	      0.0000
    207.0951	      0.0000
    207.0980	      0.0000
    207.1008	      0.0000
    207.1036	      0.0000
    207.1064	    551.1551
    207.1093	   1187.3137
    207.1121	   1667.6716
    207.1149	   1622.1753
    207.1177	   1076.0413
    207.1206	    427.9978
    207.1234	      0.0000
    207.1262	      0.0000
    207.1290	      0.0000
    207.1319	      0.0000
    210.0061	      0.0000
    210.0090	      0.0000
    210.0118	      0.0000
    210.0147	      0.0000
    210.0176	    320.2406
    210.0205	    857.3417
    210.0234	   1485.5894
    210.0263	   1759.6522
    210.0292	   1435.5498
    210.0320	    752.4988
    210.0349	      0.0000
    210.0378	      0.0000
    210.0407	      0.0000
    210.0436	      0.0000
    212.0971	      0.0000
    212.1000	      0.0000
    212.1030	      0.0000
    212.1059	      0.0000
    212.1088	    264.2417
    212.1117	    844.6165
    212.1147	   1693.4669
    212.1176	   2342.9561
    212.1205	   2340.1709
    212.1235	   1693.0542
    212.1264	    855.6015
    212.1293	    288.1354
    212.1323	      0.0000
    212.1352	      0.0000
    212.1382	      0.0000
    212.1411	      0.0000
    225.0783	      0.0000
    225.0815	      0.0000
    225.0847	      0.0000
    225.0879	      0.0000
    225.0911	    546.4673
    225.0943	   1216.9664
    225.0975	   1740.6893
    225.1007	   1784.5088
    225.1039	   1359.9377
    225.1071	    767.0269
    225.1104	      0.0000
    225.1136	      0.0000
    225.1168	      0.0000
    225.1200	      0.0000
    231.1464	      0.0000
    231.1497	      0.0000
    231.1530	      0.0000
    231.1564	      0.0000
    231.1597	    385.2641
    231.1630	   1162.0352
    231.1664	   3033.7393
    231.1697	   4564.2441
    231.1730	   4244.6309
    231.1764	   2541.6221
    231.1797	   1050.8888
    231.1830	    372.3427
    231.1863	      0.0000
    231.1897	      0.0000
    231.1930	      0.0000
    231.1963	      0.0000
    241.9797	      0.0000
    241.9833	      0.0000
    241.9868	      0.0000
    241.9904	      0.0000
    241.9940	    717.1152
    241.9976	   1043.4595
    242.0011	   1095.8833
    242.0047	    833.3455
    242.0083	    425.5383
    242.0112	      0.0000
    242.0148	      0.0000
    242.0184	      0.0000
    242.0219	      0.0000
    253.0645	      0.0000
    253.0683	      0.0000
    253.0722	      0.0000
    253.0760	      0.0000
    253.0798	    353.7398
    253.0836	   2126.3931
    253.0874	   4533.0439
    253.0912	   7046.3750
    253.0951	   6907.6763
    253.0989	   4437.7124
    253.1027	   2101.3486
    253.1065	    582.4141
    253.1110	      0.0000
    253.1148	      0.0000
    253.1187	      0.0000
    253.1225	      0.0000
    257.1111	      0.0000
    257.1151	      0.0000
    257.1190	      0.0000
    257.1229	      0.0000
    257.1268	    677.7419
    257.1307	   2442.6533
    257.1346	   4649.5239
    257.1385	   6862.5977
    257.1424	   6537.6499
    257.1463	   4103.3726
    257.1502	   1837.6621
    257.1542	    320.2442
    257.1582	      0.0000
    257.1621	      0.0000
    257.1660	      0.0000
    257.1699	      0.0000
    258.1192	      0.0000
    258.1232	      0.0000
    258.1271	      0.0000
    258.1310	      0.0000
    258.1350	    361.3744
    258.1389	    828.8038
    258.1428	   1206.9358
    258.1468	   1234.6718
    258.1507	    884.2283
    258.1546	    394.8859
    258.1594	      0.0000
    258.1633	      0.0000
    258.1673	      0.0000
    258.1712	      0.0000
    268.0757	      0.0000
    268.0798	      0.0000
    268.0840	      0.0000
    268.0882	      0.0000
    268.0923	    163.8450
    268.0965	   1239.5992
    268.1006	   4159.9370
    268.1048	   7429.4229
    268.1090	   9997.3018
    268.1131	   8080.7051
    268.1173	   4754.5454
    268.1215	   1525.4476
    268.1256	    314.2772
    268.1290	      0.0000
    268.1332	      0.0000
    268.1374	      0.0000
    268.1415	      0.0000
    276.8572	      0.0000
    276.8616	      0.0000
    276.8660	      0.0000
    276.8703	      0.0000
    276.8747	    687.1081
    276.8791	   1087.0884
    276.8834	   1267.4688
    276.8878	   1140.3341
    276.8922	    797.8622
    276.8968	      0.0000
    276.9011	      0.0000
    276.9055	      0.0000
    276.9099	      0.0000
    285.0943	      0.0000
    285.0989	      0.0000
    285.1034	      0.0000
    285.1080	      0.0000
    285.1126	    430.8810
    285.1171	   1107.9366
    285.1217	   3863.4492
    285.1263	  11630.6240
    285.1308	  19976.3750
    285.1354	  26068.2012
    285.1400	  20386.2949
    285.1445	  11912.5557
    285.1491	   3912.5681
    285.1537	    852.7582
    285.1582	    125.5953
    285.1625	      0.0000
    285.1671	      0.0000
    285.1717	      0.0000
    285.1762	      0.0000
    286.1058	      0.0000
    286.1104	      0.0000
    286.1150	      0.0000
    286.1196	      0.0000
    286.1242	    486.0226
    286.1288	   1250.0728
    286.1334	   2572.2161
    286.1380	   3906.6399
    286.1425	   3347.7263
    286.1471	   1514.5510
    286.1517	    594.9423
    286.1578	      0.0000
    286.1624	      0.0000
    286.1669	      0.0000
    286.1715	      0.0000
    349.0894	      0.0000
    349.0956	      0.0000
    349.1018	      0.0000
    349.1080	      0.0000
    349.1142	     70.4172
    349.1204	    993.2789
    349.1266	   3423.2493
    349.1328	   6244.1680
    349.1389	   8692.3701
    349.1451	   7424.0122
    349.1513	   4459.7314
    349.1575	   1612.0696
    349.1637	    256.9995
    349.1687	      0.0000
    349.1749	      0.0000
    349.1811	      0.0000
    349.1873	      0.0000
    353.1195	      0.0000
    353.1258	      0.0000
    353.1321	      0.0000
    353.1384	      0.0000
    353.1447	    510.7395
    353.1510	    924.7017
    353.1572	   1133.9230
    353.1635	    962.1489
    353.1698	    524.7514
    353.1761	      0.0000
    353.1824	      0.0000
    353.1887	      0.0000
    353.1950	      0.0000
    361.1011	      0.0000
    361.1076	      0.0000
    361.1141	      0.0000
    361.1206	      0.0000
    361.1271	    682.8521
    361.1336	   1118.2141
    361.1401	   1229.4237
    361.1466	    917.2983
    361.1532	    399.7986
    361.1598	      0.0000
    361.1663	      0.0000
    361.1728	      0.0000
    361.1794	      0.0000
    370.0983	      0.0000
    370.1051	      0.0000
    370.1118	      0.0000
    370.1186	      0.0000
    370.1253	    631.3540
    370.1321	   1110.9380
    370.1389	   1338.4261
    370.1456	   1134.0173
    370.1524	    640.6103
    370.1593	      0.0000
    370.1660	      0.0000
    370.1728	      0.0000
    370.1795	      0.0000
    395.0895	      0.0000
    395.0970	      0.0000
    395.1044	      0.0000
    395.1119	      0.0000
    395.1193	    644.5545
    395.1268	   1090.2914
    395.1342	   1231.4675
    395.1417	    958.5620
    395.1491	    465.9623
    395.1566	      0.0000
    395.1640	      0.0000
    395.1715	      0.0000
    395.1789	      0.0000
    396.0746	      0.0000
    396.0821	      0.0000
    396.0896	      0.0000
    396.0971	      0.0000
    396.1045	    661.4161
    396.1120	   1114.2444
    396.1195	   1273.4884
    396.1270	   1025.6437
    396.1344	    553.2128
    396.1419	      0.0000
    396.1494	      0.0000
    396.1569	      0.0000
    396.1644	      0.0000
    400.1128	      0.0000
    400.1204	      0.0000
    400.1280	      0.0000
    400.1356	      0.0000
    400.1432	    802.5049
    400.1508	   1681.8632
    400.1584	   2388.7100
    400.1660	   2402.7461
    400.1736	   1686.5304
    400.1812	    767.4660
    400.1887	      0.0000
    400.1963	      0.0000
    400.2039	      0.0000
    400.2115	      0.0000
    422.1236	      0.0000
    422.1318	      0.0000
    422.1400	      0.0000
    422.1482	      0.0000
    422.1565	    502.9087
    422.1647	   1129.1138
    422.1729	   1664.9414
    422.1812	   1714.2212
    422.1894	   1219.9852
    422.1976	    536.5933
    422.2060	      0.0000
    422.2143	      0.0000
    422.2225	      0.0000
    422.2307	      0.0000
    439.0268	      0.0000
    439.0356	      0.0000
    439.0443	      0.0000
    439.0530	      0.0000
    439.0617	    611.2848
    439.0705	   1039.2524
    439.0792	   1213.7766
    439.0879	    989.7480
    439.0966	    514.4493
    439.1056	      0.0000
    439.1143	      0.0000
    439.1231	      0.0000
    439.1318	      0.0000
    500.1467	      0.0000
    500.1573	      0.0000
    500.1679	      0.0000
    500.1785	      0.0000
    500.1891	    848.4192
    500.1998	   1502.8237
    500.2104	   1853.5796
    500.2210	   1653.3984
    500.2316	   1054.4042
    500.2422	    454.1858
    500.2531	      0.0000
    500.2637	      0.0000
    500.2743	      0.0000
    500.2849	      0.0000
    513.0045	      0.0000
    513.0155	      0.0000
    513.0265	      0.0000
    513.0376	      0.0000
    513.0486	    512.9332
    513.0596	   1088.6565
    513.0706	   1434.4357
    513.0817	   1288.4048
    513.0927	    781.4770
    513.1037	      0.0000
    513.1147	      0.0000
    513.1258	      0.0000
    513.1368	      0.0000
    513.1588	      0.0000
    513.1699	      0.0000
    513.1809	      0.0000
    513.1919	      0.0000
    513.2029	    643.2164
    513.2140	    990.1725
    513.2250	   1138.2640
    513.2360	   1062.3475
    513.2470	    880.3239
    513.2581	      0.0000
    513.2691	      0.0000
    513.2801	      0.0000
    513.2912	      0.0000
    528.0522	      0.0000
    528.0637	      0.0000
    528.0752	      0.0000
    528.0867	      0.0000
    528.0982	    507.3429
    528.1097	    926.4567
    528.1212	   1173.8373
    528.1328	   1119.5935
    528.1443	    805.0046
    528.1558	      0.0000
    528.1674	      0.0000
    528.1789	      0.0000
    528.1904	      0.0000
    570.1443	      0.0000
    570.1572	      0.0000
    570.1701	      0.0000
    570.1830	      0.0000
    570.1959	    602.4990
    570.2089	   1917.7535
    570.2218	   4018.7988
    570.2347	   6159.4688
    570.2476	   5888.2231
    570.2605	   3636.8738
    570.2734	   1546.8027
    570.2864	    567.9863
    570.2993	      0.0000
    570.3122	      0.0000
    570.3251	      0.0000
    570.3380	      0.0000
    570.6482	      0.0000
    570.6612	      0.0000
    570.6741	      0.0000
    570.6870	      0.0000
    570.6999	    561.4590
    570.7129	   1399.3210
    570.7258	   2214.3320
    570.7387	   2461.1106
    570.7517	   1962.7343
    570.7646	   1087.1641
    570.7775	    386.9272
    570.7905	      0.0000
    570.8034	      0.0000
    570.8164	      0.0000
    570.8293	      0.0000
    573.6469	      0.0000
    573.6599	      0.0000
    573.6729	      0.0000
    573.6860	      0.0000
    573.6990	    872.0568
    573.7120	   1773.2948
    573.7251	   4195.3950
    573.7381	   4776.4214
    573.7511	   3522.8279
    573.7642	   1966.3011
    573.7772	    748.3602
    573.7903	      0.0000
    573.8033	      0.0000
    573.8163	      0.0000
    573.8294	      0.0000
    574.1555	      0.0000
    574.1685	      0.0000
    574.1816	      0.0000
    574.1946	      0.0000
    574.2077	    602.0309
    574.2207	   1588.2524
    574.2338	   3606.2813
    574.2468	   3995.3857
    574.2599	   2569.7874
    574.2729	   1189.7722
    574.2860	    439.7009
    574.2990	      0.0000
    574.3121	      0.0000
    574.3252	      0.0000
    574.3382	      0.0000
    579.1599	      0.0000
    579.1731	      0.0000
    579.1863	      0.0000
    579.1995	      0.0000
    579.2127	    746.3666
    579.2260	   1479.1449
    579.2392	   2015.1257
    579.2524	   1963.6079
    579.2656	   1350.0991
    579.2789	    617.7948
    579.2921	      0.0000
    579.3053	      0.0000
    579.3185	      0.0000
    579.3318	      0.0000
    579.6626	      0.0000
    579.6758	      0.0000
    579.6890	      0.0000
    579.7023	      0.0000
    579.7155	    811.5547
    579.7288	   1186.3190
    579.7420	   1264.2502
    579.7552	    964.5177
    579.7685	    480.4165
    579.7817	      0.0000
    579.7950	      0.0000
    579.8082	      0.0000
    579.8215	      0.0000
    595.1775	      0.0000
    595.1913	      0.0000
    595.2050	      0.0000
    595.2188	      0.0000
    595.2326	    558.8843
    595.2463	    904.7587
    595.2601	   1052.2108
    595.2739	    932.7011
    595.2877	    629.9825
    595.3015	      0.0000
    595.3153	      0.0000
    595.3290	      0.0000
    595.3428	      0.0000
    609.1646	      0.0000
    609.1789	      0.0000
    609.1931	      0.0000
    609.2074	      0.0000
    609.2216	    785.3654
    609.2359	   1722.8546
    609.2502	   3540.8521
    609.2644	   3578.1577
    609.2787	   1841.6594
    609.2930	    901.0792
    609.3072	    291.5536
    609.3215	      0.0000
    609.3358	      0.0000
    609.3500	      0.0000
    609.3643	      0.0000
    609.6783	      0.0000
    609.6926	      0.0000
    609.7069	      0.0000
    609.7212	      0.0000
    609.7354	    885.1160
    609.7497	   1249.4186
    609.7640	   1318.0912
    609.7783	   1015.3018
    609.7926	    526.7652
    609.8069	      0.0000
    609.8211	      0.0000
    609.8354	      0.0000
    609.8497	      0.0000
    618.4683	      0.0000
    618.4829	      0.0000
    618.4975	      0.0000
    618.5121	      0.0000
    618.5266	    458.2477
    618.5412	    932.8422
    618.5558	   1189.2164
    618.5704	   1040.4757
    618.5850	    609.1624
    618.5996	      0.0000
    618.6142	      0.0000
    618.6288	      0.0000
    618.6434	      0.0000
    630.1718	      0.0000
    630.1868	      0.0000
    630.2018	      0.0000
    630.2168	      0.0000
    630.2318	    643.0597
    630.2469	   1286.4965
    630.2619	   1711.5923
    630.2769	   1635.6606
    630.2919	   1113.3259
    630.3069	    490.9628
    630.3219	      0.0000
    630.3369	      0.0000
    630.3519	      0.0000
    630.3669	      0.0000
    643.6488	      0.0000
    643.6643	      0.0000
    643.6798	      0.0000
    643.6953	      0.0000
    643.7108	    333.4953
    643.7263	   1080.7828
    643.7418	   3319.8379
    643.7572	   5082.2593
    643.7727	   5309.4932
    643.7882	   3533.6147
    643.8037	   1728.6776
    643.8192	    603.6329
    643.8347	      0.0000
    643.8502	      0.0000
    643.8657	      0.0000
    643.8812	      0.0000
    644.1603	      0.0000
    644.1758	      0.0000
    644.1913	      0.0000
    644.2068	      0.0000
    644.2223	    798.6921
    644.2378	   2533.5837
    644.2533	   4062.5547
    644.2688	   4982.2129
    644.2843	   3842.6494
    644.2998	   2201.5691
    644.3154	    737.3749
    644.3309	      0.0000
    644.3464	      0.0000
    644.3619	      0.0000
    644.3774	      0.0000
    644.6568	      0.0000
    644.6723	      0.0000
    644.6878	      0.0000
    644.7034	      0.0000
    644.7189	    581.8937
    644.7344	   1036.5378
    644.7500	   1439.0164
    644.7655	   1584.9830
    644.7810	   1354.1279
    644.7965	    849.9768
    644.8121	      0.0000
    644.8276	      0.0000
    644.8431	      0.0000
    644.8587	      0.0000
    652.6800	      0.0000
    652.6958	      0.0000
    652.7116	      0.0000
    652.7274	      0.0000
    652.7433	    603.9557
    652.7591	   1003.4440
    652.7749	   1166.1305
    652.7907	    951.3253
    652.8065	    507.3932
    652.8224	      0.0000
    652.8382	      0.0000
    652.8540	      0.0000
    652.8698	      0.0000
    653.1547	      0.0000
    653.1706	      0.0000
    653.1864	      0.0000
    653.2022	      0.0000
    653.2181	    294.9178
    653.2339	    914.3620
    653.2497	   1848.0356
    653.2656	   3744.0425
    653.2814	   3793.7273
    653.2973	   1764.2755
    653.3131	    848.7806
    653.3290	      0.0000
    653.3448	      0.0000
    653.3607	      0.0000
    653.3765	      0.0000
    678.2888	      0.0000
    678.3055	      0.0000
    678.3223	      0.0000
    678.3390	      0.0000
    678.3558	    619.1461
    678.3726	   1098.6323
    678.3893	   1330.3280
    678.4061	   1149.2427
    678.4228	    682.7355
    678.4396	      0.0000
    678.4564	      0.0000
    678.4731	      0.0000
    678.4899	      0.0000
    693.7112	      0.0000
    693.7286	      0.0000
    693.7459	      0.0000
    693.7632	      0.0000
    693.7806	    581.0526
    693.7979	   1040.9221
    693.8152	   1223.4991
    693.8326	   1028.9797
    693.8499	    615.3132
    693.8675	      0.0000
    693.8848	      0.0000
    693.9021	      0.0000
    693.9195	      0.0000
    862.1567	      0.0000
    862.1807	      0.0000
    862.2047	      0.0000
    862.2287	      0.0000
    862.2527	    470.1332
    862.2768	   1137.4601
    862.3008	   3167.6113
    862.3248	   5375.1187
    862.3488	   6747.3774
    862.3728	   4967.0571
    862.3969	   2672.5056
    862.4209	    600.3571
    862.4449	      0.0000
    862.4689	      0.0000
    862.4930	      0.0000
    862.5170	      0.0000
    863.1901	      0.0000
    863.2142	      0.0000
    863.2383	      0.0000
    863.2623	      0.0000
    863.2864	    635.7182
    863.3104	   1229.8606
    863.3345	   1752.6886
    863.3586	   1902.4202
    863.3826	   1566.3801
    863.4067	    945.3762
    863.4307	    391.2666
    863.4548	      0.0000
    863.4789	      0.0000
    863.5030	      0.0000
    863.5271	      0.0000
    905.2230	      0.0000
    905.2488	      0.0000
    905.2746	      0.0000
    905.3005	      0.0000
    905.3263	    332.2813
    905.3522	    939.1361
    905.3780	   1431.3101
    905.4038	   1459.3741
    905.4297	   1009.8092
    905.4555	    439.3079
    905.4815	      0.0000
    905.5073	      0.0000
    905.5332	      0.0000
    905.5590	      0.0000
   1002.1730	      0.0000
   1002.2031	      0.0000
   1002.2332	      0.0000
   1002.2633	      0.0000
   1002.2934	    245.1713
   1002.3235	   1257.1798
   1002.3536	   3213.7495
   1002.3837	   5424.4087
   1002.4138	   6631.2217
   1002.4439	   4794.3530
   1002.4740	   2560.1636
   1002.5041	    510.2400
   1002.5342	      0.0000
   1002.5643	      0.0000
   1002.5945	      0.0000
   1002.6246	      0.0000
   1003.1970	      0.0000
   1003.2271	      0.0000
   1003.2572	      0.0000
   1003.2874	      0.0000
   1003.3175	    441.2722
   1003.3477	   1197.3634
   1003.3778	   2027.3295
   1003.4080	   2377.2617
   1003.4381	   1967.6000
   1003.4683	   1100.4973
   1003.4984	    365.5290
   1003.5286	      0.0000
   1003.5588	      0.0000
   1003.5889	      0.0000
   1003.6191	      0.0000
   1020.1976	      0.0000
   1020.2285	      0.0000
   1020.2595	      0.0000
   1020.2904	      0.0000
   1020.3213	    545.5041
   1020.3522	   1650.7177
   1020.3831	   3229.9048
   1020.4140	   4564.4600
   1020.4449	   3638.8110
   1020.4759	   1987.1036
   1020.5068	    730.5249
   1020.5377	      0.0000
   1020.5686	      0.0000
   1020.5996	      0.0000
   1020.6305	      0.0000
   1021.2184	      0.0000
   1021.2493	      0.0000
   1021.2803	      0.0000
   1021.3113	      0.0000
   1021.3422	    886.4964
   1021.3732	   1607.5001
   1021.4041	   2071.3105
   1021.4351	   1948.6029
   1021.4661	   1314.0623
   1021.4970	    594.4933
   1021.5282	      0.0000
   1021.5591	      0.0000
   1021.5901	      0.0000
   1021.6211	      0.0000
   1146.2344	      0.0000
   1146.2712	      0.0000
   1146.3080	      0.0000
   1146.3448	      0.0000
   1146.3816	    491.6940
   1146.4185	   1151.1016
   1146.4553	   1660.7435
   1146.4921	   1582.8416
   1146.5289	    977.1430
   1146.5657	    307.3075
   1146.6028	      0.0000
   1146.6396	      0.0000
   1146.6764	      0.0000
   1146.7132	      0.0000
   1286.2356	      0.0000
   1286.2794	      0.0000
   1286.3232	      0.0000
   1286.3669	      0.0000
   1286.4107	    362.7473
   1286.4544	   1168.5878
   1286.4982	   1969.5978
   1286.5420	   2145.7324
   1286.5858	   1563.7196
   1286.6295	    706.2156
   1286.6733	      0.0000
   1286.7171	      0.0000
   1286.7609	      0.0000
   1286.8047	      0.0000
   1606.0349	      0.0000
   1606.0959	      0.0000
   1606.1570	      0.0000
   1606.2180	      0.0000
