# ljz_20131022_MR_Chym1_ELUTE.mzML
#
# index: 2065
# id: controllerType=0 controllerNumber=1 scan=7545
# scanNumber: 7545
# massAnalyzerType: quadrupole
# scanEvent: 2
# msLevel: 2
# retentionTime: 2081.06
# filterString: FTMS + p NSI d Full ms2 701.92@hcd28.00 [100.00-3605.00]
# mzLow: 99.0036
# mzHigh: 3642.21
# basePeakMZ: 138.055
# basePeakIntensity: 167307
# totalIonCurrent: 2.45714e+006
# precursorCount: 1
# precursor 0: 701.515 2.07903e+006
# binary (3532): 
     99.0036	      0.0000
     99.0045	      0.0000
     99.0055	      0.0000
     99.0064	      0.0000
    100.0044	      0.0000
    100.0053	      0.0000
    100.0063	      0.0000
    100.0072	      0.0000
    100.0082	      0.0000
    100.0091	      0.0000
    100.0101	      0.0000
    100.0110	      0.0000
    100.0120	      0.0000
    100.0129	      0.0000
    100.0139	      0.0000
    100.0148	      0.0000
    100.0158	      0.0000
    100.0357	      0.0000
    100.0367	      0.0000
    100.0376	      0.0000
    100.0386	      0.0000
    100.0395	      0.0000
    100.0405	      0.0000
    100.0414	      0.0000
    100.0424	      0.0000
    100.0433	      0.0000
    100.0443	      0.0000
    100.0452	      0.0000
    100.0461	      0.0000
    100.0471	      0.0000
    100.0480	      0.0000
    100.0490	      0.0000
    100.0499	      0.0000
    100.0509	      0.0000
    100.0518	      0.0000
    100.0528	      0.0000
    100.0537	      0.0000
    100.0547	      0.0000
    100.0737	      0.0000
    100.0746	      0.0000
    100.0756	      0.0000
    100.0765	      0.0000
    100.0775	      0.0000
    100.0784	      0.0000
    100.0794	      0.0000
    100.0803	      0.0000
    100.0813	      0.0000
    100.0822	      0.0000
    100.0832	      0.0000
    100.0841	      0.0000
    100.0851	      0.0000
    100.0860	      0.0000
    100.0870	      0.0000
    100.0879	      0.0000
    100.0889	      0.0000
    100.0898	      0.0000
    100.0908	      0.0000
    101.0175	      0.0000
    101.0185	      0.0000
    101.0195	      0.0000
    101.0204	      0.0000
    101.0214	    466.9459
    101.0224	   1177.0938
    101.0233	   1689.7893
    101.0243	   1624.0256
    101.0253	   1035.5846
    101.0262	      0.0000
    101.0272	      0.0000
    101.0281	      0.0000
    101.0291	      0.0000
    104.1390	      0.0000
    104.1400	      0.0000
    104.1410	      0.0000
    104.1421	      0.0000
    104.1431	    678.5981
    104.1441	   1144.3019
    104.1451	   1379.9188
    104.1461	   1240.9963
    104.1471	    805.0829
    104.1481	      0.0000
    104.1491	      0.0000
    104.1501	      0.0000
    104.1511	      0.0000
    107.5628	      0.0000
    107.5639	      0.0000
    107.5650	      0.0000
    107.5660	      0.0000
    107.5671	      0.0000
    107.5681	      0.0000
    107.5692	      0.0000
    107.5703	      0.0000
    107.5713	      0.0000
    107.5724	      0.0000
    107.5734	      0.0000
    107.5745	      0.0000
    107.5755	      0.0000
    109.0208	      0.0000
    109.0219	      0.0000
    109.0230	      0.0000
    109.0241	      0.0000
    109.0251	    491.5912
    109.0262	   2397.5747
    109.0273	   5387.5596
    109.0284	   8618.7471
    109.0295	   8899.1504
    109.0305	   5781.0464
    109.0316	   2770.7676
    109.0327	    833.9819
    109.0340	      0.0000
    109.0351	      0.0000
    109.0361	      0.0000
    109.0372	      0.0000
    110.0628	      0.0000
    110.0639	      0.0000
    110.0650	      0.0000
    110.0661	      0.0000
    110.0672	    318.7273
    110.0683	   1473.9149
    110.0694	   5093.4839
    110.0705	   9930.4365
    110.0716	  14797.0146
    110.0727	  13785.2500
    110.0738	   8449.7051
    110.0749	   3554.0745
    110.0760	    465.6257
    110.0769	      0.0000
    110.0779	      0.0000
    110.0790	      0.0000
    110.0801	      0.0000
    111.0373	      0.0000
    111.0384	      0.0000
    111.0395	      0.0000
    111.0406	      0.0000
    111.0417	    453.6852
    111.0428	   1137.8137
    111.0439	   1773.1200
    111.0450	   1904.0757
    111.0461	   1419.5842
    111.0472	    691.4504
    111.0483	      0.0000
    111.0494	      0.0000
    111.0505	      0.0000
    111.0517	      0.0000
    113.6013	      0.0000
    113.6024	      0.0000
    113.6035	      0.0000
    113.6047	      0.0000
    113.6058	      0.0000
    113.6070	      0.0000
    113.6081	      0.0000
    113.6093	      0.0000
    113.6104	      0.0000
    113.6120	      0.0000
    113.6132	      0.0000
    113.6143	      0.0000
    113.6155	      0.0000
    115.0288	      0.0000
    115.0300	      0.0000
    115.0312	      0.0000
    115.0323	      0.0000
    115.0335	    776.6969
    115.0347	   1619.1454
    115.0358	   3903.2305
    115.0370	  10992.1914
    115.0382	  20824.3262
    115.0393	  30758.5781
    115.0405	  28896.1250
    115.0417	  17805.3164
    115.0429	   7515.9023
    115.0440	    987.9755
    115.0449	      0.0000
    115.0461	      0.0000
    115.0472	      0.0000
    115.0484	      0.0000
    126.0414	      0.0000
    126.0428	      0.0000
    126.0441	      0.0000
    126.0455	      0.0000
    126.0468	    499.5807
    126.0481	   1131.6826
    126.0495	   2068.1604
    126.0508	   5649.7529
    126.0522	  17767.6465
    126.0535	  37211.6289
    126.0549	  58278.1680
    126.0562	  61004.5898
    126.0575	  40152.1641
    126.0589	  19830.1523
    126.0602	   4496.7065
    126.0616	    124.6511
    126.0630	      0.0000
    126.0644	      0.0000
    126.0657	      0.0000
    126.0671	      0.0000
    127.0230	      0.0000
    127.0244	      0.0000
    127.0258	      0.0000
    127.0271	      0.0000
    127.0285	      0.0000
    127.0298	   1440.4352
    127.0312	   1521.8156
    127.0325	   2808.0520
    127.0339	   4670.7808
    127.0353	  11684.2617
    127.0366	  34102.9023
    127.0380	  63220.8867
    127.0393	  91309.7813
    127.0407	  82356.4219
    127.0421	  50273.9727
    127.0434	  20492.2148
    127.0448	   3509.5564
    127.0461	      0.0000
    127.0471	      0.0000
    127.0485	      0.0000
    127.0498	      0.0000
    127.0512	      0.0000
    127.0525	      0.0000
    127.0539	      0.0000
    127.0553	    709.7914
    127.0566	   1138.2489
    127.0580	   1839.5657
    127.0593	   2133.1665
    127.0607	   1697.5326
    127.0621	    908.5446
    127.0634	      0.0000
    127.0648	      0.0000
    127.0661	      0.0000
    127.0675	      0.0000
    128.0322	      0.0000
    128.0335	      0.0000
    128.0349	      0.0000
    128.0363	      0.0000
    128.0377	    454.2914
    128.0390	   1412.3405
    128.0404	   3849.6687
    128.0418	   6136.7280
    128.0432	   6307.2271
    128.0445	   4055.4885
    128.0459	   1521.4933
    128.0473	    491.6124
    128.0486	      0.0000
    128.0500	      0.0000
    128.0514	      0.0000
    128.0528	      0.0000
    129.0454	      0.0000
    129.0468	      0.0000
    129.0482	      0.0000
    129.0496	      0.0000
    129.0509	    550.9805
    129.0523	   1362.8175
    129.0537	   2280.5576
    129.0551	   2725.4126
    129.0565	   2381.1995
    129.0579	   1498.5103
    129.0593	    646.4097
    129.0607	      0.0000
    129.0620	      0.0000
    129.0634	      0.0000
    129.0648	      0.0000
    131.8246	      0.0000
    131.8260	      0.0000
    131.8275	      0.0000
    131.8289	      0.0000
    131.8303	    817.4853
    131.8318	   1251.5052
    131.8332	   1429.3503
    131.8346	   1212.1003
    131.8361	    716.4822
    131.8375	      0.0000
    131.8389	      0.0000
    131.8404	      0.0000
    131.8418	      0.0000
    133.0403	      0.0000
    133.0418	      0.0000
    133.0432	      0.0000
    133.0447	      0.0000
    133.0461	    732.8452
    133.0476	   1614.9274
    133.0490	   2390.5010
    133.0505	   2522.1919
    133.0520	   1903.8589
    133.0534	    970.4662
    133.0550	      0.0000
    133.0565	      0.0000
    133.0580	      0.0000
    133.0594	      0.0000
    138.0387	      0.0000
    138.0402	      0.0000
    138.0417	      0.0000
    138.0433	      0.0000
    138.0448	    500.6220
    138.0464	   2358.4883
    138.0479	   4103.8369
    138.0494	  10325.0400
    138.0510	  31568.5098
    138.0525	  81620.6563
    138.0540	 136132.5156
    138.0556	 167054.7344
    138.0571	 123903.6797
    138.0587	  69826.0391
    138.0602	  20538.2969
    138.0617	   3722.7612
    138.0633	    799.4782
    138.0644	      0.0000
    138.0660	      0.0000
    138.0675	      0.0000
    138.0690	      0.0000
    139.0468	      0.0000
    139.0483	      0.0000
    139.0499	      0.0000
    139.0514	      0.0000
    139.0530	    530.0249
    139.0546	   3088.7117
    139.0561	   7000.5093
    139.0577	  11146.4824
    139.0592	  11497.9600
    139.0608	   7477.8960
    139.0623	   3608.0486
    139.0639	    804.8651
    139.0658	      0.0000
    139.0674	      0.0000
    139.0689	      0.0000
    139.0705	      0.0000
    144.0525	      0.0000
    144.0542	      0.0000
    144.0558	      0.0000
    144.0574	      0.0000
    144.0591	    542.7212
    144.0607	   1309.0317
    144.0624	   4493.6655
    144.0640	   8507.6768
    144.0656	  12086.0762
    144.0673	  10388.0723
    144.0689	   6131.9282
    144.0706	   2161.0513
    144.0722	    316.1955
    144.0737	      0.0000
    144.0753	      0.0000
    144.0769	      0.0000
    144.0786	      0.0000
    145.0298	      0.0000
    145.0314	      0.0000
    145.0331	      0.0000
    145.0348	      0.0000
    145.0364	    347.5470
    145.0381	   1684.8198
    145.0397	   1283.5901
    145.0416	   1539.2148
    145.0433	   2700.6992
    145.0450	   7547.2202
    145.0466	  21849.6035
    145.0483	  37757.7305
    145.0499	  49879.4922
    145.0516	  39681.2148
    145.0532	  23333.9277
    145.0549	   7750.1895
    145.0566	   1568.3412
    145.0582	    420.4481
    145.0596	      0.0000
    145.0613	      0.0000
    145.0629	      0.0000
    145.0646	      0.0000
    156.0549	      0.0000
    156.0568	      0.0000
    156.0586	      0.0000
    156.0605	      0.0000
    156.0623	    634.5543
    156.0642	   1161.2311
    156.0660	   1389.2532
    156.0679	   1083.4216
    156.0697	    477.0584
    156.0717	      0.0000
    156.0735	    444.6770
    156.0754	   1146.1705
    156.0772	   1637.2881
    156.0791	   1519.2028
    156.0809	    931.4970
    156.0827	      0.0000
    156.0846	      0.0000
    156.0864	      0.0000
    156.0883	      0.0000
    163.0377	      0.0000
    163.0397	      0.0000
    163.0417	      0.0000
    163.0437	      0.0000
    163.0456	    686.4047
    163.0476	   2097.3193
    163.0496	   1150.6810
    163.0520	   1483.0944
    163.0539	   3742.9001
    163.0559	  11856.6299
    163.0579	  23438.4551
    163.0599	  35444.8477
    163.0618	  34270.1602
    163.0638	  21467.5898
    163.0658	   9535.8799
    163.0678	   1879.0901
    163.0697	      0.0000
    163.0713	      0.0000
    163.0733	      0.0000
    163.0752	      0.0000
    163.0772	      0.0000
    164.0515	      0.0000
    164.0535	      0.0000
    164.0555	      0.0000
    164.0575	      0.0000
    164.0594	   1085.5209
    164.0614	   2000.0593
    164.0634	   2505.7029
    164.0654	   2206.9509
    164.0674	   1319.3445
    164.0694	    460.9198
    164.0715	      0.0000
    164.0735	      0.0000
    164.0755	      0.0000
    164.0774	      0.0000
    167.0784	      0.0000
    167.0805	      0.0000
    167.0825	      0.0000
    167.0846	      0.0000
    167.0866	    734.2748
    167.0887	   2004.3833
    167.0907	   4863.8037
    167.0928	   6620.8154
    167.0948	   5431.4072
    167.0969	   3115.6113
    167.0989	   1186.7196
    167.1010	    426.8965
    167.1033	      0.0000
    167.1053	      0.0000
    167.1074	      0.0000
    167.1094	      0.0000
    168.0457	      0.0000
    168.0477	      0.0000
    168.0498	      0.0000
    168.0519	      0.0000
    168.0539	    570.8018
    168.0560	   1603.4357
    168.0581	   4573.1055
    168.0601	  14717.7783
    168.0622	  36673.2422
    168.0643	  60753.1758
    168.0663	  72095.3125
    168.0684	  51947.9961
    168.0705	  28409.0273
    168.0725	   8140.0293
    168.0746	   1819.5400
    168.0767	   1088.1802
    168.0794	      0.0000
    168.0815	      0.0000
    168.0835	      0.0000
    168.0856	      0.0000
    169.0530	      0.0000
    169.0551	      0.0000
    169.0572	      0.0000
    169.0593	      0.0000
    169.0614	    443.2793
    169.0634	   1381.3533
    169.0655	   3990.5938
    169.0676	   7097.9487
    169.0697	   9792.3564
    169.0718	   8235.5391
    169.0739	   4751.8545
    169.0759	   1495.4744
    169.0780	      0.0000
    169.0792	      0.0000
    169.0813	      0.0000
    169.0834	      0.0000
    169.0854	      0.0000
    181.0954	      0.0000
    181.0977	      0.0000
    181.1000	      0.0000
    181.1023	      0.0000
    181.1046	    479.6178
    181.1069	   1124.7100
    181.1092	   1585.7896
    181.1115	   1519.1442
    181.1139	    963.0762
    181.1168	      0.0000
    181.1192	      0.0000
    181.1215	      0.0000
    181.1238	      0.0000
    186.0547	      0.0000
    186.0571	      0.0000
    186.0595	      0.0000
    186.0619	      0.0000
    186.0643	    905.8497
    186.0667	   1827.8179
    186.0691	   5255.3076
    186.0715	  15996.3721
    186.0739	  29850.5605
    186.0763	  43314.3203
    186.0787	  39148.2109
    186.0811	  23903.2520
    186.0835	   9780.6738
    186.0860	   1736.8948
    186.0884	      0.0000
    186.0902	      0.0000
    186.0926	      0.0000
    186.0950	      0.0000
    186.0974	      0.0000
    204.0534	      0.0000
    204.0561	      0.0000
    204.0589	      0.0000
    204.0616	      0.0000
    204.0644	      0.0000
    204.0672	      0.0000
    204.0699	      0.0000
    204.0731	   3368.1033
    204.0759	   6000.2319
    204.0786	  17221.7754
    204.0814	  52642.1602
    204.0842	  95016.8047
    204.0869	 131908.5000
    204.0897	 111419.2344
    204.0925	  66612.6641
    204.0952	  24986.0488
    204.0980	   5529.0181
    204.1008	   1078.1765
    204.1037	      0.0000
    204.1065	      0.0000
    204.1093	      0.0000
    204.1120	      0.0000
    205.0697	      0.0000
    205.0725	      0.0000
    205.0752	      0.0000
    205.0780	      0.0000
    205.0808	    903.0052
    205.0836	   3003.4612
    205.0864	   7026.7139
    205.0892	  11413.9082
    205.0920	  12965.8984
    205.0947	   8991.0010
    205.0975	   4708.2407
    205.1003	   1011.5209
    205.1025	      0.0000
    205.1053	      0.0000
    205.1081	      0.0000
    205.1108	      0.0000
    225.0783	      0.0000
    225.0815	      0.0000
    225.0847	      0.0000
    225.0879	      0.0000
    225.0911	      0.0000
    225.0943	      0.0000
    225.0975	      0.0000
    225.1007	      0.0000
    225.1039	      0.0000
    225.1072	      0.0000
    225.1104	      0.0000
    225.1136	      0.0000
    225.1168	      0.0000
    237.0782	      0.0000
    237.0817	      0.0000
    237.0851	      0.0000
    237.0886	      0.0000
    237.0920	    837.6324
    237.0955	   1309.5231
    237.0990	   1505.5437
    237.1024	   1281.3728
    237.1059	    768.0751
    237.1093	      0.0000
    237.1128	      0.0000
    237.1163	      0.0000
    237.1197	      0.0000
    239.0712	      0.0000
    239.0747	      0.0000
    239.0782	      0.0000
    239.0817	      0.0000
    239.0853	    542.7421
    239.0888	   1443.4159
    239.0923	   2359.3506
    239.0958	   2646.2048
    239.0993	   2074.8269
    239.1028	   1082.5740
    239.1063	      0.0000
    239.1098	      0.0000
    239.1133	      0.0000
    239.1168	      0.0000
    240.0737	      0.0000
    240.0772	      0.0000
    240.0807	      0.0000
    240.0842	      0.0000
    240.0878	    744.8143
    240.0913	   1309.7002
    240.0948	   1645.5347
    240.0984	   1500.8955
    240.1019	    960.7039
    240.1054	      0.0000
    240.1089	      0.0000
    240.1125	      0.0000
    240.1160	      0.0000
    241.0469	      0.0000
    241.0504	      0.0000
    241.0540	      0.0000
    241.0575	      0.0000
    241.0611	    452.7772
    241.0646	   1246.7709
    241.0682	   2100.2202
    241.0717	   2420.8896
    241.0753	   1918.7019
    241.0789	    989.5569
    241.0825	      0.0000
    241.0861	      0.0000
    241.0896	      0.0000
    241.0932	      0.0000
    266.4914	      0.0000
    266.4955	      0.0000
    266.4997	      0.0000
    266.5038	      0.0000
    266.5079	    676.6003
    266.5120	   1222.2673
    266.5162	   1459.4518
    266.5203	   1222.7477
    266.5244	    691.2132
    266.5288	      0.0000
    266.5329	      0.0000
    266.5371	      0.0000
    266.5412	      0.0000
    321.2175	      0.0000
    321.2229	      0.0000
    321.2284	      0.0000
    321.2338	      0.0000
    321.2393	    955.9061
    321.2448	   1437.7836
    321.2502	   1530.2074
    321.2557	   1163.6707
    321.2611	    590.1557
    321.2666	      0.0000
    321.2721	      0.0000
    321.2775	      0.0000
    321.2830	      0.0000
    325.1189	      0.0000
    325.1244	      0.0000
    325.1300	      0.0000
    325.1355	      0.0000
    325.1411	    604.1804
    325.1467	   1459.9581
    325.1522	   4072.6191
    325.1578	   6926.7993
    325.1633	   8227.2881
    325.1689	   5788.2329
    325.1745	   3001.7932
    325.1800	    644.4418
    325.1868	      0.0000
    325.1923	      0.0000
    325.1979	      0.0000
    325.2034	      0.0000
    353.1079	      0.0000
    353.1142	      0.0000
    353.1205	      0.0000
    353.1268	      0.0000
    353.1330	    573.6713
    353.1393	   1736.7789
    353.1456	   5725.4321
    353.1519	  10229.5146
    353.1582	  13666.3770
    353.1645	  10729.0830
    353.1708	   6132.8184
    353.1771	   1734.4866
    353.1834	    210.1396
    353.1894	      0.0000
    353.1957	      0.0000
    353.2020	      0.0000
    353.2083	      0.0000
    366.0865	      0.0000
    366.0931	      0.0000
    366.0997	      0.0000
    366.1064	      0.0000
    366.1130	    629.5210
    366.1197	   3039.2778
    366.1263	  10213.0527
    366.1330	  18486.5938
    366.1396	  25518.8125
    366.1463	  21230.3301
    366.1529	  12640.2715
    366.1595	   4547.6606
    366.1662	   1082.7925
    366.1722	      0.0000
    366.1789	      0.0000
    366.1855	      0.0000
    366.1922	      0.0000
    367.0978	      0.0000
    367.1045	      0.0000
    367.1111	      0.0000
    367.1178	      0.0000
    367.1245	    365.3663
    367.1312	   1148.3796
    367.1378	   2012.6143
    367.1445	   2341.9263
    367.1512	   1868.5448
    367.1579	    958.3931
    367.1645	      0.0000
    367.1712	      0.0000
    367.1779	      0.0000
    367.1845	      0.0000
    384.1055	      0.0000
    384.1127	      0.0000
    384.1198	      0.0000
    384.1270	      0.0000
    384.1341	    624.4832
    384.1413	   1236.6542
    384.1484	   1609.8127
    384.1555	   1479.3640
    384.1627	    933.6940
    384.1698	      0.0000
    384.1770	      0.0000
    384.1841	      0.0000
    384.1912	      0.0000
    386.2063	      0.0000
    386.2135	      0.0000
    386.2207	      0.0000
    386.2279	      0.0000
    386.2351	    629.3152
    386.2423	   1321.1490
    386.2495	   1748.0573
    386.2567	   1579.7437
    386.2639	    956.7217
    386.2711	      0.0000
    386.2783	      0.0000
    386.2855	      0.0000
    386.2927	      0.0000
    390.0503	      0.0000
    390.0576	      0.0000
    390.0649	      0.0000
    390.0722	      0.0000
    390.0795	    513.0217
    390.0869	   1145.4055
    390.0942	   1616.4689
    390.1015	   1642.4735
    390.1088	   1247.1182
    390.1161	    686.3449
    390.1236	      0.0000
    390.1309	      0.0000
    390.1382	      0.0000
    390.1455	      0.0000
    396.4412	      0.0000
    396.4487	      0.0000
    396.4561	      0.0000
    396.4636	      0.0000
    396.4711	   1084.4845
    396.4786	   1499.3011
    396.4861	   1557.4910
    396.4936	   1199.6494
    396.5011	    616.0291
    396.5085	      0.0000
    396.5160	      0.0000
    396.5235	      0.0000
    396.5310	      0.0000
    422.1235	      0.0000
    422.1317	      0.0000
    422.1399	      0.0000
    422.1482	      0.0000
    422.1564	    453.6401
    422.1646	   1192.2213
    422.1728	   1910.2368
    422.1811	   2141.9678
    422.1893	   1696.3529
    422.1975	    898.9950
    422.2075	      0.0000
    422.2158	      0.0000
    422.2240	      0.0000
    422.2322	      0.0000
    440.1210	      0.0000
    440.1298	      0.0000
    440.1386	      0.0000
    440.1473	      0.0000
    440.1561	    599.0140
    440.1648	   2004.8962
    440.1736	   5940.5537
    440.1824	  10164.0547
    440.1911	  13202.2861
    440.1999	  10150.1084
    440.2086	   5721.3887
    440.2174	   1529.6545
    440.2262	      0.0000
    440.2334	      0.0000
    440.2421	      0.0000
    440.2509	      0.0000
    440.2596	      0.0000
    441.1284	      0.0000
    441.1372	      0.0000
    441.1460	      0.0000
    441.1548	      0.0000
    441.1635	    419.1017
    441.1723	   1272.2218
    441.1811	   2392.2810
    441.1899	   3176.0930
    441.1987	   3097.4277
    441.2075	   2208.8547
    441.2163	   1111.0084
    441.2251	    389.3297
    441.2341	      0.0000
    441.2429	      0.0000
    441.2517	      0.0000
    441.2605	      0.0000
    490.5783	      0.0000
    490.5886	      0.0000
    490.5989	      0.0000
    490.6092	      0.0000
    490.6196	    682.3104
    490.6299	   1269.7719
    490.6402	   1532.3010
    490.6505	   1246.7783
    490.6608	    607.0688
    490.6711	      0.0000
    490.6814	      0.0000
    490.6917	      0.0000
    490.7020	      0.0000
    495.5213	      0.0000
    495.5318	      0.0000
    495.5422	      0.0000
    495.5527	      0.0000
    495.5632	    969.4595
    495.5736	   1546.3672
    495.5841	   1855.2070
    495.5946	   1641.6193
    495.6050	   1005.1218
    495.6155	      0.0000
    495.6260	      0.0000
    495.6364	      0.0000
    495.6469	      0.0000
    501.6672	      0.0000
    501.6779	      0.0000
    501.6886	      0.0000
    501.6992	      0.0000
    501.7099	    623.0578
    501.7205	   1237.2715
    501.7312	   1567.3123
    501.7419	   1366.9312
    501.7525	    780.4265
    501.7634	      0.0000
    501.7741	      0.0000
    501.7848	      0.0000
    501.7954	      0.0000
    528.1211	      0.0000
    528.1327	      0.0000
    528.1442	      0.0000
    528.1557	      0.0000
    528.1672	    631.8407
    528.1787	   1432.7628
    528.1902	   1934.4490
    528.2017	   1750.6833
    528.2133	   1046.5083
    528.2248	      0.0000
    528.2363	      0.0000
    528.2478	      0.0000
    528.2593	      0.0000
    535.1789	      0.0000
    535.1907	      0.0000
    535.2024	      0.0000
    535.2142	      0.0000
    535.2259	    618.6659
    535.2377	   2230.6072
    535.2494	   4532.4116
    535.2612	   6576.8652
    535.2729	   5642.3696
    535.2846	   3222.2573
    535.2964	   1218.3518
    535.3081	    430.7729
    535.3199	      0.0000
    535.3317	      0.0000
    535.3434	      0.0000
    535.3552	      0.0000
    553.1773	      0.0000
    553.1896	      0.0000
    553.2019	      0.0000
    553.2143	      0.0000
    553.2266	    566.7681
    553.2390	   1189.5664
    553.2513	   3505.9363
    553.2637	   5969.5796
    553.2760	   6655.7905
    553.2884	   4445.7212
    553.3007	   2116.1448
    553.3130	    563.8517
    553.3254	      0.0000
    553.3378	      0.0000
    553.3501	      0.0000
    553.3625	      0.0000
    562.8544	      0.0000
    562.8670	      0.0000
    562.8797	      0.0000
    562.8924	      0.0000
    562.9050	    560.2352
    562.9177	   1690.8364
    562.9304	   3039.9890
    562.9430	   5204.7813
    562.9557	   2980.3369
    562.9684	   1640.0103
    562.9810	    545.4105
    562.9937	      0.0000
    563.0064	      0.0000
    563.0191	      0.0000
    563.0318	      0.0000
    606.1806	      0.0000
    606.1948	      0.0000
    606.2089	      0.0000
    606.2231	      0.0000
    606.2372	    800.2979
    606.2514	   1737.2994
    606.2656	   2656.5457
    606.2797	   3025.6328
    606.2939	   2615.1189
    606.3080	   1696.1687
    606.3222	    792.3598
    606.3364	      0.0000
    606.3505	      0.0000
    606.3647	      0.0000
    606.3789	      0.0000
    610.2069	      0.0000
    610.2212	      0.0000
    610.2355	      0.0000
    610.2498	      0.0000
    610.2641	    811.6401
    610.2784	   1566.1002
    610.2927	   1911.1823
    610.3070	   1603.2056
    610.3213	    899.6729
    610.3356	      0.0000
    610.3499	      0.0000
    610.3642	      0.0000
    610.3785	      0.0000
    615.6765	      0.0000
    615.6910	      0.0000
    615.7055	      0.0000
    615.7200	      0.0000
    615.7345	    583.0483
    615.7490	   1612.0034
    615.7635	   2662.4851
    615.7780	   3029.1279
    615.7925	   2412.3147
    615.8070	   1278.5974
    615.8215	    446.5872
    615.8360	      0.0000
    615.8505	      0.0000
    615.8650	      0.0000
    615.8795	      0.0000
    620.1933	      0.0000
    620.2079	      0.0000
    620.2226	      0.0000
    620.2372	      0.0000
    620.2519	   1146.8711
    620.2665	   2054.5317
    620.2812	   2393.2756
    620.2958	   1946.1136
    620.3105	   1095.9941
    620.3252	      0.0000
    620.3398	      0.0000
    620.3545	      0.0000
    620.3691	      0.0000
    620.4424	      0.0000
    620.4571	      0.0000
    620.4717	      0.0000
    620.4864	      0.0000
    620.5011	    743.7468
    620.5157	   1454.0149
    620.5304	   1859.9111
    620.5450	   1638.4980
    620.5597	    948.2625
    620.5744	      0.0000
    620.5890	      0.0000
    620.6037	      0.0000
    620.6184	      0.0000
    623.6948	      0.0000
    623.7096	      0.0000
    623.7243	      0.0000
    623.7391	      0.0000
    623.7539	   1131.6349
    623.7687	   2080.7932
    623.7834	   2567.4551
    623.7982	   2242.5425
    623.8130	   1365.0862
    623.8278	    585.9808
    623.8426	      0.0000
    623.8573	      0.0000
    623.8721	      0.0000
    623.8869	      0.0000
    623.9460	      0.0000
    623.9608	      0.0000
    623.9756	      0.0000
    623.9904	      0.0000
    624.0052	   1181.0479
    624.0200	   1846.2513
    624.0347	   2043.0358
    624.0495	   1607.6592
    624.0643	    855.5264
    624.0791	      0.0000
    624.0939	      0.0000
    624.1087	      0.0000
    624.1235	      0.0000
    631.1783	      0.0000
    631.1933	      0.0000
    631.2083	      0.0000
    631.2234	      0.0000
    631.2384	    678.2547
    631.2535	   1590.2142
    631.2685	   2326.2837
    631.2836	   2301.6138
    631.2986	   1524.8696
    631.3136	    586.4230
    631.3287	      0.0000
    631.3437	      0.0000
    631.3588	      0.0000
    631.3738	      0.0000
    631.4190	      0.0000
    631.4340	      0.0000
    631.4491	      0.0000
    631.4641	      0.0000
    631.4792	    478.8512
    631.4942	   1420.4631
    631.5093	   2649.1091
    631.5243	   3418.7280
    631.5394	   3167.8811
    631.5544	   2090.0957
    631.5695	    941.2980
    631.5846	      0.0000
    631.5996	      0.0000
    631.6147	      0.0000
    631.6297	      0.0000
    639.2109	      0.0000
    639.2262	      0.0000
    639.2416	      0.0000
    639.2569	      0.0000
    639.2722	    906.2042
    639.2876	   1636.6987
    639.3029	   1955.2339
    639.3182	   1623.7301
    639.3335	    898.8933
    639.3489	      0.0000
    639.3642	      0.0000
    639.3796	      0.0000
    639.3949	      0.0000
    642.4422	      0.0000
    642.4577	      0.0000
    642.4731	      0.0000
    642.4886	      0.0000
    642.5040	    668.3262
    642.5195	   1492.2323
    642.5349	   2022.8457
    642.5504	   1806.1138
    642.5658	   1007.0479
    642.5813	      0.0000
    642.5967	      0.0000
    642.6122	      0.0000
    642.6276	      0.0000
    645.2004	      0.0000
    645.2159	      0.0000
    645.2315	      0.0000
    645.2470	      0.0000
    645.2626	    513.9957
    645.2781	   1272.4099
    645.2937	   1957.0117
    645.3092	   2031.4797
    645.3248	   1470.4412
    645.3403	    708.5879
    645.3559	      0.0000
    645.3714	      0.0000
    645.3870	      0.0000
    645.4025	      0.0000
    653.9787	      0.0000
    653.9946	      0.0000
    654.0105	      0.0000
    654.0263	      0.0000
    654.0422	    843.8829
    654.0580	   1407.8871
    654.0739	   1726.5887
    654.0898	   1609.0992
    654.1057	   1137.2593
    654.1215	      0.0000
    654.1374	      0.0000
    654.1533	      0.0000
    654.1691	      0.0000
    656.6041	      0.0000
    656.6200	      0.0000
    656.6360	      0.0000
    656.6520	      0.0000
    656.6679	      0.0000
    656.6839	      0.0000
    656.6998	      0.0000
    656.7188	   2212.8782
    656.7348	   4413.5454
    656.7508	  12704.5176
    656.7667	  29970.0938
    656.7827	  48790.3164
    656.7987	  56213.2773
    656.8146	  39420.6875
    656.8306	  20818.6211
    656.8466	   5318.7896
    656.8625	    654.6582
    656.8777	      0.0000
    656.8936	      0.0000
    656.9096	      0.0000
    656.9256	      0.0000
    656.9415	      0.0000
    656.9575	      0.0000
    656.9735	   1140.8345
    656.9895	   3848.3496
    657.0054	  12506.8857
    657.0214	  25081.5723
    657.0374	  38108.5898
    657.0534	  36873.7422
    657.0693	  23264.9590
    657.0853	  10596.5059
    657.1013	   2246.7673
    657.1173	    134.2064
    657.1310	      0.0000
    657.1470	      0.0000
    657.1630	      0.0000
    657.1790	      0.0000
    657.1950	      0.0000
    657.2109	      0.0000
    657.2269	      0.0000
    657.2429	    365.9052
    657.2589	   1239.7694
    657.2749	   2257.5129
    657.2909	   2753.2732
    657.3068	   2381.0452
    657.3228	   1448.5714
    657.3388	    557.2097
    657.3548	      0.0000
    657.3708	      0.0000
    657.3868	      0.0000
    657.4028	      0.0000
    660.6765	      0.0000
    660.6927	      0.0000
    660.7088	      0.0000
    660.7249	      0.0000
    660.7410	    331.3234
    660.7571	   1269.4176
    660.7732	   2565.8472
    660.7893	   3339.7065
    660.8054	   2983.6287
    660.8215	   1789.6757
    660.8377	    644.5681
    660.8538	      0.0000
    660.8699	      0.0000
    660.8860	      0.0000
    660.9021	      0.0000
    660.9343	      0.0000
    660.9505	      0.0000
    660.9666	      0.0000
    660.9827	      0.0000
    660.9988	    824.3537
    661.0149	   1979.1354
    661.0311	   3054.7317
    661.0472	   3286.1638
    661.0633	   2509.8533
    661.0794	   1325.3356
    661.0955	    454.5076
    661.1158	      0.0000
    661.1319	      0.0000
    661.1480	      0.0000
    661.1641	      0.0000
    667.6455	      0.0000
    667.6618	      0.0000
    667.6782	      0.0000
    667.6946	      0.0000
    667.7109	    705.2221
    667.7273	   1940.6936
    667.7437	   5666.9351
    667.7600	  16269.5742
    667.7764	  28076.4980
    667.7928	  36908.9961
    667.8091	  28887.2617
    667.8255	  16752.5430
    667.8419	   5074.0220
    667.8583	    580.5941
    667.8737	      0.0000
    667.8901	      0.0000
    667.9065	      0.0000
    667.9229	      0.0000
    667.9392	      0.0000
    667.9556	      0.0000
    667.9720	    843.7418
    667.9883	   3062.9006
    668.0047	   9376.3271
    668.0211	  17739.0059
    668.0375	  26049.0176
    668.0539	  23584.2793
    668.0702	  14407.7383
    668.0866	   5931.2705
    668.1030	   1094.5024
    668.1162	      0.0000
    668.1326	      0.0000
    668.1489	      0.0000
    668.1653	      0.0000
    668.1817	      0.0000
    668.1981	      0.0000
    668.2145	      0.0000
    668.2309	    742.4706
    668.2472	   1876.6315
    668.2636	   4738.6929
    668.2800	   7060.6479
    668.2964	   6457.3994
    668.3128	   3850.9763
    668.3292	   1486.2803
    668.3456	    746.2188
    668.3620	      0.0000
    668.3784	      0.0000
    668.3948	      0.0000
    668.4112	      0.0000
    675.1993	      0.0000
    675.2160	      0.0000
    675.2326	      0.0000
    675.2493	      0.0000
    675.2659	   1223.2708
    675.2826	   3874.6353
    675.2992	   6296.3125
    675.3158	   7537.6909
    675.3325	   5790.7100
    675.3491	   3226.0049
    675.3658	   1336.9132
    675.3824	    574.3868
    675.4068	      0.0000
    675.4234	      0.0000
    675.4401	      0.0000
    675.4567	      0.0000
    675.4734	      0.0000
    675.4901	      0.0000
    675.5067	    517.3090
    675.5234	   2345.8572
    675.5400	   5591.7563
    675.5567	   9105.6797
    675.5733	  11078.7168
    675.5900	   8190.7231
    675.6066	   4411.7876
    675.6233	    727.9654
    675.6322	      0.0000
    675.6489	      0.0000
    675.6656	      0.0000
    675.6822	      0.0000
    675.6989	      0.0000
    675.7155	      0.0000
    675.7322	      0.0000
    675.7489	      0.0000
    675.7655	    569.0606
    675.7822	   1764.0692
    675.7988	   4641.0479
    675.8155	   5826.8535
    675.8322	   4314.2300
    675.8488	   1883.7771
    675.8655	    699.7993
    675.8822	      0.0000
    675.8989	      0.0000
    675.9155	      0.0000
    675.9322	      0.0000
    698.7120	      0.0000
    698.7295	      0.0000
    698.7470	      0.0000
    698.7645	      0.0000
    698.7820	    683.4981
    698.7996	   1341.5955
    698.8171	   1697.9418
    698.8346	   1470.2725
    698.8521	    824.8806
    698.8697	      0.0000
    698.8872	      0.0000
    698.9047	      0.0000
    698.9222	      0.0000
    701.1358	      0.0000
    701.1534	      0.0000
    701.1710	      0.0000
    701.1887	      0.0000
    701.2063	    907.3734
    701.2239	   1744.6259
    701.2415	   2406.3760
    701.2591	   2485.3589
    701.2767	   2029.9586
    701.2943	   1402.2061
    701.3120	    870.6253
    701.3296	      0.0000
    701.3472	      0.0000
    701.3648	      0.0000
    701.3824	      0.0000
    703.0769	      0.0000
    703.0946	      0.0000
    703.1123	      0.0000
    703.1300	      0.0000
    703.1477	    785.4982
    703.1654	   2576.6802
    703.1830	   5237.5688
    703.2007	   8006.6455
    703.2184	   7557.5073
    703.2361	   4559.5786
    703.2538	   1806.4734
    703.2715	    127.9526
    703.2892	      0.0000
    703.3069	      0.0000
    703.3246	      0.0000
    703.3423	      0.0000
    709.2355	      0.0000
    709.2534	      0.0000
    709.2713	      0.0000
    709.2892	      0.0000
    709.3071	    998.4630
    709.3250	   3677.9456
    709.3430	   6011.6294
    709.3609	   7329.1006
    709.3788	   5475.3184
    709.3967	   2994.4917
    709.4146	    555.4735
    709.4326	      0.0000
    709.4505	      0.0000
    709.4684	      0.0000
    709.4863	      0.0000
    710.2578	      0.0000
    710.2757	      0.0000
    710.2937	      0.0000
    710.3116	      0.0000
    710.3296	    909.3980
    710.3475	   1694.1737
    710.3655	   2064.4939
    710.3835	   1747.8979
    710.4014	    986.4916
    710.4194	      0.0000
    710.4374	      0.0000
    710.4553	      0.0000
    710.4733	      0.0000
    725.9543	      0.0000
    725.9728	      0.0000
    725.9914	      0.0000
    726.0099	      0.0000
    726.0285	    925.2862
    726.0470	   2417.5911
    726.0656	   4595.8350
    726.0841	   6310.0073
    726.1027	   5135.6621
    726.1213	   2957.5532
    726.1398	   1059.5313
    726.1628	      0.0000
    726.1814	      0.0000
    726.2000	      0.0000
    726.2185	      0.0000
    726.2371	      0.0000
    726.2557	      0.0000
    726.2742	    606.7856
    726.2928	   2846.7053
    726.3114	   6085.3096
    726.3299	   9442.1328
    726.3485	   9300.6816
    726.3671	   5772.0576
    726.3856	   2362.4841
    726.4042	     98.0533
    726.4183	      0.0000
    726.4369	      0.0000
    726.4554	      0.0000
    726.4740	      0.0000
    726.4926	      0.0000
    726.5112	      0.0000
    726.5297	   1186.1285
    726.5483	   3797.2256
    726.5669	   6489.7690
    726.5855	   8352.3311
    726.6041	   6511.7510
    726.6226	   3706.3120
    726.6412	    950.9047
    726.6598	      0.0000
    726.6784	      0.0000
    726.6970	      0.0000
    726.7155	      0.0000
    726.7341	      0.0000
    726.7527	      0.0000
    726.7713	    206.4213
    726.7899	   2494.7546
    726.8085	   5421.1484
    726.8270	   8444.4600
    726.8456	   8244.3096
    726.8642	   5159.5767
    726.8828	   2191.5161
    726.9014	    287.3985
    726.9200	      0.0000
    726.9386	      0.0000
    726.9572	      0.0000
    726.9758	      0.0000
    727.2175	      0.0000
    727.2361	      0.0000
    727.2547	      0.0000
    727.2733	      0.0000
    727.2919	   1047.8395
    727.3105	   1754.2185
    727.3291	   2178.8862
    727.3477	   2092.7041
    727.3664	   1555.8622
    727.3850	    862.9958
    727.4036	      0.0000
    727.4222	      0.0000
    727.4408	      0.0000
    727.4594	      0.0000
    730.2965	      0.0000
    730.3152	      0.0000
    730.3340	      0.0000
    730.3527	      0.0000
    730.3714	    735.8307
    730.3901	   1552.3572
    730.4089	   1923.9388
    730.4276	   1624.7888
    730.4463	    924.7366
    730.4650	      0.0000
    730.4838	      0.0000
    730.5025	      0.0000
    730.5212	      0.0000
    734.2059	      0.0000
    734.2247	      0.0000
    734.2436	      0.0000
    734.2625	      0.0000
    734.2814	    439.3102
    734.3002	   1258.4363
    734.3191	   2014.8610
    734.3380	   2164.1921
    734.3569	   1575.6328
    734.3757	    701.0946
    734.3946	      0.0000
    734.4135	      0.0000
    734.4324	      0.0000
    734.4513	      0.0000
    742.7526	      0.0000
    742.7718	      0.0000
    742.7910	      0.0000
    742.8102	      0.0000
    742.8294	    873.1295
    742.8486	   1426.5438
    742.8678	   1721.2804
    742.8870	   1524.7279
    742.9062	    943.2979
    742.9255	      0.0000
    742.9447	      0.0000
    742.9639	      0.0000
    742.9831	      0.0000
    763.2314	      0.0000
    763.2514	      0.0000
    763.2715	      0.0000
    763.2915	      0.0000
    763.3115	   1041.1169
    763.3315	   1932.4897
    763.3515	   2511.8010
    763.3715	   2384.5576
    763.3915	   1620.2285
    763.4115	    698.6478
    763.4315	      0.0000
    763.4515	      0.0000
    763.4715	      0.0000
    763.4915	      0.0000
    766.2404	      0.0000
    766.2605	      0.0000
    766.2806	      0.0000
    766.3007	      0.0000
    766.3209	    970.6521
    766.3410	   1851.3015
    766.3611	   2289.1406
    766.3812	   1969.0885
    766.4013	   1171.0868
    766.4215	      0.0000
    766.4416	      0.0000
    766.4617	      0.0000
    766.4819	      0.0000
    766.7235	      0.0000
    766.7436	      0.0000
    766.7637	      0.0000
    766.7839	      0.0000
    766.8040	   1216.9501
    766.8241	   2371.3813
    766.8443	   3162.2395
    766.8644	   3013.2830
    766.8846	   2036.8416
    766.9047	    929.9600
    766.9249	      0.0000
    766.9450	      0.0000
    766.9652	      0.0000
    766.9853	      0.0000
    767.2070	      0.0000
    767.2271	      0.0000
    767.2473	      0.0000
    767.2675	      0.0000
    767.2876	    581.6610
    767.3078	   1312.7775
    767.3279	   2130.7856
    767.3481	   2571.8086
    767.3683	   2318.9995
    767.3884	   1520.3195
    767.4086	    661.0120
    767.4288	      0.0000
    767.4489	      0.0000
    767.4691	      0.0000
    767.4893	      0.0000
    772.5155	      0.0000
    772.5358	      0.0000
    772.5562	      0.0000
    772.5766	      0.0000
    772.5969	   1127.7677
    772.6173	   1733.2861
    772.6377	   1817.6683
    772.6581	   1328.6998
    772.6784	    629.0491
    772.6988	      0.0000
    772.7192	      0.0000
    772.7396	      0.0000
    772.7599	      0.0000
    779.2392	      0.0000
    779.2599	      0.0000
    779.2805	      0.0000
    779.3011	      0.0000
    779.3218	    999.5243
    779.3424	   1951.3650
    779.3630	   2403.3645
    779.3837	   2038.4744
    779.4043	   1180.7659
    779.4250	      0.0000
    779.4456	      0.0000
    779.4662	      0.0000
    779.4869	      0.0000
    783.7359	      0.0000
    783.7567	      0.0000
    783.7776	      0.0000
    783.7984	      0.0000
    783.8192	    557.5672
    783.8400	   1389.2803
    783.8608	   2506.3452
    783.8816	   3356.7720
    783.9025	   3373.2241
    783.9233	   2508.3875
    783.9441	   1323.5044
    783.9649	    488.5182
    783.9857	      0.0000
    784.0066	      0.0000
    784.0274	      0.0000
    784.0482	      0.0000
    784.2357	      0.0000
    784.2565	      0.0000
    784.2773	      0.0000
    784.2982	      0.0000
    784.3190	    457.7491
    784.3398	   1490.1597
    784.3607	   2804.1619
    784.3815	   5630.0044
    784.4023	   4445.1221
    784.4232	   2491.5720
    784.4440	   1107.2130
    784.4649	      0.0000
    784.4857	      0.0000
    784.5065	      0.0000
    784.5274	      0.0000
    784.7567	      0.0000
    784.7776	      0.0000
    784.7984	      0.0000
    784.8193	      0.0000
    784.8401	    670.0834
    784.8610	   1394.2858
    784.8818	   1739.8140
    784.9027	   1455.7960
    784.9236	    776.4446
    784.9444	      0.0000
    784.9653	      0.0000
    784.9861	      0.0000
    785.0070	      0.0000
    799.2594	      0.0000
    799.2809	      0.0000
    799.3023	      0.0000
    799.3237	      0.0000
    799.3452	    906.5587
    799.3666	   1624.6425
    799.3880	   1921.1208
    799.4095	   1564.8083
    799.4309	    827.7286
    799.4524	      0.0000
    799.4738	      0.0000
    799.4953	      0.0000
    799.5167	      0.0000
    825.2086	      0.0000
    825.2311	      0.0000
    825.2536	      0.0000
    825.2761	      0.0000
    825.2986	    762.2712
    825.3211	   1981.8715
    825.3435	   3166.5234
    825.3660	   5398.5625
    825.3885	   2831.7510
    825.4110	   1592.7025
    825.4335	    585.2714
    825.4560	      0.0000
    825.4785	      0.0000
    825.5010	      0.0000
    825.5235	      0.0000
    825.5460	      0.0000
    825.5685	      0.0000
    825.5910	      0.0000
    825.6135	      0.0000
    825.6360	    753.9248
    825.6585	   1518.6818
    825.6810	   1967.9441
    825.7035	   1766.2900
    825.7260	   1067.0918
    825.7485	      0.0000
    825.7710	      0.0000
    825.7935	      0.0000
    825.8161	      0.0000
    828.2299	      0.0000
    828.2525	      0.0000
    828.2751	      0.0000
    828.2978	      0.0000
    828.3204	    686.8304
    828.3430	   1518.4484
    828.3656	   2260.7317
    828.3882	   2479.2908
    828.4108	   2051.4619
    828.4334	   1260.0238
    828.4561	      0.0000
    828.4787	      0.0000
    828.5013	      0.0000
    828.5239	      0.0000
    831.7682	      0.0000
    831.7910	      0.0000
    831.8137	      0.0000
    831.8365	      0.0000
    831.8592	    886.9170
    831.8820	   2064.6895
    831.9048	   4806.5142
    831.9275	   5997.8687
    831.9503	   4575.2993
    831.9730	   1927.8094
    831.9958	    754.2493
    832.0363	      0.0000
    832.0591	      0.0000
    832.0818	      0.0000
    832.1046	      0.0000
    832.2412	      0.0000
    832.2640	      0.0000
    832.2868	      0.0000
    832.3095	      0.0000
    832.3323	    550.1198
    832.3551	   2939.6462
    832.3779	   5879.0405
    832.4006	   9148.4863
    832.4234	  11466.0889
    832.4462	   9782.4326
    832.4690	   5893.7769
    832.4918	   2307.7568
    832.5146	      0.0000
    832.5196	      0.0000
    832.5424	      0.0000
    832.5652	      0.0000
    832.5880	      0.0000
    832.7703	      0.0000
    832.7931	      0.0000
    832.8159	      0.0000
    832.8387	      0.0000
    832.8615	    935.3632
    832.8843	   1566.1438
    832.9071	   1937.8243
    832.9299	   1741.1862
    832.9527	   1079.7188
    832.9755	      0.0000
    832.9983	    998.5707
    833.0211	   2443.7051
    833.0439	   4346.0112
    833.0667	   5370.8320
    833.0895	   2837.6094
    833.1123	   1346.4260
    833.1351	    339.6415
    833.1579	      0.0000
    833.1808	      0.0000
    833.2036	      0.0000
    833.2264	      0.0000
    833.2720	      0.0000
    833.2948	      0.0000
    833.3176	      0.0000
    833.3405	      0.0000
    833.3633	    449.3405
    833.3861	   1434.1526
    833.4089	   2496.0225
    833.4317	   3010.2795
    833.4546	   2680.1028
    833.4774	   1782.5402
    833.5002	    871.1599
    833.5231	      0.0000
    833.5459	      0.0000
    833.5687	      0.0000
    833.5916	      0.0000
    839.7435	      0.0000
    839.7666	      0.0000
    839.7897	      0.0000
    839.8128	      0.0000
    839.8359	    881.9835
    839.8590	   1531.5885
    839.8820	   1822.4105
    839.9051	   1610.0679
    839.9282	   1080.1663
    839.9513	      0.0000
    839.9744	      0.0000
    839.9975	      0.0000
    840.0206	      0.0000
    840.2285	      0.0000
    840.2516	      0.0000
    840.2747	      0.0000
    840.2978	      0.0000
    840.3209	    524.0586
    840.3440	   1379.5758
    840.3671	   2089.7898
    840.3902	   2120.2925
    840.4133	   1437.6194
    840.4364	    574.4690
    840.4595	      0.0000
    840.4826	      0.0000
    840.5058	      0.0000
    840.5289	      0.0000
    843.7510	      0.0000
    843.7743	      0.0000
    843.7975	      0.0000
    843.8208	      0.0000
    843.8440	    695.5853
    843.8673	   1792.9220
    843.8905	   2748.6775
    843.9138	   2889.2190
    843.9370	   2131.4917
    843.9603	   1035.1113
    843.9835	      0.0000
    844.0068	      0.0000
    844.0300	      0.0000
    844.0533	      0.0000
    844.2394	      0.0000
    844.2627	      0.0000
    844.2860	      0.0000
    844.3092	      0.0000
    844.3325	    399.0909
    844.3558	   1354.8909
    844.3790	   2648.0908
    844.4023	   5431.9009
    844.4256	   4726.4683
    844.4489	   2283.9263
    844.4721	   1046.0264
    844.4954	      0.0000
    844.5187	      0.0000
    844.5420	      0.0000
    844.5653	      0.0000
    844.9146	      0.0000
    844.9379	      0.0000
    844.9612	      0.0000
    844.9845	      0.0000
    845.0078	   1001.7826
    845.0311	   2315.2693
    845.0544	   4986.0366
    845.0777	   5312.8721
    845.1010	   3336.7493
    845.1243	   1564.1862
    845.1476	    593.9247
    845.1709	      0.0000
    845.1942	      0.0000
    845.2175	      0.0000
    845.2408	      0.0000
    845.2641	      0.0000
    845.2874	      0.0000
    845.3107	      0.0000
    845.3341	      0.0000
    845.3574	   1034.4344
    845.3807	   1574.3363
    845.4040	   1725.1560
    845.4273	   1314.5179
    845.4506	    604.6200
    845.4740	      0.0000
    845.4973	      0.0000
    845.5206	      0.0000
    845.5439	      0.0000
    860.2387	      0.0000
    860.2627	      0.0000
    860.2866	      0.0000
    860.3105	      0.0000
    860.3345	    615.6902
    860.3584	   1747.8721
    860.3824	   3018.6699
    860.4063	   5181.2202
    860.4302	   3288.2148
    860.4542	   1314.6731
    860.4781	    819.2752
    860.5021	      0.0000
    860.5260	      0.0000
    860.5499	      0.0000
    860.5739	      0.0000
    860.5978	      0.0000
    860.6218	      0.0000
    860.6457	      0.0000
    860.6697	      0.0000
    860.6936	   1172.4528
    860.7176	   1932.4602
    860.7415	   2098.4709
    860.7655	   1525.9579
    860.7894	    676.7655
    860.8134	      0.0000
    860.8374	      0.0000
    860.8613	      0.0000
    860.8853	      0.0000
    864.7557	      0.0000
    864.7798	      0.0000
    864.8039	      0.0000
    864.8281	      0.0000
    864.8522	    557.6747
    864.8763	   1350.1768
    864.9004	   1956.2833
    864.9246	   1894.6375
    864.9487	   1192.7463
    864.9728	      0.0000
    864.9970	      0.0000
    865.0211	      0.0000
    865.0452	      0.0000
    868.2639	      0.0000
    868.2881	      0.0000
    868.3124	      0.0000
    868.3367	      0.0000
    868.3610	   1200.4559
    868.3852	   2043.4569
    868.4095	   2475.2522
    868.4338	   2259.8018
    868.4581	   1566.3955
    868.4823	    791.7122
    868.5066	      0.0000
    868.5309	      0.0000
    868.5552	      0.0000
    868.5795	      0.0000
    888.2597	      0.0000
    888.2848	      0.0000
    888.3099	      0.0000
    888.3351	      0.0000
    888.3602	   1156.1133
    888.3853	   2062.1890
    888.4104	   2509.7546
    888.4355	   2124.9763
    888.4606	   1181.3088
    888.4858	      0.0000
    888.5109	      0.0000
    888.5360	      0.0000
    888.5611	      0.0000
    889.9194	      0.0000
    889.9446	      0.0000
    889.9697	      0.0000
    889.9949	      0.0000
    890.0201	    813.8698
    890.0453	   1372.7152
    890.0705	   1639.7792
    890.0957	   1416.9155
    890.1209	    838.6528
    890.1460	      0.0000
    890.1712	      0.0000
    890.1964	      0.0000
    890.2216	      0.0000
    893.9368	      0.0000
    893.9621	      0.0000
    893.9875	      0.0000
    894.0128	      0.0000
    894.0382	    693.2221
    894.0635	   1366.2866
    894.0889	   1739.4401
    894.1143	   1584.4474
    894.1396	   1056.5573
    894.1650	      0.0000
    894.1903	      0.0000
    894.2157	      0.0000
    894.2411	      0.0000
    894.2664	      0.0000
    894.2918	      0.0000
    894.3172	      0.0000
    894.3425	    730.7280
    894.3679	   1794.6937
    894.3933	   2783.0344
    894.4186	   3034.8987
    894.4440	   2401.9919
    894.4694	   1367.2621
    894.4948	    517.1827
    894.5231	      0.0000
    894.5485	      0.0000
    894.5739	      0.0000
    894.5993	      0.0000
    894.6246	      0.0000
    894.6500	      0.0000
    894.6754	   1082.3790
    894.7008	   4391.1333
    894.7262	   7960.5557
    894.7516	  10573.2842
    894.7770	   8215.2041
    894.8023	   4651.1968
    894.8277	   1212.0566
    894.8501	      0.0000
    894.8755	      0.0000
    894.9009	      0.0000
    894.9263	      0.0000
    895.2565	      0.0000
    895.2819	      0.0000
    895.3073	      0.0000
    895.3328	      0.0000
    895.3582	   1266.2732
    895.3836	   2410.0671
    895.4090	   3127.1038
    895.4344	   2866.2603
    895.4598	   1816.1852
    895.4852	    728.3190
    895.5107	      0.0000
    895.5361	      0.0000
    895.5615	      0.0000
    895.5869	      0.0000
    896.5792	      0.0000
    896.6047	      0.0000
    896.6302	      0.0000
    896.6556	      0.0000
    896.6811	    613.0464
    896.7066	   1456.8099
    896.7320	   2106.1516
    896.7575	   2020.8176
    896.7830	   1240.2983
    896.8085	      0.0000
    896.8339	      0.0000
    896.8594	      0.0000
    896.8849	      0.0000
    897.2417	      0.0000
    897.2672	      0.0000
    897.2927	      0.0000
    897.3182	      0.0000
    897.3437	    843.5044
    897.3691	   1555.5795
    897.3946	   1928.2578
    897.4201	   1711.2897
    897.4456	   1046.2042
    897.4807	      0.0000
    897.5062	      0.0000
    897.5317	      0.0000
    897.5572	      0.0000
    899.8315	      0.0000
    899.8571	      0.0000
    899.8828	      0.0000
    899.9084	      0.0000
    899.9340	    786.9014
    899.9596	   1539.9349
    899.9852	   2867.2798
    900.0108	   7502.7515
    900.0364	  21532.7949
    900.0620	  38195.3398
    900.0876	  51882.4609
    900.1132	  43033.2422
    900.1389	  25406.3672
    900.1645	   7941.5576
    900.1901	    451.1151
    900.2142	      0.0000
    900.2398	      0.0000
    900.2654	      0.0000
    900.2910	   1851.8068
    900.3167	   3773.9729
    900.3423	  10077.7734
    900.3679	  30297.4980
    900.3935	  54880.2305
    900.4192	  75666.9219
    900.4448	  64485.7773
    900.4704	  38809.2500
    900.4960	  13425.3936
    900.5217	   1892.5178
    900.5473	    220.4751
    900.5720	      0.0000
    900.5976	    315.8511
    900.6233	   2230.9861
    900.6489	   3344.4126
    900.6746	   8199.1143
    900.7002	  25517.9004
    900.7258	  47118.0820
    900.7515	  65936.5938
    900.7771	  57541.3477
    900.8028	  34827.9336
    900.8284	  12423.4922
    900.8541	   1818.7745
    900.8797	    242.8032
    900.9070	      0.0000
    900.9326	      0.0000
    900.9582	   1090.6245
    900.9839	   1952.8955
    901.0096	   4771.8071
    901.0352	  14526.9961
    901.0609	  26444.6328
    901.0865	  35821.8516
    901.1122	  30737.3457
    901.1378	  18516.0137
    901.1635	   6086.2354
    901.1892	    479.1482
    901.2056	      0.0000
    901.2313	      0.0000
    901.2569	      0.0000
    901.2826	      0.0000
    901.3083	    477.0677
    901.3339	   1822.9697
    901.3596	   6554.8135
    901.3853	  12421.9746
    901.4109	  17055.3398
    901.4366	  15317.4619
    901.4623	   9468.4189
    901.4879	   3654.1106
    901.5136	    644.3995
    901.5398	      0.0000
    901.5655	      0.0000
    901.5912	      0.0000
    901.6169	      0.0000
    901.6426	      0.0000
    901.6682	    905.2366
    901.6939	   2010.0988
    901.7196	   4480.5977
    901.7453	   5825.3394
    901.7710	   4890.7168
    901.7967	   2308.4548
    901.8224	   1076.5878
    901.8480	      0.0000
    901.8737	      0.0000
    901.8994	      0.0000
    901.9251	      0.0000
    901.9508	      0.0000
    901.9765	      0.0000
    902.0022	      0.0000
    902.0279	   1234.7617
    902.0536	   2154.3181
    902.0793	   2608.2944
    902.1050	   2257.0220
    902.1307	   1346.2173
    902.1564	    473.5609
    902.1889	      0.0000
    902.2146	      0.0000
    902.2403	      0.0000
    902.2660	      0.0000
    908.2337	      0.0000
    908.2597	      0.0000
    908.2857	      0.0000
    908.3116	      0.0000
    908.3376	   1246.2720
    908.3636	   4520.4741
    908.3895	   8857.6729
    908.4155	  13121.2715
    908.4415	  11927.9355
    908.4674	   7298.0596
    908.4934	   2960.1165
    908.5194	    560.7216
    908.5516	      0.0000
    908.5776	      0.0000
    908.6035	      0.0000
    908.6295	      0.0000
    908.7075	      0.0000
    908.7334	      0.0000
    908.7594	      0.0000
    908.7854	      0.0000
    908.8114	    771.7492
    908.8374	   1805.1064
    908.8634	   5151.5278
    908.8894	  10395.8936
    908.9154	  15894.1484
    908.9414	  15604.4541
    908.9673	   9688.9570
    908.9933	   4155.2427
    909.0193	    385.7623
    909.0323	      0.0000
    909.0583	      0.0000
    909.0843	      0.0000
    909.1103	      0.0000
    909.7347	      0.0000
    909.7607	      0.0000
    909.7867	      0.0000
    909.8127	      0.0000
    909.8388	    599.2739
    909.8648	   1366.7952
    909.8908	   1855.9288
    909.9169	   1715.7493
    909.9429	   1072.6012
    909.9690	      0.0000
    909.9950	      0.0000
    910.0210	      0.0000
    910.0471	      0.0000
    912.6044	      0.0000
    912.6306	      0.0000
    912.6567	      0.0000
    912.6829	      0.0000
    912.7090	    790.0210
    912.7352	   1516.3666
    912.7613	   1901.1196
    912.7875	   1601.9670
    912.8137	    839.2943
    912.8398	      0.0000
    912.8660	    542.5818
    912.8921	   1352.8567
    912.9183	   1991.2527
    912.9445	   1876.3303
    912.9706	   1122.5675
    912.9968	      0.0000
    913.0230	      0.0000
    913.0491	      0.0000
    913.0753	      0.0000
    913.2585	      0.0000
    913.2847	      0.0000
    913.3109	      0.0000
    913.3371	      0.0000
    913.3632	   1108.3530
    913.3894	   2041.9043
    913.4156	   2719.7437
    913.4418	   2709.7153
    913.4680	   2006.1384
    913.4942	   1059.7350
    913.5204	      0.0000
    913.5466	      0.0000
    913.5727	      0.0000
    913.5989	      0.0000
    914.2279	      0.0000
    914.2541	      0.0000
    914.2803	      0.0000
    914.3066	      0.0000
    914.3328	    521.9535
    914.3590	   1377.8962
    914.3852	   2454.6707
    914.4115	   3181.4971
    914.4377	   3032.6331
    914.4639	   2082.1335
    914.4902	   1003.4476
    914.5164	      0.0000
    914.5426	      0.0000
    914.5689	      0.0000
    914.5951	      0.0000
    915.2513	      0.0000
    915.2776	      0.0000
    915.3039	      0.0000
    915.3301	      0.0000
    915.3564	    873.9139
    915.3827	   1400.0398
    915.4090	   1628.4510
    915.4352	   1442.6748
    915.4615	    957.9314
    915.4878	      0.0000
    915.5140	      0.0000
    915.5403	      0.0000
    915.5666	      0.0000
    916.7239	      0.0000
    916.7502	      0.0000
    916.7766	      0.0000
    916.8029	      0.0000
    916.8292	   1187.0303
    916.8556	   2354.3923
    916.8819	   3329.5063
    916.9082	   5467.4136
    916.9346	   2741.3718
    916.9609	   1548.0219
    916.9872	    577.6473
    917.0136	      0.0000
    917.0399	      0.0000
    917.0663	      0.0000
    917.0926	      0.0000
    917.2243	      0.0000
    917.2507	      0.0000
    917.2770	      0.0000
    917.3034	      0.0000
    917.3298	    719.6897
    917.3561	   1762.9559
    917.3825	   4507.1021
    917.4088	   6470.0005
    917.4352	   6147.3750
    917.4615	   4012.6064
    917.4879	   1399.0100
    917.5143	    417.5502
    917.5406	      0.0000
    917.5670	      0.0000
    917.5933	      0.0000
    917.6197	      0.0000
    917.7252	      0.0000
    917.7516	      0.0000
    917.7779	      0.0000
    917.8043	      0.0000
    917.8307	    682.8146
    917.8571	   2319.1799
    917.8834	   4530.5698
    917.9098	   6570.2866
    917.9362	   5773.1831
    917.9626	   3446.8237
    917.9890	    954.8331
    918.0153	      0.0000
    918.0417	      0.0000
    918.0681	      0.0000
    918.0945	      0.0000
    918.2528	      0.0000
    918.2792	      0.0000
    918.3056	      0.0000
    918.3320	      0.0000
    918.3584	    954.3698
    918.3848	   1754.1039
    918.4112	   2243.7346
    918.4376	   2070.1763
    918.4640	   1332.2089
    918.4904	    525.2578
    918.5168	      0.0000
    918.5432	      0.0000
    918.5696	      0.0000
    918.5960	      0.0000
    918.7281	      0.0000
    918.7545	      0.0000
    918.7809	      0.0000
    918.8073	      0.0000
    918.8338	    682.2896
    918.8602	   2871.2097
    918.8866	   5236.1289
    918.9130	   6991.4629
    918.9394	   5576.6328
    918.9659	   3173.9167
    918.9923	    670.6014
    919.0187	      0.0000
    919.0451	      0.0000
    919.0716	      0.0000
    919.0980	      0.0000
    919.2566	      0.0000
    919.2830	      0.0000
    919.3095	      0.0000
    919.3359	      0.0000
    919.3624	    937.8505
    919.3888	   1955.4630
    919.4152	   2888.9451
    919.4417	   3184.1064
    919.4681	   2623.6885
    919.4946	   1570.2201
    919.5210	    647.5425
    919.5475	      0.0000
    919.5739	      0.0000
    919.6004	      0.0000
    919.6268	      0.0000
    933.2947	      0.0000
    933.3217	      0.0000
    933.3488	      0.0000
    933.3758	      0.0000
    933.4029	    949.7681
    933.4299	   1673.1968
    933.4570	   2048.6775
    933.4840	   1805.9258
    933.5111	   1103.5364
    933.5382	      0.0000
    933.5652	      0.0000
    933.5923	      0.0000
    933.6194	      0.0000
    948.5984	      0.0000
    948.6261	      0.0000
    948.6538	      0.0000
    948.6815	      0.0000
    948.7092	    971.3526
    948.7370	   2059.2012
    948.7647	   2749.5828
    948.7924	   2450.7961
    948.8201	   1383.5463
    948.8478	    415.5152
    948.8756	      0.0000
    948.9033	      0.0000
    948.9310	      0.0000
    948.9588	      0.0000
    948.9865	      0.0000
    949.0142	    863.6120
    949.0419	   2989.1353
    949.0697	   5310.3657
    949.0974	   6536.0581
    949.1251	   4565.1748
    949.1529	   2137.1484
    949.1806	      0.0000
    949.2084	      0.0000
    949.2361	      0.0000
    949.2638	      0.0000
    949.2916	      0.0000
    949.3193	      0.0000
    949.3471	    802.3047
    949.3748	   2023.3945
    949.4026	   4351.9526
    949.4303	   5647.4668
    949.4581	   3038.6057
    949.4858	   1777.3361
    949.5136	    663.4995
    949.5413	      0.0000
    949.5691	      0.0000
    949.5968	      0.0000
    949.6246	      0.0000
    949.6523	      0.0000
    949.6801	      0.0000
    949.7079	   1265.3457
    949.7356	   2300.0698
    949.7634	   2943.6079
    949.7912	   2737.4417
    949.8189	   1793.9811
    949.8467	    750.2410
    949.8745	      0.0000
    949.9022	      0.0000
    949.9300	      0.0000
    949.9578	      0.0000
    956.2655	      0.0000
    956.2936	      0.0000
    956.3216	      0.0000
    956.3497	      0.0000
    956.3777	    772.3426
    956.4058	   1545.1542
    956.4338	   2023.2108
    956.4619	   1873.1931
    956.4900	   1183.9810
    956.5180	      0.0000
    956.5461	      0.0000
    956.5741	      0.0000
    956.6022	      0.0000
    961.5890	      0.0000
    961.6172	      0.0000
    961.6455	      0.0000
    961.6738	      0.0000
    961.7021	   1120.4694
    961.7304	   2587.8218
    961.7587	   5590.3716
    961.7870	   5610.9004
    961.8153	   3281.5295
    961.8436	   1028.8379
    961.8719	      0.0000
    961.9002	      0.0000
    961.9285	      0.0000
    961.9568	      0.0000
    961.9851	      0.0000
    962.0134	      0.0000
    962.0417	    502.7496
    962.0700	   1424.9963
    962.0983	   2151.9016
    962.1266	   2172.6553
    962.1549	   1490.8295
    962.1832	    611.5066
    962.2115	      0.0000
    962.2398	      0.0000
    962.2681	      0.0000
    962.2964	      0.0000
    962.3248	      0.0000
    962.3531	    573.4277
    962.3814	   1569.8180
    962.4097	   2822.2417
    962.4380	   4620.4082
    962.4664	   3550.5195
    962.4947	   1994.3715
    962.5230	    859.7764
    962.5513	      0.0000
    962.5797	      0.0000
    962.6080	      0.0000
    962.6363	      0.0000
    962.6646	      0.0000
    962.6930	      0.0000
    962.7213	    853.8096
    962.7496	   1571.9257
    962.7780	   1805.9586
    962.8063	   1431.8051
    962.8347	    764.2458
    962.8750	      0.0000
    962.9033	      0.0000
    962.9317	      0.0000
    962.9600	      0.0000
    967.5396	      0.0000
    967.5682	      0.0000
    967.5967	      0.0000
    967.6253	      0.0000
    967.6538	   1147.3783
    967.6824	   3582.3750
    967.7109	  10862.5977
    967.7395	  22845.0957
    967.7680	  36015.7578
    967.7966	  38290.2695
    967.8251	  24771.3555
    967.8537	  12033.7314
    967.8823	   2625.1921
    967.9108	      0.0000
    967.9375	      0.0000
    967.9661	      0.0000
    967.9946	   1274.4137
    968.0232	   5640.0620
    968.0518	  17127.0352
    968.0803	  32556.2363
    968.1089	  48327.1914
    968.1375	  44031.7695
    968.1661	  25969.5684
    968.1946	  10346.0459
    968.2232	   1248.6725
    968.2475	      0.0000
    968.2761	      0.0000
    968.3046	      0.0000
    968.3332	   2047.5243
    968.3618	   7239.1885
    968.3904	  19228.4551
    968.4190	  32777.3828
    968.4476	  42238.2500
    968.4761	  32201.7910
    968.5047	  18311.9941
    968.5333	   5415.1045
    968.5619	    222.7230
    968.5887	      0.0000
    968.6173	      0.0000
    968.6459	      0.0000
    968.6745	   2474.4639
    968.7031	   8151.4023
    968.7317	  17406.8164
    968.7603	  28000.2285
    968.7889	  29555.8242
    968.8175	  19134.9961
    968.8461	   9212.3994
    968.8747	   1831.3423
    968.9033	      0.0000
    968.9245	      0.0000
    968.9531	      0.0000
    968.9818	      0.0000
    969.0104	   1211.2220
    969.0390	   4458.6982
    969.0676	   9296.0986
    969.0962	  13657.6973
    969.1248	  12355.2568
    969.1534	   7362.7158
    969.1821	   3030.9304
    969.2107	    442.5203
    969.2427	      0.0000
    969.2713	      0.0000
    969.2999	      0.0000
    969.3286	      0.0000
    969.3572	   1182.2799
    969.3858	   3278.1523
    969.4145	   5806.3291
    969.4431	   7148.4043
    969.4717	   5200.6763
    969.5003	   2767.0737
    969.5290	    463.6283
    969.5576	      0.0000
    969.5863	      0.0000
    969.6149	      0.0000
    969.6435	      0.0000
    981.2601	      0.0000
    981.2893	      0.0000
    981.3185	      0.0000
    981.3476	      0.0000
    981.3768	   1223.6613
    981.4059	   2202.8423
    981.4351	   2744.3433
    981.4643	   2478.0420
    981.4934	   1587.2842
    981.5226	    629.4914
    981.5518	      0.0000
    981.5809	      0.0000
    981.6101	      0.0000
    981.6393	      0.0000
    992.2561	      0.0000
    992.2857	      0.0000
    992.3154	      0.0000
    992.3450	      0.0000
    992.3747	    937.9854
    992.4044	   1656.3381
    992.4340	   2084.3792
    992.4637	   1908.4977
    992.4933	   1215.8237
    992.5230	      0.0000
    992.5526	      0.0000
    992.5823	      0.0000
    992.6120	      0.0000
    995.7042	      0.0000
    995.7340	      0.0000
    995.7638	      0.0000
    995.7936	      0.0000
    995.8234	    853.5325
    995.8532	   1486.5566
    995.8830	   1909.1273
    995.9128	   1910.4907
    995.9426	   1526.0007
    995.9725	    969.7319
    996.0023	      0.0000
    996.0321	      0.0000
    996.0619	      0.0000
    996.0917	      0.0000
   1002.2631	      0.0000
   1002.2932	      0.0000
   1002.3233	      0.0000
   1002.3534	      0.0000
   1002.3835	    800.4014
   1002.4136	   1594.0767
   1002.4437	   2162.5022
   1002.4738	   2132.6890
   1002.5039	   1543.8364
   1002.5340	    781.4027
   1002.5642	      0.0000
   1002.5943	      0.0000
   1002.6244	      0.0000
   1002.6545	      0.0000
   1009.7691	      0.0000
   1009.7996	      0.0000
   1009.8300	      0.0000
   1009.8604	      0.0000
   1009.8909	    605.7524
   1009.9213	   1664.0862
   1009.9518	   2409.1941
   1009.9822	   2126.0703
   1010.0127	   1070.8519
   1010.0431	      0.0000
   1010.0735	      0.0000
   1010.1040	      0.0000
   1010.1345	      0.0000
   1010.2258	      0.0000
   1010.2563	      0.0000
   1010.2867	      0.0000
   1010.3172	      0.0000
   1010.3477	    554.6824
   1010.3781	   1973.7391
   1010.4086	   4364.9448
   1010.4390	   6892.6006
   1010.4695	   7126.4409
   1010.5000	   4469.1821
   1010.5304	   1925.7382
   1010.5609	      0.0000
   1010.5914	      0.0000
   1010.6219	      0.0000
   1010.6523	      0.0000
   1010.6828	      0.0000
   1011.2621	      0.0000
   1011.2926	      0.0000
   1011.3231	      0.0000
   1011.3537	      0.0000
   1011.3842	    939.2780
   1011.4147	   1937.7914
   1011.4452	   2621.0442
   1011.4757	   2482.0459
   1011.5062	   1608.4238
   1011.5367	    635.1987
   1011.5672	      0.0000
   1011.5978	      0.0000
   1011.6283	      0.0000
   1011.6588	      0.0000
   1014.9325	      0.0000
   1014.9632	      0.0000
   1014.9939	      0.0000
   1015.0245	      0.0000
   1015.0552	    609.6237
   1015.0859	   1638.9166
   1015.1166	   2716.0447
   1015.1472	   3081.6067
   1015.1779	   2496.7346
   1015.2086	   1436.8485
   1015.2393	      0.0000
   1015.2700	      0.0000
   1015.3007	      0.0000
   1015.3313	      0.0000
   1015.5769	      0.0000
   1015.6076	      0.0000
   1015.6383	      0.0000
   1015.6690	      0.0000
   1015.6997	    541.0681
   1015.7304	   1472.7076
   1015.7611	   2431.5583
   1015.7918	   2734.0522
   1015.8225	   2118.0918
   1015.8532	   1046.5795
   1015.8839	      0.0000
   1015.9147	      0.0000
   1015.9454	      0.0000
   1015.9761	      0.0000
   1016.0068	      0.0000
   1016.0375	      0.0000
   1016.0682	   1363.4978
   1016.0990	   2441.9106
   1016.1297	   2841.7627
   1016.1604	   2285.6824
   1016.1911	   1258.6477
   1016.2219	      0.0000
   1016.2526	      0.0000
   1016.2833	      0.0000
   1016.3141	      0.0000
   1016.3448	      0.0000
   1016.3755	   1268.6635
   1016.4063	   2534.7820
   1016.4370	   4652.6685
   1016.4677	   4849.0425
   1016.4985	   2343.2061
   1016.5292	   1014.4936
   1016.5600	      0.0000
   1016.5907	      0.0000
   1016.6215	      0.0000
   1016.6522	      0.0000
   1016.6830	    435.3100
   1016.7137	   1489.0079
   1016.7445	   3758.1147
   1016.7752	   6333.1157
   1016.8060	   6963.3330
   1016.8367	   4504.5688
   1016.8675	   2140.7532
   1016.8982	    781.9797
   1016.9290	      0.0000
   1016.9597	      0.0000
   1016.9905	      0.0000
   1017.0213	      0.0000
   1017.0520	   1398.7335
   1017.0828	   3247.8435
   1017.1136	   5501.0396
   1017.1443	   6073.0752
   1017.1751	   4075.8066
   1017.2059	   1635.6675
   1017.2367	    571.3362
   1017.2674	      0.0000
   1017.2982	      0.0000
   1017.3290	      0.0000
   1017.3598	      0.0000
   1017.3905	   1052.0969
   1017.4213	   2090.2158
   1017.4521	   2793.8755
   1017.4829	   2616.1523
   1017.5137	   1689.4569
   1017.5445	    705.1163
   1017.5753	      0.0000
   1017.6061	      0.0000
   1017.6368	      0.0000
   1017.6676	      0.0000
   1018.7154	      0.0000
   1018.7463	      0.0000
   1018.7771	      0.0000
   1018.8080	      0.0000
   1018.8388	    863.4836
   1018.8697	   1814.2366
   1018.9005	   2749.5186
   1018.9314	   3090.9927
   1018.9622	   2575.2788
   1018.9931	   1529.2859
   1019.0239	    584.4590
   1019.0548	      0.0000
   1019.0856	      0.0000
   1019.1165	      0.0000
   1019.1474	      0.0000
   1019.2399	      0.0000
   1019.2708	      0.0000
   1019.3017	      0.0000
   1019.3325	      0.0000
   1019.3634	    592.1370
   1019.3943	   1683.4659
   1019.4252	   2740.6543
   1019.4560	   3058.3582
   1019.4869	   2420.7385
   1019.5178	   1310.6143
   1019.5487	      0.0000
   1019.5795	      0.0000
   1019.6104	      0.0000
   1019.6413	      0.0000
   1020.2593	      0.0000
   1020.2902	      0.0000
   1020.3211	      0.0000
   1020.3520	      0.0000
   1020.3829	   1155.7826
   1020.4138	   2247.7866
   1020.4447	   3235.2988
   1020.4757	   4775.6592
   1020.5066	   2899.1230
   1020.5375	   1455.7781
   1020.5837	      0.0000
   1020.6146	      0.0000
   1020.6455	      0.0000
   1020.6765	      0.0000
   1021.5430	      0.0000
   1021.5740	      0.0000
   1021.6050	      0.0000
   1021.6359	      0.0000
   1021.6669	    969.3187
   1021.6979	   3599.4094
   1021.7289	  10957.1172
   1021.7599	  21018.9453
   1021.7908	  31549.6348
   1021.8218	  29684.8320
   1021.8528	  18183.7578
   1021.8838	   7849.0703
   1021.9148	   1124.7177
   1021.9481	      0.0000
   1021.9791	      0.0000
   1022.0101	    720.9590
   1022.0411	   3501.1990
   1022.0721	  10698.8730
   1022.1030	  20137.7090
   1022.1340	  29935.8887
   1022.1650	  25924.8828
   1022.1960	  15094.6162
   1022.2270	   4947.5020
   1022.2580	      0.0000
   1022.2832	      0.0000
   1022.3142	      0.0000
   1022.3452	   1645.9026
   1022.3762	   7768.0220
   1022.4072	  20126.9063
   1022.4382	  33344.7891
   1022.4692	  43234.8359
   1022.5002	  33373.9023
   1022.5312	  19276.5820
   1022.5622	   5502.1543
   1022.5933	      0.0000
   1022.6128	      0.0000
   1022.6438	      0.0000
   1022.6748	      0.0000
   1022.7059	   5634.9438
   1022.7369	  14560.6992
   1022.7679	  24035.0391
   1022.7989	  28567.3047
   1022.8300	  19947.9492
   1022.8610	  10529.9834
   1022.8920	   2705.9297
   1022.9231	    131.8514
   1022.9582	      0.0000
   1022.9892	      0.0000
   1023.0203	    717.0264
   1023.0513	   3957.8330
   1023.0823	   8577.1914
   1023.1134	  13281.2783
   1023.1444	  13884.3506
   1023.1755	   8602.7842
   1023.2065	   3745.1138
   1023.2376	    206.7750
   1023.2643	      0.0000
   1023.2953	      0.0000
   1023.3264	      0.0000
   1023.3574	    858.6926
   1023.3885	   1837.4855
   1023.4195	   4605.7505
   1023.4506	   6059.1143
   1023.4817	   5172.8174
   1023.5127	   2849.1509
   1023.5438	   1159.1068
   1023.5749	      0.0000
   1023.6059	      0.0000
   1023.6370	      0.0000
   1023.6681	      0.0000
   1059.6318	      0.0000
   1059.6645	      0.0000
   1059.6972	      0.0000
   1059.7299	      0.0000
   1059.7627	   1040.7504
   1059.7954	   1776.1453
   1059.8281	   1974.8881
   1059.8608	   1509.0099
   1059.8936	    744.3879
   1059.9264	      0.0000
   1059.9591	      0.0000
   1059.9918	      0.0000
   1060.0246	      0.0000
   1070.2793	      0.0000
   1070.3125	      0.0000
   1070.3457	      0.0000
   1070.3789	      0.0000
   1070.4122	   1165.4529
   1070.4454	   1918.9381
   1070.4786	   2202.5107
   1070.5118	   1785.0344
   1070.5451	    997.7128
   1070.5783	      0.0000
   1070.6115	      0.0000
   1070.6447	      0.0000
   1070.6780	      0.0000
   1070.7112	    379.4962
   1070.7444	   2786.5308
   1070.7777	   5451.3740
   1070.8109	   7424.6816
   1070.8441	   5556.1128
   1070.8774	   2937.4526
   1070.9106	    965.9281
   1070.9439	      0.0000
   1070.9771	      0.0000
   1071.0103	      0.0000
   1071.0436	      0.0000
   1071.0768	    667.0364
   1071.1101	   1671.6373
   1071.1433	   2388.7344
   1071.1766	   2201.5273
   1071.2099	   1292.4714
   1071.2431	      0.0000
   1071.2764	      0.0000
   1071.3096	      0.0000
   1071.3429	      0.0000
   1073.2747	      0.0000
   1073.3080	      0.0000
   1073.3414	      0.0000
   1073.3748	      0.0000
   1073.4081	    784.0920
   1073.4415	   1599.7786
   1073.4748	   2137.2268
   1073.5082	   2019.3850
   1073.5416	   1344.4713
   1073.5749	      0.0000
   1073.6083	      0.0000
   1073.6417	      0.0000
   1073.6750	      0.0000
   1073.7751	      0.0000
   1073.8085	      0.0000
   1073.8419	      0.0000
   1073.8753	      0.0000
   1073.9087	    641.3202
   1073.9420	   1721.5416
   1073.9754	   2468.6208
   1074.0088	   2207.9302
   1074.0422	   1168.9366
   1074.0756	      0.0000
   1074.1090	      0.0000
   1074.1424	      0.0000
   1074.1758	      0.0000
   1075.5797	      0.0000
   1075.6131	      0.0000
   1075.6466	      0.0000
   1075.6801	      0.0000
   1075.7135	    637.8593
   1075.7470	   1588.3711
   1075.7805	   2550.9216
   1075.8139	   2802.6045
   1075.8474	   2084.6394
   1075.8809	    958.9696
   1075.9143	      0.0000
   1075.9478	      0.0000
   1075.9813	      0.0000
   1076.0148	      0.0000
   1076.0483	      0.0000
   1076.0817	   1283.7933
   1076.1152	   2627.6433
   1076.1487	   3385.5911
   1076.1822	   2946.3042
   1076.2157	   1736.9303
   1076.2492	    693.2328
   1076.2827	      0.0000
   1076.3162	      0.0000
   1076.3497	      0.0000
   1076.3831	      0.0000
   1076.4166	   1362.2767
   1076.4501	   2470.7302
   1076.4836	   3142.7864
   1076.5171	   2848.8750
   1076.5507	   1811.0536
   1076.5842	    752.5436
   1076.6177	      0.0000
   1076.6512	      0.0000
   1076.6847	      0.0000
   1076.7182	      0.0000
   1076.9193	      0.0000
   1076.9528	      0.0000
   1076.9863	      0.0000
   1077.0199	      0.0000
   1077.0534	    670.4618
   1077.0869	   1755.3730
   1077.1205	   2883.6558
   1077.1540	   3236.2908
   1077.1875	   2507.5100
   1077.2211	   1259.9076
   1077.2546	      0.0000
   1077.2881	      0.0000
   1077.3217	      0.0000
   1077.3552	      0.0000
   1083.2830	      0.0000
   1083.3168	      0.0000
   1083.3506	      0.0000
   1083.3845	      0.0000
   1083.4183	   1222.7711
   1083.4521	   1966.9860
   1083.4860	   2187.4536
   1083.5198	   1715.6858
   1083.5536	    879.5132
   1083.5875	      0.0000
   1083.6213	      0.0000
   1083.6551	      0.0000
   1083.6890	      0.0000
   1090.7618	      0.0000
   1090.7960	      0.0000
   1090.8301	      0.0000
   1090.8643	      0.0000
   1090.8985	   1139.6432
   1090.9327	   1759.5209
   1090.9668	   1997.0560
   1091.0010	   1702.1329
   1091.0352	   1064.0432
   1091.0694	      0.0000
   1091.1036	      0.0000
   1091.1378	      0.0000
   1091.1720	      0.0000
   1091.2403	      0.0000
   1091.2745	      0.0000
   1091.3087	      0.0000
   1091.3429	      0.0000
   1091.3771	    770.9668
   1091.4113	   2240.1628
   1091.4455	   5531.1235
   1091.4797	   6334.1714
   1091.5139	   4141.5176
   1091.5481	   1816.0038
   1091.5823	      0.0000
   1091.6166	      0.0000
   1091.6508	      0.0000
   1091.6850	      0.0000
   1091.7192	      0.0000
   1091.7876	      0.0000
   1091.8218	      0.0000
   1091.8561	      0.0000
   1091.8903	      0.0000
   1091.9245	   1304.6832
   1091.9587	   2113.8938
   1091.9930	   2319.9429
   1092.0272	   1743.2546
   1092.0614	    819.9366
   1092.0957	      0.0000
   1092.1299	      0.0000
   1092.1641	      0.0000
   1092.1984	      0.0000
   1093.2948	      0.0000
   1093.3291	      0.0000
   1093.3634	      0.0000
   1093.3977	      0.0000
   1093.4320	   1369.6300
   1093.4663	   2141.2651
   1093.5006	   2293.4387
   1093.5349	   1717.9139
   1093.5692	    836.0703
   1093.6035	      0.0000
   1093.6378	      0.0000
   1093.6721	      0.0000
   1093.7064	      0.0000
   1093.7750	      0.0000
   1093.8093	      0.0000
   1093.8436	      0.0000
   1093.8780	      0.0000
   1093.9123	    976.0685
   1093.9466	   1636.2772
   1093.9809	   1925.5469
   1094.0152	   1657.5605
   1094.0496	   1033.2576
   1094.0839	      0.0000
   1094.1182	      0.0000
   1094.1525	      0.0000
   1094.1869	      0.0000
   1094.2555	      0.0000
   1094.2899	      0.0000
   1094.3242	      0.0000
   1094.3585	      0.0000
   1094.3929	    502.4962
   1094.4272	   1486.8367
   1094.4616	   2325.4360
   1094.4959	   2357.5605
   1094.5303	   1600.8668
   1094.5646	    680.1987
   1094.5990	      0.0000
   1094.6333	      0.0000
   1094.6677	      0.0000
   1094.7020	      0.0000
   1099.7698	      0.0000
   1099.8044	      0.0000
   1099.8390	      0.0000
   1099.8736	      0.0000
   1099.9082	   1261.8644
   1099.9428	   2185.0571
   1099.9774	   2537.3508
   1100.0120	   2080.9402
   1100.0466	   1187.5092
   1100.0812	      0.0000
   1100.1159	      0.0000
   1100.1505	      0.0000
   1100.1851	      0.0000
   1100.2543	      0.0000
   1100.2889	      0.0000
   1100.3236	      0.0000
   1100.3582	      0.0000
   1100.3928	    802.4038
   1100.4274	   1767.9993
   1100.4620	   2412.5505
   1100.4967	   2259.9565
   1100.5313	   1433.0404
   1100.5659	      0.0000
   1100.6006	      0.0000
   1100.6352	      0.0000
   1100.6698	      0.0000
   1100.7391	      0.0000
   1100.7738	      0.0000
   1100.8084	      0.0000
   1100.8430	      0.0000
   1100.8777	    807.3164
   1100.9123	   1846.3865
   1100.9470	   2835.0789
   1100.9816	   3127.5710
   1101.0163	   2511.1501
   1101.0509	   1421.3075
   1101.0856	      0.0000
   1101.1203	      0.0000
   1101.1549	      0.0000
   1101.1896	      0.0000
   1101.2589	      0.0000
   1101.2936	      0.0000
   1101.3282	      0.0000
   1101.3629	      0.0000
   1101.3976	   1292.4628
   1101.4322	   1972.3647
   1101.4669	   2143.6650
   1101.5016	   1706.4063
   1101.5363	    969.1707
   1101.5710	      0.0000
   1101.6056	      0.0000
   1101.6403	      0.0000
   1101.6750	      0.0000
   1103.2375	      0.0000
   1103.2722	      0.0000
   1103.3070	      0.0000
   1103.3417	      0.0000
   1103.3765	    745.3864
   1103.4113	   1786.0435
   1103.4460	   2628.6667
   1103.4808	   2651.4324
   1103.5156	   1851.6497
   1103.5503	    830.2771
   1103.5852	      0.0000
   1103.6199	      0.0000
   1103.6547	      0.0000
   1103.6895	      0.0000
   1145.7558	      0.0000
   1145.7926	      0.0000
   1145.8294	      0.0000
   1145.8662	      0.0000
   1145.9029	   1292.1106
   1145.9397	   2004.7161
   1145.9765	   2165.3674
   1146.0133	   1642.6996
   1146.0501	    819.1331
   1146.0870	      0.0000
   1146.1238	      0.0000
   1146.1606	      0.0000
   1146.1974	      0.0000
   1164.2600	      0.0000
   1164.2977	      0.0000
   1164.3354	      0.0000
   1164.3730	      0.0000
   1164.4107	    816.8505
   1164.4484	   1532.0740
   1164.4861	   2078.7317
   1164.5238	   2115.6990
   1164.5615	   1584.9359
   1164.5992	    797.6527
   1164.6369	      0.0000
   1164.6746	      0.0000
   1164.7123	      0.0000
   1164.7500	      0.0000
   1165.2781	      0.0000
   1165.3158	      0.0000
   1165.3535	      0.0000
   1165.3913	      0.0000
   1165.4290	    898.8943
   1165.4667	   1742.1371
   1165.5045	   2242.7725
   1165.5422	   2040.7467
   1165.5800	   1272.1520
   1165.6177	      0.0000
   1165.6555	      0.0000
   1165.6932	      0.0000
   1165.7310	      0.0000
   1172.2517	      0.0000
   1172.2898	      0.0000
   1172.3279	      0.0000
   1172.3659	      0.0000
   1172.4040	    610.7183
   1172.4421	   1642.7528
   1172.4802	   2564.1604
   1172.5183	   2712.5750
   1172.5563	   1987.0974
   1172.5944	    949.1846
   1172.6325	      0.0000
   1172.6706	      0.0000
   1172.7087	      0.0000
   1172.7468	      0.0000
   1173.2422	      0.0000
   1173.2803	      0.0000
   1173.3184	      0.0000
   1173.3565	      0.0000
   1173.3947	    733.4385
   1173.4328	   1939.3342
   1173.4709	   5091.5327
   1173.5090	   6780.5405
   1173.5472	   5664.2393
   1173.5853	   3173.6777
   1173.6234	    786.2933
   1173.6616	      0.0000
   1173.6997	      0.0000
   1173.7379	      0.0000
   1173.7760	      0.0000
   1173.8142	      0.0000
   1173.8523	      0.0000
   1173.8905	      0.0000
   1173.9286	   1216.4342
   1173.9668	   2280.1172
   1174.0049	   2954.2146
   1174.0431	   2782.9263
   1174.0812	   1893.5364
   1174.1194	    884.5405
   1174.1576	      0.0000
   1174.1957	      0.0000
   1174.2339	      0.0000
   1174.2720	      0.0000
   1174.3102	      0.0000
   1174.3484	      0.0000
   1174.3866	      0.0000
   1174.4247	    602.7912
   1174.4629	   1780.4733
   1174.5011	   4346.0386
   1174.5393	   5551.8188
   1174.5775	   4044.5576
   1174.6156	   2007.5101
   1174.6538	    834.3311
   1174.6920	      0.0000
   1174.7302	      0.0000
   1174.7684	      0.0000
   1174.8066	      0.0000
   1175.2651	      0.0000
   1175.3033	      0.0000
   1175.3415	      0.0000
   1175.3797	      0.0000
   1175.4179	    810.2664
   1175.4562	   1905.4962
   1175.4944	   2820.8467
   1175.5326	   2902.1599
   1175.5709	   2089.6553
   1175.6091	    987.4200
   1175.6473	      0.0000
   1175.6856	      0.0000
   1175.7238	      0.0000
   1175.7620	      0.0000
   1180.7492	      0.0000
   1180.7877	      0.0000
   1180.8262	      0.0000
   1180.8647	      0.0000
   1180.9032	   1097.5430
   1180.9417	   2998.9697
   1180.9802	   5094.4829
   1181.0187	   5932.1826
   1181.0572	   4105.8457
   1181.0957	   1875.5203
   1181.1342	    716.8263
   1181.1727	      0.0000
   1181.2112	      0.0000
   1181.2497	      0.0000
   1181.2882	      0.0000
   1181.3267	      0.0000
   1181.3652	      0.0000
   1181.4037	   1282.2455
   1181.4423	   2216.3386
   1181.4808	   2625.8491
   1181.5193	   2250.3638
   1181.5578	   1378.6993
   1181.5964	      0.0000
   1181.6349	      0.0000
   1181.6734	      0.0000
   1181.7119	      0.0000
   1181.7890	      0.0000
   1181.8275	      0.0000
   1181.8661	      0.0000
   1181.9046	      0.0000
   1181.9432	   1183.0592
   1181.9817	   1873.7201
   1182.0203	   2005.6133
   1182.0588	   1483.4045
   1182.0974	    691.0940
   1182.1359	      0.0000
   1182.1745	      0.0000
   1182.2130	      0.0000
   1182.2516	      0.0000
   1183.2547	      0.0000
   1183.2933	      0.0000
   1183.3319	      0.0000
   1183.3706	      0.0000
   1183.4092	    990.9476
   1183.4478	   2097.5183
   1183.4864	   2976.0452
   1183.5250	   2939.1606
   1183.5637	   2002.6884
   1183.6023	    861.8169
   1183.6410	      0.0000
   1183.6796	      0.0000
   1183.7182	      0.0000
   1183.7569	      0.0000
   1231.3084	      0.0000
   1231.3494	      0.0000
   1231.3904	      0.0000
   1231.4314	      0.0000
   1231.4724	   1361.1226
   1231.5134	   2024.9688
   1231.5544	   2186.0020
   1231.5954	   1696.4802
   1231.6364	    873.5226
   1231.6774	      0.0000
   1231.7184	      0.0000
   1231.7594	      0.0000
   1231.8004	      0.0000
   1239.7532	      0.0000
   1239.7946	      0.0000
   1239.8360	      0.0000
   1239.8774	      0.0000
   1239.9188	    760.6989
   1239.9602	   1691.8899
   1240.0016	   2551.9312
   1240.0430	   2840.6165
   1240.0845	   2366.1846
   1240.1259	   1439.8906
   1240.1673	      0.0000
   1240.2087	      0.0000
   1240.2502	      0.0000
   1240.2916	      0.0000
   1247.7832	      0.0000
   1247.8250	      0.0000
   1247.8668	      0.0000
   1247.9086	      0.0000
   1247.9504	   1028.0864
   1247.9923	   2928.6926
   1248.0341	   5091.9917
   1248.0759	   6523.9131
   1248.1177	   5107.7471
   1248.1596	   2804.9617
   1248.2014	   1217.2833
   1248.2432	      0.0000
   1248.2850	      0.0000
   1248.3269	      0.0000
   1248.3687	      0.0000
   1248.4106	      0.0000
   1248.4524	   1154.4679
   1248.4942	   3641.5093
   1248.5361	   6008.5640
   1248.5779	   6785.8833
   1248.6198	   4464.8872
   1248.6616	   2036.3411
   1248.7035	      0.0000
   1248.7658	      0.0000
   1248.8077	      0.0000
   1248.8495	      0.0000
   1248.8914	      0.0000
   1248.9333	    826.4880
   1248.9751	   3317.4707
   1249.0170	   6226.4902
   1249.0589	   9287.5645
   1249.1007	   9510.6289
   1249.1426	   6283.7686
   1249.1845	   3082.4143
   1249.2264	    405.9755
   1249.2478	      0.0000
   1249.2897	      0.0000
   1249.3316	      0.0000
   1249.3734	      0.0000
   1255.8071	      0.0000
   1255.8493	      0.0000
   1255.8915	      0.0000
   1255.9337	      0.0000
   1255.9759	   1143.7649
   1256.0182	   1864.7899
   1256.0604	   2098.3596
   1256.1026	   1664.3573
   1256.1448	    867.0023
   1256.1871	      0.0000
   1256.2293	      0.0000
   1256.2716	      0.0000
   1256.3138	      0.0000
   1274.8044	      0.0000
   1274.8476	      0.0000
   1274.8907	      0.0000
   1274.9339	      0.0000
   1274.9771	   1084.0026
   1275.0203	   1797.5792
   1275.0635	   2215.3413
   1275.1067	   2026.2278
   1275.1499	   1312.9349
   1275.1931	      0.0000
   1275.2363	      0.0000
   1275.2795	      0.0000
   1275.3227	      0.0000
   1312.8060	      0.0000
   1312.8511	      0.0000
   1312.8963	      0.0000
   1312.9414	      0.0000
   1312.9865	   1248.6350
   1313.0316	   1905.3796
   1313.0768	   2092.8611
   1313.1219	   1660.6101
   1313.1670	    890.7459
   1313.2122	      0.0000
   1313.2573	      0.0000
   1313.3025	      0.0000
   1313.3476	      0.0000
   1329.3386	      0.0000
   1329.3846	      0.0000
   1329.4305	      0.0000
   1329.4765	      0.0000
   1329.5225	   1493.5615
   1329.5685	   2451.9382
   1329.6145	   2681.1465
   1329.6605	   2029.9451
   1329.7065	   1031.0386
   1329.7525	      0.0000
   1329.7985	      0.0000
   1329.8445	      0.0000
   1329.8905	      0.0000
   1340.3482	      0.0000
   1340.3948	      0.0000
   1340.4413	      0.0000
   1340.4879	      0.0000
   1340.5344	   1269.9083
   1340.5810	   2186.7361
   1340.6275	   2396.7122
   1340.6741	   1720.8612
   1340.7206	    743.5115
   1340.7672	      0.0000
   1340.8138	      0.0000
   1340.8604	      0.0000
   1340.9069	      0.0000
   1340.9535	      0.0000
   1341.0001	    735.3692
   1341.0467	   2043.9609
   1341.0932	   3206.8669
   1341.1398	   3317.0330
   1341.1864	   2304.2437
   1341.2330	   1032.6635
   1341.2796	      0.0000
   1341.3262	      0.0000
   1341.3728	      0.0000
   1341.4194	      0.0000
   1342.3053	      0.0000
   1342.3519	      0.0000
   1342.3986	      0.0000
   1342.4452	      0.0000
   1342.4919	    763.6868
   1342.5385	   1663.8567
   1342.5852	   2326.5747
   1342.6319	   2274.0630
   1342.6785	   1563.7545
   1342.7534	      0.0000
   1342.8001	      0.0000
   1342.8468	      0.0000
   1342.8934	      0.0000
   1349.2641	      0.0000
   1349.3111	      0.0000
   1349.3581	      0.0000
   1349.4051	      0.0000
   1349.4521	   1534.3807
   1349.4992	   4407.3770
   1349.5462	  11718.1201
   1349.5932	  19895.8613
   1349.6402	  25059.6582
   1349.6873	  18494.7383
   1349.7343	  10236.0107
   1349.7813	   2199.4172
   1349.8284	      0.0000
   1349.8719	      0.0000
   1349.9190	    242.0060
   1349.9660	   3076.8782
   1350.0131	   9569.1904
   1350.0601	  19701.8105
   1350.1072	  31018.3691
   1350.1542	  33696.8398
   1350.2013	  22057.0000
   1350.2483	  10753.5293
   1350.2954	   1326.5936
   1350.3401	      0.0000
   1350.3872	      0.0000
   1350.4343	    348.5425
   1350.4813	   4155.2095
   1350.5284	  13487.3184
   1350.5755	  24915.7715
   1350.6226	  36518.8164
   1350.6696	  32570.6035
   1350.7167	  19109.7734
   1350.7638	   6806.7314
   1350.8109	      0.0000
   1350.8499	      0.0000
   1350.8970	      0.0000
   1350.9441	    290.2676
   1350.9912	   3703.8892
   1351.0383	  10122.4189
   1351.0854	  17143.9492
   1351.1325	  22084.1250
   1351.1796	  16693.3066
   1351.2267	   9058.9873
   1351.2738	   2130.1702
   1351.3209	      0.0000
   1351.3538	      0.0000
   1351.4009	      0.0000
   1351.4480	      0.0000
   1351.4952	   1193.1586
   1351.5423	   4200.9570
   1351.5894	   6764.6421
   1351.6366	   8036.4868
   1351.6837	   5565.4448
   1351.7308	   2522.5840
   1351.7780	     72.2236
   1351.8251	      0.0000
   1351.8723	      0.0000
   1351.9194	      0.0000
   1351.9666	      0.0000
   1356.3150	      0.0000
   1356.3624	      0.0000
   1356.4098	      0.0000
   1356.4572	      0.0000
   1356.5046	   1056.9558
   1356.5520	   2032.1583
   1356.5994	   2550.8701
   1356.6468	   2219.9321
   1356.6942	   1315.3423
   1356.7404	      0.0000
   1356.7878	      0.0000
   1356.8352	      0.0000
   1356.8826	      0.0000
   1423.3253	      0.0000
   1423.3762	      0.0000
   1423.4272	      0.0000
   1423.4781	      0.0000
   1423.5290	   1293.3701
   1423.5800	   2802.3098
   1423.6309	   4857.5220
   1423.6819	   4927.2285
   1423.7328	   2884.1277
   1423.7838	   1382.8000
   1423.8348	      0.0000
   1423.8857	      0.0000
   1423.9367	      0.0000
   1423.9877	      0.0000
   1450.8142	      0.0000
   1450.8667	      0.0000
   1450.9191	      0.0000
   1450.9715	      0.0000
   1451.0239	    649.1525
   1451.0764	   1641.2369
   1451.1288	   2426.9788
   1451.1812	   2386.4575
   1451.2337	   1587.6053
   1451.2861	      0.0000
   1451.3385	      0.0000
   1451.3910	      0.0000
   1451.4434	      0.0000
   1451.4959	    722.1033
   1451.5484	   1879.6079
   1451.6008	   4945.6777
   1451.6533	   6724.9082
   1451.7057	   5824.8228
   1451.7582	   3216.9404
   1451.8107	    745.5164
   1451.8631	      0.0000
   1451.9156	      0.0000
   1451.9681	    588.9017
   1452.0206	   3008.6519
   1452.0731	   6006.3853
   1452.1256	   8875.7900
   1452.1780	   8047.6860
   1452.2305	   4805.6196
   1452.2830	   1663.7205
   1452.3355	      0.0000
   1452.3880	      0.0000
   1452.4405	      0.0000
   1452.4930	    954.9277
   1452.5455	   1670.5062
   1452.5981	   2735.7339
   1452.6506	   3459.5894
   1452.7031	   3173.0969
   1452.7556	   2012.3914
   1452.8081	    805.6343
   1452.8607	      0.0000
   1452.9132	      0.0000
   1452.9657	      0.0000
   1453.0183	      0.0000
   1531.7879	      0.0000
   1531.8448	      0.0000
   1531.9016	      0.0000
   1531.9585	      0.0000
   1532.0154	   1176.1168
   1532.0723	   3569.7002
   1532.1291	   6090.1724
   1532.1860	   7605.2173
   1532.2429	   5821.8711
   1532.2998	   3273.2983
   1532.3567	   1060.2679
   1532.4136	      0.0000
   1532.4705	      0.0000
   1532.5274	   1195.7987
   1532.5843	   2135.2703
   1532.6412	   3020.0278
   1532.6981	   3220.7861
   1532.7551	   2582.5525
   1532.8120	   1583.5465
   1532.8689	      0.0000
   1532.9258	      0.0000
   1532.9828	   1006.2640
   1533.0397	   2802.8689
   1533.0966	   5159.0205
   1533.1536	   7567.4136
   1533.2105	   6637.6943
   1533.2675	   3691.9868
   1533.3244	   1056.2972
   1533.3814	      0.0000
   1533.4383	      0.0000
   1533.4953	   1219.9423
   1533.5523	   1720.1802
   1533.6092	   2215.1804
   1533.6662	   2496.0940
   1533.7232	   2290.1526
   1533.7801	   1601.2706
   1533.8371	      0.0000
   1533.8941	      0.0000
   1533.9511	      0.0000
   1534.0081	   1006.7621
   1534.0651	   1783.2727
   1534.1221	   2491.6978
   1534.1791	   2715.0178
   1534.2361	   2242.9448
   1534.2931	   1350.6202
   1534.3501	      0.0000
   1534.4071	      0.0000
   1534.4641	      0.0000
   1534.5211	      0.0000
   2207.8468	      0.0000
   2207.9452	      0.0000
   2208.0436	      0.0000
   2208.1421	      0.0000
   2208.2405	    798.0040
   2208.3389	   1559.5520
   2208.4374	   2019.1185
   2208.5358	   1876.5031
   2208.6343	   1232.2009
   2208.7326	      0.0000
   2208.8311	      0.0000
   2208.9296	      0.0000
   2209.0281	      0.0000
   3026.8849	      0.0000
   3027.0429	      0.0000
   3027.2009	      0.0000
   3027.3589	      0.0000
   3027.5169	    951.6110
   3027.6749	   1731.5603
   3027.8329	   2048.4651
   3027.9910	   1679.7379
   3028.1490	    904.0787
   3028.3069	      0.0000
   3028.4650	      0.0000
   3028.6231	      0.0000
   3028.7812	      0.0000
   3570.5236	      0.0000
   3570.7260	      0.0000
   3570.9284	      0.0000
   3571.1308	      0.0000
   3571.3332	   1419.1545
   3571.5357	   2371.9346
   3571.7381	   2906.2385
   3571.9406	   2643.7576
   3572.1431	   1751.9501
   3572.3457	    797.7432
   3572.5482	      0.0000
   3572.7507	      0.0000
   3572.9533	      0.0000
   3573.1559	      0.0000
   3641.5885	      0.0000
   3641.7970	      0.0000
   3642.0055	      0.0000
   3642.2140	      0.0000
