# ljz_20131022_MR_Chym1_ELUTE.mzML
#
# index: 659
# id: controllerType=0 controllerNumber=1 scan=5726
# scanNumber: 5726
# massAnalyzerType: quadrupole
# scanEvent: 2
# msLevel: 2
# retentionTime: 1745.26
# filterString: FTMS + p NSI d Full ms2 798.02@hcd28.00 [100.00-2465.00]
# mzLow: 99.0035
# mzHigh: 2490.26
# basePeakMZ: 204.088
# basePeakIntensity: 23334.9
# totalIonCurrent: 131866
# precursorCount: 1
# precursor 0: 797.687 489843
# binary (469): 
     99.0035	      0.0000
     99.0044	      0.0000
     99.0054	      0.0000
     99.0063	      0.0000
    115.0319	      0.0000
    115.0331	      0.0000
    115.0342	      0.0000
    115.0354	      0.0000
    115.0366	    487.9113
    115.0378	   1093.8884
    115.0389	   1473.8252
    115.0401	   1365.7931
    115.0413	    876.4798
    115.0424	      0.0000
    115.0436	      0.0000
    115.0447	      0.0000
    115.0459	      0.0000
    117.8612	      0.0000
    117.8625	      0.0000
    117.8637	      0.0000
    117.8649	      0.0000
    117.8661	    814.9110
    117.8673	   1192.1902
    117.8685	   1224.8782
    117.8697	    901.2539
    117.8710	    440.1655
    117.8721	      0.0000
    117.8733	      0.0000
    117.8746	      0.0000
    117.8758	      0.0000
    121.7514	      0.0000
    121.7527	      0.0000
    121.7540	      0.0000
    121.7553	      0.0000
    121.7565	    492.3297
    121.7578	    999.5012
    121.7591	   1189.5786
    121.7603	    917.7163
    121.7616	    413.2337
    121.7633	      0.0000
    121.7646	      0.0000
    121.7659	      0.0000
    121.7672	      0.0000
    126.0444	      0.0000
    126.0457	      0.0000
    126.0471	      0.0000
    126.0484	      0.0000
    126.0498	    673.5482
    126.0511	   1109.7659
    126.0524	   3738.7544
    126.0538	   7464.6533
    126.0551	  11284.0967
    126.0565	  10623.7686
    126.0578	   6515.4619
    126.0592	   2650.0771
    126.0605	    359.6360
    126.0613	      0.0000
    126.0627	      0.0000
    126.0640	      0.0000
    126.0654	      0.0000
    127.0295	      0.0000
    127.0309	      0.0000
    127.0322	      0.0000
    127.0336	      0.0000
    127.0349	    777.8542
    127.0363	   2481.6348
    127.0376	   4763.5532
    127.0390	   6869.8779
    127.0404	   5962.6865
    127.0417	   3497.2158
    127.0431	   1197.8303
    127.0444	    624.3480
    127.0457	      0.0000
    127.0471	      0.0000
    127.0485	      0.0000
    127.0498	      0.0000
    132.2607	      0.0000
    132.2621	      0.0000
    132.2636	      0.0000
    132.2650	      0.0000
    132.2665	    624.0618
    132.2679	   1136.3489
    132.2694	   1371.8519
    132.2708	   1172.8828
    132.2722	    692.7586
    132.2737	      0.0000
    132.2751	      0.0000
    132.2766	      0.0000
    132.2780	      0.0000
    132.2795	      0.0000
    132.2809	      0.0000
    132.2823	      0.0000
    132.2838	    473.8566
    132.2852	    939.8572
    132.2867	   1482.3992
    132.2881	   1855.3921
    132.2896	   1760.3284
    132.2910	   1183.5497
    132.2924	    563.7966
    132.2939	      0.0000
    132.2953	    892.3170
    132.2968	   1411.6769
    132.2982	   1449.1902
    132.2997	    956.9729
    132.3011	    349.6655
    132.3030	      0.0000
    132.3044	      0.0000
    132.3058	      0.0000
    132.3073	      0.0000
    138.0420	      0.0000
    138.0436	      0.0000
    138.0451	      0.0000
    138.0466	      0.0000
    138.0482	    127.5990
    138.0497	   1304.7374
    138.0512	   4394.4575
    138.0528	  10610.1592
    138.0543	  17569.4336
    138.0559	  20913.8574
    138.0574	  15061.9932
    138.0589	   8231.8018
    138.0605	   2062.7603
    138.0620	      0.0000
    138.0631	      0.0000
    138.0646	      0.0000
    138.0662	      0.0000
    138.0677	      0.0000
    145.0381	      0.0000
    145.0398	      0.0000
    145.0414	      0.0000
    145.0431	      0.0000
    145.0447	    459.4429
    145.0464	   1393.9783
    145.0481	   2520.7961
    145.0497	   4421.0044
    145.0514	   2564.8088
    145.0530	   1483.3108
    145.0547	    554.9501
    145.0563	      0.0000
    145.0580	      0.0000
    145.0597	      0.0000
    145.0613	      0.0000
    163.0476	      0.0000
    163.0496	      0.0000
    163.0516	      0.0000
    163.0536	      0.0000
    163.0555	    640.2025
    163.0575	   1559.5676
    163.0595	   2278.9529
    163.0615	   2296.4854
    163.0634	   1626.1436
    163.0654	    788.7004
    163.0674	      0.0000
    163.0694	      0.0000
    163.0714	      0.0000
    163.0733	      0.0000
    168.0496	      0.0000
    168.0516	      0.0000
    168.0537	      0.0000
    168.0558	      0.0000
    168.0578	    371.9524
    168.0599	   1757.2045
    168.0620	   4583.5674
    168.0640	   7656.0981
    168.0661	   9162.6914
    168.0682	   6614.9941
    168.0702	   3650.1990
    168.0723	   1054.6130
    168.0744	    121.6630
    168.0765	      0.0000
    168.0786	      0.0000
    168.0806	      0.0000
    168.0827	      0.0000
    186.0589	      0.0000
    186.0613	      0.0000
    186.0637	      0.0000
    186.0661	      0.0000
    186.0685	    449.2526
    186.0709	   1475.1699
    186.0733	   4245.5420
    186.0757	   5913.7534
    186.0781	   5048.4019
    186.0806	   2902.0593
    186.0830	    891.7416
    186.0861	      0.0000
    186.0885	      0.0000
    186.0909	      0.0000
    186.0933	      0.0000
    204.0651	      0.0000
    204.0679	      0.0000
    204.0706	      0.0000
    204.0734	      0.0000
    204.0762	    890.7725
    204.0789	   2987.7266
    204.0817	   9266.7764
    204.0845	  16824.0000
    204.0872	  23259.8496
    204.0900	  19319.2090
    204.0928	  11353.2598
    204.0955	   3902.2156
    204.0983	    466.6462
    204.1004	      0.0000
    204.1032	      0.0000
    204.1059	      0.0000
    204.1087	      0.0000
    205.0747	      0.0000
    205.0775	      0.0000
    205.0803	      0.0000
    205.0830	      0.0000
    205.0858	    865.4214
    205.0886	   1234.5068
    205.0914	   1299.7223
    205.0942	   1032.1593
    205.0970	    603.8543
    205.0998	      0.0000
    205.1026	      0.0000
    205.1054	      0.0000
    205.1082	      0.0000
    217.0307	      0.0000
    217.0337	      0.0000
    217.0367	      0.0000
    217.0398	      0.0000
    217.0428	    597.6140
    217.0458	   1016.8030
    217.0489	   1177.7876
    217.0519	    971.1755
    217.0549	    543.7815
    217.0586	      0.0000
    217.0617	      0.0000
    217.0647	      0.0000
    217.0677	      0.0000
    366.0926	      0.0000
    366.0992	      0.0000
    366.1059	      0.0000
    366.1125	      0.0000
    366.1191	    366.0580
    366.1258	   1176.5115
    366.1324	   2144.4990
    366.1391	   2661.1946
    366.1457	   2344.4443
    366.1524	   1445.8480
    366.1590	    599.8610
    366.1658	      0.0000
    366.1725	      0.0000
    366.1791	      0.0000
    366.1857	      0.0000
    404.6375	      0.0000
    404.6452	      0.0000
    404.6529	      0.0000
    404.6606	      0.0000
    404.6683	    471.8220
    404.6761	   1000.0078
    404.6838	   1354.9636
    404.6915	   1291.4414
    404.6992	    862.6132
    404.7076	      0.0000
    404.7153	      0.0000
    404.7231	      0.0000
    404.7308	      0.0000
    529.1012	      0.0000
    529.1127	      0.0000
    529.1243	      0.0000
    529.1358	      0.0000
    529.1474	    544.6862
    529.1589	   1229.0200
    529.1704	   1886.2505
    529.1820	   2056.7908
    529.1935	   1596.1963
    529.2051	    833.6803
    529.2169	      0.0000
    529.2285	      0.0000
    529.2400	      0.0000
    529.2516	      0.0000
    778.7445	      0.0000
    778.7651	      0.0000
    778.7857	      0.0000
    778.8063	      0.0000
    778.8269	    816.9593
    778.8476	   1728.1616
    778.8682	   2390.0974
    778.8888	   2295.4041
    778.9094	   1502.0288
    778.9300	    618.4500
    778.9507	      0.0000
    778.9713	      0.0000
    778.9919	      0.0000
    779.0125	      0.0000
    779.2394	      0.0000
    779.2601	      0.0000
    779.2807	      0.0000
    779.3013	      0.0000
    779.3220	    609.9775
    779.3426	   1482.6141
    779.3632	   2179.7705
    779.3839	   2214.6663
    779.4045	   1572.5951
    779.4252	    746.2056
    779.4459	      0.0000
    779.4665	      0.0000
    779.4872	      0.0000
    779.5078	      0.0000
    851.7348	      0.0000
    851.7584	      0.0000
    851.7820	      0.0000
    851.8056	      0.0000
    851.8291	    716.9654
    851.8527	   1687.6531
    851.8763	   3772.9395
    851.8999	   4910.4551
    851.9235	   3876.1963
    851.9471	   1823.9491
    851.9706	    865.8298
    851.9943	      0.0000
    852.0179	      0.0000
    852.0414	      0.0000
    852.0650	      0.0000
    879.2638	      0.0000
    879.2885	      0.0000
    879.3133	      0.0000
    879.3380	      0.0000
    879.3627	    741.2557
    879.3875	   1250.9877
    879.4122	   1498.1416
    879.4369	   1357.2137
    879.4617	    930.1855
    879.4865	      0.0000
    879.5113	      0.0000
    879.5360	      0.0000
    879.5607	      0.0000
    954.2774	      0.0000
    954.3053	      0.0000
    954.3333	      0.0000
    954.3613	      0.0000
    954.3892	    704.6499
    954.4172	   1318.4221
    954.4452	   1572.2936
    954.4731	   1240.2726
    954.5011	    586.8167
    954.5291	      0.0000
    954.5571	      0.0000
    954.5851	      0.0000
    954.6131	      0.0000
   1003.4683	      0.0000
   1003.4985	      0.0000
   1003.5286	      0.0000
   1003.5588	      0.0000
   1003.5890	    657.1478
   1003.6191	   1118.3611
   1003.6493	   1323.4569
   1003.6794	   1148.5049
   1003.7096	    719.3365
   1003.7398	      0.0000
   1003.7700	      0.0000
   1003.8001	      0.0000
   1003.8303	      0.0000
   1043.3007	      0.0000
   1043.3327	      0.0000
   1043.3646	      0.0000
   1043.3966	      0.0000
   1043.4286	    992.7854
   1043.4605	   1401.1698
   1043.4925	   1446.1985
   1043.5245	   1113.3470
   1043.5565	    595.9197
   1043.5886	      0.0000
   1043.6205	      0.0000
   1043.6525	      0.0000
   1043.6845	      0.0000
   1122.2494	      0.0000
   1122.2851	      0.0000
   1122.3208	      0.0000
   1122.3564	      0.0000
   1122.3921	    561.9622
   1122.4278	   1406.3824
   1122.4634	   2184.5078
   1122.4991	   2330.8318
   1122.5348	   1740.4940
   1122.5704	    879.3466
   1122.6061	      0.0000
   1122.6418	      0.0000
   1122.6775	      0.0000
   1122.7132	      0.0000
   1122.7488	      0.0000
   1122.7845	      0.0000
   1122.8202	      0.0000
   1122.8559	      0.0000
   1122.8916	    309.3812
   1122.9273	   1110.0007
   1122.9630	   1980.8097
   1122.9987	   2338.2510
   1123.0344	   1931.0464
   1123.0701	   1101.7178
   1123.1058	    412.0970
   1123.1415	      0.0000
   1123.1772	      0.0000
   1123.2129	      0.0000
   1123.2486	      0.0000
   1123.7487	      0.0000
   1123.7844	      0.0000
   1123.8201	      0.0000
   1123.8559	      0.0000
   1123.8916	    437.1647
   1123.9274	   1189.9000
   1123.9631	   1840.5482
   1123.9988	   1934.0884
   1124.0346	   1413.6863
   1124.0703	    688.1676
   1124.1061	      0.0000
   1124.1418	      0.0000
   1124.1776	      0.0000
   1124.2133	      0.0000
   1124.2848	      0.0000
   1124.3206	      0.0000
   1124.3564	      0.0000
   1124.3921	      0.0000
   1124.4279	    680.2747
   1124.4637	   1366.5459
   1124.4994	   1736.3628
   1124.5352	   1508.7323
   1124.5710	    856.6318
   1124.6069	      0.0000
   1124.6427	      0.0000
   1124.6785	      0.0000
   1124.7142	      0.0000
   1261.2705	      0.0000
   1261.3130	      0.0000
   1261.3555	      0.0000
   1261.3980	      0.0000
   1261.4405	    511.0556
   1261.4830	   1240.5214
   1261.5255	   2118.2878
   1261.5680	   2642.4485
   1261.6105	   2456.0305
   1261.6530	   1689.0953
   1261.6955	    829.9921
   1261.7380	      0.0000
   1261.7806	      0.0000
   1261.8231	      0.0000
   1261.8656	      0.0000
   1262.3334	      0.0000
   1262.3760	      0.0000
   1262.4185	      0.0000
   1262.4611	      0.0000
   1262.5036	   1108.0017
   1262.5462	   1634.0859
   1262.5887	   1737.9043
   1262.6313	   1302.2008
   1262.6738	    601.8923
   1262.7153	      0.0000
   1262.7579	      0.0000
   1262.8004	      0.0000
   1262.8430	      0.0000
   1466.4021	      0.0000
   1466.4554	      0.0000
   1466.5087	      0.0000
   1466.5619	      0.0000
   1466.6152	    797.8597
   1466.6685	   1266.3094
   1466.7218	   1452.4819
   1466.7750	   1228.1904
   1466.8283	    731.2235
   1466.8816	      0.0000
   1466.9349	      0.0000
   1466.9882	      0.0000
   1467.0415	      0.0000
   2489.9031	      0.0000
   2490.0210	      0.0000
   2490.1388	      0.0000
   2490.2567	      0.0000
