# ljz_20131022_MR_Chym1_ELUTE.mzML
#
# index: 1235
# id: controllerType=0 controllerNumber=1 scan=6482
# scanNumber: 6482
# massAnalyzerType: quadrupole
# scanEvent: 2
# msLevel: 2
# retentionTime: 1886.15
# filterString: FTMS + p NSI d Full ms2 1172.47@hcd28.00 [100.00-2410.00]
# mzLow: 99.0034
# mzHigh: 2434.74
# basePeakMZ: 204.087
# basePeakIntensity: 32333.5
# totalIonCurrent: 128040
# precursorCount: 1
# precursor 0: 1171.47 147248
# binary (346): 
     99.0034	      0.0000
     99.0043	      0.0000
     99.0053	      0.0000
     99.0062	      0.0000
    123.7182	      0.0000
    123.7195	      0.0000
    123.7208	      0.0000
    123.7221	      0.0000
    123.7234	   1101.2512
    123.7248	   1575.6393
    123.7261	   1667.2949
    123.7274	   1339.2688
    123.7287	    796.9540
    123.7299	      0.0000
    123.7312	      0.0000
    123.7325	      0.0000
    123.7338	      0.0000
    126.0452	      0.0000
    126.0466	      0.0000
    126.0479	      0.0000
    126.0492	      0.0000
    126.0506	   1053.1555
    126.0519	   4799.1724
    126.0533	  10773.6826
    126.0546	  17175.1406
    126.0560	  18205.4668
    126.0573	  12061.7129
    126.0586	   5987.6860
    126.0600	   1378.7440
    126.0613	      0.0000
    126.0629	      0.0000
    126.0642	      0.0000
    126.0656	      0.0000
    126.0669	      0.0000
    138.0419	      0.0000
    138.0434	      0.0000
    138.0450	      0.0000
    138.0465	      0.0000
    138.0480	   1052.8348
    138.0496	   1297.1094
    138.0511	   3707.8132
    138.0526	   8812.3730
    138.0542	  14395.7363
    138.0557	  17004.7461
    138.0573	  12109.0625
    138.0588	   6438.5786
    138.0603	   1499.9841
    138.0619	      0.0000
    138.0631	      0.0000
    138.0646	      0.0000
    138.0662	      0.0000
    138.0677	      0.0000
    139.0485	      0.0000
    139.0501	      0.0000
    139.0516	      0.0000
    139.0532	      0.0000
    139.0548	    655.9712
    139.0563	   1243.8634
    139.0579	   1560.5920
    139.0594	   1334.8287
    139.0610	    705.2987
    139.0626	      0.0000
    139.0641	      0.0000
    139.0657	      0.0000
    139.0672	      0.0000
    144.0557	      0.0000
    144.0573	      0.0000
    144.0589	      0.0000
    144.0606	      0.0000
    144.0622	    901.3615
    144.0639	   1489.3545
    144.0655	   1750.4435
    144.0671	   1489.8639
    144.0688	    866.3134
    144.0704	      0.0000
    144.0720	      0.0000
    144.0737	      0.0000
    144.0753	      0.0000
    145.5748	      0.0000
    145.5764	      0.0000
    145.5781	      0.0000
    145.5798	      0.0000
    145.5814	    901.9677
    145.5831	   1315.7440
    145.5847	   1416.0725
    145.5864	   1128.3129
    145.5881	    613.0486
    145.5896	      0.0000
    145.5913	      0.0000
    145.5929	      0.0000
    145.5946	      0.0000
    168.0494	      0.0000
    168.0515	      0.0000
    168.0535	      0.0000
    168.0556	      0.0000
    168.0577	    750.7874
    168.0597	   1823.3344
    168.0618	   5168.7178
    168.0639	   8702.4902
    168.0659	  10518.0781
    168.0680	   7798.4639
    168.0701	   4409.9438
    168.0721	   1467.5306
    168.0742	    586.3346
    168.0765	      0.0000
    168.0786	      0.0000
    168.0806	      0.0000
    168.0827	      0.0000
    186.0589	      0.0000
    186.0613	      0.0000
    186.0637	      0.0000
    186.0661	      0.0000
    186.0685	    821.2440
    186.0709	   2115.1350
    186.0733	   4800.8970
    186.0757	   7607.5869
    186.0781	   7279.8774
    186.0806	   4411.9785
    186.0830	   1792.0988
    186.0854	    626.7084
    186.0881	      0.0000
    186.0905	      0.0000
    186.0929	      0.0000
    186.0953	      0.0000
    204.0647	      0.0000
    204.0674	      0.0000
    204.0702	      0.0000
    204.0730	      0.0000
    204.0757	    871.2453
    204.0785	   3851.2278
    204.0813	  12778.7227
    204.0840	  23187.7324
    204.0868	  32202.7168
    204.0896	  27039.2109
    204.0923	  16046.9971
    204.0951	   5958.1206
    204.0979	   1232.7955
    204.1006	      0.0000
    204.1032	      0.0000
    204.1059	      0.0000
    204.1087	      0.0000
    204.1115	      0.0000
    205.0719	      0.0000
    205.0747	      0.0000
    205.0775	      0.0000
    205.0803	      0.0000
    205.0830	    754.5274
    205.0858	   1710.7675
    205.0886	   2476.7783
    205.0914	   2549.2632
    205.0942	   1886.0743
    205.0970	    947.3325
    205.1002	      0.0000
    205.1030	      0.0000
    205.1057	      0.0000
    205.1085	      0.0000
    332.7807	      0.0000
    332.7865	      0.0000
    332.7922	      0.0000
    332.7980	      0.0000
    332.8038	    786.6201
    332.8095	   1324.7573
    332.8153	   1528.3092
    332.8210	   1270.3965
    332.8268	    740.7256
    332.8328	      0.0000
    332.8386	      0.0000
    332.8443	      0.0000
    332.8501	      0.0000
    383.0652	      0.0000
    383.0724	      0.0000
    383.0795	      0.0000
    383.0866	      0.0000
    383.0937	   1120.9236
    383.1008	   1830.2627
    383.1079	   2086.9360
    383.1150	   1696.7073
    383.1221	    917.3532
    383.1294	      0.0000
    383.1365	      0.0000
    383.1436	      0.0000
    383.1508	      0.0000
    419.6420	      0.0000
    419.6501	      0.0000
    419.6583	      0.0000
    419.6664	      0.0000
    419.6746	    726.4861
    419.6827	   1304.6437
    419.6909	   1679.5630
    419.6991	   1565.5792
    419.7072	   1009.6669
    419.7158	      0.0000
    419.7239	      0.0000
    419.7321	      0.0000
    419.7403	      0.0000
    469.8620	      0.0000
    469.8717	      0.0000
    469.8813	      0.0000
    469.8910	      0.0000
    469.9007	    781.4918
    469.9103	   1290.1946
    469.9200	   1475.4069
    469.9296	   1230.6925
    469.9393	    734.5836
    469.9493	      0.0000
    469.9589	      0.0000
    469.9686	      0.0000
    469.9783	      0.0000
    568.1609	      0.0000
    568.1737	      0.0000
    568.1866	      0.0000
    568.1994	      0.0000
    568.2123	    715.7485
    568.2251	   1353.8934
    568.2380	   1620.9951
    568.2508	   1306.2045
    568.2637	    654.2771
    568.2765	      0.0000
    568.2894	      0.0000
    568.3022	      0.0000
    568.3151	      0.0000
    586.1636	      0.0000
    586.1771	      0.0000
    586.1905	      0.0000
    586.2040	      0.0000
    586.2174	    875.8973
    586.2309	   1277.4476
    586.2444	   1431.0181
    586.2578	   1240.4211
    586.2713	    781.1836
    586.2851	      0.0000
    586.2985	      0.0000
    586.3120	      0.0000
    586.3255	      0.0000
    842.5437	      0.0000
    842.5669	      0.0000
    842.5901	      0.0000
    842.6133	      0.0000
    842.6365	    880.7769
    842.6597	   1641.2258
    842.6829	   1927.1986
    842.7061	   1519.5226
    842.7293	    782.5086
    842.7526	      0.0000
    842.7758	      0.0000
    842.7990	      0.0000
    842.8222	      0.0000
    938.4547	      0.0000
    938.4820	      0.0000
    938.5093	      0.0000
    938.5365	      0.0000
    938.5638	    817.1879
    938.5911	   1419.5782
    938.6184	   1607.4648
    938.6456	   1298.9551
    938.6729	    740.6218
    938.7005	      0.0000
    938.7278	      0.0000
    938.7551	      0.0000
    938.7823	      0.0000
   1171.1868	      0.0000
   1171.2248	      0.0000
   1171.2628	      0.0000
   1171.3008	      0.0000
   1171.3389	    589.2092
   1171.3769	   1450.5966
   1171.4149	   4259.2993
   1171.4530	   6671.1680
   1171.4910	   7732.9492
   1171.5290	   5807.0220
   1171.5671	   3332.8843
   1171.6051	    893.5031
   1171.6431	      0.0000
   1171.6812	      0.0000
   1171.7192	      0.0000
   1171.7573	      0.0000
   1172.2520	      0.0000
   1172.2901	      0.0000
   1172.3282	      0.0000
   1172.3662	      0.0000
   1172.4043	    846.8080
   1172.4424	   1633.7783
   1172.4805	   2019.8499
   1172.5186	   1653.0568
   1172.5566	    809.7374
   1172.5948	      0.0000
   1172.6329	      0.0000
   1172.6710	      0.0000
   1172.7091	      0.0000
   1238.8431	      0.0000
   1238.8844	      0.0000
   1238.9258	      0.0000
   1238.9671	      0.0000
   1239.0085	   1012.9341
   1239.0499	   1683.8058
   1239.0913	   1966.4167
   1239.1326	   1654.1875
   1239.1740	    948.9663
   1239.2155	      0.0000
   1239.2568	      0.0000
   1239.2982	      0.0000
   1239.3396	      0.0000
   1317.2392	      0.0000
   1317.2845	      0.0000
   1317.3299	      0.0000
   1317.3752	      0.0000
   1317.4206	    977.4469
   1317.4659	   2060.6040
   1317.5113	   3079.4692
   1317.5567	   3297.1482
   1317.6020	   2489.6724
   1317.6474	   1275.1387
   1317.6929	      0.0000
   1317.7382	      0.0000
   1317.7836	      0.0000
   1317.8290	      0.0000
   1396.6118	      0.0000
   1396.6613	      0.0000
   1396.7108	      0.0000
   1396.7604	      0.0000
   1396.8099	   1340.1848
   1396.8594	   1956.5928
   1396.9089	   2075.6123
   1396.9584	   1619.4231
   1397.0080	    868.7946
   1397.0563	      0.0000
   1397.1058	      0.0000
   1397.1554	      0.0000
   1397.2049	      0.0000
   1571.5563	      0.0000
   1571.6154	      0.0000
   1571.6745	      0.0000
   1571.7336	      0.0000
   1571.7927	    765.2517
   1571.8518	   1507.1025
   1571.9110	   1932.2158
   1571.9701	   1792.0880
   1572.0292	   1225.7892
   1572.0883	      0.0000
   1572.1474	      0.0000
   1572.2066	      0.0000
   1572.2657	      0.0000
   2434.3986	      0.0000
   2434.5125	      0.0000
   2434.6264	      0.0000
   2434.7404	      0.0000
