# ljz_20131022_MR_Chym1_ELUTE.mzML
#
# index: 5653
# id: controllerType=0 controllerNumber=1 scan=12133
# scanNumber: 12133
# massAnalyzerType: quadrupole
# scanEvent: 2
# msLevel: 2
# retentionTime: 2904.13
# filterString: FTMS + p NSI d Full ms2 472.72@hcd28.00 [100.00-985.00]
# mzLow: 99.0036
# mzHigh: 995.019
# basePeakMZ: 201.124
# basePeakIntensity: 124345
# totalIonCurrent: 724303
# precursorCount: 1
# precursor 0: 472.723 876764
# binary (1712): 
     99.0036	      0.0000
     99.0045	      0.0000
     99.0055	      0.0000
     99.0064	      0.0000
    101.0002	      0.0000
    101.0012	      0.0000
    101.0022	      0.0000
    101.0031	      0.0000
    101.0041	    309.7807
    101.0050	    852.2438
    101.0060	   1268.6112
    101.0070	   1226.6188
    101.0079	    772.8458
    101.0093	      0.0000
    101.0103	      0.0000
    101.0112	      0.0000
    101.0122	      0.0000
    101.0642	      0.0000
    101.0652	      0.0000
    101.0662	      0.0000
    101.0671	      0.0000
    101.0681	    619.5332
    101.0691	   1691.5421
    101.0700	   4733.0713
    101.0710	   8274.2539
    101.0719	  11175.0498
    101.0729	   9133.4199
    101.0739	   5288.2407
    101.0748	   1634.7788
    101.0758	      0.0000
    101.0763	      0.0000
    101.0773	      0.0000
    101.0782	      0.0000
    101.0792	      0.0000
    103.0489	      0.0000
    103.0499	      0.0000
    103.0509	      0.0000
    103.0519	      0.0000
    103.0529	    523.5613
    103.0539	    987.8371
    103.0549	   1160.8308
    103.0559	    889.8605
    103.0569	    389.2838
    103.0578	      0.0000
    103.0588	      0.0000
    103.0598	      0.0000
    103.0608	      0.0000
    107.9608	      0.0000
    107.9618	      0.0000
    107.9629	      0.0000
    107.9640	      0.0000
    107.9650	    251.4890
    107.9661	    770.4510
    107.9672	   1198.3656
    107.9682	   1207.0480
    107.9693	    797.9192
    107.9703	    311.1550
    107.9714	      0.0000
    107.9725	      0.0000
    107.9735	      0.0000
    107.9746	      0.0000
    109.0954	      0.0000
    109.0965	      0.0000
    109.0975	      0.0000
    109.0986	      0.0000
    109.0997	    475.0771
    109.1008	    935.9893
    109.1019	   1204.3833
    109.1029	   1068.9607
    109.1040	    623.6165
    109.1054	      0.0000
    109.1065	      0.0000
    109.1076	      0.0000
    109.1087	      0.0000
    110.0597	      0.0000
    110.0608	      0.0000
    110.0619	      0.0000
    110.0630	      0.0000
    110.0641	    433.2547
    110.0652	    872.8615
    110.0662	   1556.4648
    110.0673	   2314.7454
    110.0684	   5358.9595
    110.0695	  15631.1309
    110.0706	  29555.8926
    110.0717	  43269.8477
    110.0728	  39657.0000
    110.0739	  24252.2148
    110.0750	   9935.1650
    110.0761	   1645.7627
    110.0772	      0.0000
    110.0779	      0.0000
    110.0790	      0.0000
    110.0801	      0.0000
    110.0812	      0.0000
    118.9920	      0.0000
    118.9932	      0.0000
    118.9944	      0.0000
    118.9957	      0.0000
    118.9969	    396.5703
    118.9981	    792.9052
    118.9994	    978.5359
    119.0006	    811.2734
    119.0018	    425.6203
    119.0032	      0.0000
    119.0045	      0.0000
    119.0057	      0.0000
    119.0069	      0.0000
    120.0681	      0.0000
    120.0693	      0.0000
    120.0706	      0.0000
    120.0718	      0.0000
    120.0731	    750.8231
    120.0743	   1473.5038
    120.0756	   1981.4241
    120.0768	   4516.4517
    120.0781	  14008.0566
    120.0793	  30223.2695
    120.0806	  47794.7344
    120.0818	  50838.3203
    120.0831	  33699.3125
    120.0843	  16708.0996
    120.0856	   3936.7009
    120.0868	    323.4207
    120.0879	      0.0000
    120.0891	      0.0000
    120.0904	      0.0000
    120.0916	      0.0000
    121.0763	      0.0000
    121.0776	      0.0000
    121.0788	      0.0000
    121.0801	      0.0000
    121.0814	    623.2430
    121.0826	   1370.0034
    121.0839	   1929.5035
    121.0852	   1875.6976
    121.0864	   1234.7814
    121.0877	    494.0496
    121.0889	      0.0000
    121.0902	      0.0000
    121.0915	      0.0000
    121.0927	      0.0000
    122.0527	      0.0000
    122.0540	      0.0000
    122.0553	      0.0000
    122.0565	      0.0000
    122.0578	    463.0663
    122.0591	    841.4825
    122.0604	    989.0272
    122.0617	    803.8227
    122.0629	    433.9672
    122.0641	      0.0000
    122.0654	      0.0000
    122.0667	      0.0000
    122.0680	      0.0000
    129.0941	      0.0000
    129.0955	      0.0000
    129.0969	      0.0000
    129.0983	      0.0000
    129.0996	    485.4982
    129.1010	   1016.6776
    129.1024	   1307.7336
    129.1038	   1144.3135
    129.1052	    664.0093
    129.1066	      0.0000
    129.1080	      0.0000
    129.1094	      0.0000
    129.1108	      0.0000
    131.0741	      0.0000
    131.0755	      0.0000
    131.0770	      0.0000
    131.0784	      0.0000
    131.0798	    434.9669
    131.0812	    784.2842
    131.0826	    966.3525
    131.0841	    880.2211
    131.0855	    591.0490
    131.0872	      0.0000
    131.0886	      0.0000
    131.0901	      0.0000
    131.0915	      0.0000
    132.0895	      0.0000
    132.0909	      0.0000
    132.0923	      0.0000
    132.0938	      0.0000
    132.0952	    225.0253
    132.0967	    843.7187
    132.0981	   2816.4556
    132.0995	   8333.3398
    132.1010	  14513.7773
    132.1024	  19296.1387
    132.1039	  15430.0762
    132.1053	   8980.2344
    132.1067	   2848.9390
    132.1082	    297.3072
    132.1093	      0.0000
    132.1107	      0.0000
    132.1122	      0.0000
    132.1136	      0.0000
    134.9857	      0.0000
    134.9871	      0.0000
    134.9886	      0.0000
    134.9901	      0.0000
    134.9916	    773.1259
    134.9931	   1222.6385
    134.9946	   1297.8035
    134.9961	    964.5142
    134.9976	    482.6364
    134.9990	      0.0000
    135.0005	      0.0000
    135.0020	      0.0000
    135.0035	      0.0000
    136.0662	      0.0000
    136.0677	      0.0000
    136.0692	      0.0000
    136.0707	      0.0000
    136.0722	    375.8755
    136.0737	    975.0044
    136.0752	   1521.0697
    136.0767	   1634.3718
    136.0782	   1230.8940
    136.0797	    615.9161
    136.0812	      0.0000
    136.0827	      0.0000
    136.0842	      0.0000
    136.0857	      0.0000
    141.0910	      0.0000
    141.0926	      0.0000
    141.0942	      0.0000
    141.0958	      0.0000
    141.0974	    620.2614
    141.0990	   2356.1401
    141.1006	   4356.1157
    141.1022	   6078.0615
    141.1038	   5174.9624
    141.1053	   3090.4177
    141.1069	   1162.5665
    141.1085	    399.5255
    141.1101	      0.0000
    141.1117	      0.0000
    141.1133	      0.0000
    141.1149	      0.0000
    147.0351	      0.0000
    147.0368	      0.0000
    147.0385	      0.0000
    147.0402	      0.0000
    147.0418	    505.8980
    147.0435	   1351.3196
    147.0452	   3106.2441
    147.0469	   4552.8706
    147.0486	   3863.2451
    147.0503	   2201.7720
    147.0520	    847.8057
    147.0537	    322.7433
    147.0554	      0.0000
    147.0571	      0.0000
    147.0588	      0.0000
    147.0605	      0.0000
    149.0478	      0.0000
    149.0495	      0.0000
    149.0512	      0.0000
    149.0530	      0.0000
    149.0547	    624.4359
    149.0564	   1158.3530
    149.0581	   1577.2435
    149.0599	   1616.0062
    149.0616	   1233.3334
    149.0633	    659.1030
    149.0650	      0.0000
    149.0668	      0.0000
    149.0685	      0.0000
    149.0702	      0.0000
    150.0452	      0.0000
    150.0470	      0.0000
    150.0487	      0.0000
    150.0504	      0.0000
    150.0522	    499.2520
    150.0539	    968.3113
    150.0557	   1201.5281
    150.0574	    997.5380
    150.0592	    508.5996
    150.0609	      0.0000
    150.0626	      0.0000
    150.0644	      0.0000
    150.0661	      0.0000
    150.9770	      0.0000
    150.9788	      0.0000
    150.9805	      0.0000
    150.9823	      0.0000
    150.9840	    438.8722
    150.9858	    864.8097
    150.9876	   1140.7820
    150.9893	   1057.2863
    150.9911	    660.4195
    150.9929	      0.0000
    150.9946	      0.0000
    150.9964	      0.0000
    150.9982	      0.0000
    156.0661	      0.0000
    156.0680	      0.0000
    156.0698	      0.0000
    156.0717	      0.0000
    156.0735	    573.7905
    156.0754	    992.9222
    156.0772	   1113.9601
    156.0791	    838.2780
    156.0809	    382.3640
    156.0828	      0.0000
    156.0846	      0.0000
    156.0865	      0.0000
    156.0883	      0.0000
    156.0902	      0.0000
    156.0920	      0.0000
    156.0939	      0.0000
    156.0957	    387.9565
    156.0976	   1115.0459
    156.0994	   3164.8494
    156.1013	   4958.2480
    156.1031	   5274.3530
    156.1050	   3433.5593
    156.1068	   1594.4202
    156.1087	    601.0484
    156.1106	      0.0000
    156.1124	      0.0000
    156.1143	      0.0000
    156.1161	      0.0000
    166.0691	      0.0000
    166.0711	      0.0000
    166.0732	      0.0000
    166.0752	      0.0000
    166.0772	    819.6683
    166.0793	   2461.6414
    166.0813	   8547.3623
    166.0833	  18980.4219
    166.0854	  30273.0957
    166.0874	  32370.7930
    166.0894	  21647.3086
    166.0914	  10880.2168
    166.0935	   2965.8230
    166.0955	    648.7601
    166.0975	      0.0000
    166.0995	      0.0000
    166.1015	      0.0000
    166.1036	      0.0000
    166.9536	      0.0000
    166.9556	      0.0000
    166.9577	      0.0000
    166.9597	      0.0000
    166.9618	    485.1816
    166.9638	    922.9041
    166.9659	   1082.7328
    166.9679	    827.2556
    166.9700	    368.0536
    166.9720	      0.0000
    166.9740	      0.0000
    166.9761	      0.0000
    166.9781	      0.0000
    167.0764	      0.0000
    167.0785	      0.0000
    167.0805	      0.0000
    167.0826	      0.0000
    167.0846	    625.1412
    167.0867	   1317.2354
    167.0887	   1943.7009
    167.0908	   2085.1064
    167.0928	   1612.0009
    167.0949	    854.6846
    167.0969	    297.7179
    167.0989	      0.0000
    167.1010	      0.0000
    167.1030	      0.0000
    167.1051	      0.0000
    168.0516	      0.0000
    168.0537	      0.0000
    168.0558	      0.0000
    168.0578	      0.0000
    168.0599	    622.4675
    168.0620	   1291.9541
    168.0640	   1853.0150
    168.0661	   1902.3002
    168.0682	   1368.6399
    168.0702	    643.5666
    168.0723	      0.0000
    168.0744	      0.0000
    168.0764	      0.0000
    168.0785	      0.0000
    171.1012	      0.0000
    171.1034	      0.0000
    171.1055	      0.0000
    171.1076	      0.0000
    171.1097	    641.9638
    171.1119	   1265.0591
    171.1140	   1581.4448
    171.1161	   1363.5393
    171.1182	    797.3918
    171.1204	      0.0000
    171.1225	      0.0000
    171.1247	      0.0000
    171.1268	      0.0000
    173.1123	      0.0000
    173.1145	      0.0000
    173.1166	      0.0000
    173.1188	      0.0000
    173.1209	    241.8501
    173.1231	    829.7393
    173.1253	   1757.7755
    173.1274	   3829.1558
    173.1296	   4024.4514
    173.1318	   2671.9473
    173.1339	   1119.8889
    173.1361	    406.9429
    173.1382	      0.0000
    173.1404	      0.0000
    173.1425	      0.0000
    173.1447	      0.0000
    183.0952	      0.0000
    183.0975	      0.0000
    183.0999	      0.0000
    183.1022	      0.0000
    183.1046	    382.5624
    183.1069	   1861.1127
    183.1093	   4962.5981
    183.1116	   8254.5898
    183.1140	   9496.6895
    183.1163	   6574.7227
    183.1187	   3373.6865
    183.1210	    758.4850
    183.1234	      0.0000
    183.1258	      0.0000
    183.1281	      0.0000
    183.1305	      0.0000
    184.0839	      0.0000
    184.0863	      0.0000
    184.0886	      0.0000
    184.0910	      0.0000
    184.0934	    808.6622
    184.0957	   1289.8962
    184.0981	   1425.7476
    184.1005	   1103.1063
    184.1028	    558.3536
    184.1052	      0.0000
    184.1076	      0.0000
    184.1099	      0.0000
    184.1123	      0.0000
    185.0782	      0.0000
    185.0806	      0.0000
    185.0830	      0.0000
    185.0853	      0.0000
    185.0877	    716.5743
    185.0901	   1358.2877
    185.0925	   1717.8080
    185.0949	   1531.6965
    185.0973	    962.3044
    185.0997	    414.3827
    185.1021	      0.0000
    185.1044	      0.0000
    185.1068	      0.0000
    185.1092	      0.0000
    185.1475	      0.0000
    185.1498	      0.0000
    185.1522	      0.0000
    185.1546	      0.0000
    185.1570	    513.3022
    185.1594	   2004.3174
    185.1618	   4114.1992
    185.1642	   6332.5615
    185.1666	   6252.8662
    185.1690	   3795.5603
    185.1714	   1507.3711
    185.1737	     29.7422
    185.1761	      0.0000
    185.1785	      0.0000
    185.1809	      0.0000
    185.1833	      0.0000
    187.1275	      0.0000
    187.1299	      0.0000
    187.1323	      0.0000
    187.1348	      0.0000
    187.1372	    595.9312
    187.1396	   1407.7131
    187.1420	   2263.3694
    187.1445	   3950.4207
    187.1469	   2186.3518
    187.1493	   1296.0610
    187.1518	    517.2238
    187.1542	      0.0000
    187.1566	      0.0000
    187.1591	      0.0000
    187.1615	      0.0000
    200.0865	      0.0000
    200.0891	      0.0000
    200.0918	      0.0000
    200.0945	      0.0000
    200.0972	    653.1076
    200.0999	   1314.5465
    200.1026	   1696.4164
    200.1053	   1501.0486
    200.1079	    899.0049
    200.1106	    379.5019
    200.1137	      0.0000
    200.1164	      0.0000
    200.1191	      0.0000
    200.1218	      0.0000
    201.0920	      0.0000
    201.0947	      0.0000
    201.0974	      0.0000
    201.1001	      0.0000
    201.1028	    459.4037
    201.1055	   1245.3718
    201.1082	   2574.1135
    201.1109	   3645.0137
    201.1136	   8058.2808
    201.1163	  24185.0508
    201.1190	  61525.0938
    201.1217	 102239.3047
    201.1244	 124052.7969
    201.1272	  90910.7266
    201.1299	  50565.7188
    201.1326	  14439.9785
    201.1353	   2440.7744
    201.1380	    544.2241
    201.1417	      0.0000
    201.1444	      0.0000
    201.1471	      0.0000
    201.1498	      0.0000
    202.1030	      0.0000
    202.1057	      0.0000
    202.1084	      0.0000
    202.1112	      0.0000
    202.1139	    694.2371
    202.1166	    883.6707
    202.1193	   2030.7441
    202.1221	   5527.3901
    202.1248	  10115.1719
    202.1275	  14422.0645
    202.1302	  12773.9678
    202.1330	   7623.2480
    202.1357	   2808.7520
    202.1384	    132.7722
    202.1398	      0.0000
    202.1425	      0.0000
    202.1453	      0.0000
    202.1480	      0.0000
    207.0923	      0.0000
    207.0951	      0.0000
    207.0979	      0.0000
    207.1008	      0.0000
    207.1036	    279.5139
    207.1064	    963.1108
    207.1093	   2037.7926
    207.1121	   4113.7202
    207.1149	   3814.0164
    207.1177	   2234.5813
    207.1206	    931.5171
    207.1234	    321.3681
    207.1262	      0.0000
    207.1290	      0.0000
    207.1318	      0.0000
    207.1347	      0.0000
    213.0673	      0.0000
    213.0702	      0.0000
    213.0732	      0.0000
    213.0761	      0.0000
    213.0791	    290.0597
    213.0820	    953.3514
    213.0850	   1708.4219
    213.0879	   2063.0471
    213.0909	   1768.7444
    213.0938	   1063.6722
    213.0968	    414.1545
    213.0998	      0.0000
    213.1028	      0.0000
    213.1057	      0.0000
    213.1087	      0.0000
    215.1206	      0.0000
    215.1236	      0.0000
    215.1266	      0.0000
    215.1296	      0.0000
    215.1326	    514.7820
    215.1355	   1145.2255
    215.1385	   1628.5244
    215.1415	   1639.5378
    215.1445	   1190.5776
    215.1475	    599.0103
    215.1505	      0.0000
    215.1535	      0.0000
    215.1564	      0.0000
    215.1594	      0.0000
    225.0783	      0.0000
    225.0815	      0.0000
    225.0847	      0.0000
    225.0879	      0.0000
    225.0911	    526.6741
    225.0943	   1195.7688
    225.0975	   1753.7854
    225.1007	   1817.0341
    225.1039	   1357.4583
    225.1071	    713.5229
    225.1104	      0.0000
    225.1136	      0.0000
    225.1168	      0.0000
    225.1200	      0.0000
    228.1132	      0.0000
    228.1164	      0.0000
    228.1197	      0.0000
    228.1230	      0.0000
    228.1262	    313.8346
    228.1295	    849.5009
    228.1328	   1392.2672
    228.1360	   1493.6737
    228.1393	   1044.7321
    228.1426	    418.4804
    228.1464	      0.0000
    228.1496	      0.0000
    228.1529	      0.0000
    228.1562	      0.0000
    229.0907	      0.0000
    229.0940	      0.0000
    229.0972	      0.0000
    229.1005	      0.0000
    229.1038	    375.3125
    229.1071	   1076.0414
    229.1104	   3856.8811
    229.1137	   8809.5820
    229.1170	  14254.5527
    229.1203	  15341.9219
    229.1236	  10089.6230
    229.1268	   4881.5503
    229.1301	    952.1949
    229.1334	      0.0000
    229.1362	      0.0000
    229.1395	      0.0000
    229.1428	      0.0000
    229.1460	      0.0000
    233.5788	      0.0000
    233.5821	      0.0000
    233.5855	      0.0000
    233.5889	      0.0000
    233.5923	    414.5089
    233.5957	    843.1092
    233.5991	   1021.5411
    233.6025	    807.7408
    233.6058	    386.9039
    233.6092	      0.0000
    233.6126	      0.0000
    233.6160	      0.0000
    233.6194	      0.0000
    235.0861	      0.0000
    235.0895	      0.0000
    235.0929	      0.0000
    235.0963	      0.0000
    235.0997	    484.3400
    235.1032	    972.9672
    235.1066	   1263.1842
    235.1100	   1140.9519
    235.1134	    690.4221
    235.1168	      0.0000
    235.1202	      0.0000
    235.1237	      0.0000
    235.1271	      0.0000
    239.0923	      0.0000
    239.0958	      0.0000
    239.0993	      0.0000
    239.1028	      0.0000
    239.1063	    304.2603
    239.1098	    926.0946
    239.1133	   1454.0709
    239.1168	   1495.5490
    239.1204	   1040.6976
    239.1239	    446.9020
    239.1274	      0.0000
    239.1309	      0.0000
    239.1344	      0.0000
    239.1379	      0.0000
    242.1261	      0.0000
    242.1297	      0.0000
    242.1333	      0.0000
    242.1369	      0.0000
    242.1404	    471.4798
    242.1440	   1172.4840
    242.1476	   1824.6011
    242.1512	   1970.2411
    242.1547	   1517.2190
    242.1583	    805.2420
    242.1619	    248.9247
    242.1654	      0.0000
    242.1690	      0.0000
    242.1726	      0.0000
    242.1762	      0.0000
    253.0651	      0.0000
    253.0689	      0.0000
    253.0727	      0.0000
    253.0765	      0.0000
    253.0804	    459.3902
    253.0842	   2104.2048
    253.0880	   4551.8862
    253.0918	   7129.0020
    253.0956	   7089.3418
    253.0995	   4521.6309
    253.1033	   2083.3220
    253.1071	    519.4153
    253.1113	      0.0000
    253.1152	      0.0000
    253.1190	      0.0000
    253.1228	      0.0000
    267.1035	      0.0000
    267.1076	      0.0000
    267.1118	      0.0000
    267.1159	      0.0000
    267.1200	    733.4966
    267.1242	   2417.0911
    267.1283	   5233.6167
    267.1325	   8211.2432
    267.1366	   8170.3022
    267.1407	   5083.3101
    267.1449	   2149.6960
    267.1490	    392.1336
    267.1530	      0.0000
    267.1571	      0.0000
    267.1613	      0.0000
    267.1654	      0.0000
    285.1077	      0.0000
    285.1123	      0.0000
    285.1169	      0.0000
    285.1214	      0.0000
    285.1260	    707.8627
    285.1306	   1286.6234
    285.1351	   1625.3999
    285.1397	   1507.0249
    285.1443	   1041.9001
    285.1488	    531.2977
    285.1534	      0.0000
    285.1580	      0.0000
    285.1625	      0.0000
    285.1671	      0.0000
    289.0850	      0.0000
    289.0897	      0.0000
    289.0944	      0.0000
    289.0990	      0.0000
    289.1037	    583.1915
    289.1084	    964.7167
    289.1130	   1184.9010
    289.1177	   1063.9812
    289.1223	    655.7469
    289.1273	      0.0000
    289.1319	      0.0000
    289.1366	      0.0000
    289.1413	      0.0000
    303.1053	      0.0000
    303.1103	      0.0000
    303.1153	      0.0000
    303.1203	      0.0000
    303.1253	    326.8517
    303.1303	   1117.9790
    303.1353	   4102.5068
    303.1403	   7756.6265
    303.1453	  10993.5244
    303.1503	   9304.1387
    303.1553	   5485.9385
    303.1604	   1959.8687
    303.1654	    361.7946
    303.1702	      0.0000
    303.1752	      0.0000
    303.1802	      0.0000
    303.1852	      0.0000
    304.1188	      0.0000
    304.1238	      0.0000
    304.1288	      0.0000
    304.1339	      0.0000
    304.1389	    717.0973
    304.1439	   1111.2263
    304.1489	   1173.4921
    304.1540	    859.9451
    304.1590	    393.5372
    304.1640	      0.0000
    304.1691	      0.0000
    304.1741	      0.0000
    304.1791	      0.0000
    308.1425	      0.0000
    308.1476	      0.0000
    308.1527	      0.0000
    308.1579	      0.0000
    308.1630	    555.3353
    308.1681	   1052.4119
    308.1733	   1349.6880
    308.1784	   1258.7794
    308.1835	    854.8402
    308.1887	    397.6323
    308.1940	      0.0000
    308.1991	      0.0000
    308.2043	      0.0000
    308.2094	      0.0000
    357.1440	      0.0000
    357.1504	      0.0000
    357.1568	      0.0000
    357.1632	      0.0000
    357.1696	    683.7086
    357.1760	   1061.8788
    357.1824	   1199.9203
    357.1888	    977.6563
    357.1952	    528.6060
    357.2018	      0.0000
    357.2082	      0.0000
    357.2146	      0.0000
    357.2210	      0.0000
    370.1118	      0.0000
    370.1186	      0.0000
    370.1253	      0.0000
    370.1321	      0.0000
    370.1388	    481.5931
    370.1456	    967.9528
    370.1523	   1185.9279
    370.1591	    972.7270
    370.1659	    503.4864
    370.1728	      0.0000
    370.1795	      0.0000
    370.1863	      0.0000
    370.1930	      0.0000
    397.1234	      0.0000
    397.1309	      0.0000
    397.1385	      0.0000
    397.1460	      0.0000
    397.1535	    488.3305
    397.1610	    968.1732
    397.1685	   1165.2998
    397.1760	    907.7878
    397.1835	    404.0983
    397.1910	      0.0000
    397.1985	      0.0000
    397.2060	      0.0000
    397.2135	      0.0000
    398.1388	      0.0000
    398.1463	      0.0000
    398.1538	      0.0000
    398.1614	      0.0000
    398.1689	    834.2309
    398.1765	   1402.8113
    398.1840	   1710.6686
    398.1915	   1510.4453
    398.1991	    913.5287
    398.2066	    343.4442
    398.2141	      0.0000
    398.2217	      0.0000
    398.2292	      0.0000
    398.2367	      0.0000
    404.1437	      0.0000
    404.1514	      0.0000
    404.1592	      0.0000
    404.1669	      0.0000
    404.1746	    608.8414
    404.1823	   1450.4597
    404.1900	   2082.4509
    404.1977	   2022.2971
    404.2054	   1345.6801
    404.2131	    575.9470
    404.2210	      0.0000
    404.2287	      0.0000
    404.2364	      0.0000
    404.2441	      0.0000
    452.1490	      0.0000
    452.1582	      0.0000
    452.1673	      0.0000
    452.1764	      0.0000
    452.1855	    499.5213
    452.1946	   1218.2933
    452.2038	   2031.3251
    452.2129	   2445.7468
    452.2220	   2190.9790
    452.2311	   1457.1512
    452.2403	    697.0125
    452.2496	      0.0000
    452.2587	      0.0000
    452.2678	      0.0000
    452.2770	      0.0000
    471.9654	      0.0000
    471.9751	      0.0000
    471.9848	      0.0000
    471.9945	      0.0000
    472.0043	    194.0707
    472.0140	    921.0664
    472.0237	   2047.8656
    472.0334	   4628.3374
    472.0432	   4308.8770
    472.0529	   2641.9399
    472.0626	    992.3867
    472.0724	    437.0010
    472.0821	      0.0000
    472.0918	      0.0000
    472.1015	      0.0000
    472.1113	      0.0000
    472.9687	      0.0000
    472.9785	      0.0000
    472.9882	      0.0000
    472.9980	      0.0000
    473.0077	    465.9055
    473.0175	    842.5038
    473.0272	   1141.9095
    473.0370	   1175.2343
    473.0468	    893.3511
    473.0565	    468.3341
    473.0663	      0.0000
    473.0760	      0.0000
    473.0858	      0.0000
    473.0956	      0.0000
    480.1324	      0.0000
    480.1424	      0.0000
    480.1524	      0.0000
    480.1624	      0.0000
    480.1723	    379.8193
    480.1823	   1102.5450
    480.1923	   1971.6375
    480.2023	   2456.3108
    480.2123	   2198.2930
    480.2222	   1381.2461
    480.2322	    553.7651
    480.2425	      0.0000
    480.2525	      0.0000
    480.2624	      0.0000
    480.2724	      0.0000
    487.1339	      0.0000
    487.1441	      0.0000
    487.1543	      0.0000
    487.1645	      0.0000
    487.1747	    241.7407
    487.1849	   1255.8350
    487.1951	   3845.1025
    487.2053	   6831.9277
    487.2155	   9397.2100
    487.2257	   8056.9780
    487.2359	   4932.2134
    487.2461	   2047.2875
    487.2563	    491.1154
    487.2662	      0.0000
    487.2764	      0.0000
    487.2866	      0.0000
    487.2968	      0.0000
    488.1550	      0.0000
    488.1653	      0.0000
    488.1755	      0.0000
    488.1857	      0.0000
    488.1960	    391.8528
    488.2062	    916.0368
    488.2164	   1173.3719
    488.2267	    958.6754
    488.2369	    466.8210
    488.2487	      0.0000
    488.2589	      0.0000
    488.2691	      0.0000
    488.2794	      0.0000
    501.1683	      0.0000
    501.1789	      0.0000
    501.1896	      0.0000
    501.2002	      0.0000
    501.2109	    629.4058
    501.2215	   2397.9744
    501.2322	   5000.5039
    501.2428	   7738.8213
    501.2535	   7352.2046
    501.2641	   4423.6714
    501.2747	   1789.7747
    501.2854	    217.4025
    501.2945	      0.0000
    501.3051	      0.0000
    501.3158	      0.0000
    501.3264	      0.0000
    502.1793	      0.0000
    502.1900	      0.0000
    502.2006	      0.0000
    502.2113	      0.0000
    502.2220	    315.0860
    502.2327	    862.0958
    502.2433	   1339.8921
    502.2540	   1417.2329
    502.2647	   1033.5911
    502.2754	    482.2504
    502.2863	      0.0000
    502.2970	      0.0000
    502.3077	      0.0000
    502.3183	      0.0000
    516.1155	      0.0000
    516.1267	      0.0000
    516.1378	      0.0000
    516.1489	      0.0000
    516.1600	    736.1099
    516.1712	   2215.7471
    516.1823	   4160.5278
    516.1934	   5777.3340
    516.2045	   4618.3950
    516.2157	   2600.5857
    516.2268	    665.1349
    516.2379	      0.0000
    516.2491	      0.0000
    516.2602	      0.0000
    516.2713	      0.0000
    544.1448	      0.0000
    544.1569	      0.0000
    544.1689	      0.0000
    544.1809	      0.0000
    544.1930	    414.7713
    544.2050	   1070.6920
    544.2171	   2853.0225
    544.2291	   4790.7139
    544.2411	   5310.1606
    544.2532	   3582.3286
    544.2652	   1768.9858
    544.2773	    545.2624
    544.2893	      0.0000
    544.3014	      0.0000
    544.3134	      0.0000
    544.3255	      0.0000
    551.6257	      0.0000
    551.6379	      0.0000
    551.6502	      0.0000
    551.6625	      0.0000
    551.6748	    379.8429
    551.6871	    966.0492
    551.6994	   1618.2982
    551.7117	   1896.3707
    551.7240	   1567.6709
    551.7363	    857.7623
    551.7486	      0.0000
    551.7609	      0.0000
    551.7732	      0.0000
    551.7854	      0.0000
    552.1545	      0.0000
    552.1668	      0.0000
    552.1791	      0.0000
    552.1914	      0.0000
    552.2037	    829.8700
    552.2160	   1405.2355
    552.2283	   1624.8210
    552.2406	   1350.1737
    552.2529	    788.9034
    552.2653	      0.0000
    552.2776	      0.0000
    552.2899	      0.0000
    552.3022	      0.0000
    569.1641	      0.0000
    569.1770	      0.0000
    569.1899	      0.0000
    569.2028	      0.0000
    569.2156	    523.8527
    569.2285	   1470.5697
    569.2414	   3583.5149
    569.2543	   4835.7813
    569.2672	   3811.4829
    569.2801	   2121.9673
    569.2929	    721.7293
    569.3058	      0.0000
    569.3187	      0.0000
    569.3316	      0.0000
    569.3445	      0.0000
    570.1830	      0.0000
    570.1959	      0.0000
    570.2088	      0.0000
    570.2217	      0.0000
    570.2347	    625.5726
    570.2476	   1193.0074
    570.2605	   1482.8552
    570.2734	   1286.2809
    570.2863	    755.9638
    570.2992	      0.0000
    570.3122	      0.0000
    570.3251	      0.0000
    570.3380	      0.0000
    572.1511	      0.0000
    572.1640	      0.0000
    572.1770	      0.0000
    572.1900	      0.0000
    572.2030	    418.4611
    572.2160	    967.3296
    572.2290	   1307.1105
    572.2419	   1179.9596
    572.2549	    708.1494
    572.2679	      0.0000
    572.2809	      0.0000
    572.2939	      0.0000
    572.3069	      0.0000
    586.1231	      0.0000
    586.1366	      0.0000
    586.1501	      0.0000
    586.1635	      0.0000
    586.1770	    276.2364
    586.1904	   1879.9271
    586.2039	   4211.4165
    586.2174	   6705.3218
    586.2308	   6746.0913
    586.2443	   4337.5469
    586.2578	   2047.6416
    586.2712	    495.5090
    586.2859	      0.0000
    586.2994	      0.0000
    586.3129	      0.0000
    586.3263	      0.0000
    588.1486	      0.0000
    588.1621	      0.0000
    588.1756	      0.0000
    588.1892	      0.0000
    588.2027	      0.0000
    588.2162	   1096.0302
    588.2298	   4098.3677
    588.2433	   8750.7236
    588.2568	  13754.5557
    588.2704	  14448.7051
    588.2839	   9683.8086
    588.2974	   4913.3545
    588.3110	   1341.7780
    588.3245	    338.2878
    588.3368	      0.0000
    588.3503	      0.0000
    588.3639	      0.0000
    588.3774	      0.0000
    589.1769	      0.0000
    589.1905	      0.0000
    589.2041	      0.0000
    589.2176	      0.0000
    589.2312	    785.7385
    589.2448	   2243.0051
    589.2583	   3823.1379
    589.2719	   4445.4575
    589.2855	   3061.8684
    589.2990	   1304.4894
    589.3126	    469.5502
    589.3262	      0.0000
    589.3397	      0.0000
    589.3533	      0.0000
    589.3669	      0.0000
    595.1224	      0.0000
    595.1361	      0.0000
    595.1499	      0.0000
    595.1637	      0.0000
    595.1774	    537.6965
    595.1912	   1196.6521
    595.2050	   3240.0034
    595.2188	   5463.6294
    595.2325	   6043.3032
    595.2463	   4064.8779
    595.2601	   2049.6697
    595.2739	    668.8303
    595.2876	      0.0000
    595.3014	      0.0000
    595.3152	      0.0000
    595.3290	      0.0000
    602.1801	      0.0000
    602.1942	      0.0000
    602.2082	      0.0000
    602.2222	      0.0000
    602.2362	    370.8411
    602.2502	   1539.2905
    602.2643	   3467.8083
    602.2783	   5658.6523
    602.2923	   6722.0449
    602.3063	   4790.3691
    602.3203	   2518.7974
    602.3344	    400.3759
    602.3484	      0.0000
    602.3624	      0.0000
    602.3764	      0.0000
    602.3905	      0.0000
    606.1948	      0.0000
    606.2090	      0.0000
    606.2232	      0.0000
    606.2373	      0.0000
    606.2515	    441.6805
    606.2656	   1017.8741
    606.2798	   1458.9730
    606.2940	   1456.5656
    606.3081	   1009.0822
    606.3223	    446.8188
    606.3365	      0.0000
    606.3506	      0.0000
    606.3648	      0.0000
    606.3790	      0.0000
    615.1842	      0.0000
    615.1987	      0.0000
    615.2132	      0.0000
    615.2277	      0.0000
    615.2421	    860.0991
    615.2566	   2634.5508
    615.2711	   4624.7813
    615.2856	   6265.3467
    615.3000	   5191.1396
    615.3145	   3014.5942
    615.3290	    937.4774
    615.3435	    514.1918
    615.3580	      0.0000
    615.3724	      0.0000
    615.3869	      0.0000
    615.4014	      0.0000
    616.1986	      0.0000
    616.2131	      0.0000
    616.2276	      0.0000
    616.2421	      0.0000
    616.2567	    627.1611
    616.2712	   1334.6219
    616.2857	   1792.6034
    616.3002	   1646.9829
    616.3147	   1010.6187
    616.3292	    371.3122
    616.3437	      0.0000
    616.3583	      0.0000
    616.3728	      0.0000
    616.3873	      0.0000
    634.1822	      0.0000
    634.1974	      0.0000
    634.2125	      0.0000
    634.2277	      0.0000
    634.2428	    350.3550
    634.2580	   1069.4834
    634.2731	   1805.2465
    634.2883	   2100.5610
    634.3034	   1783.3237
    634.3186	   1104.4512
    634.3337	    485.2805
    634.3520	      0.0000
    634.3671	      0.0000
    634.3823	      0.0000
    634.3974	      0.0000
    650.1912	      0.0000
    650.2069	      0.0000
    650.2227	      0.0000
    650.2384	      0.0000
    650.2541	    377.8354
    650.2698	   1614.6641
    650.2856	   4222.5234
    650.3013	   7085.8511
    650.3170	   8341.8203
    650.3328	   5892.1865
    650.3485	   3082.4319
    650.3642	    670.7994
    650.3769	      0.0000
    650.3926	      0.0000
    650.4084	      0.0000
    650.4241	      0.0000
    651.1958	      0.0000
    651.2115	      0.0000
    651.2273	      0.0000
    651.2430	      0.0000
    651.2588	    404.7030
    651.2746	   1041.6335
    651.2903	   1963.8207
    651.3061	   3875.2048
    651.3219	   3877.1096
    651.3376	   2424.0923
    651.3534	   1050.3438
    651.3692	    405.8200
    651.3849	      0.0000
    651.4007	      0.0000
    651.4165	      0.0000
    651.4323	      0.0000
    654.1851	      0.0000
    654.2010	      0.0000
    654.2168	      0.0000
    654.2327	      0.0000
    654.2486	    470.0812
    654.2645	    974.7756
    654.2803	   1301.8435
    654.2962	   1201.3492
    654.3121	    728.7728
    654.3280	      0.0000
    654.3438	      0.0000
    654.3597	      0.0000
    654.3756	      0.0000
    655.1861	      0.0000
    655.2020	      0.0000
    655.2179	      0.0000
    655.2338	      0.0000
    655.2497	    814.1391
    655.2657	   1282.8665
    655.2816	   1414.2476
    655.2975	   1099.6700
    655.3134	    547.6713
    655.3323	      0.0000
    655.3483	      0.0000
    655.3642	      0.0000
    655.3801	      0.0000
    660.1806	      0.0000
    660.1967	      0.0000
    660.2128	      0.0000
    660.2289	      0.0000
    660.2450	    513.3245
    660.2611	   2149.0500
    660.2772	   4633.7617
    660.2933	   7195.2339
    660.3094	   6993.9199
    660.3254	   4347.4819
    660.3415	   1856.7019
    660.3576	    274.1606
    660.3707	      0.0000
    660.3868	      0.0000
    660.4029	      0.0000
    660.4190	      0.0000
    672.1807	      0.0000
    672.1973	      0.0000
    672.2138	      0.0000
    672.2303	      0.0000
    672.2469	    643.3796
    672.2634	   1430.2352
    672.2799	   2191.0513
    672.2965	   2430.3374
    672.3130	   1943.7371
    672.3295	   1056.5781
    672.3461	    345.0866
    672.3626	      0.0000
    672.3792	      0.0000
    672.3957	      0.0000
    672.4123	      0.0000
    678.1882	      0.0000
    678.2050	      0.0000
    678.2217	      0.0000
    678.2385	      0.0000
    678.2552	    688.9247
    678.2720	   2378.3174
    678.2887	   4280.1704
    678.3055	   5743.3140
    678.3222	   4577.8735
    678.3390	   2682.9541
    678.3558	    758.5099
    678.3725	      0.0000
    678.3893	      0.0000
    678.4060	      0.0000
    678.4228	      0.0000
    679.2113	      0.0000
    679.2281	      0.0000
    679.2448	      0.0000
    679.2616	      0.0000
    679.2784	    688.4296
    679.2952	   1320.9696
    679.3120	   1578.0558
    679.3288	   1232.8561
    679.3456	    573.2723
    679.3624	      0.0000
    679.3792	      0.0000
    679.3960	      0.0000
    679.4128	      0.0000
    681.1800	      0.0000
    681.1969	      0.0000
    681.2137	      0.0000
    681.2306	      0.0000
    681.2475	    357.5688
    681.2643	    950.6254
    681.2812	   1562.7336
    681.2981	   1809.2361
    681.3149	   1527.3159
    681.3318	    925.2158
    681.3487	    377.5117
    681.3666	      0.0000
    681.3835	      0.0000
    681.4003	      0.0000
    681.4172	      0.0000
    698.1703	      0.0000
    698.1878	      0.0000
    698.2053	      0.0000
    698.2228	      0.0000
    698.2403	    455.1027
    698.2578	   1040.2246
    698.2753	   3314.2710
    698.2928	   6135.3809
    698.3103	   8648.3164
    698.3278	   7609.4189
    698.3453	   4645.2383
    698.3628	   1918.7175
    698.3803	    343.0187
    698.4022	      0.0000
    698.4197	      0.0000
    698.4372	      0.0000
    698.4547	      0.0000
    699.1556	      0.0000
    699.1731	      0.0000
    699.1907	      0.0000
    699.2082	      0.0000
    699.2257	    339.5366
    699.2433	   1624.9209
    699.2608	   5122.6831
    699.2783	   9690.3340
    699.2959	  14255.2510
    699.3134	  13297.5010
    699.3310	   8237.7520
    699.3485	   3542.1836
    699.3661	    571.1784
    699.3782	      0.0000
    699.3958	      0.0000
    699.4133	      0.0000
    699.4309	      0.0000
    700.1860	      0.0000
    700.2035	      0.0000
    700.2211	      0.0000
    700.2387	      0.0000
    700.2563	    528.6294
    700.2738	   1184.7000
    700.2914	   1724.4552
    700.3090	   1795.7689
    700.3266	   1347.9774
    700.3442	    690.0472
    700.3617	      0.0000
    700.3793	      0.0000
    700.3969	      0.0000
    700.4145	      0.0000
    707.2154	      0.0000
    707.2332	      0.0000
    707.2511	      0.0000
    707.2689	      0.0000
    707.2867	    774.8182
    707.3046	   1725.1136
    707.3224	   3920.9551
    707.3403	   3961.4856
    707.3581	   1923.8613
    707.3760	    945.5778
    707.3938	    271.9463
    707.4117	      0.0000
    707.4295	      0.0000
    707.4473	      0.0000
    707.4652	      0.0000
    708.2333	      0.0000
    708.2512	      0.0000
    708.2691	      0.0000
    708.2870	      0.0000
    708.3048	    583.8124
    708.3227	   1196.7450
    708.3406	   1519.3153
    708.3585	   1292.8639
    708.3764	    690.9951
    708.3943	      0.0000
    708.4121	      0.0000
    708.4300	      0.0000
    708.4479	      0.0000
    715.2576	      0.0000
    715.2757	      0.0000
    715.2938	      0.0000
    715.3120	      0.0000
    715.3301	    631.7697
    715.3483	   1546.3011
    715.3664	   2339.7034
    715.3846	   2436.6880
    715.4027	   1786.7548
    715.4209	    893.0996
    715.4405	      0.0000
    715.4586	      0.0000
    715.4768	      0.0000
    715.4949	      0.0000
    716.1489	      0.0000
    716.1671	      0.0000
    716.1853	      0.0000
    716.2034	      0.0000
    716.2216	    759.3643
    716.2398	   1080.6848
    716.2580	   3109.5083
    716.2762	  10478.8555
    716.2944	  22202.5859
    716.3125	  34841.1875
    716.3307	  36260.0352
    716.3489	  23777.3906
    716.3671	  11718.6133
    716.3853	   2907.3806
    716.4035	    279.9084
    716.4280	      0.0000
    716.4462	      0.0000
    716.4644	      0.0000
    716.4826	      0.0000
    717.1744	      0.0000
    717.1926	      0.0000
    717.2108	      0.0000
    717.2290	      0.0000
    717.2472	    456.1203
    717.2655	   1551.1110
    717.2837	   4627.6777
    717.3019	   9431.4814
    717.3201	  14594.0322
    717.3383	  14833.0518
    717.3566	   9497.3525
    717.3748	   4338.0337
    717.3930	    660.5159
    717.4034	      0.0000
    717.4217	      0.0000
    717.4399	      0.0000
    717.4581	      0.0000
    718.1878	      0.0000
    718.2061	      0.0000
    718.2243	      0.0000
    718.2426	      0.0000
    718.2608	    541.8019
    718.2791	   1350.6580
    718.2974	   3469.9160
    718.3156	   4660.9863
    718.3339	   4063.9500
    718.3521	   1763.3505
    718.3704	    819.7738
    718.3887	      0.0000
    718.4069	      0.0000
    718.4252	      0.0000
    718.4435	      0.0000
    730.1843	      0.0000
    730.2030	      0.0000
    730.2217	      0.0000
    730.2405	      0.0000
    730.2592	    710.9935
    730.2779	   2657.4797
    730.2966	   4586.8384
    730.3153	   5709.2104
    730.3341	   4139.8130
    730.3528	   2198.4114
    730.3715	    430.7388
    730.3902	      0.0000
    730.4090	      0.0000
    730.4277	      0.0000
    730.4464	      0.0000
    731.1960	      0.0000
    731.2148	      0.0000
    731.2335	      0.0000
    731.2523	      0.0000
    731.2710	    410.5261
    731.2898	   1102.6418
    731.3085	   1775.0602
    731.3273	   1969.3827
    731.3461	   1550.2429
    731.3648	    833.7500
    731.3836	      0.0000
    731.4024	      0.0000
    731.4211	      0.0000
    731.4399	      0.0000
    735.1882	      0.0000
    735.2071	      0.0000
    735.2260	      0.0000
    735.2450	      0.0000
    735.2639	    323.4324
    735.2828	    952.8941
    735.3017	   1797.6854
    735.3206	   2331.5205
    735.3395	   2162.1848
    735.3584	   1411.1604
    735.3773	    595.2687
    735.4024	      0.0000
    735.4213	      0.0000
    735.4402	      0.0000
    735.4591	      0.0000
    751.2016	      0.0000
    751.2212	      0.0000
    751.2407	      0.0000
    751.2602	      0.0000
    751.2798	    731.4139
    751.2993	   2102.8625
    751.3188	   6353.0576
    751.3384	  11684.4385
    751.3579	  16577.3086
    751.3774	  14416.7568
    751.3970	   8624.8867
    751.4165	   3188.3506
    751.4360	    411.8154
    751.4495	      0.0000
    751.4691	      0.0000
    751.4886	      0.0000
    751.5081	      0.0000
    752.2121	      0.0000
    752.2317	      0.0000
    752.2513	      0.0000
    752.2708	      0.0000
    752.2904	    430.5854
    752.3100	   1399.9552
    752.3295	   3092.7610
    752.3491	   4910.3950
    752.3687	   5012.2578
    752.3883	   3222.4604
    752.4078	   1554.9691
    752.4274	    473.8477
    752.4470	      0.0000
    752.4666	      0.0000
    752.4862	      0.0000
    752.5057	      0.0000
    761.2155	      0.0000
    761.2354	      0.0000
    761.2554	      0.0000
    761.2753	      0.0000
    761.2952	    661.6064
    761.3151	   1518.1364
    761.3351	   2264.6052
    761.3550	   2426.3308
    761.3749	   1914.3861
    761.3948	   1091.7480
    761.4148	    441.5498
    761.4347	      0.0000
    761.4546	      0.0000
    761.4746	      0.0000
    761.4945	      0.0000
    762.2126	      0.0000
    762.2325	      0.0000
    762.2525	      0.0000
    762.2724	      0.0000
    762.2924	    495.6889
    762.3124	    942.2216
    762.3323	   1332.1116
    762.3523	   1390.0957
    762.3723	   1043.7014
    762.3922	    526.9927
    762.4122	      0.0000
    762.4322	      0.0000
    762.4522	      0.0000
    762.4721	      0.0000
    779.1981	      0.0000
    779.2187	      0.0000
    779.2393	      0.0000
    779.2600	      0.0000
    779.2806	    780.3184
    779.3012	   1311.9226
    779.3219	   1826.5276
    779.3425	   2137.1047
    779.3632	   2034.6846
    779.3838	   1490.0453
    779.4044	    783.2740
    779.4251	      0.0000
    779.4458	      0.0000
    779.4664	      0.0000
    779.4871	      0.0000
    839.2361	      0.0000
    839.2591	      0.0000
    839.2822	      0.0000
    839.3053	      0.0000
    839.3283	    501.2609
    839.3514	   1284.1086
    839.3745	   1950.8127
    839.3975	   2046.6584
    839.4206	   1532.0896
    839.4437	    808.9233
    839.4667	      0.0000
    839.4898	      0.0000
    839.5129	      0.0000
    839.5359	      0.0000
    840.2517	      0.0000
    840.2748	      0.0000
    840.2979	      0.0000
    840.3210	      0.0000
    840.3441	    851.3667
    840.3672	   1302.5599
    840.3903	   1385.0710
    840.4134	   1043.6310
    840.4365	    528.2438
    840.4596	      0.0000
    840.4828	      0.0000
    840.5059	      0.0000
    840.5290	      0.0000
    843.2631	      0.0000
    843.2864	      0.0000
    843.3096	      0.0000
    843.3328	      0.0000
    843.3561	    634.2905
    843.3793	   1152.8419
    843.4025	   1344.3018
    843.4258	   1045.0026
    843.4490	    487.4448
    843.4722	      0.0000
    843.4955	      0.0000
    843.5187	      0.0000
    843.5419	      0.0000
    844.2628	      0.0000
    844.2861	      0.0000
    844.3093	      0.0000
    844.3326	      0.0000
    844.3559	    838.3190
    844.3792	   1494.3956
    844.4024	   1766.1311
    844.4257	   1444.0670
    844.4490	    789.1069
    844.4723	      0.0000
    844.4956	      0.0000
    844.5189	      0.0000
    844.5421	      0.0000
    894.1397	      0.0000
    894.1651	      0.0000
    894.1905	      0.0000
    894.2158	      0.0000
    894.2412	    467.9951
    894.2666	   1323.9706
    894.2919	   3318.6660
    894.3173	   4556.6611
    894.3427	   3711.5657
    894.3680	   2046.2314
    894.3934	    874.3168
    894.4188	      0.0000
    894.4442	      0.0000
    894.4695	      0.0000
    894.4949	      0.0000
    919.1774	      0.0000
    919.2039	      0.0000
    919.2303	      0.0000
    919.2567	      0.0000
    919.2832	    491.4262
    919.3096	   1083.9075
    919.3360	   1571.2288
    919.3625	   1648.8185
    919.3889	   1279.9221
    919.4154	    719.2872
    919.4418	      0.0000
    919.4683	      0.0000
    919.4947	      0.0000
    919.5212	      0.0000
    922.3311	      0.0000
    922.3577	      0.0000
    922.3842	      0.0000
    922.4108	      0.0000
    922.4374	    460.7650
    922.4640	   1100.9288
    922.4905	   1592.2573
    922.5171	   1592.6306
    922.5437	   1119.4984
    922.5703	    518.7604
    922.5968	      0.0000
    922.6234	      0.0000
    922.6500	      0.0000
    922.6766	      0.0000
    994.9298	      0.0000
    994.9596	      0.0000
    994.9893	      0.0000
    995.0191	      0.0000
