# ljz_20131022_MR_Chym1_ELUTE.mzML
#
# index: 5853
# id: controllerType=0 controllerNumber=1 scan=12421
# scanNumber: 12421
# massAnalyzerType: quadrupole
# scanEvent: 2
# msLevel: 2
# retentionTime: 2961.92
# filterString: FTMS + p NSI d Full ms2 449.71@hcd28.00 [100.00-935.00]
# mzLow: 99.0036
# mzHigh: 944.51
# basePeakMZ: 354.157
# basePeakIntensity: 51513.3
# totalIonCurrent: 613541
# precursorCount: 1
# precursor 0: 449.705 501199
# binary (1366): 
     99.0036	      0.0000
     99.0045	      0.0000
     99.0055	      0.0000
     99.0064	      0.0000
    101.0551	      0.0000
    101.0561	      0.0000
    101.0571	      0.0000
    101.0580	      0.0000
    101.0590	    582.1632
    101.0600	    928.4041
    101.0609	   1019.5851
    101.0619	    791.9377
    101.0628	    401.3343
    101.0638	      0.0000
    101.0648	      0.0000
    101.0657	      0.0000
    101.0667	      0.0000
    103.0162	      0.0000
    103.0172	      0.0000
    103.0182	      0.0000
    103.0192	      0.0000
    103.0202	    651.2758
    103.0211	    949.2112
    103.0221	    998.2756
    103.0231	    731.4800
    103.0241	    309.9347
    103.0251	      0.0000
    103.0261	      0.0000
    103.0271	      0.0000
    103.0281	      0.0000
    103.0489	      0.0000
    103.0499	      0.0000
    103.0509	      0.0000
    103.0519	      0.0000
    103.0529	    474.8783
    103.0539	    973.1993
    103.0549	   1253.7754
    103.0559	   1118.4203
    103.0569	    677.1321
    103.0578	      0.0000
    103.0588	      0.0000
    103.0598	      0.0000
    103.0608	      0.0000
    107.9608	      0.0000
    107.9618	      0.0000
    107.9629	      0.0000
    107.9640	      0.0000
    107.9650	    544.2052
    107.9661	   1157.3538
    107.9672	   1553.8806
    107.9682	   1483.7809
    107.9693	   1033.5236
    107.9703	    516.4845
    107.9716	      0.0000
    107.9727	      0.0000
    107.9737	      0.0000
    107.9748	      0.0000
    110.0639	      0.0000
    110.0650	      0.0000
    110.0661	      0.0000
    110.0672	      0.0000
    110.0683	    592.7276
    110.0694	   2347.7678
    110.0705	   5142.2095
    110.0716	   8151.2363
    110.0727	   8423.1396
    110.0738	   5454.5610
    110.0749	   2608.5300
    110.0760	    553.0297
    110.0768	      0.0000
    110.0779	      0.0000
    110.0790	      0.0000
    110.0801	      0.0000
    116.0639	      0.0000
    116.0651	      0.0000
    116.0663	      0.0000
    116.0675	      0.0000
    116.0687	    409.7708
    116.0699	    776.8065
    116.0710	    945.3287
    116.0722	    797.2070
    116.0734	    445.5215
    116.0746	      0.0000
    116.0758	      0.0000
    116.0769	      0.0000
    116.0781	      0.0000
    118.9895	      0.0000
    118.9907	      0.0000
    118.9920	      0.0000
    118.9932	      0.0000
    118.9944	    240.5948
    118.9957	    810.6870
    118.9969	   1513.4034
    118.9981	   1896.2258
    118.9994	   1688.3695
    119.0006	   1055.1556
    119.0018	    452.9125
    119.0031	      0.0000
    119.0044	      0.0000
    119.0056	      0.0000
    119.0068	      0.0000
    120.0692	      0.0000
    120.0705	      0.0000
    120.0717	      0.0000
    120.0730	      0.0000
    120.0742	    405.9429
    120.0755	    827.1235
    120.0767	   2723.1882
    120.0780	   9587.3789
    120.0792	  22574.3281
    120.0805	  36768.3086
    120.0817	  41495.4375
    120.0830	  28777.3223
    120.0842	  15230.5508
    120.0855	   4171.5811
    120.0867	    779.3835
    120.0880	    389.0432
    120.0891	      0.0000
    120.0904	      0.0000
    120.0916	      0.0000
    120.0929	      0.0000
    121.0763	      0.0000
    121.0776	      0.0000
    121.0788	      0.0000
    121.0801	      0.0000
    121.0814	    481.9775
    121.0826	   1196.8740
    121.0839	   1844.4407
    121.0852	   1988.1545
    121.0864	   1531.5020
    121.0877	    812.5224
    121.0890	    268.0167
    121.0902	      0.0000
    121.0914	      0.0000
    121.0927	      0.0000
    121.0940	      0.0000
    126.8694	      0.0000
    126.8707	      0.0000
    126.8721	      0.0000
    126.8734	      0.0000
    126.8748	    517.4591
    126.8762	    775.9542
    126.8775	    871.0292
    126.8789	    758.8898
    126.8802	    510.3803
    126.8816	      0.0000
    126.8829	      0.0000
    126.8843	      0.0000
    126.8856	      0.0000
    129.0941	      0.0000
    129.0955	      0.0000
    129.0969	      0.0000
    129.0983	      0.0000
    129.0996	    411.1209
    129.1010	    794.9213
    129.1024	   1083.0885
    129.1038	   1090.7743
    129.1052	    807.1659
    129.1066	    412.1603
    129.1080	      0.0000
    129.1094	      0.0000
    129.1108	      0.0000
    129.1121	      0.0000
    132.0935	      0.0000
    132.0949	      0.0000
    132.0964	      0.0000
    132.0978	      0.0000
    132.0992	    333.8241
    132.1007	    821.6906
    132.1021	   1185.1235
    132.1036	   1124.9604
    132.1050	    693.4037
    132.1064	      0.0000
    132.1079	      0.0000
    132.1093	      0.0000
    132.1107	      0.0000
    134.9827	      0.0000
    134.9842	      0.0000
    134.9857	      0.0000
    134.9872	      0.0000
    134.9886	    257.6816
    134.9901	   1755.8447
    134.9916	   3743.1709
    134.9931	   5770.9805
    134.9946	   5322.7739
    134.9961	   3209.7261
    134.9976	   1258.8293
    134.9991	    514.0143
    135.0005	      0.0000
    135.0020	      0.0000
    135.0035	      0.0000
    135.0050	      0.0000
    136.0646	      0.0000
    136.0662	      0.0000
    136.0677	      0.0000
    136.0692	      0.0000
    136.0707	    531.5962
    136.0722	   1812.5270
    136.0737	   3661.4880
    136.0752	   5578.8110
    136.0767	   5581.0586
    136.0782	   3674.0881
    136.0797	   1842.3656
    136.0812	    524.8549
    136.0827	      0.0000
    136.0842	      0.0000
    136.0858	      0.0000
    136.0873	      0.0000
    149.0115	      0.0000
    149.0133	      0.0000
    149.0150	      0.0000
    149.0167	      0.0000
    149.0184	    229.9841
    149.0202	    823.3952
    149.0219	   1516.8954
    149.0236	   1796.6687
    149.0253	   1433.6987
    149.0271	    727.5236
    149.0288	      0.0000
    149.0305	      0.0000
    149.0322	      0.0000
    149.0340	      0.0000
    149.0357	      0.0000
    149.0374	      0.0000
    149.0392	      0.0000
    149.0409	    664.3305
    149.0426	   1234.2513
    149.0443	   1636.5697
    149.0461	   1622.5300
    149.0478	   1192.1588
    149.0495	    611.0706
    149.0512	      0.0000
    149.0530	      0.0000
    149.0547	      0.0000
    149.0564	      0.0000
    150.0173	      0.0000
    150.0191	      0.0000
    150.0208	      0.0000
    150.0226	      0.0000
    150.0243	    487.8631
    150.0260	    932.8592
    150.0278	   1180.4896
    150.0295	   1082.1580
    150.0313	    712.0550
    150.0330	      0.0000
    150.0347	      0.0000
    150.0365	      0.0000
    150.0382	      0.0000
    151.0316	      0.0000
    151.0333	      0.0000
    151.0351	      0.0000
    151.0368	      0.0000
    151.0386	    415.3741
    151.0404	    838.0596
    151.0421	   1081.3730
    151.0439	    948.9312
    151.0457	    530.2341
    151.0475	      0.0000
    151.0492	      0.0000
    151.0510	      0.0000
    151.0527	      0.0000
    165.0426	      0.0000
    165.0446	      0.0000
    165.0466	      0.0000
    165.0487	      0.0000
    165.0507	    764.8320
    165.0527	   1397.1965
    165.0547	   1764.8052
    165.0567	   1612.8984
    165.0587	   1054.5054
    165.0607	    457.8064
    165.0627	      0.0000
    165.0647	      0.0000
    165.0667	      0.0000
    165.0687	      0.0000
    166.0711	      0.0000
    166.0731	      0.0000
    166.0751	      0.0000
    166.0771	      0.0000
    166.0792	    541.0921
    166.0812	   2541.1450
    166.0832	   6487.3760
    166.0853	  10807.3047
    166.0873	  12368.2510
    166.0893	   8573.0635
    166.0914	   4505.7085
    166.0934	   1134.8682
    166.0954	     43.3397
    166.0975	      0.0000
    166.0995	      0.0000
    166.1015	      0.0000
    166.1036	      0.0000
    169.0396	      0.0000
    169.0417	      0.0000
    169.0438	      0.0000
    169.0458	      0.0000
    169.0479	    380.6641
    169.0500	    917.8276
    169.0521	   1397.4882
    169.0542	   1482.1487
    169.0563	   1097.5708
    169.0584	    531.3331
    169.0604	      0.0000
    169.0625	      0.0000
    169.0646	      0.0000
    169.0667	      0.0000
    171.0864	      0.0000
    171.0885	      0.0000
    171.0906	      0.0000
    171.0927	      0.0000
    171.0949	    293.4248
    171.0970	    853.9498
    171.0991	   1460.5507
    171.1012	   1698.3358
    171.1034	   1378.4138
    171.1055	    732.7375
    171.1080	      0.0000
    171.1101	      0.0000
    171.1123	      0.0000
    171.1144	      0.0000
    173.1105	      0.0000
    173.1126	      0.0000
    173.1148	      0.0000
    173.1170	      0.0000
    173.1191	    459.6222
    173.1213	   1012.1071
    173.1234	   3091.4822
    173.1256	   7210.3389
    173.1278	  11698.7988
    173.1299	  13213.8926
    173.1321	   9127.1582
    173.1342	   4752.5654
    173.1364	   1143.8615
    173.1386	     12.3946
    173.1404	      0.0000
    173.1426	      0.0000
    173.1447	      0.0000
    173.1469	      0.0000
    174.1191	      0.0000
    174.1213	      0.0000
    174.1235	      0.0000
    174.1257	      0.0000
    174.1278	    497.6125
    174.1300	   1043.1860
    174.1322	   1456.5519
    174.1344	   1437.5839
    174.1366	    997.3579
    174.1387	    454.6234
    174.1409	      0.0000
    174.1431	      0.0000
    174.1453	      0.0000
    174.1474	      0.0000
    178.0394	      0.0000
    178.0416	      0.0000
    178.0439	      0.0000
    178.0461	      0.0000
    178.0484	    593.1196
    178.0506	   1162.7621
    178.0529	   1499.1893
    178.0551	   1330.1196
    178.0574	    776.9854
    178.0596	    244.0994
    178.0620	      0.0000
    178.0642	      0.0000
    178.0665	      0.0000
    178.0687	      0.0000
    182.0656	      0.0000
    182.0679	      0.0000
    182.0703	      0.0000
    182.0726	      0.0000
    182.0749	    312.1060
    182.0773	   1034.6843
    182.0796	   1961.4556
    182.0819	   2498.5591
    182.0843	   2770.9695
    182.0866	   1433.2397
    182.0889	    625.4340
    182.0912	      0.0000
    182.0936	      0.0000
    182.0959	      0.0000
    182.0982	      0.0000
    185.1116	      0.0000
    185.1140	      0.0000
    185.1164	      0.0000
    185.1188	      0.0000
    185.1212	    393.5789
    185.1236	   1090.8369
    185.1260	   2543.8721
    185.1283	   4062.2219
    185.1307	   3860.1963
    185.1331	   1763.4149
    185.1355	    771.3956
    185.1379	    193.9978
    185.1402	      0.0000
    185.1426	      0.0000
    185.1450	      0.0000
    185.1474	      0.0000
    185.1498	      0.0000
    185.1522	      0.0000
    185.1546	    552.9250
    185.1569	   2149.5945
    185.1593	   8393.5078
    185.1617	  18140.1230
    185.1641	  28592.7305
    185.1665	  29248.3066
    185.1689	  18993.8984
    185.1713	   9272.7725
    185.1737	   2501.5315
    185.1761	    691.1658
    185.1785	      0.0000
    185.1809	      0.0000
    185.1833	      0.0000
    185.1857	      0.0000
    197.5866	      0.0000
    197.5892	      0.0000
    197.5919	      0.0000
    197.5945	      0.0000
    197.5971	    579.7243
    197.5998	   1054.2462
    197.6024	   1273.3702
    197.6050	   1067.5654
    197.6077	    591.6623
    197.6103	      0.0000
    197.6129	      0.0000
    197.6156	      0.0000
    197.6182	      0.0000
    201.1078	      0.0000
    201.1105	      0.0000
    201.1132	      0.0000
    201.1159	      0.0000
    201.1187	    572.1019
    201.1214	   1130.9301
    201.1241	   1474.1914
    201.1268	   1354.6527
    201.1295	    863.8420
    201.1322	    337.6666
    201.1349	      0.0000
    201.1376	      0.0000
    201.1403	      0.0000
    201.1430	      0.0000
    202.1970	      0.0000
    202.1997	      0.0000
    202.2025	      0.0000
    202.2052	      0.0000
    202.2079	    452.5866
    202.2107	    884.7977
    202.2134	   1170.9032
    202.2161	   1094.8467
    202.2188	    687.3049
    202.2216	      0.0000
    202.2243	      0.0000
    202.2271	      0.0000
    202.2298	      0.0000
    208.9334	      0.0000
    208.9363	      0.0000
    208.9392	      0.0000
    208.9420	      0.0000
    208.9449	    702.5706
    208.9478	   2617.7627
    208.9506	   4622.8057
    208.9535	   6093.9897
    208.9564	   4701.3550
    208.9592	   2643.3071
    208.9621	    737.5980
    208.9650	      0.0000
    208.9678	      0.0000
    208.9707	      0.0000
    208.9735	      0.0000
    210.0061	      0.0000
    210.0089	      0.0000
    210.0118	      0.0000
    210.0147	      0.0000
    210.0176	    665.1264
    210.0205	   1523.5586
    210.0234	   3199.8169
    210.0263	   3871.5710
    210.0292	   2062.6431
    210.0320	   1137.9374
    210.0349	    398.3416
    210.0378	      0.0000
    210.0407	      0.0000
    210.0436	      0.0000
    210.0465	      0.0000
    210.9300	      0.0000
    210.9329	      0.0000
    210.9358	      0.0000
    210.9387	      0.0000
    210.9416	    500.5786
    210.9445	   2284.7717
    210.9474	   4419.6001
    210.9503	   6405.2681
    210.9532	   5670.8257
    210.9561	   3484.0667
    210.9590	   1481.5651
    210.9619	    482.2156
    210.9646	      0.0000
    210.9675	      0.0000
    210.9704	      0.0000
    210.9733	      0.0000
    213.1349	      0.0000
    213.1379	      0.0000
    213.1408	      0.0000
    213.1438	      0.0000
    213.1467	    208.6608
    213.1497	   1452.8241
    213.1526	   6013.9980
    213.1556	  12881.5684
    213.1585	  20313.7266
    213.1615	  20922.8535
    213.1644	  13708.1143
    213.1674	   6797.7119
    213.1703	   1828.5326
    213.1733	    273.8074
    213.1766	      0.0000
    213.1795	      0.0000
    213.1825	      0.0000
    213.1854	      0.0000
    216.0785	      0.0000
    216.0815	      0.0000
    216.0845	      0.0000
    216.0875	      0.0000
    216.0905	    590.6305
    216.0935	   1212.5112
    216.0966	   1702.7146
    216.0996	   1707.8734
    216.1026	   1215.7528
    216.1056	    570.3279
    216.1086	      0.0000
    216.1116	      0.0000
    216.1146	      0.0000
    216.1176	      0.0000
    217.1004	      0.0000
    217.1034	      0.0000
    217.1065	      0.0000
    217.1095	      0.0000
    217.1126	    342.2600
    217.1156	    818.1354
    217.1186	   1238.0387
    217.1217	   1264.4503
    217.1247	    875.4304
    217.1277	    353.9229
    217.1307	      0.0000
    217.1338	      0.0000
    217.1368	      0.0000
    217.1398	      0.0000
    225.8780	      0.0000
    225.8812	      0.0000
    225.8844	      0.0000
    225.8876	      0.0000
    225.8909	    350.8530
    225.8941	    758.0496
    225.8973	   1056.9303
    225.9005	   1049.2120
    225.9037	    741.1156
    225.9070	      0.0000
    225.9102	      0.0000
    225.9134	      0.0000
    225.9166	      0.0000
    227.0190	      0.0000
    227.0222	      0.0000
    227.0255	      0.0000
    227.0287	      0.0000
    227.0319	    344.3925
    227.0352	    831.0663
    227.0384	   1212.2537
    227.0417	   1219.7336
    227.0449	    842.5475
    227.0482	    353.2941
    227.0523	      0.0000
    227.0556	      0.0000
    227.0588	      0.0000
    227.0621	      0.0000
    237.0964	      0.0000
    237.0999	      0.0000
    237.1033	      0.0000
    237.1068	      0.0000
    237.1102	    454.8174
    237.1137	   1620.0599
    237.1172	   5191.0728
    237.1206	   9626.5957
    237.1241	  13745.9746
    237.1276	  12058.1875
    237.1310	   7238.4131
    237.1345	   2783.5518
    237.1380	    399.2463
    237.1406	      0.0000
    237.1440	      0.0000
    237.1475	      0.0000
    237.1509	      0.0000
    238.1030	      0.0000
    238.1065	      0.0000
    238.1099	      0.0000
    238.1134	      0.0000
    238.1169	    454.0646
    238.1204	   1166.9163
    238.1239	   2005.0428
    238.1274	   2417.3420
    238.1309	   2090.8721
    238.1343	   1251.9939
    238.1378	    460.3315
    238.1413	      0.0000
    238.1448	      0.0000
    238.1483	      0.0000
    238.1518	      0.0000
    241.9725	      0.0000
    241.9761	      0.0000
    241.9797	      0.0000
    241.9833	      0.0000
    241.9868	    315.5396
    241.9904	    776.0445
    241.9940	   1292.0977
    241.9975	   1565.2480
    242.0011	   1421.8114
    242.0047	    964.9040
    242.0083	    472.1592
    242.0119	      0.0000
    242.0155	      0.0000
    242.0190	      0.0000
    242.0226	      0.0000
    253.0766	      0.0000
    253.0805	      0.0000
    253.0843	      0.0000
    253.0881	      0.0000
    253.0919	    699.7704
    253.0957	   1153.4119
    253.0996	   1369.9037
    253.1034	   1219.1639
    253.1072	    800.6226
    253.1112	      0.0000
    253.1150	      0.0000
    253.1188	      0.0000
    253.1226	      0.0000
    284.1648	      0.0000
    284.1694	      0.0000
    284.1739	      0.0000
    284.1785	      0.0000
    284.1830	    677.7122
    284.1876	   2570.5146
    284.1921	   4367.7529
    284.1967	   5788.5508
    284.2012	   4804.1328
    284.2057	   2815.6541
    284.2103	    942.9075
    284.2148	    437.1262
    284.2194	      0.0000
    284.2239	      0.0000
    284.2285	      0.0000
    284.2330	      0.0000
    284.9845	      0.0000
    284.9890	      0.0000
    284.9936	      0.0000
    284.9982	      0.0000
    285.0027	    693.6716
    285.0073	   1214.1296
    285.0119	   1408.1917
    285.0164	   1141.2865
    285.0210	    622.1583
    285.0256	      0.0000
    285.0301	      0.0000
    285.0347	      0.0000
    285.0393	      0.0000
    285.1032	      0.0000
    285.1077	      0.0000
    285.1123	      0.0000
    285.1169	      0.0000
    285.1214	    329.9131
    285.1260	    851.5361
    285.1306	   1394.3894
    285.1351	   1578.1198
    285.1397	   1255.5793
    285.1443	    654.5316
    285.1489	      0.0000
    285.1535	      0.0000
    285.1581	      0.0000
    285.1626	      0.0000
    296.1156	      0.0000
    296.1205	      0.0000
    296.1253	      0.0000
    296.1301	      0.0000
    296.1350	    367.3199
    296.1398	    899.4751
    296.1446	   1255.8182
    296.1495	   1164.7520
    296.1543	    717.2786
    296.1600	      0.0000
    296.1648	      0.0000
    296.1696	      0.0000
    296.1745	      0.0000
    303.5921	      0.0000
    303.5971	      0.0000
    303.6021	      0.0000
    303.6072	      0.0000
    303.6122	    509.1642
    303.6172	   1845.1327
    303.6222	   5789.2793
    303.6272	  10253.6787
    303.6322	  13817.5996
    303.6373	  11120.5742
    303.6423	   6467.0552
    303.6473	   2082.1116
    303.6523	    246.5655
    303.6565	      0.0000
    303.6615	      0.0000
    303.6665	      0.0000
    303.6715	      0.0000
    304.0936	      0.0000
    304.0986	      0.0000
    304.1037	      0.0000
    304.1087	      0.0000
    304.1137	    431.6178
    304.1188	   1273.3910
    304.1238	   3113.7261
    304.1288	   5108.4390
    304.1339	   5874.3701
    304.1389	   4141.3799
    304.1439	   2216.2488
    304.1490	    532.4877
    304.1541	      0.0000
    304.1591	      0.0000
    304.1642	      0.0000
    304.1692	      0.0000
    322.8840	      0.0000
    322.8895	      0.0000
    322.8950	      0.0000
    322.9005	      0.0000
    322.9060	    484.8940
    322.9116	   1009.8146
    322.9171	   1363.3608
    322.9226	   1277.9950
    322.9281	    807.4802
    322.9382	      0.0000
    322.9437	      0.0000
    322.9492	      0.0000
    322.9547	      0.0000
    323.1089	      0.0000
    323.1144	      0.0000
    323.1199	      0.0000
    323.1254	      0.0000
    323.1309	    528.3902
    323.1364	   1520.7896
    323.1419	   3634.8301
    323.1474	   7149.2021
    323.1530	  11259.3545
    323.1585	  14356.7363
    323.1640	  12153.6953
    323.1695	   7303.2227
    323.1750	   2668.2241
    323.1805	     14.7786
    323.1814	      0.0000
    323.1869	      0.0000
    323.1924	      0.0000
    323.1980	      0.0000
    323.6172	      0.0000
    323.6227	      0.0000
    323.6283	      0.0000
    323.6338	      0.0000
    323.6393	    804.3011
    323.6448	   1302.3236
    323.6504	   1854.4575
    323.6559	   2166.3738
    323.6614	   1969.3109
    323.6669	   1328.4458
    323.6724	    636.0719
    323.6780	      0.0000
    323.6835	      0.0000
    323.6890	      0.0000
    323.6945	      0.0000
    325.6032	      0.0000
    325.6088	      0.0000
    325.6144	      0.0000
    325.6199	      0.0000
    325.6255	    608.0735
    325.6311	   1662.5369
    325.6367	   3660.7380
    325.6422	   5802.4453
    325.6478	   6030.2402
    325.6534	   3950.5691
    325.6590	   1887.0978
    325.6645	    332.7943
    325.6701	      0.0000
    325.6757	      0.0000
    325.6812	      0.0000
    325.6868	      0.0000
    326.1109	      0.0000
    326.1165	      0.0000
    326.1221	      0.0000
    326.1277	      0.0000
    326.1333	    656.1273
    326.1389	   1256.7865
    326.1445	   1652.7986
    326.1501	   1590.9979
    326.1556	   1125.8280
    326.1612	    556.7047
    326.1668	      0.0000
    326.1724	      0.0000
    326.1780	      0.0000
    326.1836	      0.0000
    331.1171	      0.0000
    331.1228	      0.0000
    331.1285	      0.0000
    331.1342	      0.0000
    331.1399	    365.2933
    331.1456	    993.8604
    331.1514	   1512.7274
    331.1571	   1509.9521
    331.1628	   1003.7093
    331.1685	    386.5600
    331.1735	      0.0000
    331.1792	      0.0000
    331.1850	      0.0000
    331.1907	      0.0000
    332.0958	      0.0000
    332.1016	      0.0000
    332.1073	      0.0000
    332.1130	      0.0000
    332.1188	    221.7814
    332.1245	   1457.4672
    332.1303	   5075.1987
    332.1360	   9164.3584
    332.1418	  12658.0947
    332.1475	  10763.8770
    332.1532	   6532.4531
    332.1590	   2667.2039
    332.1647	    732.3785
    332.1712	      0.0000
    332.1769	      0.0000
    332.1826	      0.0000
    332.1884	      0.0000
    332.6080	      0.0000
    332.6138	      0.0000
    332.6195	      0.0000
    332.6253	      0.0000
    332.6310	    546.6013
    332.6368	   1270.9973
    332.6425	   1886.1321
    332.6483	   1924.2679
    332.6540	   1354.4795
    332.6598	    605.5024
    332.6657	      0.0000
    332.6715	      0.0000
    332.6772	      0.0000
    332.6830	      0.0000
    342.1169	      0.0000
    342.1229	      0.0000
    342.1289	      0.0000
    342.1349	      0.0000
    342.1409	    485.7415
    342.1469	   1261.8328
    342.1529	   2159.7268
    342.1590	   3772.4629
    342.1650	   2150.2742
    342.1710	   1213.8699
    342.1770	    400.3596
    342.1812	      0.0000
    342.1872	      0.0000
    342.1932	      0.0000
    342.1992	      0.0000
    345.0997	      0.0000
    345.1058	      0.0000
    345.1119	      0.0000
    345.1179	      0.0000
    345.1240	      0.0000
    345.1301	    938.5852
    345.1362	   4204.7021
    345.1423	   7999.0356
    345.1483	  11536.0117
    345.1544	  10348.2207
    345.1605	   6497.8408
    345.1666	   2987.4841
    345.1727	    900.0074
    345.1788	    531.6610
    345.1866	      0.0000
    345.1927	      0.0000
    345.1988	      0.0000
    345.2048	      0.0000
    345.6067	      0.0000
    345.6128	      0.0000
    345.6189	      0.0000
    345.6250	      0.0000
    345.6311	     90.2793
    345.6372	   1594.7036
    345.6433	   3803.0627
    345.6494	   6104.6865
    345.6555	   6564.7417
    345.6616	   4747.8081
    345.6677	   2809.5808
    345.6738	    705.6423
    345.6798	      0.0000
    345.6859	      0.0000
    345.6920	      0.0000
    345.6981	      0.0000
    353.1258	      0.0000
    353.1321	      0.0000
    353.1383	      0.0000
    353.1446	      0.0000
    353.1509	    424.3544
    353.1572	    912.8342
    353.1635	   1246.6976
    353.1698	   1166.0613
    353.1761	    711.6735
    353.1837	      0.0000
    353.1900	      0.0000
    353.1963	      0.0000
    353.2026	      0.0000
    354.0921	      0.0000
    354.0984	      0.0000
    354.1047	      0.0000
    354.1110	      0.0000
    354.1174	    375.4185
    354.1237	   1069.2188
    354.1300	   2048.8569
    354.1363	   5952.0488
    354.1426	  18382.8867
    354.1490	  34708.3711
    354.1553	  50699.0586
    354.1616	  46247.6133
    354.1679	  28486.9414
    354.1742	  12030.8545
    354.1806	   2498.7529
    354.1869	    278.8934
    354.1918	      0.0000
    354.1981	      0.0000
    354.2044	      0.0000
    354.2108	      0.0000
    354.6031	      0.0000
    354.6095	      0.0000
    354.6158	      0.0000
    354.6221	      0.0000
    354.6285	    217.8853
    354.6348	   1131.5215
    354.6411	   4599.4136
    354.6475	  10245.0859
    354.6538	  16359.9805
    354.6601	  17343.4238
    354.6665	  11573.4355
    354.6728	   5859.3457
    354.6791	   1603.3459
    354.6855	    387.0547
    354.6919	      0.0000
    354.6983	      0.0000
    354.7046	      0.0000
    354.7109	      0.0000
    355.1232	      0.0000
    355.1295	      0.0000
    355.1359	      0.0000
    355.1422	      0.0000
    355.1486	    796.9360
    355.1549	   1321.9404
    355.1613	   1514.7350
    355.1676	   1241.2183
    355.1740	    698.2288
    355.1791	      0.0000
    355.1854	      0.0000
    355.1918	      0.0000
    355.1981	      0.0000
    360.9762	      0.0000
    360.9827	      0.0000
    360.9892	      0.0000
    360.9957	      0.0000
    361.0022	    125.1779
    361.0087	   1687.7820
    361.0152	   4288.2051
    361.0217	   7115.8691
    361.0282	   7908.1543
    361.0347	   5412.3760
    361.0412	   2828.0632
    361.0478	    726.5907
    361.0555	      0.0000
    361.0620	      0.0000
    361.0685	      0.0000
    361.0750	      0.0000
    361.9813	      0.0000
    361.9879	      0.0000
    361.9944	      0.0000
    362.0009	      0.0000
    362.0075	    692.3165
    362.0140	   1533.1273
    362.0205	   3205.5745
    362.0271	   4040.4622
    362.0336	   3038.3228
    362.0401	   1285.5264
    362.0467	    485.6368
    362.0529	      0.0000
    362.0595	      0.0000
    362.0660	      0.0000
    362.0725	      0.0000
    362.9695	      0.0000
    362.9761	      0.0000
    362.9826	      0.0000
    362.9892	      0.0000
    362.9957	      0.0000
    363.0023	    930.2931
    363.0089	   4000.0703
    363.0154	   8220.1816
    363.0220	  12754.2646
    363.0286	  12860.9697
    363.0351	   8384.9355
    363.0417	   4167.4189
    363.0482	   1058.8904
    363.0548	     41.9295
    363.0616	      0.0000
    363.0682	      0.0000
    363.0748	      0.0000
    363.0813	      0.0000
    363.9886	      0.0000
    363.9952	      0.0000
    364.0018	      0.0000
    364.0084	      0.0000
    364.0150	    863.6279
    364.0216	   1345.8591
    364.0281	   1472.4595
    364.0347	   1155.1053
    364.0413	    609.5261
    364.0488	      0.0000
    364.0554	      0.0000
    364.0620	      0.0000
    364.0685	      0.0000
    367.1119	      0.0000
    367.1186	      0.0000
    367.1252	      0.0000
    367.1319	      0.0000
    367.1386	    283.9157
    367.1453	   1380.6184
    367.1519	   4068.6760
    367.1586	   6978.7725
    367.1653	   8840.2021
    367.1720	   6666.6724
    367.1786	   3761.7434
    367.1853	   1041.1901
    367.1920	     70.6318
    367.1980	      0.0000
    367.2046	      0.0000
    367.2113	      0.0000
    367.2180	      0.0000
    367.6188	      0.0000
    367.6255	      0.0000
    367.6322	      0.0000
    367.6389	      0.0000
    367.6455	    361.7370
    367.6522	    897.6455
    367.6589	   1474.6331
    367.6656	   1742.1382
    367.6723	   1499.9982
    367.6790	    914.4578
    367.6857	    354.6264
    367.6926	      0.0000
    367.6993	      0.0000
    367.7060	      0.0000
    367.7127	      0.0000
    376.1071	      0.0000
    376.1140	      0.0000
    376.1210	      0.0000
    376.1279	      0.0000
    376.1348	    470.0443
    376.1417	   1520.4606
    376.1486	   5555.4023
    376.1556	  16949.0137
    376.1625	  29195.7891
    376.1694	  38156.9023
    376.1763	  29783.8438
    376.1832	  17359.9043
    376.1902	   5678.5391
    376.1971	   1227.5266
    376.2040	    157.0919
    376.2104	      0.0000
    376.2173	      0.0000
    376.2242	      0.0000
    376.2311	      0.0000
    376.6191	      0.0000
    376.6260	      0.0000
    376.6329	      0.0000
    376.6399	      0.0000
    376.6468	    755.3773
    376.6537	   3473.2568
    376.6607	   7710.0596
    376.6676	  12305.0723
    376.6745	  13388.5527
    376.6815	   9220.6504
    376.6884	   4927.4351
    376.6953	   1352.8491
    376.7023	      0.9376
    376.7098	      0.0000
    376.7168	      0.0000
    376.7237	      0.0000
    376.7306	      0.0000
    398.6368	      0.0000
    398.6443	      0.0000
    398.6519	      0.0000
    398.6594	      0.0000
    398.6670	    483.9291
    398.6745	   2666.5400
    398.6821	   5753.1406
    398.6896	   9062.8447
    398.6972	   9072.5723
    398.7047	   5767.4731
    398.7123	   2693.1033
    398.7198	    539.1931
    398.7272	      0.0000
    398.7347	      0.0000
    398.7423	      0.0000
    398.7498	      0.0000
    399.1429	      0.0000
    399.1504	      0.0000
    399.1580	      0.0000
    399.1656	      0.0000
    399.1731	    888.3046
    399.1807	   2084.0151
    399.1883	   3600.4458
    399.1958	   3903.4360
    399.2034	   2522.2129
    399.2110	    952.1970
    399.2185	    303.2508
    399.2261	      0.0000
    399.2337	      0.0000
    399.2412	      0.0000
    399.2488	      0.0000
    405.6197	      0.0000
    405.6275	      0.0000
    405.6352	      0.0000
    405.6430	      0.0000
    405.6507	    417.2803
    405.6585	   2067.0598
    405.6662	   4136.9502
    405.6740	   6149.9224
    405.6817	   5713.7910
    405.6895	   3575.4275
    405.6972	   1572.0194
    405.7050	    470.5155
    405.7127	      0.0000
    405.7205	      0.0000
    405.7282	      0.0000
    405.7360	      0.0000
    418.1537	      0.0000
    418.1618	      0.0000
    418.1699	      0.0000
    418.1780	      0.0000
    418.1862	    481.7874
    418.1943	   1328.2002
    418.2024	   3602.0056
    418.2105	   5134.6958
    418.2186	   4728.6187
    418.2267	   2896.3162
    418.2348	   1074.7500
    418.2429	    477.9146
    418.2522	      0.0000
    418.2604	      0.0000
    418.2685	      0.0000
    418.2766	      0.0000
    427.6154	      0.0000
    427.6238	      0.0000
    427.6322	      0.0000
    427.6406	      0.0000
    427.6490	    623.0030
    427.6574	   1227.9478
    427.6657	   3706.2200
    427.6741	  10975.9385
    427.6825	  19200.9102
    427.6909	  25737.4238
    427.6993	  20996.9512
    427.7077	  12435.1563
    427.7161	   4395.1992
    427.7245	    866.4244
    427.7322	      0.0000
    427.7406	      0.0000
    427.7490	      0.0000
    427.7574	      0.0000
    428.1268	      0.0000
    428.1352	      0.0000
    428.1436	      0.0000
    428.1520	      0.0000
    428.1604	    328.4614
    428.1688	   1662.4540
    428.1772	   4589.4492
    428.1856	   7783.2202
    428.1941	   9409.8701
    428.2025	   6851.0327
    428.2109	   3788.3899
    428.2193	   1079.2695
    428.2277	    128.1522
    428.2358	      0.0000
    428.2442	      0.0000
    428.2526	      0.0000
    428.2610	      0.0000
    428.6311	      0.0000
    428.6395	      0.0000
    428.6480	      0.0000
    428.6564	      0.0000
    428.6648	    669.0627
    428.6732	   1624.0707
    428.6816	   3142.4880
    428.6901	   4317.1221
    428.6985	   3314.1077
    428.7069	   1791.5743
    428.7153	    596.2917
    428.7237	      0.0000
    428.7322	      0.0000
    428.7406	      0.0000
    428.7490	      0.0000
    440.1546	      0.0000
    440.1633	      0.0000
    440.1721	      0.0000
    440.1809	      0.0000
    440.1896	    631.5383
    440.1984	    918.8859
    440.2071	   1040.1453
    440.2159	    912.5488
    440.2247	    589.1810
    440.2334	      0.0000
    440.2422	      0.0000
    440.2509	      0.0000
    440.2597	      0.0000
    440.6455	      0.0000
    440.6543	      0.0000
    440.6630	      0.0000
    440.6718	      0.0000
    440.6806	    385.8285
    440.6894	    957.2741
    440.6981	   1365.2142
    440.7069	   1265.5935
    440.7157	    748.4349
    440.7245	      0.0000
    440.7332	      0.0000
    440.7420	      0.0000
    440.7508	      0.0000
    448.2260	      0.0000
    448.2350	      0.0000
    448.2440	      0.0000
    448.2530	      0.0000
    448.2620	    427.2035
    448.2710	   1664.6090
    448.2800	   3279.6238
    448.2890	   4761.4600
    448.2980	   4110.5986
    448.3070	   2354.1426
    448.3160	    685.7650
    448.3250	      0.0000
    448.3340	      0.0000
    448.3430	      0.0000
    448.3520	      0.0000
    449.0643	      0.0000
    449.0733	      0.0000
    449.0823	      0.0000
    449.0913	      0.0000
    449.1004	    354.3386
    449.1094	    909.6322
    449.1184	   1433.7621
    449.1274	   1499.4363
    449.1365	   1029.6876
    449.1455	    449.2149
    449.1545	      0.0000
    449.1636	      0.0000
    449.1726	      0.0000
    449.1816	    266.1749
    449.1907	    926.7220
    449.1997	   4432.3975
    449.2087	   6499.6753
    449.2177	   7640.1621
    449.2268	   5779.6050
    449.2358	   3219.6243
    449.2448	    872.5185
    449.2539	      0.0000
    449.2629	      0.0000
    449.2719	   1147.2904
    449.2810	   3219.9265
    449.2900	   5640.6992
    449.2990	   5913.8613
    449.3081	   3737.6082
    449.3171	   1702.7563
    449.3261	    173.3874
    449.3354	      0.0000
    449.3445	      0.0000
    449.3535	      0.0000
    449.3625	      0.0000
    449.6247	      0.0000
    449.6337	      0.0000
    449.6428	      0.0000
    449.6518	      0.0000
    449.6608	     63.6765
    449.6699	   1148.1935
    449.6789	   4523.6367
    449.6880	  11589.8994
    449.6970	  19303.7969
    449.7061	  23285.5586
    449.7151	  17191.9531
    449.7242	   9778.7246
    449.7332	   3056.9072
    449.7423	    579.3896
    449.7545	      0.0000
    449.7635	      0.0000
    449.7726	      0.0000
    449.7816	      0.0000
    450.1347	      0.0000
    450.1437	      0.0000
    450.1528	      0.0000
    450.1619	      0.0000
    450.1709	    391.8274
    450.1800	   1920.2122
    450.1890	   4568.5464
    450.1981	   7785.5298
    450.2072	  10599.6621
    450.2162	   9136.0342
    450.2253	   5524.7471
    450.2343	   2183.6482
    450.2434	    263.1256
    450.2491	      0.0000
    450.2581	      0.0000
    450.2672	      0.0000
    450.2762	    556.5610
    450.2853	   1051.4905
    450.2944	   1496.1313
    450.3034	   1532.1650
    450.3125	   1130.4331
    450.3216	    587.9946
    450.3376	      0.0000
    450.3467	      0.0000
    450.3557	      0.0000
    450.3648	      0.0000
    663.1544	      0.0000
    663.1706	      0.0000
    663.1868	      0.0000
    663.2030	      0.0000
    663.2192	    803.3776
    663.2354	   2013.9889
    663.2516	   4787.0054
    663.2678	   7896.5591
    663.2840	   9486.0684
    663.3002	   6790.7583
    663.3164	   3546.9031
    663.3326	    709.4641
    663.3425	      0.0000
    663.3587	      0.0000
    663.3749	      0.0000
    663.3911	      0.0000
    664.1697	      0.0000
    664.1860	      0.0000
    664.2022	      0.0000
    664.2184	      0.0000
    664.2347	    611.7085
    664.2509	   1336.1392
    664.2672	   2048.0647
    664.2834	   2205.8699
    664.2996	   1647.2277
    664.3159	    759.4776
    664.3322	      0.0000
    664.3484	      0.0000
    664.3647	      0.0000
    664.3809	      0.0000
    707.1797	      0.0000
    707.1975	      0.0000
    707.2154	      0.0000
    707.2332	      0.0000
    707.2511	    572.1038
    707.2689	   2185.6816
    707.2867	   3919.2593
    707.3046	   4795.9927
    707.3224	   3483.0295
    707.3403	   1894.9359
    707.3581	    508.4184
    707.3760	      0.0000
    707.3938	      0.0000
    707.4117	      0.0000
    707.4295	      0.0000
    944.4274	      0.0000
    944.4550	      0.0000
    944.4825	      0.0000
    944.5100	      0.0000
