# ljz_20131022_MR_Chym1_ELUTE.mzML
#
# index: 5844
# id: controllerType=0 controllerNumber=1 scan=12408
# scanNumber: 12408
# massAnalyzerType: quadrupole
# scanEvent: 2
# msLevel: 2
# retentionTime: 2959.42
# filterString: FTMS + p NSI d Full ms2 452.75@hcd28.00 [100.00-945.00]
# mzLow: 99.0036
# mzHigh: 954.613
# basePeakMZ: 120.081
# basePeakIntensity: 48221
# totalIonCurrent: 365332
# precursorCount: 1
# precursor 0: 452.751 511186
# binary (1251): 
     99.0036	      0.0000
     99.0045	      0.0000
     99.0055	      0.0000
     99.0064	      0.0000
    101.0002	      0.0000
    101.0012	      0.0000
    101.0022	      0.0000
    101.0031	      0.0000
    101.0041	    668.5869
    101.0050	   1251.4333
    101.0060	   1516.5415
    101.0070	   1265.0768
    101.0079	    701.7468
    101.0089	      0.0000
    101.0099	      0.0000
    101.0108	      0.0000
    101.0118	      0.0000
    101.0648	      0.0000
    101.0657	      0.0000
    101.0667	      0.0000
    101.0677	      0.0000
    101.0686	    409.4518
    101.0696	   1108.3934
    101.0706	   1974.2654
    101.0715	   3512.7622
    101.0725	   2752.5437
    101.0734	   1435.5592
    101.0744	    651.4382
    101.0754	      0.0000
    101.0763	      0.0000
    101.0773	      0.0000
    101.0783	      0.0000
    102.0501	      0.0000
    102.0511	      0.0000
    102.0521	      0.0000
    102.0530	      0.0000
    102.0540	    721.0439
    102.0550	   1144.1051
    102.0560	   1169.3549
    102.0570	    761.2552
    102.0579	    250.7450
    102.0589	      0.0000
    102.0599	      0.0000
    102.0608	      0.0000
    102.0618	      0.0000
    104.0474	      0.0000
    104.0484	      0.0000
    104.0494	      0.0000
    104.0504	      0.0000
    104.0514	    408.2085
    104.0524	    838.2220
    104.0534	   1063.2198
    104.0544	    900.6961
    104.0554	    475.0773
    104.0564	      0.0000
    104.0574	      0.0000
    104.0584	      0.0000
    104.0594	      0.0000
    110.0637	      0.0000
    110.0648	      0.0000
    110.0659	      0.0000
    110.0670	      0.0000
    110.0681	    675.4750
    110.0692	   2703.8022
    110.0703	   5404.5732
    110.0714	   7980.2041
    110.0725	   7151.9634
    110.0736	   4353.3604
    110.0747	   1752.5062
    110.0758	    457.8531
    110.0768	      0.0000
    110.0779	      0.0000
    110.0790	      0.0000
    110.0801	      0.0000
    115.0799	      0.0000
    115.0811	      0.0000
    115.0822	      0.0000
    115.0834	      0.0000
    115.0846	    604.9904
    115.0857	    954.8864
    115.0869	   1064.0947
    115.0881	    822.1670
    115.0893	    386.3539
    115.0904	      0.0000
    115.0916	      0.0000
    115.0927	      0.0000
    115.0939	      0.0000
    120.0654	      0.0000
    120.0667	      0.0000
    120.0679	      0.0000
    120.0692	      0.0000
    120.0704	      0.0000
    120.0717	      0.0000
    120.0729	      0.0000
    120.0744	   1080.4948
    120.0756	   1698.1659
    120.0769	   4325.6182
    120.0781	  13282.8799
    120.0794	  28134.1406
    120.0806	  44256.0586
    120.0819	  47106.2656
    120.0831	  31388.1113
    120.0844	  15721.2158
    120.0856	   3699.4006
    120.0869	    153.1659
    120.0879	      0.0000
    120.0891	      0.0000
    120.0904	      0.0000
    120.0916	      0.0000
    121.0751	      0.0000
    121.0763	      0.0000
    121.0776	      0.0000
    121.0788	      0.0000
    121.0801	    248.9404
    121.0814	    866.2274
    121.0826	   2765.9641
    121.0839	   4417.8550
    121.0852	   4793.6738
    121.0864	   3120.4578
    121.0877	   1441.2902
    121.0890	     41.3601
    121.0901	      0.0000
    121.0914	      0.0000
    121.0927	      0.0000
    121.0939	      0.0000
    129.0927	      0.0000
    129.0941	      0.0000
    129.0955	      0.0000
    129.0969	      0.0000
    129.0983	    360.1940
    129.0997	    955.0667
    129.1010	   1673.8044
    129.1024	   2013.3883
    129.1038	   1736.0723
    129.1052	   1066.8516
    129.1066	    436.9198
    129.1083	      0.0000
    129.1097	      0.0000
    129.1111	      0.0000
    129.1125	      0.0000
    130.0387	      0.0000
    130.0401	      0.0000
    130.0415	      0.0000
    130.0429	      0.0000
    130.0443	    254.6782
    130.0457	    780.7767
    130.0471	   2961.3584
    130.0485	   6692.8770
    130.0499	  10734.9209
    130.0513	  11281.0625
    130.0527	   7265.4673
    130.0541	   3356.4348
    130.0555	    526.3966
    130.0566	      0.0000
    130.0580	      0.0000
    130.0594	      0.0000
    130.0608	      0.0000
    132.0733	      0.0000
    132.0748	      0.0000
    132.0762	      0.0000
    132.0776	      0.0000
    132.0791	    537.5731
    132.0805	    797.4841
    132.0820	    904.1563
    132.0834	    821.2713
    132.0848	    621.2188
    132.0863	      0.0000
    132.0877	      0.0000
    132.0892	      0.0000
    132.0906	    437.2498
    132.0920	   1037.2893
    132.0935	   1568.6470
    132.0949	   1542.6395
    132.0964	    963.5264
    132.0978	    505.8209
    132.0992	    617.9042
    132.1007	   2050.8811
    132.1021	   3503.4734
    132.1036	   3423.0408
    132.1050	   1602.9008
    132.1064	    581.4942
    132.1079	      0.0000
    132.1093	      0.0000
    132.1107	      0.0000
    132.1122	      0.0000
    134.9827	      0.0000
    134.9842	      0.0000
    134.9857	      0.0000
    134.9872	      0.0000
    134.9886	    275.2342
    134.9901	    887.0549
    134.9916	   1789.0116
    134.9931	   3567.3940
    134.9946	   3333.3259
    134.9961	   1762.1442
    134.9976	    895.9963
    134.9991	    339.6259
    135.0005	      0.0000
    135.0020	      0.0000
    135.0035	      0.0000
    135.0050	      0.0000
    136.0662	      0.0000
    136.0677	      0.0000
    136.0692	      0.0000
    136.0707	      0.0000
    136.0722	    657.5543
    136.0737	   1511.2057
    136.0752	   2255.9719
    136.0767	   2365.7319
    136.0782	   1770.0889
    136.0797	    913.0853
    136.0812	    306.0973
    136.0827	      0.0000
    136.0842	      0.0000
    136.0857	      0.0000
    136.0872	      0.0000
    143.0702	      0.0000
    143.0718	      0.0000
    143.0734	      0.0000
    143.0750	      0.0000
    143.0767	    358.2326
    143.0783	   1037.8123
    143.0799	   1951.3292
    143.0815	   3642.5269
    143.0831	   3173.3933
    143.0848	   1538.5374
    143.0864	    691.8433
    143.0880	      0.0000
    143.0896	      0.0000
    143.0913	      0.0000
    143.0929	      0.0000
    143.1059	      0.0000
    143.1075	      0.0000
    143.1091	      0.0000
    143.1107	      0.0000
    143.1124	    310.8850
    143.1140	   1106.1571
    143.1156	   2782.6206
    143.1172	   4613.9878
    143.1189	   5166.0347
    143.1205	   3441.7607
    143.1221	   1644.6313
    143.1237	    222.7934
    143.1256	      0.0000
    143.1273	      0.0000
    143.1289	      0.0000
    143.1305	      0.0000
    147.0625	      0.0000
    147.0642	      0.0000
    147.0658	      0.0000
    147.0675	      0.0000
    147.0692	    416.9446
    147.0709	   1441.5697
    147.0726	   4726.5957
    147.0743	  10120.0107
    147.0760	  16002.2109
    147.0777	  16994.6777
    147.0794	  11286.1191
    147.0811	   5598.3501
    147.0828	   1300.6738
    147.0845	    110.1942
    147.0858	      0.0000
    147.0875	      0.0000
    147.0892	      0.0000
    147.0909	      0.0000
    147.1045	      0.0000
    147.1061	      0.0000
    147.1078	      0.0000
    147.1095	      0.0000
    147.1112	    645.8326
    147.1129	    988.2502
    147.1146	   1074.0160
    147.1163	    824.3399
    147.1180	    403.0777
    147.1198	      0.0000
    147.1215	      0.0000
    147.1232	      0.0000
    147.1248	      0.0000
    164.9904	      0.0000
    164.9924	      0.0000
    164.9944	      0.0000
    164.9964	      0.0000
    164.9984	    750.7253
    165.0004	   2137.3494
    165.0024	   3708.0203
    165.0044	   4591.6855
    165.0064	   3392.0444
    165.0084	   1847.7239
    165.0105	    556.9266
    165.0126	      0.0000
    165.0146	      0.0000
    165.0166	      0.0000
    165.0186	      0.0000
    166.0651	      0.0000
    166.0672	      0.0000
    166.0692	      0.0000
    166.0712	      0.0000
    166.0733	    517.9326
    166.0753	    893.0281
    166.0773	   1215.4054
    166.0794	   3505.2163
    166.0814	  12004.0459
    166.0834	  26466.5938
    166.0854	  42111.8555
    166.0875	  45214.8828
    166.0895	  30303.4375
    166.0915	  15342.1309
    166.0936	   3988.3420
    166.0956	    743.1025
    166.0975	      0.0000
    166.0995	      0.0000
    166.1015	      0.0000
    166.1036	      0.0000
    167.0744	      0.0000
    167.0764	      0.0000
    167.0785	      0.0000
    167.0805	      0.0000
    167.0826	    338.3076
    167.0846	    930.4097
    167.0867	   2373.9646
    167.0887	   4031.4539
    167.0908	   4709.9868
    167.0928	   3375.6946
    167.0949	   1846.8126
    167.0969	    572.9099
    167.0989	      0.0000
    167.1010	      0.0000
    167.1030	      0.0000
    167.1051	      0.0000
    169.0855	      0.0000
    169.0876	      0.0000
    169.0896	      0.0000
    169.0917	      0.0000
    169.0938	    378.2522
    169.0959	    817.0026
    169.0980	   1038.9606
    169.1001	    857.2360
    169.1022	    422.2696
    169.1042	      0.0000
    169.1063	      0.0000
    169.1084	      0.0000
    169.1105	      0.0000
    171.0461	      0.0000
    171.0482	      0.0000
    171.0503	      0.0000
    171.0524	      0.0000
    171.0546	    515.5736
    171.0567	   1210.7308
    171.0588	   1760.0245
    171.0609	   1786.3398
    171.0630	   1292.0322
    171.0652	    661.8719
    171.0673	      0.0000
    171.0694	      0.0000
    171.0715	    665.8427
    171.0737	    928.0524
    171.0758	    978.9822
    171.0779	    792.7029
    171.0800	    467.4597
    171.0821	      0.0000
    171.0843	      0.0000
    171.0864	      0.0000
    171.0885	      0.0000
    171.0970	      0.0000
    171.0991	      0.0000
    171.1012	      0.0000
    171.1034	      0.0000
    171.1055	    287.1072
    171.1076	    785.7158
    171.1097	   2519.2844
    171.1119	   4242.0435
    171.1140	   4818.6240
    171.1161	   3129.3472
    171.1182	   1327.7982
    171.1204	      0.0000
    171.1225	      0.0000
    171.1247	      0.0000
    171.1268	      0.0000
    171.1289	      0.0000
    173.1037	      0.0000
    173.1058	      0.0000
    173.1080	      0.0000
    173.1102	      0.0000
    173.1123	    428.9263
    173.1145	   1072.6129
    173.1166	    858.1011
    173.1188	    800.5193
    173.1213	   1381.3782
    173.1234	   4350.2139
    173.1256	  10292.1455
    173.1277	  16680.4902
    173.1299	  18562.6035
    173.1321	  12554.8203
    173.1342	   6291.8418
    173.1364	   1383.0801
    173.1385	    140.3640
    173.1404	      0.0000
    173.1425	      0.0000
    173.1447	      0.0000
    173.1469	      0.0000
    177.0855	      0.0000
    177.0878	      0.0000
    177.0900	      0.0000
    177.0922	      0.0000
    177.0945	    474.3921
    177.0967	   1169.9376
    177.0990	   3183.2344
    177.1012	   5418.0273
    177.1034	   6122.4712
    177.1057	   4127.7236
    177.1079	   2020.5088
    177.1101	    425.5943
    177.1124	      0.0000
    177.1146	      0.0000
    177.1169	      0.0000
    177.1191	      0.0000
    186.0733	      0.0000
    186.0757	      0.0000
    186.0781	      0.0000
    186.0805	      0.0000
    186.0829	    413.7894
    186.0854	    908.0414
    186.0878	   1217.0575
    186.0902	   1097.1846
    186.0926	    638.1906
    186.0953	      0.0000
    186.0977	      0.0000
    186.1001	      0.0000
    186.1025	      0.0000
    187.1254	      0.0000
    187.1278	      0.0000
    187.1302	      0.0000
    187.1326	      0.0000
    187.1351	    376.3575
    187.1375	   1552.9894
    187.1399	   4836.3809
    187.1424	   8494.7461
    187.1448	  11428.2119
    187.1472	   9272.1670
    187.1496	   5396.1255
    187.1521	   1802.7108
    187.1545	    125.5433
    187.1566	      0.0000
    187.1590	      0.0000
    187.1615	      0.0000
    187.1639	      0.0000
    188.0536	      0.0000
    188.0560	      0.0000
    188.0585	      0.0000
    188.0609	      0.0000
    188.0634	    281.1927
    188.0658	    788.5630
    188.0682	   1498.3485
    188.0707	   1964.1797
    188.0731	   1855.7635
    188.0756	   1266.5416
    188.0780	    600.6653
    188.0805	      0.0000
    188.0829	      0.0000
    188.0854	      0.0000
    188.0878	      0.0000
    191.0512	      0.0000
    191.0537	      0.0000
    191.0562	      0.0000
    191.0587	      0.0000
    191.0612	    758.3566
    191.0637	   1317.7402
    191.0662	   1629.7361
    191.0687	   1476.6606
    191.0712	    955.6084
    191.0737	    402.8214
    191.0763	      0.0000
    191.0788	      0.0000
    191.0813	      0.0000
    191.0838	      0.0000
    197.1133	      0.0000
    197.1159	      0.0000
    197.1185	      0.0000
    197.1211	      0.0000
    197.1238	    578.9426
    197.1264	    921.6581
    197.1290	   1027.7302
    197.1316	    802.7982
    197.1343	    398.8303
    197.1369	      0.0000
    197.1395	      0.0000
    197.1421	      0.0000
    197.1447	      0.0000
    200.0838	      0.0000
    200.0865	      0.0000
    200.0892	      0.0000
    200.0918	      0.0000
    200.0945	    386.2365
    200.0972	   1112.2898
    200.0999	   2715.3506
    200.1026	   4253.5293
    200.1053	   4068.9016
    200.1080	   2533.2170
    200.1106	    933.3547
    200.1133	    313.6620
    200.1160	      0.0000
    200.1187	      0.0000
    200.1214	      0.0000
    200.1241	      0.0000
    201.1051	      0.0000
    201.1078	      0.0000
    201.1105	      0.0000
    201.1132	      0.0000
    201.1160	    266.3505
    201.1187	    874.8532
    201.1214	   1547.4819
    201.1241	   1836.9916
    201.1268	   1533.5887
    201.1295	    879.6500
    201.1322	    313.3754
    201.1350	      0.0000
    201.1377	      0.0000
    201.1404	      0.0000
    201.1431	      0.0000
    205.0802	      0.0000
    205.0830	      0.0000
    205.0858	      0.0000
    205.0886	      0.0000
    205.0914	    664.1662
    205.0942	   1270.9775
    205.0970	   1640.4126
    205.0997	   1520.5042
    205.1025	   1013.5781
    205.1053	    451.1441
    205.1081	      0.0000
    205.1108	      0.0000
    205.1136	      0.0000
    205.1164	      0.0000
    214.1006	      0.0000
    214.1036	      0.0000
    214.1065	      0.0000
    214.1095	      0.0000
    214.1125	    780.6804
    214.1155	   1360.1703
    214.1184	   1671.8993
    214.1214	   1505.6991
    214.1244	    993.4619
    214.1273	    457.5104
    214.1304	      0.0000
    214.1334	      0.0000
    214.1364	      0.0000
    214.1393	      0.0000
    215.1176	      0.0000
    215.1206	      0.0000
    215.1236	      0.0000
    215.1266	      0.0000
    215.1296	    438.8355
    215.1326	   1138.4430
    215.1356	   2549.1648
    215.1386	   3942.9106
    215.1415	   3745.7456
    215.1445	   1793.7168
    215.1475	    861.0792
    215.1505	    278.0571
    215.1535	      0.0000
    215.1565	      0.0000
    215.1595	      0.0000
    215.1625	      0.0000
    216.0815	      0.0000
    216.0845	      0.0000
    216.0875	      0.0000
    216.0905	      0.0000
    216.0935	    441.9877
    216.0966	    797.8769
    216.0996	    973.3530
    216.1026	    840.5536
    216.1056	    484.1591
    216.1086	      0.0000
    216.1116	      0.0000
    216.1146	      0.0000
    216.1176	      0.0000
    218.0930	      0.0000
    218.0960	      0.0000
    218.0991	      0.0000
    218.1021	      0.0000
    218.1052	    489.8950
    218.1082	   1154.4065
    218.1113	   1887.5513
    218.1144	   2227.1147
    218.1174	   1904.7911
    218.1205	   1144.5536
    218.1235	    450.8307
    218.1265	      0.0000
    218.1296	      0.0000
    218.1327	      0.0000
    218.1357	      0.0000
    225.0751	      0.0000
    225.0783	      0.0000
    225.0815	      0.0000
    225.0847	      0.0000
    225.0879	    570.8498
    225.0911	   1474.3125
    225.0943	   2991.5801
    225.0975	   4470.6138
    225.1007	   4108.7520
    225.1039	   2574.4805
    225.1071	    883.7812
    225.1103	    279.4700
    225.1136	      0.0000
    225.1168	      0.0000
    225.1201	      0.0000
    225.1233	      0.0000
    228.1132	      0.0000
    228.1164	      0.0000
    228.1197	      0.0000
    228.1230	      0.0000
    228.1262	    687.0353
    228.1295	   1564.8032
    228.1328	   3364.2773
    228.1360	   3874.3325
    228.1393	   2638.1680
    228.1426	   1213.7363
    228.1459	    473.5713
    228.1507	      0.0000
    228.1540	      0.0000
    228.1572	      0.0000
    228.1605	      0.0000
    237.0972	      0.0000
    237.1006	      0.0000
    237.1041	      0.0000
    237.1076	      0.0000
    237.1110	    287.1292
    237.1145	   1061.6831
    237.1179	   2819.4036
    237.1214	   5052.1592
    237.1249	   7126.4521
    237.1283	   6267.7832
    237.1318	   3690.1553
    237.1353	   1314.9507
    237.1387	      0.0000
    237.1405	      0.0000
    237.1440	      0.0000
    237.1475	      0.0000
    237.1509	      0.0000
    242.1262	      0.0000
    242.1297	      0.0000
    242.1333	      0.0000
    242.1369	      0.0000
    242.1404	    609.9697
    242.1440	   1415.5283
    242.1476	   2762.1641
    242.1512	   3495.7390
    242.1547	   2021.7621
    242.1583	   1121.9630
    242.1619	    420.7215
    242.1656	      0.0000
    242.1691	      0.0000
    242.1727	      0.0000
    242.1763	      0.0000
    245.1090	      0.0000
    245.1126	      0.0000
    245.1163	      0.0000
    245.1199	      0.0000
    245.1235	    700.1531
    245.1272	   1229.5951
    245.1308	   1387.8994
    245.1345	   1045.3925
    245.1381	    493.2327
    245.1417	      0.0000
    245.1453	      0.0000
    245.1490	      0.0000
    245.1526	      0.0000
    257.0994	      0.0000
    257.1033	      0.0000
    257.1072	      0.0000
    257.1111	      0.0000
    257.1150	    663.0632
    257.1190	   1462.7815
    257.1229	   2116.2930
    257.1268	   2168.3535
    257.1307	   1583.8392
    257.1346	    789.8817
    257.1386	      0.0000
    257.1425	      0.0000
    257.1465	      0.0000
    257.1504	      0.0000
    259.0461	      0.0000
    259.0500	      0.0000
    259.0540	      0.0000
    259.0580	      0.0000
    259.0619	    550.6341
    259.0659	   1018.7516
    259.0698	   1277.2993
    259.0738	   1143.6145
    259.0777	    705.8383
    259.0816	      0.0000
    259.0856	      0.0000
    259.0896	      0.0000
    259.0935	      0.0000
    272.1337	      0.0000
    272.1380	      0.0000
    272.1422	      0.0000
    272.1465	      0.0000
    272.1508	    529.7385
    272.1550	   1113.8029
    272.1593	   1556.1565
    272.1635	   1517.9580
    272.1678	   1009.7330
    272.1721	    396.2299
    272.1764	      0.0000
    272.1807	      0.0000
    272.1849	      0.0000
    272.1892	      0.0000
    279.0904	      0.0000
    279.0948	      0.0000
    279.0992	      0.0000
    279.1036	      0.0000
    279.1081	    468.4890
    279.1125	   1050.2521
    279.1169	   1673.8938
    279.1213	   1983.9030
    279.1258	   1765.5447
    279.1302	   1152.4629
    279.1346	    521.4850
    279.1390	      0.0000
    279.1434	      0.0000
    279.1479	      0.0000
    279.1523	      0.0000
    282.1177	      0.0000
    282.1222	      0.0000
    282.1267	      0.0000
    282.1312	      0.0000
    282.1357	    631.3127
    282.1402	   1096.7078
    282.1447	   1345.3887
    282.1492	   1208.2249
    282.1536	    777.6295
    282.1581	      0.0000
    282.1626	      0.0000
    282.1671	      0.0000
    282.1716	      0.0000
    284.1694	      0.0000
    284.1739	      0.0000
    284.1785	      0.0000
    284.1830	      0.0000
    284.1876	    591.5579
    284.1921	    968.7925
    284.1967	   1099.4872
    284.2012	    875.3224
    284.2058	    445.9270
    284.2104	      0.0000
    284.2149	      0.0000
    284.2195	      0.0000
    284.2240	      0.0000
    297.9365	      0.0000
    297.9414	      0.0000
    297.9462	      0.0000
    297.9511	      0.0000
    297.9560	    525.4333
    297.9609	   1047.9915
    297.9658	   1419.4429
    297.9706	   1367.8922
    297.9755	    922.6147
    297.9804	    400.7492
    297.9853	      0.0000
    297.9901	      0.0000
    297.9950	      0.0000
    297.9999	      0.0000
    299.1352	      0.0000
    299.1401	      0.0000
    299.1450	      0.0000
    299.1499	      0.0000
    299.1548	    395.3837
    299.1597	   1652.3555
    299.1646	   3728.3835
    299.1695	   5964.6250
    299.1745	   6362.9927
    299.1794	   4209.2690
    299.1843	   2070.0728
    299.1892	    492.7062
    299.1941	      0.0000
    299.1990	      0.0000
    299.2039	      0.0000
    299.2088	      0.0000
    308.7334	      0.0000
    308.7385	      0.0000
    308.7437	      0.0000
    308.7488	      0.0000
    308.7540	    595.3400
    308.7591	    966.4448
    308.7643	   1062.0698
    308.7694	    835.5765
    308.7745	    451.7786
    308.7797	      0.0000
    308.7848	      0.0000
    308.7900	      0.0000
    308.7951	      0.0000
    311.0984	      0.0000
    311.1036	      0.0000
    311.1088	      0.0000
    311.1140	      0.0000
    311.1192	    482.5787
    311.1244	   1305.9170
    311.1296	   3067.4473
    311.1348	   4138.7075
    311.1400	   3257.2354
    311.1452	   1852.8342
    311.1504	    693.0413
    311.1556	      0.0000
    311.1608	      0.0000
    311.1661	      0.0000
    311.1713	      0.0000
    313.1487	      0.0000
    313.1540	      0.0000
    313.1592	      0.0000
    313.1645	      0.0000
    313.1698	    474.4955
    313.1750	   1098.9424
    313.1803	   2541.1877
    313.1855	   4032.0898
    313.1908	   3800.2532
    313.1960	   2270.2156
    313.2013	    851.5790
    313.2066	    411.8921
    313.2121	      0.0000
    313.2173	      0.0000
    313.2226	      0.0000
    313.2278	      0.0000
    338.8453	      0.0000
    338.8513	      0.0000
    338.8572	      0.0000
    338.8631	      0.0000
    338.8690	    525.6730
    338.8749	   1019.5277
    338.8808	   1342.1340
    338.8868	   1253.2521
    338.8927	    798.2686
    338.8986	      0.0000
    338.9045	      0.0000
    338.9104	      0.0000
    338.9164	      0.0000
    340.1031	      0.0000
    340.1091	      0.0000
    340.1150	      0.0000
    340.1210	      0.0000
    340.1269	    373.3094
    340.1329	    964.2594
    340.1388	   1762.1128
    340.1448	   2332.8542
    340.1507	   2277.8015
    340.1567	   1629.9844
    340.1626	    825.7848
    340.1686	    283.4779
    340.1745	      0.0000
    340.1804	      0.0000
    340.1864	      0.0000
    340.1923	      0.0000
    353.0565	      0.0000
    353.0628	      0.0000
    353.0691	      0.0000
    353.0754	      0.0000
    353.0817	    612.6132
    353.0880	   1049.1707
    353.0943	   1309.2246
    353.1006	   1241.8179
    353.1069	    912.0398
    353.1132	    525.9495
    353.1195	      0.0000
    353.1258	      0.0000
    353.1321	      0.0000
    353.1384	      0.0000
    353.1447	      0.0000
    353.1509	      0.0000
    353.1572	      0.0000
    353.1635	      0.0000
    353.1698	    407.9689
    353.1761	   1096.0370
    353.1824	   1640.0228
    353.1887	   1659.7109
    353.1950	   1173.9791
    353.2013	    550.5210
    353.2076	      0.0000
    353.2139	      0.0000
    353.2202	      0.0000
    353.2265	      0.0000
    356.1538	      0.0000
    356.1602	      0.0000
    356.1665	      0.0000
    356.1729	      0.0000
    356.1793	    647.4076
    356.1857	   1471.1196
    356.1920	   2054.2825
    356.1984	   1897.6333
    356.2048	   1168.5640
    356.2112	    431.0093
    356.2177	      0.0000
    356.2241	      0.0000
    356.2305	      0.0000
    356.2368	      0.0000
    369.0806	      0.0000
    369.0874	      0.0000
    369.0941	      0.0000
    369.1008	      0.0000
    369.1076	    375.0329
    369.1143	    900.0726
    369.1210	   1411.8000
    369.1277	   1538.5159
    369.1345	   1191.1843
    369.1412	    624.0819
    369.1479	      0.0000
    369.1546	      0.0000
    369.1614	      0.0000
    369.1681	      0.0000
    370.1659	      0.0000
    370.1726	      0.0000
    370.1794	      0.0000
    370.1861	      0.0000
    370.1929	    512.4402
    370.1996	   1092.2205
    370.2064	   1420.2159
    370.2132	   1186.2450
    370.2199	    582.2272
    370.2267	      0.0000
    370.2334	      0.0000
    370.2402	      0.0000
    370.2469	      0.0000
    372.6235	      0.0000
    372.6303	      0.0000
    372.6371	      0.0000
    372.6439	      0.0000
    372.6508	    607.5457
    372.6576	   1002.7710
    372.6644	   1189.8549
    372.6712	   1044.2631
    372.6781	    670.9319
    372.6849	      0.0000
    372.6917	      0.0000
    372.6985	      0.0000
    372.7054	      0.0000
    374.8646	      0.0000
    374.8715	      0.0000
    374.8783	      0.0000
    374.8852	      0.0000
    374.8921	    484.3825
    374.8990	    963.3656
    374.9059	   1184.0057
    374.9128	    978.0616
    374.9197	    513.6271
    374.9265	      0.0000
    374.9334	      0.0000
    374.9403	      0.0000
    374.9472	      0.0000
    385.1933	      0.0000
    385.2005	      0.0000
    385.2076	      0.0000
    385.2148	      0.0000
    385.2220	    301.2516
    385.2291	    879.0281
    385.2363	   1610.4393
    385.2435	   2090.3206
    385.2507	   1978.6647
    385.2578	   1350.0179
    385.2650	    624.3834
    385.2723	      0.0000
    385.2795	      0.0000
    385.2867	      0.0000
    385.2939	      0.0000
    410.1516	      0.0000
    410.1595	      0.0000
    410.1674	      0.0000
    410.1753	      0.0000
    410.1832	    502.3395
    410.1910	    994.5861
    410.1989	   1414.6978
    410.2068	   1507.6819
    410.2147	   1214.0375
    410.2226	    731.4614
    410.2306	      0.0000
    410.2385	      0.0000
    410.2464	      0.0000
    410.2543	      0.0000
    427.1703	      0.0000
    427.1786	      0.0000
    427.1870	      0.0000
    427.1954	      0.0000
    427.2038	    545.7209
    427.2121	   1402.8662
    427.2205	   3070.2212
    427.2289	   4592.2310
    427.2373	   3927.7803
    427.2456	   2224.8140
    427.2540	    807.5260
    427.2624	      0.0000
    427.2708	      0.0000
    427.2791	      0.0000
    427.2875	      0.0000
    435.2816	      0.0000
    435.2902	      0.0000
    435.2988	      0.0000
    435.3074	      0.0000
    435.3160	    480.1927
    435.3246	    942.2731
    435.3332	   1162.3320
    435.3419	    949.0547
    435.3505	    471.7627
    435.3591	      0.0000
    435.3677	      0.0000
    435.3763	      0.0000
    435.3849	      0.0000
    451.9758	      0.0000
    451.9850	      0.0000
    451.9941	      0.0000
    452.0032	      0.0000
    452.0123	    701.8599
    452.0214	   1149.4672
    452.0305	   1256.8771
    452.0396	    918.7071
    452.0488	    417.7047
    452.0579	      0.0000
    452.0670	      0.0000
    452.0761	      0.0000
    452.0852	      0.0000
    452.2220	      0.0000
    452.2311	      0.0000
    452.2403	      0.0000
    452.2494	      0.0000
    452.2585	    615.6121
    452.2676	   1234.8708
    452.2768	   1465.9694
    452.2859	   1185.4619
    452.2950	    663.6857
    452.3041	      0.0000
    452.3133	      0.0000
    452.3224	      0.0000
    452.3315	      0.0000
    452.9618	      0.0000
    452.9709	      0.0000
    452.9801	      0.0000
    452.9892	      0.0000
    452.9984	    774.2468
    453.0075	   1121.9412
    453.0167	   1252.3871
    453.0258	   1147.3972
    453.0350	    879.4737
    453.0441	    557.0909
    453.0533	      0.0000
    453.0624	      0.0000
    453.0716	      0.0000
    453.0807	      0.0000
    453.0898	    614.5609
    453.0990	    860.4125
    453.1081	   1170.9402
    453.1173	   1343.1046
    453.1264	   1158.1080
    453.1356	    705.9634
    453.1447	      0.0000
    453.1539	      0.0000
    453.1630	      0.0000
    453.1722	      0.0000
    453.1813	    273.6389
    453.1905	   2225.7195
    453.1996	   4638.7417
    453.2088	   7182.0034
    453.2179	   8095.1255
    453.2271	   8310.3086
    453.2363	   8391.8691
    453.2454	   6975.9712
    453.2546	   4349.7114
    453.2637	   1532.1189
    453.2729	      0.0000
    453.2820	      0.0000
    453.2912	      0.0000
    453.3003	      0.0000
    453.3095	      0.0000
    453.3186	    820.2125
    453.3278	   1338.2153
    453.3369	   3230.6558
    453.3461	   4176.8779
    453.3553	   2883.5112
    453.3644	   1391.5873
    453.3736	    621.0850
    453.3830	      0.0000
    453.3921	      0.0000
    453.4013	      0.0000
    453.4104	      0.0000
    481.1820	      0.0000
    481.1920	      0.0000
    481.2020	      0.0000
    481.2120	      0.0000
    481.2220	    509.3945
    481.2320	   1020.6423
    481.2420	   1239.5499
    481.2521	    980.5200
    481.2621	    452.5931
    481.2721	      0.0000
    481.2821	      0.0000
    481.2921	      0.0000
    481.3021	      0.0000
    498.2002	      0.0000
    498.2108	      0.0000
    498.2213	      0.0000
    498.2319	      0.0000
    498.2424	    477.7941
    498.2530	    992.4571
    498.2635	   1266.7555
    498.2741	   1088.2018
    498.2846	    604.7642
    498.2954	      0.0000
    498.3060	      0.0000
    498.3165	      0.0000
    498.3271	      0.0000
    526.2269	      0.0000
    526.2383	      0.0000
    526.2498	      0.0000
    526.2612	      0.0000
    526.2727	    410.9120
    526.2841	   1056.8636
    526.2956	   1593.0223
    526.3070	   1653.7111
    526.3185	   1214.8319
    526.3299	    601.5426
    526.3414	      0.0000
    526.3528	      0.0000
    526.3643	      0.0000
    526.3757	      0.0000
    528.2825	      0.0000
    528.2940	      0.0000
    528.3055	      0.0000
    528.3170	      0.0000
    528.3285	    431.0576
    528.3400	    945.8006
    528.3516	   1509.2139
    528.3631	   1756.2693
    528.3746	   1438.9972
    528.3861	    744.0093
    528.3977	      0.0000
    528.4092	      0.0000
    528.4207	      0.0000
    528.4322	      0.0000
    541.1473	      0.0000
    541.1592	      0.0000
    541.1712	      0.0000
    541.1831	      0.0000
    541.1951	    682.1757
    541.2070	   1108.4893
    541.2189	   1257.2745
    541.2309	   1008.7627
    541.2428	    535.5218
    541.2548	      0.0000
    541.2667	      0.0000
    541.2787	      0.0000
    541.2906	      0.0000
    552.1914	      0.0000
    552.2037	      0.0000
    552.2160	      0.0000
    552.2283	      0.0000
    552.2406	    375.9348
    552.2530	    975.0162
    552.2653	   1748.7607
    552.2776	   2213.6438
    552.2899	   2053.6709
    552.3022	   1397.6677
    552.3145	    667.9741
    552.3269	      0.0000
    552.3392	      0.0000
    552.3515	      0.0000
    552.3638	      0.0000
    597.2349	      0.0000
    597.2488	      0.0000
    597.2626	      0.0000
    597.2765	      0.0000
    597.2903	    462.2686
    597.3042	   1987.8278
    597.3180	   3648.7063
    597.3319	   5022.8618
    597.3457	   4137.9800
    597.3596	   2354.4646
    597.3734	    659.6928
    597.3873	      0.0000
    597.4011	      0.0000
    597.4150	      0.0000
    597.4288	      0.0000
    598.2469	      0.0000
    598.2607	      0.0000
    598.2746	      0.0000
    598.2885	      0.0000
    598.3024	    516.4464
    598.3163	    863.8997
    598.3301	   1090.0883
    598.3440	   1027.5320
    598.3579	    687.3640
    598.3719	      0.0000
    598.3858	      0.0000
    598.3997	      0.0000
    598.4136	      0.0000
    677.2845	      0.0000
    677.3012	      0.0000
    677.3180	      0.0000
    677.3347	      0.0000
    677.3514	    450.0089
    677.3681	    895.0790
    677.3848	   1122.8735
    677.4016	    968.2300
    677.4183	    565.1098
    677.4350	      0.0000
    677.4518	      0.0000
    677.4685	      0.0000
    677.4852	      0.0000
    706.1819	      0.0000
    706.1997	      0.0000
    706.2175	      0.0000
    706.2353	      0.0000
    706.2531	    826.1924
    706.2709	   1721.7537
    706.2887	   3384.4165
    706.3065	   3229.0098
    706.3243	   1704.9470
    706.3421	    832.8387
    706.3601	      0.0000
    706.3779	      0.0000
    706.3957	      0.0000
    706.4135	      0.0000
    882.2638	      0.0000
    882.2886	      0.0000
    882.3135	      0.0000
    882.3384	      0.0000
    882.3632	    841.7521
    882.3881	   2615.3472
    882.4129	   4551.5605
    882.4378	   6069.1973
    882.4627	   4999.1958
    882.4875	   2976.1350
    882.5124	   1025.9143
    882.5373	    469.6879
    882.5621	      0.0000
    882.5870	      0.0000
    882.6119	      0.0000
    882.6368	      0.0000
    883.2838	      0.0000
    883.3087	      0.0000
    883.3336	      0.0000
    883.3585	      0.0000
    883.3834	    578.3827
    883.4083	   1099.2574
    883.4332	   1407.4773
    883.4581	   1310.5709
    883.4830	    885.3101
    883.5079	    394.1813
    883.5329	      0.0000
    883.5578	      0.0000
    883.5827	      0.0000
    883.6076	      0.0000
    954.5289	      0.0000
    954.5569	      0.0000
    954.5849	      0.0000
    954.6128	      0.0000
