# ljz_20131022_MR_Chym1_ELUTE.mzML
#
# index: 3583
# id: controllerType=0 controllerNumber=1 scan=9503
# scanNumber: 9503
# massAnalyzerType: quadrupole
# scanEvent: 2
# msLevel: 2
# retentionTime: 2431.73
# filterString: FTMS + p NSI d Full ms2 1246.02@hcd28.00 [100.00-2560.00]
# mzLow: 99.0035
# mzHigh: 2586.3
# basePeakMZ: 204.087
# basePeakIntensity: 1.16613e+006
# totalIonCurrent: 5.80394e+006
# precursorCount: 1
# precursor 0: 1245.52 5.40014e+006
# binary (3223): 
     99.0035	      0.0000
     99.0044	      0.0000
     99.0054	      0.0000
     99.0063	      0.0000
    109.0208	      0.0000
    109.0219	      0.0000
    109.0230	      0.0000
    109.0240	      0.0000
    109.0251	    593.5986
    109.0262	   1709.1832
    109.0273	   3570.4407
    109.0284	   7162.8921
    109.0294	   7874.4048
    109.0305	   3956.8496
    109.0316	   1986.8325
    109.0327	    607.2659
    109.0337	      0.0000
    109.0348	      0.0000
    109.0359	      0.0000
    109.0370	      0.0000
    111.0383	      0.0000
    111.0395	      0.0000
    111.0406	      0.0000
    111.0417	      0.0000
    111.0428	   1342.8550
    111.0439	   2434.9666
    111.0450	   2887.5601
    111.0461	   2364.6975
    111.0472	   1302.9497
    111.0483	      0.0000
    111.0494	      0.0000
    111.0505	      0.0000
    111.0516	      0.0000
    115.0307	      0.0000
    115.0319	      0.0000
    115.0330	      0.0000
    115.0342	      0.0000
    115.0354	    959.4586
    115.0365	   2652.8848
    115.0377	   6676.8687
    115.0389	   9763.3848
    115.0400	   8754.5791
    115.0412	   5285.4707
    115.0424	   1979.2117
    115.0436	    733.7811
    115.0447	      0.0000
    115.0459	      0.0000
    115.0470	      0.0000
    115.0482	      0.0000
    117.2013	      0.0000
    117.2025	      0.0000
    117.2037	      0.0000
    117.2049	      0.0000
    117.2061	    928.4596
    117.2073	   1694.9659
    117.2085	   1982.9996
    117.2097	   1562.1750
    117.2109	    767.5391
    117.2121	      0.0000
    117.2133	      0.0000
    117.2145	      0.0000
    117.2157	      0.0000
    120.8517	      0.0000
    120.8529	      0.0000
    120.8542	      0.0000
    120.8554	      0.0000
    120.8567	    747.9011
    120.8580	   1459.2437
    120.8592	   1824.9852
    120.8605	   1559.2709
    120.8617	    861.7337
    120.8629	      0.0000
    120.8642	      0.0000
    120.8655	      0.0000
    120.8667	      0.0000
    126.0385	      0.0000
    126.0398	      0.0000
    126.0412	      0.0000
    126.0425	      0.0000
    126.0438	      0.0000
    126.0452	      0.0000
    126.0465	      0.0000
    126.0478	   3452.6575
    126.0492	   4001.1226
    126.0505	  13912.5996
    126.0518	  53340.2930
    126.0532	 132752.3281
    126.0545	 218782.3125
    126.0559	 254526.5469
    126.0572	 181650.5000
    126.0585	  99864.2188
    126.0599	  30954.6367
    126.0612	   8558.5967
    126.0626	   4055.2336
    126.0639	   3484.5496
    126.0653	   1689.3367
    126.0666	      0.0000
    126.0681	      0.0000
    126.0695	      0.0000
    126.0708	      0.0000
    126.0722	      0.0000
    127.0282	      0.0000
    127.0296	      0.0000
    127.0309	      0.0000
    127.0323	      0.0000
    127.0337	    719.1793
    127.0350	   2779.1448
    127.0364	   9740.7031
    127.0377	  20256.4922
    127.0391	  31442.6133
    127.0405	  31376.9063
    127.0418	  20061.3066
    127.0432	   9450.0928
    127.0445	   2096.8079
    127.0459	     42.8640
    127.0471	      0.0000
    127.0485	      0.0000
    127.0498	      0.0000
    127.0512	      0.0000
    127.0525	      0.0000
    127.0539	    915.0990
    127.0552	   2262.3801
    127.0566	   6131.9053
    127.0580	  10217.5752
    127.0593	  11982.7939
    127.0607	   8380.8164
    127.0620	   4405.9751
    127.0634	   1413.4712
    127.0647	      0.0000
    127.0661	      0.0000
    127.0675	      0.0000
    127.0688	      0.0000
    127.9072	      0.0000
    127.9086	      0.0000
    127.9099	      0.0000
    127.9113	      0.0000
    127.9127	    551.8228
    127.9140	   1497.0459
    127.9154	   2345.1929
    127.9168	   2466.3792
    127.9182	   1802.5768
    127.9195	    863.8993
    127.9208	      0.0000
    127.9221	      0.0000
    127.9235	      0.0000
    127.9249	      0.0000
    130.0382	      0.0000
    130.0396	      0.0000
    130.0410	      0.0000
    130.0424	      0.0000
    130.0438	    760.8089
    130.0452	   3121.7217
    130.0466	  13571.4209
    130.0480	  32378.9238
    130.0494	  52834.0117
    130.0508	  58234.9141
    130.0523	  39596.8555
    130.0537	  20473.7910
    130.0551	   5840.2383
    130.0565	   1508.5159
    130.0579	    729.7523
    130.0594	      0.0000
    130.0608	      0.0000
    130.0622	      0.0000
    130.0636	      0.0000
    131.0442	      0.0000
    131.0456	      0.0000
    131.0470	      0.0000
    131.0484	      0.0000
    131.0499	    451.7533
    131.0513	   1514.0579
    131.0527	   2473.1838
    131.0541	   2613.5034
    131.0556	   1883.6974
    131.0570	    898.3085
    131.0583	      0.0000
    131.0598	      0.0000
    131.0612	      0.0000
    131.0626	      0.0000
    138.0384	      0.0000
    138.0400	      0.0000
    138.0415	      0.0000
    138.0430	      0.0000
    138.0446	    830.0183
    138.0461	   7775.0122
    138.0476	  10282.9941
    138.0492	  26115.4180
    138.0507	  98199.2266
    138.0523	 310007.4063
    138.0538	 546205.3750
    138.0553	 734482.9375
    138.0569	 595993.0000
    138.0584	 355011.5938
    138.0600	 130895.8125
    138.0615	  37309.9844
    138.0630	  13842.4590
    138.0646	  11503.6807
    138.0661	   4910.0444
    138.0676	   2938.6797
    138.0692	      0.0000
    138.0707	      0.0000
    138.0723	      0.0000
    138.0738	      0.0000
    138.0754	      0.0000
    138.0769	      0.0000
    138.0784	      0.0000
    138.0800	      0.0000
    138.0815	      0.0000
    138.0830	      0.0000
    138.0846	      0.0000
    138.0861	      0.0000
    139.0423	      0.0000
    139.0438	      0.0000
    139.0454	      0.0000
    139.0469	      0.0000
    139.0485	    728.0082
    139.0500	   2190.6858
    139.0516	   1667.3584
    139.0533	   3307.0232
    139.0549	   9837.6543
    139.0564	  23019.9746
    139.0580	  37372.7344
    139.0595	  41832.8789
    139.0611	  28643.2441
    139.0626	  14926.6885
    139.0642	   3867.8491
    139.0657	    601.9349
    139.0673	      0.0000
    139.0688	      0.0000
    139.0704	      0.0000
    139.0719	      0.0000
    144.0508	      0.0000
    144.0524	      0.0000
    144.0540	      0.0000
    144.0557	      0.0000
    144.0573	   1498.1306
    144.0590	   2072.7937
    144.0606	   6263.5786
    144.0622	  21644.4570
    144.0639	  43390.1289
    144.0655	  65606.8438
    144.0672	  62455.8047
    144.0688	  39099.6055
    144.0704	  17533.7207
    144.0721	   4395.6030
    144.0737	   1033.0033
    144.0754	      0.0000
    144.0770	      0.0000
    144.0787	      0.0000
    144.0803	      0.0000
    145.0365	      0.0000
    145.0382	      0.0000
    145.0398	      0.0000
    145.0415	      0.0000
    145.0431	    962.3934
    145.0448	   4302.7832
    145.0464	  15299.0996
    145.0481	  29038.0430
    145.0498	  41899.9336
    145.0514	  36841.7891
    145.0531	  22179.4902
    145.0547	   8831.9189
    145.0564	   1942.2000
    145.0580	    218.4765
    145.0596	      0.0000
    145.0612	      0.0000
    145.0629	      0.0000
    145.0646	      0.0000
    145.0662	   1420.2383
    145.0679	   2259.8525
    145.0695	   2330.4668
    145.0712	   1642.7753
    145.0729	    728.2737
    145.0745	      0.0000
    145.0762	      0.0000
    145.0778	      0.0000
    145.0795	      0.0000
    146.6031	      0.0000
    146.6047	      0.0000
    146.6064	      0.0000
    146.6081	      0.0000
    146.6098	      0.0000
    146.6115	      0.0000
    146.6132	      0.0000
    146.6148	      0.0000
    146.6165	      0.0000
    146.6182	      0.0000
    146.6199	      0.0000
    146.6216	      0.0000
    146.6233	      0.0000
    146.6249	      0.0000
    146.6266	      0.0000
    146.6283	      0.0000
    146.6300	      0.0000
    146.6317	      0.0000
    146.6334	      0.0000
    146.7126	      0.0000
    146.7142	      0.0000
    146.7159	      0.0000
    146.7176	      0.0000
    146.7193	      0.0000
    146.7210	      0.0000
    146.7227	      0.0000
    146.7244	      0.0000
    146.7260	      0.0000
    146.7277	      0.0000
    146.7294	      0.0000
    146.7311	      0.0000
    146.7328	      0.0000
    147.0570	      0.0000
    147.0587	      0.0000
    147.0604	      0.0000
    147.0621	      0.0000
    147.0638	      0.0000
    147.0655	      0.0000
    147.0672	      0.0000
    147.0689	      0.0000
    147.0705	   6823.8657
    147.0722	  25938.6934
    147.0738	  64347.7227
    147.0755	 105804.8047
    147.0772	 121642.7891
    147.0789	  85678.1250
    147.0806	  46155.6602
    147.0823	  13979.8193
    147.0840	   4209.6133
    147.0857	   2611.5305
    147.0874	   1952.5582
    147.0892	   3085.3838
    147.0909	      0.0000
    147.0925	      0.0000
    147.0942	      0.0000
    147.0959	      0.0000
    147.0976	      0.0000
    148.0687	      0.0000
    148.0704	      0.0000
    148.0721	      0.0000
    148.0738	      0.0000
    148.0755	    555.7079
    148.0772	   1664.1943
    148.0789	   2726.7339
    148.0807	   2958.5972
    148.0824	   2174.7080
    148.0841	   1000.5371
    148.0858	      0.0000
    148.0875	      0.0000
    148.0893	      0.0000
    148.0910	      0.0000
    150.0434	      0.0000
    150.0452	      0.0000
    150.0469	      0.0000
    150.0487	      0.0000
    150.0504	    543.8176
    150.0521	   1836.7249
    150.0539	   3178.2129
    150.0556	   3610.3655
    150.0574	   2815.5574
    150.0591	   1453.4166
    150.0606	      0.0000
    150.0623	      0.0000
    150.0641	      0.0000
    150.0658	      0.0000
    163.0434	      0.0000
    163.0454	      0.0000
    163.0474	      0.0000
    163.0493	      0.0000
    163.0513	   1478.8278
    163.0533	   6787.8599
    163.0553	  27725.3047
    163.0572	  62693.0938
    163.0592	 100484.0547
    163.0612	 107902.9922
    163.0632	  72863.1250
    163.0651	  37709.5508
    163.0671	  11566.4697
    163.0691	   3654.0894
    163.0711	   1807.9219
    163.0730	    152.2025
    163.0752	      0.0000
    163.0772	      0.0000
    163.0792	      0.0000
    163.0811	      0.0000
    164.0495	      0.0000
    164.0514	      0.0000
    164.0534	      0.0000
    164.0554	      0.0000
    164.0574	    891.4966
    164.0594	   2436.6084
    164.0614	   5053.6523
    164.0634	   7407.1484
    164.0654	   4398.9424
    164.0674	   2417.6985
    164.0694	    777.0945
    164.0714	      0.0000
    164.0734	      0.0000
    164.0754	      0.0000
    164.0774	      0.0000
    168.0433	      0.0000
    168.0453	      0.0000
    168.0474	      0.0000
    168.0495	      0.0000
    168.0515	    138.1706
    168.0536	   3016.8728
    168.0557	   3740.1475
    168.0577	  13744.5986
    168.0598	  54985.6523
    168.0619	 170365.5313
    168.0639	 293448.6875
    168.0660	 382985.9063
    168.0681	 299461.5313
    168.0701	 176240.5469
    168.0722	  60412.9336
    168.0743	  17574.0332
    168.0763	   6484.5518
    168.0784	   5098.9033
    168.0805	   1309.2125
    168.0829	      0.0000
    168.0850	      0.0000
    168.0870	      0.0000
    168.0891	      0.0000
    169.0524	      0.0000
    169.0544	      0.0000
    169.0565	      0.0000
    169.0586	      0.0000
    169.0607	    602.5519
    169.0628	   2401.9614
    169.0649	   8809.9746
    169.0670	  17957.7148
    169.0690	  27386.8320
    169.0711	  25851.1426
    169.0732	  15961.8701
    169.0753	   6777.5933
    169.0774	   1421.3711
    169.0792	      0.0000
    169.0813	      0.0000
    169.0834	      0.0000
    169.0855	      0.0000
    173.0323	      0.0000
    173.0345	      0.0000
    173.0367	      0.0000
    173.0388	      0.0000
    173.0410	   1493.4817
    173.0431	   2381.9102
    173.0453	   2624.7563
    173.0475	   2060.4978
    173.0496	   1099.5330
    173.0518	      0.0000
    173.0539	      0.0000
    173.0561	      0.0000
    173.0583	      0.0000
    173.1144	      0.0000
    173.1166	      0.0000
    173.1187	      0.0000
    173.1209	      0.0000
    173.1231	    642.9823
    173.1252	   1628.7634
    173.1274	   2619.5793
    173.1295	   2918.5234
    173.1317	   2237.8376
    173.1339	   1057.8652
    173.1360	      0.0000
    173.1381	      0.0000
    173.1403	      0.0000
    173.1425	      0.0000
    180.7237	      0.0000
    180.7260	      0.0000
    180.7283	      0.0000
    180.7306	      0.0000
    180.7329	    701.4941
    180.7353	   1731.8682
    180.7376	   2314.1379
    180.7399	   1962.4250
    180.7422	   1030.7365
    180.7445	      0.0000
    180.7468	      0.0000
    180.7491	      0.0000
    180.7514	      0.0000
    185.0757	      0.0000
    185.0781	      0.0000
    185.0805	      0.0000
    185.0829	      0.0000
    185.0853	    837.7844
    185.0877	   1912.1299
    185.0901	   2939.3638
    185.0924	   3196.3464
    185.0948	   2444.3579
    185.0972	   1224.0955
    185.0996	      0.0000
    185.1020	      0.0000
    185.1044	      0.0000
    185.1068	      0.0000
    186.0468	      0.0000
    186.0492	      0.0000
    186.0516	      0.0000
    186.0540	      0.0000
    186.0564	      0.0000
    186.0588	      0.0000
    186.0612	      0.0000
    186.0636	   4226.1475
    186.0660	   5601.6670
    186.0684	  18804.3164
    186.0708	  66975.2891
    186.0732	 137921.8750
    186.0756	 213267.2969
    186.0780	 212683.0313
    186.0804	 137417.1094
    186.0828	  66818.2031
    186.0852	  19372.3438
    186.0877	   6365.9668
    186.0901	   4649.4673
    186.0925	   2781.0654
    186.0949	   3614.6665
    186.0973	    207.9469
    186.0997	      0.0000
    186.1021	      0.0000
    186.1046	      0.0000
    186.1070	      0.0000
    187.0619	      0.0000
    187.0643	      0.0000
    187.0667	      0.0000
    187.0692	      0.0000
    187.0716	    773.1466
    187.0740	   2613.8591
    187.0764	   5969.7568
    187.0789	   9524.0977
    187.0813	   9925.3564
    187.0837	   6384.8394
    187.0861	   2911.9199
    187.0886	   1104.2345
    187.0910	      0.0000
    187.0934	      0.0000
    187.0959	      0.0000
    187.0983	      0.0000
    188.0657	      0.0000
    188.0682	      0.0000
    188.0706	      0.0000
    188.0731	      0.0000
    188.0755	    842.7532
    188.0780	   1708.0521
    188.0804	   2165.6121
    188.0829	   1884.6748
    188.0853	   1106.9960
    188.0878	      0.0000
    188.0902	      0.0000
    188.0927	      0.0000
    188.0951	      0.0000
    201.1078	      0.0000
    201.1105	      0.0000
    201.1132	      0.0000
    201.1159	      0.0000
    201.1186	   1552.4438
    201.1213	   2723.9553
    201.1240	   3353.6392
    201.1267	   3056.6177
    201.1294	   2085.9890
    201.1321	   1046.6714
    201.1349	      0.0000
    201.1376	      0.0000
    201.1403	      0.0000
    201.1430	      0.0000
    203.9870	      0.0000
    203.9897	      0.0000
    203.9925	      0.0000
    203.9953	      0.0000
    203.9980	      0.0000
    204.0008	      0.0000
    204.0036	      0.0000
    204.0063	      0.0000
    204.0091	      0.0000
    204.0119	      0.0000
    204.0146	      0.0000
    204.0174	      0.0000
    204.0201	      0.0000
    204.0229	      0.0000
    204.0257	      0.0000
    204.0284	      0.0000
    204.0312	      0.0000
    204.0340	      0.0000
    204.0367	      0.0000
    204.0395	      0.0000
    204.0423	      0.0000
    204.0450	      0.0000
    204.0478	      0.0000
    204.0506	      0.0000
    204.0533	      0.0000
    204.0561	      0.0000
    204.0589	      0.0000
    204.0617	     69.3192
    204.0644	   3460.3376
    204.0672	   6065.3516
    204.0700	  16069.8691
    204.0727	  22212.9297
    204.0755	  34515.8555
    204.0783	 120844.6016
    204.0810	 411537.3438
    204.0838	 785529.8750
    204.0865	1148464.5000
    204.0893	1042881.0625
    204.0921	 647371.1875
    204.0948	 282659.8438
    204.0976	  80889.0234
    204.1004	  30302.7012
    204.1031	  25940.1055
    204.1059	  15505.3047
    204.1087	   7027.2476
    204.1114	    504.9190
    204.1142	      0.0000
    204.1169	      0.0000
    204.1197	      0.0000
    204.1225	      0.0000
    204.1252	      0.0000
    204.1280	      0.0000
    204.1308	      0.0000
    204.1335	      0.0000
    204.1363	      0.0000
    204.1391	      0.0000
    204.1418	      0.0000
    204.1446	      0.0000
    204.1474	      0.0000
    204.1501	      0.0000
    204.1529	      0.0000
    204.1557	      0.0000
    204.1584	      0.0000
    204.1612	      0.0000
    204.1640	      0.0000
    204.1667	      0.0000
    204.1695	      0.0000
    204.1722	      0.0000
    204.1750	      0.0000
    204.1778	      0.0000
    204.1805	      0.0000
    205.0662	      0.0000
    205.0690	      0.0000
    205.0718	      0.0000
    205.0746	      0.0000
    205.0774	   1168.4691
    205.0801	   4717.1050
    205.0829	  17555.5508
    205.0857	  42281.6445
    205.0885	  69104.3047
    205.0913	  79299.0078
    205.0941	  56108.8672
    205.0969	  30573.7012
    205.0997	   9233.1914
    205.1024	   2255.7532
    205.1052	   1049.5627
    205.1080	      0.0000
    205.1108	      0.0000
    205.1136	      0.0000
    205.1164	      0.0000
    206.0699	      0.0000
    206.0727	      0.0000
    206.0755	      0.0000
    206.0783	      0.0000
    206.0811	    557.7177
    206.0839	   1629.6033
    206.0867	   4539.0811
    206.0895	   7730.0625
    206.0923	   9420.4229
    206.0951	   7018.4668
    206.0980	   2970.1707
    206.1008	   1196.3562
    206.1036	      0.0000
    206.1064	      0.0000
    206.1092	      0.0000
    206.1120	      0.0000
    222.0754	      0.0000
    222.0785	      0.0000
    222.0817	      0.0000
    222.0848	      0.0000
    222.0880	    423.4236
    222.0911	   1558.5350
    222.0942	   3207.3682
    222.0974	   4475.6948
    222.1005	   4495.4487
    222.1037	   3240.7380
    222.1068	   1593.4421
    222.1099	    504.9339
    222.1130	      0.0000
    222.1162	      0.0000
    222.1193	      0.0000
    222.1225	      0.0000
    226.0616	      0.0000
    226.0648	      0.0000
    226.0680	      0.0000
    226.0712	      0.0000
    226.0745	    704.5939
    226.0777	   1562.2173
    226.0809	   2159.9519
    226.0841	   2074.7947
    226.0874	   1348.4792
    226.0907	      0.0000
    226.0939	      0.0000
    226.0971	      0.0000
    226.1003	      0.0000
    229.0967	      0.0000
    229.0999	      0.0000
    229.1032	      0.0000
    229.1065	      0.0000
    229.1098	   1368.0420
    229.1131	   2906.7466
    229.1164	   4341.8096
    229.1197	   4669.4028
    229.1230	   3564.8003
    229.1263	   1799.9697
    229.1296	    504.2410
    229.1328	      0.0000
    229.1361	      0.0000
    229.1394	      0.0000
    229.1427	      0.0000
    238.0959	      0.0000
    238.0994	      0.0000
    238.1029	      0.0000
    238.1064	      0.0000
    238.1099	    683.6732
    238.1134	   1889.1399
    238.1168	   3101.2632
    238.1203	   3467.7273
    238.1238	   2778.1350
    238.1273	   1593.1732
    238.1308	    602.7156
    238.1343	      0.0000
    238.1377	      0.0000
    238.1412	      0.0000
    238.1447	      0.0000
    241.0433	      0.0000
    241.0469	      0.0000
    241.0504	      0.0000
    241.0540	      0.0000
    241.0575	    663.6314
    241.0611	   1667.2516
    241.0646	   4334.0474
    241.0682	   7547.7026
    241.0717	   9454.9600
    241.0753	   7011.0205
    241.0788	   2577.6133
    241.0824	    803.7507
    241.0860	      0.0000
    241.0895	      0.0000
    241.0931	      0.0000
    241.0966	      0.0000
    243.0832	      0.0000
    243.0868	      0.0000
    243.0904	      0.0000
    243.0939	      0.0000
    243.0975	   1342.6500
    243.1011	   5929.2437
    243.1047	  11563.7754
    243.1083	  16889.2891
    243.1119	  14881.1709
    243.1155	   8960.6318
    243.1191	   3460.1323
    243.1227	    817.5313
    243.1263	      0.0000
    243.1299	      0.0000
    243.1335	      0.0000
    243.1371	      0.0000
    246.1129	      0.0000
    246.1166	      0.0000
    246.1203	      0.0000
    246.1239	      0.0000
    246.1276	    500.0892
    246.1312	   2704.3225
    246.1349	  11315.7832
    246.1386	  32795.7813
    246.1422	  55654.8594
    246.1459	  69915.4609
    246.1496	  52709.6406
    246.1532	  30073.4629
    246.1569	   9407.8916
    246.1606	   1973.4214
    246.1642	      0.0000
    246.1679	      0.0000
    246.1715	      0.0000
    246.1752	      0.0000
    246.1789	      0.0000
    253.0460	      0.0000
    253.0498	      0.0000
    253.0537	      0.0000
    253.0575	      0.0000
    253.0613	   1254.4121
    253.0651	   2257.9277
    253.0689	   2776.3372
    253.0727	   2451.0354
    253.0766	   1516.1166
    253.0804	      0.0000
    253.0842	      0.0000
    253.0880	      0.0000
    253.0918	      0.0000
    255.0278	      0.0000
    255.0316	      0.0000
    255.0355	      0.0000
    255.0393	      0.0000
    255.0432	    914.7020
    255.0471	   1804.6180
    255.0509	   2203.1235
    255.0548	   1864.7345
    255.0587	   1117.8346
    255.0627	      0.0000
    255.0665	      0.0000
    255.0704	      0.0000
    255.0743	      0.0000
    288.0898	      0.0000
    288.0945	      0.0000
    288.0991	      0.0000
    288.1037	      0.0000
    288.1084	   1044.8182
    288.1130	   2176.1277
    288.1177	   2895.5483
    288.1223	   2637.4575
    288.1269	   1612.1310
    288.1315	      0.0000
    288.1362	      0.0000
    288.1408	      0.0000
    288.1454	      0.0000
    295.0645	      0.0000
    295.0693	      0.0000
    295.0741	      0.0000
    295.0789	      0.0000
    295.0837	    417.1803
    295.0885	   1850.6439
    295.0933	   6683.8511
    295.0982	  12228.3652
    295.1030	  16997.4023
    295.1078	  13952.0371
    295.1126	   8094.9141
    295.1174	   2695.4905
    295.1222	    466.4259
    295.1272	      0.0000
    295.1320	      0.0000
    295.1368	      0.0000
    295.1416	      0.0000
    300.1585	      0.0000
    300.1634	      0.0000
    300.1683	      0.0000
    300.1733	      0.0000
    300.1782	   1085.3176
    300.1831	   2633.0469
    300.1881	   4365.0454
    300.1930	   7632.5308
    300.1979	   5550.4829
    300.2029	   2681.7144
    300.2078	   1107.8563
    300.2127	      0.0000
    300.2176	      0.0000
    300.2226	      0.0000
    300.2275	      0.0000
    314.0863	      0.0000
    314.0916	      0.0000
    314.0969	      0.0000
    314.1022	      0.0000
    314.1075	   1116.1881
    314.1127	   1996.8721
    314.1180	   2622.7212
    314.1233	   2546.7107
    314.1286	   1771.2275
    314.1339	    806.0837
    314.1393	      0.0000
    314.1446	      0.0000
    314.1498	      0.0000
    314.1551	      0.0000
    325.0743	      0.0000
    325.0799	      0.0000
    325.0854	      0.0000
    325.0910	      0.0000
    325.0966	   1126.7783
    325.1021	   4519.1611
    325.1077	   8091.7354
    325.1132	  10751.6533
    325.1188	   8398.2891
    325.1244	   4873.5962
    325.1299	   1509.6732
    325.1355	      0.0000
    325.1410	      0.0000
    325.1466	      0.0000
    325.1522	      0.0000
    327.0794	      0.0000
    327.0850	      0.0000
    327.0906	      0.0000
    327.0962	      0.0000
    327.1018	    707.7245
    327.1074	   1687.4304
    327.1130	   2450.7209
    327.1187	   2437.2864
    327.1243	   1635.6563
    327.1299	      0.0000
    327.1355	      0.0000
    327.1411	      0.0000
    327.1467	      0.0000
    331.8726	      0.0000
    331.8784	      0.0000
    331.8841	      0.0000
    331.8899	      0.0000
    331.8956	    664.8962
    331.9013	   2009.7949
    331.9071	   3503.3101
    331.9128	   4101.2920
    331.9185	   3321.0002
    331.9243	   1803.1309
    331.9300	    632.6918
    331.9359	      0.0000
    331.9416	      0.0000
    331.9474	      0.0000
    331.9531	      0.0000
    345.0831	      0.0000
    345.0892	      0.0000
    345.0953	      0.0000
    345.1013	      0.0000
    345.1074	    653.1006
    345.1135	   1880.4930
    345.1196	   3124.2566
    345.1257	   3526.4492
    345.1317	   2811.4265
    345.1378	   1533.4697
    345.1439	      0.0000
    345.1500	      0.0000
    345.1561	      0.0000
    345.1621	      0.0000
    347.1291	      0.0000
    347.1352	      0.0000
    347.1414	      0.0000
    347.1475	      0.0000
    347.1537	    861.4147
    347.1598	   1816.7363
    347.1659	   2537.8110
    347.1721	   2497.6621
    347.1782	   1703.6509
    347.1843	    719.0586
    347.1905	      0.0000
    347.1966	      0.0000
    347.2027	      0.0000
    347.2089	      0.0000
    348.0943	      0.0000
    348.1004	      0.0000
    348.1066	      0.0000
    348.1127	      0.0000
    348.1189	    860.7007
    348.1251	   1738.5913
    348.1312	   2242.6641
    348.1374	   1960.9510
    348.1435	   1098.0909
    348.1497	      0.0000
    348.1559	      0.0000
    348.1620	      0.0000
    348.1682	      0.0000
    350.1050	      0.0000
    350.1112	      0.0000
    350.1174	      0.0000
    350.1237	      0.0000
    350.1299	    707.9864
    350.1361	   2069.1895
    350.1423	   3407.6743
    350.1485	   3652.6396
    350.1547	   2631.3254
    350.1609	   1191.1991
    350.1672	      0.0000
    350.1734	      0.0000
    350.1796	      0.0000
    350.1858	      0.0000
    357.1375	      0.0000
    357.1439	      0.0000
    357.1503	      0.0000
    357.1567	      0.0000
    357.1631	   1273.8365
    357.1695	   2650.7588
    357.1759	   3551.2144
    357.1823	   3201.0879
    357.1887	   1875.1295
    357.1951	    557.6279
    357.2015	      0.0000
    357.2079	      0.0000
    357.2143	      0.0000
    357.2207	      0.0000
    359.1885	      0.0000
    359.1950	      0.0000
    359.2014	      0.0000
    359.2079	      0.0000
    359.2143	    771.3471
    359.2208	   1857.1235
    359.2272	   2796.9893
    359.2337	   2959.6946
    359.2402	   2220.9070
    359.2466	   1116.8291
    359.2532	      0.0000
    359.2597	      0.0000
    359.2662	      0.0000
    359.2726	      0.0000
    366.0592	      0.0000
    366.0658	      0.0000
    366.0725	      0.0000
    366.0791	      0.0000
    366.0858	      0.0000
    366.0924	      0.0000
    366.0991	      0.0000
    366.1062	   3012.3047
    366.1129	   5219.2993
    366.1195	  17453.6758
    366.1262	  57036.5234
    366.1328	 105330.1094
    366.1395	 149167.4844
    366.1461	 129149.2578
    366.1528	  78190.0547
    366.1594	  30985.4375
    366.1660	   7641.4878
    366.1727	   2313.0491
    366.1788	   2460.0010
    366.1855	   1162.5498
    366.1894	      0.0000
    366.1961	      0.0000
    366.2027	      0.0000
    366.2094	      0.0000
    367.0884	      0.0000
    367.0951	      0.0000
    367.1018	      0.0000
    367.1084	      0.0000
    367.1151	    218.9675
    367.1218	   2872.4250
    367.1285	   8139.4424
    367.1351	  13661.1133
    367.1418	  16645.2422
    367.1485	  12637.5430
    367.1551	   7433.0591
    367.1618	   2870.2603
    367.1685	    806.1564
    367.1784	      0.0000
    367.1851	      0.0000
    367.1918	      0.0000
    367.1985	      0.0000
    385.1078	      0.0000
    385.1149	      0.0000
    385.1221	      0.0000
    385.1293	      0.0000
    385.1364	   1126.0549
    385.1436	   1876.9435
    385.1508	   6060.9160
    385.1579	  19675.9258
    385.1651	  35865.8828
    385.1723	  49958.2656
    385.1795	  42142.6875
    385.1866	  25042.7773
    385.1938	   9199.9990
    385.2010	   1908.0640
    385.2081	    179.2354
    385.2147	      0.0000
    385.2218	      0.0000
    385.2290	      0.0000
    385.2362	      0.0000
    386.0695	      0.0000
    386.0767	      0.0000
    386.0839	      0.0000
    386.0911	      0.0000
    386.0983	    976.7224
    386.1055	   1726.0333
    386.1127	   2077.0825
    386.1199	   1893.0605
    386.1271	   1375.7228
    386.1343	      0.0000
    386.1415	      0.0000
    386.1486	      0.0000
    386.1558	   1479.5726
    386.1630	   2907.7471
    386.1702	   4213.4199
    386.1774	   4531.9556
    386.1846	   3575.1104
    386.1918	   1961.7728
    386.1990	    672.2808
    386.2064	      0.0000
    386.2136	      0.0000
    386.2208	      0.0000
    386.2280	      0.0000
    398.1010	      0.0000
    398.1085	      0.0000
    398.1160	      0.0000
    398.1236	      0.0000
    398.1311	   1089.1967
    398.1387	   2358.6851
    398.1462	   3342.7898
    398.1537	   3373.1348
    398.1613	   2436.5120
    398.1688	   1186.7040
    398.1763	      0.0000
    398.1839	      0.0000
    398.1914	      0.0000
    398.1989	      0.0000
    411.1777	      0.0000
    411.1856	      0.0000
    411.1935	      0.0000
    411.2014	      0.0000
    411.2093	   1161.7712
    411.2172	   2053.6038
    411.2251	   2417.3701
    411.2331	   2003.4667
    411.2410	   1124.8961
    411.2489	      0.0000
    411.2568	      0.0000
    411.2647	      0.0000
    411.2726	      0.0000
    420.1641	      0.0000
    420.1723	      0.0000
    420.1805	      0.0000
    420.1886	      0.0000
    420.1968	    901.1941
    420.2050	   2205.1418
    420.2132	   3964.2307
    420.2213	   6839.8008
    420.2295	   4369.6860
    420.2377	   2660.8254
    420.2458	   1054.3993
    420.2542	      0.0000
    420.2624	      0.0000
    420.2706	      0.0000
    420.2787	      0.0000
    429.1702	      0.0000
    429.1787	      0.0000
    429.1871	      0.0000
    429.1955	      0.0000
    429.2040	      0.0000
    429.2124	   2316.8020
    429.2208	   6130.1421
    429.2293	  10201.3555
    429.2377	  10936.8037
    429.2461	   7391.2915
    429.2546	   3819.4790
    429.2630	   1118.5692
    429.2714	      0.0000
    429.2799	      0.0000
    429.2883	      0.0000
    429.2967	      0.0000
    437.1307	      0.0000
    437.1394	      0.0000
    437.1480	      0.0000
    437.1567	      0.0000
    437.1654	   1807.5735
    437.1740	   2694.0317
    437.1827	   2797.1460
    437.1914	   2066.5740
    437.2000	   1009.7571
    437.2087	      0.0000
    437.2174	      0.0000
    437.2261	      0.0000
    437.2347	      0.0000
    438.0598	      0.0000
    438.0685	      0.0000
    438.0771	      0.0000
    438.0858	      0.0000
    438.0945	   1562.1129
    438.1032	   2416.0198
    438.1119	   2603.0322
    438.1206	   2012.8462
    438.1293	   1059.5383
    438.1380	      0.0000
    438.1467	      0.0000
    438.1554	      0.0000
    438.1641	      0.0000
    438.1815	      0.0000
    438.1902	      0.0000
    438.1989	      0.0000
    438.2076	      0.0000
    438.2163	    912.3832
    438.2250	   1935.3420
    438.2337	   2422.4124
    438.2424	   1991.9211
    438.2511	   1039.6230
    438.2598	      0.0000
    438.2685	      0.0000
    438.2772	      0.0000
    438.2860	      0.0000
    446.1985	      0.0000
    446.2074	      0.0000
    446.2164	      0.0000
    446.2253	      0.0000
    446.2342	   1612.3646
    446.2432	   4129.8599
    446.2521	   7117.0190
    446.2611	   9198.5459
    446.2700	   7075.3896
    446.2789	   3989.9890
    446.2879	   1409.7646
    446.2968	      0.0000
    446.3058	      0.0000
    446.3147	      0.0000
    446.3237	      0.0000
    447.2104	      0.0000
    447.2194	      0.0000
    447.2284	      0.0000
    447.2373	      0.0000
    447.2463	   1223.5186
    447.2553	   2009.9248
    447.2643	   2364.9800
    447.2732	   2087.0625
    447.2822	   1367.8070
    447.2912	      0.0000
    447.3001	      0.0000
    447.3091	      0.0000
    447.3181	      0.0000
    454.1252	      0.0000
    454.1344	      0.0000
    454.1436	      0.0000
    454.1527	      0.0000
    454.1619	   1217.7500
    454.1711	   4264.7793
    454.1803	   8656.7314
    454.1895	  13112.8428
    454.1986	  12769.1494
    454.2078	   8128.9941
    454.2170	   3634.1135
    454.2262	    748.0818
    454.2354	      0.0000
    454.2446	      0.0000
    454.2537	      0.0000
    454.2629	      0.0000
    462.1048	      0.0000
    462.1142	      0.0000
    462.1237	      0.0000
    462.1331	      0.0000
    462.1425	    989.2678
    462.1519	   1901.8479
    462.1614	   2725.6775
    462.1708	   3043.4761
    462.1802	   2668.8516
    462.1896	   1771.8734
    462.1993	      0.0000
    462.2087	      0.0000
    462.2181	      0.0000
    462.2276	      0.0000
    467.1110	      0.0000
    467.1206	      0.0000
    467.1301	      0.0000
    467.1397	      0.0000
    467.1493	    616.5087
    467.1589	   1907.5920
    467.1684	   2957.9475
    467.1780	   2953.9524
    467.1876	   1947.2861
    467.1972	    757.8090
    467.1957	      0.0000
    467.2053	      0.0000
    467.2148	      0.0000
    467.2244	      0.0000
    472.0806	      0.0000
    472.0903	      0.0000
    472.1001	      0.0000
    472.1098	      0.0000
    472.1195	    740.1908
    472.1293	   7048.9771
    472.1390	  13818.7656
    472.1487	  19331.9766
    472.1585	  15543.3506
    472.1682	   9990.0303
    472.1779	    472.8406
    472.1987	   3287.6091
    472.2085	  11468.3281
    472.2182	   8398.9404
    472.2279	   3178.9272
    472.2377	      0.0000
    472.2469	      0.0000
    472.2566	      0.0000
    472.2663	      0.0000
    472.2761	      0.0000
    490.0937	      0.0000
    490.1040	      0.0000
    490.1143	      0.0000
    490.1246	      0.0000
    490.1348	   1157.9916
    490.1451	   4891.3120
    490.1554	  11208.5029
    490.1657	  17974.9180
    490.1760	  19002.6055
    490.1863	  12473.6514
    490.1966	   6042.3872
    490.2069	   1502.6080
    490.2177	      0.0000
    490.2280	      0.0000
    490.2383	      0.0000
    490.2486	      0.0000
    498.1051	      0.0000
    498.1157	      0.0000
    498.1262	      0.0000
    498.1368	      0.0000
    498.1473	   1098.1180
    498.1579	   2771.7205
    498.1684	   5957.2441
    498.1790	   8878.7148
    498.1895	   7565.4282
    498.2001	   4410.7153
    498.2106	   1122.0636
    498.2212	      0.0000
    498.2317	      0.0000
    498.2423	      0.0000
    498.2528	      0.0000
    500.1996	      0.0000
    500.2102	      0.0000
    500.2208	      0.0000
    500.2314	      0.0000
    500.2420	   1016.6023
    500.2526	   2641.4885
    500.2633	   4410.6909
    500.2739	   7405.1177
    500.2845	   4087.3303
    500.2951	   2264.6394
    500.3057	    786.7993
    500.3163	      0.0000
    500.3269	      0.0000
    500.3376	      0.0000
    500.3482	      0.0000
    503.1305	      0.0000
    503.1412	      0.0000
    503.1519	      0.0000
    503.1626	      0.0000
    503.1733	   1646.5898
    503.1840	   2594.6992
    503.1947	   2710.3320
    503.2054	   1938.1708
    503.2162	    898.7361
    503.2306	      0.0000
    503.2413	      0.0000
    503.2520	      0.0000
    503.2627	      0.0000
    528.1015	      0.0000
    528.1130	      0.0000
    528.1245	      0.0000
    528.1360	      0.0000
    528.1476	   1365.7169
    528.1591	   3922.9790
    528.1706	  11825.9258
    528.1821	  21890.4785
    528.1936	  30947.2676
    528.2051	  26594.0664
    528.2166	  15869.0928
    528.2281	   5814.2393
    528.2397	    842.1899
    528.2477	      0.0000
    528.2592	      0.0000
    528.2708	      0.0000
    528.2823	      0.0000
    528.6510	      0.0000
    528.6625	      0.0000
    528.6741	      0.0000
    528.6856	      0.0000
    528.6971	   1522.1859
    528.7087	   2414.6731
    528.7202	   2922.2163
    528.7317	   2717.5647
    528.7433	   1884.3501
    528.7548	    904.2490
    528.7663	      0.0000
    528.7779	      0.0000
    528.7894	      0.0000
    528.8009	      0.0000
    529.1240	      0.0000
    529.1356	      0.0000
    529.1471	      0.0000
    529.1587	      0.0000
    529.1702	   1530.6278
    529.1818	   2976.3999
    529.1933	   3693.1782
    529.2049	   3169.8210
    529.2164	   1865.4312
    529.2280	    681.4220
    529.2395	      0.0000
    529.2511	      0.0000
    529.2626	      0.0000
    529.2742	      0.0000
    533.1413	      0.0000
    533.1530	      0.0000
    533.1647	      0.0000
    533.1763	      0.0000
    533.1880	    985.5027
    533.1997	   2106.1316
    533.2114	   3163.9382
    533.2231	   3498.0034
    533.2347	   2833.6897
    533.2464	   1597.5745
    533.2581	      0.0000
    533.2698	      0.0000
    533.2815	      0.0000
    533.2931	      0.0000
    545.1212	      0.0000
    545.1333	      0.0000
    545.1453	      0.0000
    545.1574	      0.0000
    545.1695	   1551.0791
    545.1816	   5249.0605
    545.1936	   8960.6201
    545.2057	  11043.7490
    545.2178	   8030.3730
    545.2299	   4237.8677
    545.2419	   1296.4401
    545.2540	      0.0000
    545.2661	      0.0000
    545.2782	      0.0000
    545.2903	      0.0000
    549.2003	      0.0000
    549.2125	      0.0000
    549.2247	      0.0000
    549.2369	      0.0000
    549.2491	   1757.7175
    549.2613	   2820.3782
    549.2735	   3159.3726
    549.2857	   2543.0867
    549.2980	   1379.6190
    549.3102	      0.0000
    549.3224	      0.0000
    549.3346	      0.0000
    549.3468	      0.0000
    557.1975	      0.0000
    557.2099	      0.0000
    557.2224	      0.0000
    557.2349	      0.0000
    557.2474	    799.2822
    557.2598	   2327.7988
    557.2723	   5984.1753
    557.2848	   9342.9521
    557.2973	   9324.7979
    557.3098	   5964.4946
    557.3222	   2269.6643
    557.3347	    774.7009
    557.3523	      0.0000
    557.3648	      0.0000
    557.3773	      0.0000
    557.3898	      0.0000
    567.1779	      0.0000
    567.1907	      0.0000
    567.2036	      0.0000
    567.2164	      0.0000
    567.2292	    970.7502
    567.2420	   2899.2131
    567.2548	   8124.5063
    567.2676	  14295.7637
    567.2804	  19323.4199
    567.2933	  15991.7676
    567.3061	   9407.3398
    567.3189	   3105.3799
    567.3317	    108.5941
    567.3394	      0.0000
    567.3522	      0.0000
    567.3651	      0.0000
    567.3779	      0.0000
    571.1526	      0.0000
    571.1656	      0.0000
    571.1785	      0.0000
    571.1915	      0.0000
    571.2044	   1640.5172
    571.2174	   2128.7917
    571.2303	   2257.6228
    571.2433	   2001.3588
    571.2562	   1489.7612
    571.2692	      0.0000
    571.2821	      0.0000
    571.2951	      0.0000
    571.3080	      0.0000
    575.2268	      0.0000
    575.2399	      0.0000
    575.2530	      0.0000
    575.2661	      0.0000
    575.2792	   1418.1368
    575.2923	   2768.8232
    575.3054	   3443.7944
    575.3185	   2934.7378
    575.3315	   1668.9309
    575.3446	      0.0000
    575.3577	      0.0000
    575.3708	      0.0000
    575.3839	      0.0000
    580.0995	      0.0000
    580.1127	      0.0000
    580.1260	      0.0000
    580.1392	      0.0000
    580.1525	   1270.5435
    580.1657	   2218.9587
    580.1790	   2686.5994
    580.1922	   2273.3928
    580.2055	   1228.2791
    580.2188	      0.0000
    580.2320	      0.0000
    580.2453	      0.0000
    580.2585	      0.0000
    582.6524	      0.0000
    582.6657	      0.0000
    582.6791	      0.0000
    582.6924	      0.0000
    582.7058	   1292.7933
    582.7191	   2424.8481
    582.7324	   3184.1099
    582.7458	   3026.3796
    582.7591	   2029.4086
    582.7725	    858.2064
    582.7881	      0.0000
    582.8014	      0.0000
    582.8148	      0.0000
    582.8281	      0.0000
    585.1842	      0.0000
    585.1976	      0.0000
    585.2110	      0.0000
    585.2245	      0.0000
    585.2379	   1728.9385
    585.2513	   6633.2231
    585.2648	  15835.7109
    585.2782	  25895.9023
    585.2916	  29833.6680
    585.3050	  21219.8086
    585.3185	  11442.9717
    585.3319	   3210.9878
    585.3453	    849.3331
    585.3565	      0.0000
    585.3700	      0.0000
    585.3834	      0.0000
    585.3968	      0.0000
    586.2037	      0.0000
    586.2172	      0.0000
    586.2307	      0.0000
    586.2441	      0.0000
    586.2576	   1148.6041
    586.2711	   2812.8733
    586.2845	   4165.9219
    586.2980	   4127.7285
    586.3115	   2726.5496
    586.3249	   1127.4827
    586.3384	      0.0000
    586.3519	      0.0000
    586.3653	      0.0000
    586.3788	      0.0000
    597.1240	      0.0000
    597.1378	      0.0000
    597.1517	      0.0000
    597.1655	      0.0000
    597.1794	   1587.9114
    597.1932	   2630.4993
    597.2071	   3061.5974
    597.2209	   2527.7795
    597.2347	   1392.8010
    597.2486	      0.0000
    597.2625	      0.0000
    597.2763	      0.0000
    597.2902	      0.0000
    612.6591	      0.0000
    612.6735	      0.0000
    612.6878	      0.0000
    612.7022	      0.0000
    612.7166	    979.2646
    612.7310	   1843.8489
    612.7454	   2207.4490
    612.7598	   1850.2920
    612.7742	   1069.0720
    612.7885	      0.0000
    612.8029	      0.0000
    612.8173	      0.0000
    612.8317	      0.0000
    614.1289	      0.0000
    614.1433	      0.0000
    614.1578	      0.0000
    614.1722	      0.0000
    614.1866	   1778.5132
    614.2011	   5345.0063
    614.2155	   8948.1416
    614.2299	  10021.7021
    614.2444	   6773.0625
    614.2588	   3448.0999
    614.2733	   1108.9822
    614.2877	      0.0000
    614.3022	      0.0000
    614.3166	      0.0000
    614.3310	      0.0000
    621.1025	      0.0000
    621.1172	      0.0000
    621.1319	      0.0000
    621.1465	      0.0000
    621.1612	   1224.3734
    621.1759	   3843.0522
    621.1906	   7663.9766
    621.2053	  11327.4629
    621.2200	   9957.2910
    621.2347	   5828.8403
    621.2493	   2103.6687
    621.2640	    763.2341
    621.2787	      0.0000
    621.2934	      0.0000
    621.3081	      0.0000
    621.3228	      0.0000
    627.1812	      0.0000
    627.1961	      0.0000
    627.2110	      0.0000
    627.2259	      0.0000
    627.2408	   1072.1913
    627.2557	   2192.5918
    627.2706	   2895.0652
    627.2855	   2673.1345
    627.3004	   1706.8848
    627.3154	      0.0000
    627.3303	      0.0000
    627.3452	      0.0000
    627.3601	      0.0000
    632.1268	      0.0000
    632.1419	      0.0000
    632.1570	      0.0000
    632.1720	      0.0000
    632.1871	    991.3427
    632.2022	   4385.0420
    632.2173	   8302.2510
    632.2324	  11608.7754
    632.2474	   9446.5586
    632.2625	   5399.0171
    632.2776	   1778.3242
    632.2927	      0.0000
    632.3078	      0.0000
    632.3228	      0.0000
    632.3379	      0.0000
    639.1188	      0.0000
    639.1342	      0.0000
    639.1495	      0.0000
    639.1648	      0.0000
    639.1801	   1579.0636
    639.1955	   3168.2754
    639.2108	   4477.6338
    639.2261	   4605.3574
    639.2415	   3427.2786
    639.2568	   1743.6656
    639.2721	      0.0000
    639.2875	      0.0000
    639.3028	      0.0000
    639.3181	      0.0000
    646.2431	      0.0000
    646.2587	      0.0000
    646.2743	      0.0000
    646.2898	      0.0000
    646.3054	   1699.5217
    646.3210	   3158.6782
    646.3366	   3954.6575
    646.3522	   3565.0696
    646.3678	   2324.2407
    646.3834	   1084.7550
    646.3990	      0.0000
    646.4145	      0.0000
    646.4301	      0.0000
    646.4457	      0.0000
    656.1414	      0.0000
    656.1573	      0.0000
    656.1733	      0.0000
    656.1892	      0.0000
    656.2052	   1383.7775
    656.2211	   2360.3738
    656.2371	   2992.7383
    656.2530	   2860.1841
    656.2690	   2043.6914
    656.2849	   1122.4058
    656.3009	      0.0000
    656.3168	   1366.3562
    656.3328	   2673.6257
    656.3487	   3935.0527
    656.3647	   4273.0576
    656.3806	   3381.7256
    656.3966	   1822.4423
    656.4125	    517.9205
    656.4285	      0.0000
    656.4444	      0.0000
    656.4604	      0.0000
    656.4763	      0.0000
    657.1309	      0.0000
    657.1469	      0.0000
    657.1629	      0.0000
    657.1789	      0.0000
    657.1949	   1764.6577
    657.2108	   3388.2861
    657.2268	   4481.3379
    657.2428	   4277.5952
    657.2588	   2931.9458
    657.2748	   1358.1143
    657.2908	      0.0000
    657.3067	      0.0000
    657.3227	      0.0000
    657.3387	      0.0000
    660.1291	      0.0000
    660.1452	      0.0000
    660.1613	      0.0000
    660.1774	      0.0000
    660.1935	   1299.9894
    660.2096	   3001.3813
    660.2257	   4534.1865
    660.2417	   4862.5952
    660.2578	   3821.0232
    660.2739	   2179.4871
    660.2900	    860.7029
    660.3162	      0.0000
    660.3323	      0.0000
    660.3484	      0.0000
    660.3645	      0.0000
    666.2300	      0.0000
    666.2464	      0.0000
    666.2627	      0.0000
    666.2790	      0.0000
    666.2953	    874.6944
    666.3116	   3979.2700
    666.3279	   8383.5342
    666.3442	  13357.7285
    666.3605	  14926.4980
    666.3769	  10015.0391
    666.3932	   4876.6270
    666.4095	    530.1988
    666.4158	      0.0000
    666.4321	      0.0000
    666.4484	      0.0000
    666.4647	      0.0000
    674.1354	      0.0000
    674.1520	      0.0000
    674.1686	      0.0000
    674.1852	      0.0000
    674.2018	   1389.1685
    674.2184	   4724.5371
    674.2350	   8177.4810
    674.2516	  10930.4033
    674.2683	   9001.2656
    674.2849	   5103.8579
    674.3015	   1374.8616
    674.3181	      0.0000
    674.3347	      0.0000
    674.3513	      0.0000
    674.3679	      0.0000
    675.1327	      0.0000
    675.1493	      0.0000
    675.1659	      0.0000
    675.1826	      0.0000
    675.1992	    603.2673
    675.2159	   1817.8696
    675.2325	   3027.3369
    675.2492	   3391.7537
    675.2658	   2607.9568
    675.2824	   1271.1838
    675.2991	      0.0000
    675.3157	      0.0000
    675.3324	      0.0000
    675.3490	      0.0000
    684.1575	      0.0000
    684.1745	      0.0000
    684.1915	      0.0000
    684.2084	      0.0000
    684.2254	    842.9368
    684.2424	   2964.4644
    684.2594	   2420.3669
    684.2788	   2529.4961
    684.2958	   4859.7915
    684.3128	  14946.1094
    684.3297	  32501.0840
    684.3467	  51320.8047
    684.3637	  54245.1016
    684.3807	  35694.5117
    684.3977	  17311.4570
    684.4146	   3848.4370
    684.4316	    292.9021
    684.4484	      0.0000
    684.4653	      0.0000
    684.4823	      0.0000
    684.4993	      0.0000
    685.2303	      0.0000
    685.2473	      0.0000
    685.2644	      0.0000
    685.2814	      0.0000
    685.2984	    848.5021
    685.3154	   2765.5432
    685.3324	   7183.2686
    685.3494	  11937.6797
    685.3665	  14271.8691
    685.3835	  10231.1025
    685.4005	   5390.8066
    685.4175	   1117.3691
    685.4323	      0.0000
    685.4494	      0.0000
    685.4664	      0.0000
    685.4834	      0.0000
    690.1374	      0.0000
    690.1546	      0.0000
    690.1718	      0.0000
    690.1890	      0.0000
    690.2062	   1529.8834
    690.2234	   3033.8650
    690.2406	   4049.8203
    690.2578	   3880.5503
    690.2750	   2735.3574
    690.2922	   1440.9014
    690.3094	      0.0000
    690.3266	      0.0000
    690.3438	      0.0000
    690.3610	      0.0000
    693.1221	      0.0000
    693.1394	      0.0000
    693.1567	      0.0000
    693.1741	      0.0000
    693.1914	    945.4215
    693.2087	   3082.2852
    693.2260	   6247.3164
    693.2433	   9236.6074
    693.2606	   8253.2637
    693.2779	   4937.4800
    693.2953	   1599.0297
    693.3126	      0.0000
    693.3299	      0.0000
    693.3472	      0.0000
    693.3645	      0.0000
    694.1445	      0.0000
    694.1618	      0.0000
    694.1792	      0.0000
    694.1965	      0.0000
    694.2139	   1081.1211
    694.2312	   2209.5298
    694.2486	   2972.7507
    694.2659	   2841.2703
    694.2833	   1943.6945
    694.3006	    854.8961
    694.3180	      0.0000
    694.3353	      0.0000
    694.3527	      0.0000
    694.3701	      0.0000
    699.2026	      0.0000
    699.2202	      0.0000
    699.2377	      0.0000
    699.2553	      0.0000
    699.2728	    856.0092
    699.2903	   1817.0203
    699.3079	   2464.0676
    699.3254	   2358.9873
    699.3430	   1578.9063
    699.3605	      0.0000
    699.3780	      0.0000
    699.3956	      0.0000
    699.4131	      0.0000
    709.1637	      0.0000
    709.1816	      0.0000
    709.1995	      0.0000
    709.2174	      0.0000
    709.2353	   1389.7450
    709.2533	   2084.2036
    709.2712	   2283.0752
    709.2891	   1829.9138
    709.3070	    985.3774
    709.3249	      0.0000
    709.3428	      0.0000
    709.3608	      0.0000
    709.3787	      0.0000
    710.1320	      0.0000
    710.1499	      0.0000
    710.1679	      0.0000
    710.1858	      0.0000
    710.2038	    703.1448
    710.2217	   2220.4487
    710.2397	   4071.8916
    710.2577	   7640.9780
    710.2756	   4312.9707
    710.2936	   2496.8079
    710.3115	    843.5703
    710.3295	      0.0000
    710.3474	      0.0000
    710.3654	      0.0000
    710.3834	      0.0000
    711.1382	      0.0000
    711.1562	      0.0000
    711.1742	      0.0000
    711.1922	      0.0000
    711.2102	   1235.6121
    711.2282	   2189.8296
    711.2462	   2722.2805
    711.2642	   2461.8770
    711.2822	   1575.7189
    711.2992	      0.0000
    711.3172	      0.0000
    711.3352	      0.0000
    711.3532	      0.0000
    727.1420	      0.0000
    727.1606	      0.0000
    727.1792	      0.0000
    727.1978	      0.0000
    727.2164	    741.6940
    727.2350	   3609.0437
    727.2536	   9105.6484
    727.2722	  14983.4512
    727.2908	  17272.0098
    727.3094	  12265.0479
    727.3280	   6667.1738
    727.3466	   1984.6494
    727.3652	    448.7318
    727.3913	      0.0000
    727.4099	      0.0000
    727.4285	      0.0000
    727.4472	      0.0000
    728.1362	      0.0000
    728.1549	      0.0000
    728.1735	      0.0000
    728.1921	      0.0000
    728.2108	   1659.8853
    728.2294	   5450.1509
    728.2481	  10472.8203
    728.2667	  15532.7158
    728.2853	  14758.5703
    728.3040	   9250.8750
    728.3226	   4136.4609
    728.3413	    695.9467
    728.3534	      0.0000
    728.3721	      0.0000
    728.3907	      0.0000
    728.4094	      0.0000
    729.1745	      0.0000
    729.1932	      0.0000
    729.2119	      0.0000
    729.2305	      0.0000
    729.2492	   1084.4847
    729.2679	   2235.7244
    729.2866	   3017.9470
    729.3053	   2861.7339
    729.3239	   1883.2976
    729.3426	    759.7905
    729.3650	      0.0000
    729.3837	      0.0000
    729.4024	      0.0000
    729.4211	      0.0000
    745.1428	      0.0000
    745.1621	      0.0000
    745.1814	      0.0000
    745.2007	      0.0000
    745.2200	    796.9482
    745.2393	   4056.2463
    745.2586	  11739.8047
    745.2779	  20558.3496
    745.2972	  28124.5625
    745.3165	  24276.8027
    745.3358	  14905.4385
    745.3551	   6001.0308
    745.3744	   1124.5273
    745.3900	      0.0000
    745.4093	      0.0000
    745.4286	      0.0000
    745.4479	      0.0000
    746.1627	      0.0000
    746.1820	      0.0000
    746.2014	      0.0000
    746.2207	      0.0000
    746.2400	    728.4205
    746.2594	   1806.3895
    746.2787	   2712.2974
    746.2981	   2885.6406
    746.3174	   2280.8213
    746.3367	   1344.9359
    746.3561	      0.0000
    746.3754	      0.0000
    746.3948	      0.0000
    746.4141	      0.0000
    747.1690	      0.0000
    747.1884	      0.0000
    747.2078	      0.0000
    747.2272	      0.0000
    747.2465	    842.1027
    747.2659	   1858.3677
    747.2853	   2574.8752
    747.3047	   2537.1204
    747.3241	   1825.6747
    747.3434	    924.9992
    747.3629	      0.0000
    747.3822	      0.0000
    747.4016	      0.0000
    747.4210	      0.0000
    772.2099	      0.0000
    772.2303	      0.0000
    772.2507	      0.0000
    772.2710	      0.0000
    772.2914	   1170.2117
    772.3117	   1874.7983
    772.3321	   2115.9219
    772.3524	   1807.9888
    772.3728	   1184.9596
    772.3932	      0.0000
    772.4136	      0.0000
    772.4339	      0.0000
    772.4543	      0.0000
    812.2541	      0.0000
    812.2760	      0.0000
    812.2980	      0.0000
    812.3200	      0.0000
    812.3419	   1109.0267
    812.3639	   4713.8384
    812.3858	   8625.6514
    812.4078	  11849.6855
    812.4298	   9824.5986
    812.4517	   5511.8735
    812.4737	   1427.5217
    812.4957	      0.0000
    812.5176	      0.0000
    812.5396	      0.0000
    812.5616	      0.0000
    813.2871	      0.0000
    813.3091	      0.0000
    813.3311	      0.0000
    813.3531	      0.0000
    813.3751	   1010.7955
    813.3971	   2209.6797
    813.4191	   2624.4563
    813.4411	   1970.4329
    813.4631	    855.3009
    813.4851	      0.0000
    813.5071	      0.0000
    813.5291	      0.0000
    813.5512	      0.0000
    814.1898	      0.0000
    814.2119	      0.0000
    814.2339	      0.0000
    814.2559	      0.0000
    814.2780	   1029.1289
    814.3000	   2584.6494
    814.3221	   3980.3501
    814.3441	   4223.4824
    814.3662	   3142.4167
    814.3882	   1547.6465
    814.4103	      0.0000
    814.4323	      0.0000
    814.4543	      0.0000
    814.4764	      0.0000
    822.1590	      0.0000
    822.1813	      0.0000
    822.2037	      0.0000
    822.2260	      0.0000
    822.2484	   1756.1931
    822.2708	   2481.2197
    822.2931	   2630.4939
    822.3155	   2064.0857
    822.3379	   1131.2643
    822.3602	      0.0000
    822.3826	      0.0000
    822.4050	      0.0000
    822.4274	      0.0000
    827.2359	      0.0000
    827.2585	      0.0000
    827.2810	      0.0000
    827.3036	      0.0000
    827.3262	   1233.3628
    827.3487	   2582.8137
    827.3713	   3494.1541
    827.3939	   3323.0808
    827.4165	   2217.0442
    827.4390	    958.3362
    827.4671	      0.0000
    827.4896	      0.0000
    827.5122	      0.0000
    827.5348	      0.0000
    830.1830	      0.0000
    830.2057	      0.0000
    830.2284	      0.0000
    830.2511	      0.0000
    830.2738	    394.3706
    830.2965	   2863.3240
    830.3192	   5352.5410
    830.3419	  12674.3662
    830.3646	  36421.8555
    830.3873	  82795.8672
    830.4100	 133784.7656
    830.4327	 152486.0313
    830.4554	 106574.6328
    830.4781	  56397.1641
    830.5008	  13989.3135
    830.5235	    865.4389
    830.5446	      0.0000
    830.5673	      0.0000
    830.5900	      0.0000
    830.6127	      0.0000
    831.2261	      0.0000
    831.2488	      0.0000
    831.2716	      0.0000
    831.2943	      0.0000
    831.3170	    555.6905
    831.3398	   2916.1174
    831.3625	   9887.8750
    831.3852	  27051.4258
    831.4080	  45882.5664
    831.4307	  57715.4883
    831.4535	  43697.3906
    831.4762	  25008.4707
    831.4989	   7448.8286
    831.5217	   1467.4912
    831.5406	      0.0000
    831.5633	      0.0000
    831.5861	      0.0000
    831.6088	      0.0000
    832.2689	      0.0000
    832.2917	      0.0000
    832.3144	      0.0000
    832.3372	      0.0000
    832.3600	   1724.4028
    832.3828	   2173.4800
    832.4056	   2810.4368
    832.4283	   3190.2427
    832.4511	   2832.1697
    832.4739	   1837.9884
    832.4967	    822.1400
    832.5195	      0.0000
    832.5423	      0.0000
    832.5651	      0.0000
    832.5879	      0.0000
    839.1205	      0.0000
    839.1436	      0.0000
    839.1666	      0.0000
    839.1897	      0.0000
    839.2128	    787.3014
    839.2358	   3294.3982
    839.2589	   7315.7163
    839.2819	  11708.1006
    839.3050	  13240.5029
    839.3281	   9374.2900
    839.3511	   5040.5820
    839.3742	   1393.3281
    839.3973	      0.0000
    839.4203	      0.0000
    839.4434	      0.0000
    839.4665	      0.0000
    840.1590	      0.0000
    840.1821	      0.0000
    840.2052	      0.0000
    840.2283	      0.0000
    840.2514	   1675.0696
    840.2745	   2916.6187
    840.2976	   3403.6433
    840.3207	   2785.9229
    840.3439	   1529.8783
    840.3670	      0.0000
    840.3901	      0.0000
    840.4132	      0.0000
    840.4363	      0.0000
    844.2160	      0.0000
    844.2393	      0.0000
    844.2626	      0.0000
    844.2858	      0.0000
    844.3091	   1264.0256
    844.3324	   4998.9404
    844.3556	   9043.8330
    844.3789	  12700.5771
    844.4022	  11000.1982
    844.4255	   6389.1606
    844.4487	   2061.6611
    844.4720	      0.0000
    844.4953	      0.0000
    844.5186	      0.0000
    844.5419	      0.0000
    844.5651	      0.0000
    856.1370	      0.0000
    856.1608	      0.0000
    856.1845	      0.0000
    856.2083	      0.0000
    856.2321	    599.3149
    856.2558	   2010.3225
    856.2796	   5622.6099
    856.3034	   9435.1826
    856.3271	  12031.0889
    856.3509	   9460.0107
    856.3747	   5318.2432
    856.3984	   1394.0200
    856.4289	      0.0000
    856.4527	      0.0000
    856.4765	      0.0000
    856.5002	      0.0000
    857.1187	      0.0000
    857.1425	      0.0000
    857.1664	      0.0000
    857.1902	      0.0000
    857.2140	   1379.9337
    857.2378	   3572.6404
    857.2616	  10785.9766
    857.2854	  19989.3848
    857.3092	  28606.8340
    857.3330	  25169.4707
    857.3568	  15174.6064
    857.3806	   5846.8540
    857.4044	    981.1128
    857.4216	      0.0000
    857.4454	      0.0000
    857.4692	      0.0000
    857.4930	      0.0000
    858.1364	      0.0000
    858.1603	      0.0000
    858.1841	      0.0000
    858.2080	      0.0000
    858.2318	   1105.8090
    858.2557	   4670.2563
    858.2795	   9064.9365
    858.3034	  13166.2451
    858.3272	  11953.3945
    858.3511	   7380.8887
    858.3749	   3193.7759
    858.3988	   1075.5112
    858.4226	      0.0000
    858.4465	      0.0000
    858.4704	      0.0000
    858.4942	      0.0000
    859.1627	      0.0000
    859.1866	      0.0000
    859.2104	      0.0000
    859.2343	      0.0000
    859.2582	   1595.3842
    859.2821	   2339.3953
    859.3060	   2440.8853
    859.3299	   1815.4346
    859.3538	    852.1131
    859.3828	      0.0000
    859.4067	      0.0000
    859.4306	      0.0000
    859.4545	      0.0000
    874.1226	      0.0000
    874.1471	      0.0000
    874.1716	      0.0000
    874.1961	      0.0000
    874.2207	    632.5012
    874.2452	   2239.9475
    874.2697	   7614.1284
    874.2942	  17963.4980
    874.3187	  29515.4082
    874.3433	  33801.7891
    874.3678	  23357.6875
    874.3923	  12154.5918
    874.4168	   2709.4607
    874.4414	      0.0000
    874.4608	      0.0000
    874.4853	      0.0000
    874.5098	      0.0000
    874.5343	      0.0000
    875.1479	      0.0000
    875.1725	      0.0000
    875.1971	      0.0000
    875.2216	      0.0000
    875.2462	    742.5269
    875.2707	   2539.0317
    875.2953	   5826.9331
    875.3199	   9408.9346
    875.3444	   9755.1348
    875.3690	   6225.1646
    875.3936	   2842.9924
    875.4181	    993.0480
    875.4427	      0.0000
    875.4673	      0.0000
    875.4918	      0.0000
    875.5164	      0.0000
    876.1803	      0.0000
    876.2049	      0.0000
    876.2295	      0.0000
    876.2541	      0.0000
    876.2787	   1094.4823
    876.3033	   2452.7664
    876.3279	   3224.1748
    876.3525	   2787.8979
    876.3771	   1529.3687
    876.4017	      0.0000
    876.4263	      0.0000
    876.4510	      0.0000
    876.4756	      0.0000
    915.2249	      0.0000
    915.2512	      0.0000
    915.2775	      0.0000
    915.3037	      0.0000
    915.3300	   1521.6454
    915.3563	   2283.2500
    915.3825	   2491.9724
    915.4088	   1990.3031
    915.4351	   1033.7501
    915.4614	      0.0000
    915.4876	      0.0000
    915.5139	      0.0000
    915.5402	      0.0000
    926.1153	      0.0000
    926.1420	      0.0000
    926.1688	      0.0000
    926.1955	      0.0000
    926.2222	    771.2985
    926.2490	   1978.1428
    926.2757	   3630.4736
    926.3025	   7658.5259
    926.3292	   7887.5483
    926.3559	   3689.9641
    926.3827	   1810.8956
    926.4094	    494.1472
    926.4487	      0.0000
    926.4754	      0.0000
    926.5022	      0.0000
    926.5289	      0.0000
    931.2011	      0.0000
    931.2281	      0.0000
    931.2550	      0.0000
    931.2820	      0.0000
    931.3089	    700.2382
    931.3359	   2532.0193
    931.3628	   6628.7749
    931.3898	  11120.7451
    931.4168	  14649.6953
    931.4437	  11891.4307
    931.4707	   6779.5029
    931.4977	   2008.7709
    931.5246	      0.0000
    931.5391	      0.0000
    931.5661	      0.0000
    931.5931	      0.0000
    931.6200	      0.0000
    932.2137	      0.0000
    932.2407	      0.0000
    932.2677	      0.0000
    932.2947	      0.0000
    932.3217	    523.4688
    932.3487	   1840.9757
    932.3757	   3710.1572
    932.4027	   8415.8506
    932.4297	   7834.3960
    932.4567	   4847.1826
    932.4837	   1870.4156
    932.5107	    589.2770
    932.5422	      0.0000
    932.5692	      0.0000
    932.5962	      0.0000
    932.6232	      0.0000
    943.1392	      0.0000
    943.1667	      0.0000
    943.1942	      0.0000
    943.2216	      0.0000
    943.2491	    630.7828
    943.2766	   2829.5417
    943.3041	   8117.3091
    943.3316	  13869.7891
    943.3591	  17231.5137
    943.3865	  12719.0322
    943.4140	   7000.8110
    943.4415	   1698.5977
    943.4646	      0.0000
    943.4921	      0.0000
    943.5196	      0.0000
    943.5471	      0.0000
    944.1522	      0.0000
    944.1797	      0.0000
    944.2072	      0.0000
    944.2348	      0.0000
    944.2623	   1365.3146
    944.2898	   4662.9937
    944.3173	   8442.3809
    944.3449	  11736.6162
    944.3724	  10308.4551
    944.3999	   6327.1646
    944.4274	   2520.3704
    944.4550	    824.8339
    944.4825	      0.0000
    944.5100	      0.0000
    944.5376	      0.0000
    944.5651	      0.0000
    945.1712	      0.0000
    945.1988	      0.0000
    945.2263	      0.0000
    945.2539	      0.0000
    945.2814	   1193.4949
    945.3090	   2124.3748
    945.3366	   2706.8081
    945.3642	   2609.3179
    945.3917	   1876.1454
    945.4193	    920.0625
    945.4469	      0.0000
    945.4745	      0.0000
    945.5020	      0.0000
    945.5296	      0.0000
    960.2608	      0.0000
    960.2891	      0.0000
    960.3173	      0.0000
    960.3455	      0.0000
    960.3738	   1662.0079
    960.4020	   2244.6145
    960.4302	   2346.6299
    960.4585	   1911.6327
    960.4867	   1142.7498
    960.5253	      0.0000
    960.5535	      0.0000
    960.5818	      0.0000
    960.6100	      0.0000
    961.1468	      0.0000
    961.1751	      0.0000
    961.2033	      0.0000
    961.2316	      0.0000
    961.2599	    845.3787
    961.2881	   3210.9744
    961.3164	   7461.8286
    961.3447	  12243.4189
    961.3729	  14776.4365
    961.4012	  10939.6621
    961.4295	   6023.4805
    961.4578	   1446.1411
    961.4757	      0.0000
    961.5040	      0.0000
    961.5322	      0.0000
    961.5605	      0.0000
    962.1830	      0.0000
    962.2114	      0.0000
    962.2397	      0.0000
    962.2680	      0.0000
    962.2963	    735.9757
    962.3246	   1882.0298
    962.3529	   2905.4321
    962.3812	   3061.0017
    962.4096	   2212.9382
    962.4379	    993.8672
    962.4729	      0.0000
    962.5012	      0.0000
    962.5295	      0.0000
    962.5579	      0.0000
    990.2201	      0.0000
    990.2496	      0.0000
    990.2792	      0.0000
    990.3087	      0.0000
    990.3383	   1261.2183
    990.3679	   3184.3618
    990.3974	   9798.0049
    990.4270	  17224.1543
    990.4566	  22859.1641
    990.4861	  18011.4688
    990.5157	  10204.6396
    990.5453	   2789.0520
    990.5748	      0.0000
    990.5978	      0.0000
    990.6273	      0.0000
    990.6569	      0.0000
    990.6865	      0.0000
    991.2487	      0.0000
    991.2783	      0.0000
    991.3079	      0.0000
    991.3375	      0.0000
    991.3671	   1173.5707
    991.3967	   2948.2681
    991.4263	   7022.7358
    991.4559	   8836.6807
    991.4856	   6911.8857
    991.5152	   3032.7769
    991.5448	   1272.7347
    991.5744	      0.0000
    991.6040	      0.0000
    991.6336	      0.0000
    991.6633	      0.0000
   1004.1920	      0.0000
   1004.2221	      0.0000
   1004.2523	      0.0000
   1004.2825	      0.0000
   1004.3127	   1222.4581
   1004.3429	   2208.9568
   1004.3731	   2736.7319
   1004.4033	   2369.5129
   1004.4335	   1347.9520
   1004.4637	      0.0000
   1004.4939	      0.0000
   1004.5241	      0.0000
   1004.5543	      0.0000
   1021.1871	      0.0000
   1021.2180	      0.0000
   1021.2490	      0.0000
   1021.2799	      0.0000
   1021.3109	    822.7119
   1021.3419	   2094.8264
   1021.3728	   3171.4746
   1021.4038	   3337.0671
   1021.4347	   2519.1565
   1021.4657	   1328.3975
   1021.4967	      0.0000
   1021.5276	      0.0000
   1021.5586	      0.0000
   1021.5896	      0.0000
   1022.2093	      0.0000
   1022.2403	      0.0000
   1022.2713	      0.0000
   1022.3023	      0.0000
   1022.3333	   1138.6771
   1022.3643	   2373.2981
   1022.3953	   3008.2732
   1022.4263	   2554.4585
   1022.4574	   1413.8361
   1022.4884	      0.0000
   1022.5194	      0.0000
   1022.5504	      0.0000
   1022.5814	      0.0000
   1035.5128	      0.0000
   1035.5444	      0.0000
   1035.5761	      0.0000
   1035.6077	      0.0000
   1035.6393	   1217.8522
   1035.6709	   2436.6545
   1035.7025	   3293.8750
   1035.7341	   3171.6326
   1035.7657	   2143.0247
   1035.7974	    895.2626
   1035.8290	      0.0000
   1035.8606	      0.0000
   1035.8922	      0.0000
   1035.9239	      0.0000
   1038.2364	      0.0000
   1038.2682	      0.0000
   1038.2999	      0.0000
   1038.3316	      0.0000
   1038.3634	   1302.0613
   1038.3951	   2444.1809
   1038.4268	   3201.7339
   1038.4586	   2977.6074
   1038.4903	   1899.0393
   1038.5324	      0.0000
   1038.5642	      0.0000
   1038.5959	      0.0000
   1038.6277	      0.0000
   1039.1676	      0.0000
   1039.1994	      0.0000
   1039.2312	      0.0000
   1039.2630	      0.0000
   1039.2947	    846.4637
   1039.3265	   3042.9294
   1039.3583	   7709.9116
   1039.3901	  12879.3467
   1039.4219	  16277.4717
   1039.4537	  12603.5723
   1039.4854	   7186.5552
   1039.5172	   2011.2666
   1039.5490	      0.0000
   1039.5705	      0.0000
   1039.6022	      0.0000
   1039.6340	      0.0000
   1039.6658	      0.0000
   1040.2066	      0.0000
   1040.2384	      0.0000
   1040.2703	      0.0000
   1040.3021	      0.0000
   1040.3339	   1562.0743
   1040.3657	   3455.4038
   1040.3976	   7500.0566
   1040.4294	   7496.6372
   1040.4612	   4509.6665
   1040.4931	   1871.3302
   1040.5371	      0.0000
   1040.5690	      0.0000
   1040.6008	      0.0000
   1040.6327	      0.0000
   1056.1842	      0.0000
   1056.2168	      0.0000
   1056.2493	      0.0000
   1056.2819	      0.0000
   1056.3145	   1890.1938
   1056.3470	   5667.0244
   1056.3796	  13615.4219
   1056.4122	  22539.6875
   1056.4447	  27421.8867
   1056.4773	  20310.8184
   1056.5099	  11346.7451
   1056.5424	   2863.0471
   1056.5750	      0.0000
   1056.6056	      0.0000
   1056.6382	      0.0000
   1056.6708	      0.0000
   1056.7033	      0.0000
   1057.1596	      0.0000
   1057.1922	      0.0000
   1057.2249	      0.0000
   1057.2575	      0.0000
   1057.2901	   1552.9207
   1057.3227	   3986.5979
   1057.3553	  11756.8682
   1057.3879	  22540.7129
   1057.4205	  33516.0391
   1057.4531	  31882.0234
   1057.4857	  19746.4570
   1057.5184	   8476.8818
   1057.5510	   1027.5969
   1057.5838	      0.0000
   1057.6164	      0.0000
   1057.6490	      0.0000
   1057.6816	      0.0000
   1058.2039	      0.0000
   1058.2365	      0.0000
   1058.2692	      0.0000
   1058.3018	      0.0000
   1058.3345	   1766.6586
   1058.3671	   6044.0845
   1058.3998	  11309.5508
   1058.4325	  15934.9199
   1058.4651	  13207.9912
   1058.4978	   7495.1387
   1058.5305	   2222.1443
   1058.5631	      0.0000
   1058.5854	      0.0000
   1058.6181	      0.0000
   1058.6508	      0.0000
   1058.6834	      0.0000
   1059.2064	      0.0000
   1059.2391	      0.0000
   1059.2718	      0.0000
   1059.3045	      0.0000
   1059.3372	   1640.6072
   1059.3699	   5375.7705
   1059.4026	   8565.6318
   1059.4353	  10360.6748
   1059.4680	   8143.6484
   1059.5008	   4623.9829
   1059.5335	   1334.4716
   1059.5662	      0.0000
   1059.5989	      0.0000
   1059.6316	      0.0000
   1059.6643	      0.0000
   1060.2208	      0.0000
   1060.2535	      0.0000
   1060.2863	      0.0000
   1060.3190	      0.0000
   1060.3518	   1582.4165
   1060.3845	   2476.5522
   1060.4173	   2748.1289
   1060.4500	   2187.4302
   1060.4828	   1143.2435
   1060.5226	      0.0000
   1060.5553	      0.0000
   1060.5881	      0.0000
   1060.6209	      0.0000
   1074.1492	      0.0000
   1074.1826	      0.0000
   1074.2160	      0.0000
   1074.2494	      0.0000
   1074.2828	   1578.5526
   1074.3162	   2536.1128
   1074.3496	   6276.5542
   1074.3830	  17251.3887
   1074.4164	  29552.5078
   1074.4498	  38952.1289
   1074.4832	  31325.3770
   1074.5166	  18287.7031
   1074.5500	   6020.4365
   1074.5834	    524.2748
   1074.6132	      0.0000
   1074.6466	      0.0000
   1074.6801	      0.0000
   1074.7135	      0.0000
   1075.2149	      0.0000
   1075.2484	      0.0000
   1075.2818	      0.0000
   1075.3153	      0.0000
   1075.3487	   1516.4598
   1075.3822	   6023.4863
   1075.4156	  11250.7598
   1075.4491	  15509.0801
   1075.4825	  12388.7705
   1075.5160	   6906.9209
   1075.5494	   1892.4365
   1075.6043	      0.0000
   1075.6378	      0.0000
   1075.6713	      0.0000
   1075.7047	      0.0000
   1077.2122	      0.0000
   1077.2457	      0.0000
   1077.2793	      0.0000
   1077.3128	      0.0000
   1077.3463	    717.8792
   1077.3799	   3482.1816
   1077.4134	   8193.7881
   1077.4470	  14159.7227
   1077.4805	  19838.5801
   1077.5141	  18262.5586
   1077.5476	  11203.3721
   1077.5812	   4577.4111
   1077.6147	    117.7780
   1077.6234	      0.0000
   1077.6570	      0.0000
   1077.6905	      0.0000
   1077.7241	      0.0000
   1078.2613	      0.0000
   1078.2948	      0.0000
   1078.3284	      0.0000
   1078.3620	      0.0000
   1078.3956	   1815.2183
   1078.4292	   3347.5164
   1078.4628	   4349.7515
   1078.4964	   4167.0957
   1078.5300	   2913.4036
   1078.5636	   1393.5792
   1078.5972	      0.0000
   1078.6308	      0.0000
   1078.6644	      0.0000
   1078.6980	      0.0000
   1138.2149	      0.0000
   1138.2514	      0.0000
   1138.2878	      0.0000
   1138.3242	      0.0000
   1138.3607	    924.0760
   1138.3971	   3550.9109
   1138.4335	   7197.1948
   1138.4700	  10943.4043
   1138.5064	  10142.9492
   1138.5428	   5884.9453
   1138.5793	   2067.5403
   1138.6157	      0.0000
   1138.6608	      0.0000
   1138.6972	      0.0000
   1138.7337	      0.0000
   1138.7701	      0.0000
   1139.2076	      0.0000
   1139.2441	      0.0000
   1139.2806	      0.0000
   1139.3171	      0.0000
   1139.3535	   1198.9377
   1139.3900	   4707.5659
   1139.4265	   9435.8262
   1139.4630	  14223.5303
   1139.4995	  13224.8604
   1139.5360	   7948.3994
   1139.5724	   3134.8474
   1139.6089	    320.1656
   1139.6368	      0.0000
   1139.6733	      0.0000
   1139.7098	      0.0000
   1139.7463	      0.0000
   1145.2775	      0.0000
   1145.3143	      0.0000
   1145.3511	      0.0000
   1145.3878	      0.0000
   1145.4246	   1183.6205
   1145.4614	   2857.2695
   1145.4981	   4396.9883
   1145.5349	   6834.4170
   1145.5717	   4154.0815
   1145.6085	   2036.2247
   1145.6453	    776.7421
   1145.6820	      0.0000
   1145.7188	      0.0000
   1145.7556	      0.0000
   1145.7924	      0.0000
   1146.1972	      0.0000
   1146.2340	      0.0000
   1146.2708	      0.0000
   1146.3076	      0.0000
   1146.3444	    718.4371
   1146.3812	   2068.8079
   1146.4181	   3532.5051
   1146.4549	   4171.6099
   1146.4917	   3591.1851
   1146.5285	   2246.4021
   1146.5653	    953.9336
   1146.6022	      0.0000
   1146.6390	      0.0000
   1146.6758	      0.0000
   1146.7127	      0.0000
   1147.1548	      0.0000
   1147.1916	      0.0000
   1147.2285	      0.0000
   1147.2654	      0.0000
   1147.3022	    552.5056
   1147.3391	   1935.3613
   1147.3759	   3908.7651
   1147.4128	   8783.7783
   1147.4497	   8511.7588
   1147.4865	   5516.5747
   1147.5234	   2052.6594
   1147.5603	    768.4673
   1147.6071	      0.0000
   1147.6440	      0.0000
   1147.6809	      0.0000
   1147.7178	      0.0000
   1155.2041	      0.0000
   1155.2414	      0.0000
   1155.2786	      0.0000
   1155.3159	      0.0000
   1155.3531	    795.1588
   1155.3904	   3272.4626
   1155.4276	  10260.0371
   1155.4649	  18348.0098
   1155.5021	  24815.8965
   1155.5394	  19928.4590
   1155.5766	  11493.7090
   1155.6139	   3418.6023
   1155.6512	    254.1159
   1155.6966	      0.0000
   1155.7339	      0.0000
   1155.7712	      0.0000
   1155.8084	      0.0000
   1156.1439	      0.0000
   1156.1812	      0.0000
   1156.2185	      0.0000
   1156.2558	      0.0000
   1156.2931	   1632.3345
   1156.3304	   2169.5845
   1156.3677	   4246.6704
   1156.4050	  10445.1514
   1156.4423	  22644.6387
   1156.4796	  36245.7539
   1156.5169	  40845.8164
   1156.5542	  27832.0313
   1156.5915	  14028.3359
   1156.6288	   2223.3201
   1156.6661	      0.0000
   1156.7014	      0.0000
   1156.7387	      0.0000
   1156.7760	      0.0000
   1156.8133	      0.0000
   1157.1866	      0.0000
   1157.2240	      0.0000
   1157.2613	      0.0000
   1157.2987	      0.0000
   1157.3360	   1037.7439
   1157.3733	   2614.8425
   1157.4107	   7435.3521
   1157.4480	  13913.8135
   1157.4854	  20236.9590
   1157.5228	  18519.1035
   1157.5601	  11130.3555
   1157.5975	   4257.0288
   1157.6348	    144.8671
   1157.6561	      0.0000
   1157.6934	      0.0000
   1157.7308	      0.0000
   1157.7682	      0.0000
   1158.2541	      0.0000
   1158.2915	      0.0000
   1158.3289	      0.0000
   1158.3663	      0.0000
   1158.4037	   1037.2125
   1158.4411	   2458.0291
   1158.4785	   3596.5186
   1158.5159	   3571.3132
   1158.5533	   2370.2859
   1158.5907	    969.6287
   1158.6281	      0.0000
   1158.6655	      0.0000
   1158.7029	      0.0000
   1158.7403	      0.0000
   1164.1845	      0.0000
   1164.2221	      0.0000
   1164.2598	      0.0000
   1164.2975	      0.0000
   1164.3352	   1143.4133
   1164.3729	   3136.6394
   1164.4106	   7754.3286
   1164.4482	   8998.2520
   1164.4859	   6106.9209
   1164.5236	   2921.6973
   1164.5613	   1173.0591
   1164.6120	      0.0000
   1164.6497	      0.0000
   1164.6874	      0.0000
   1164.7251	      0.0000
   1173.1406	      0.0000
   1173.1787	      0.0000
   1173.2168	      0.0000
   1173.2549	      0.0000
   1173.2931	    790.9583
   1173.3312	   2480.4812
   1173.3693	   5246.3184
   1173.4074	  12914.5342
   1173.4456	  34397.1758
   1173.4837	  58208.9063
   1173.5218	  74783.8281
   1173.5599	  57304.5508
   1173.5981	  32728.6738
   1173.6362	   8956.9316
   1173.6744	    731.4330
   1173.7162	      0.0000
   1173.7544	      0.0000
   1173.7925	      0.0000
   1173.8307	      0.0000
   1174.2122	      0.0000
   1174.2504	      0.0000
   1174.2886	      0.0000
   1174.3267	      0.0000
   1174.3649	   1495.0555
   1174.4031	   4102.2988
   1174.4413	  11790.8525
   1174.4794	  21960.7832
   1174.5176	  32103.0918
   1174.5558	  29674.3965
   1174.5940	  18016.4590
   1174.6322	   7221.8359
   1174.6703	    436.5286
   1174.6918	      0.0000
   1174.7300	      0.0000
   1174.7682	      0.0000
   1174.8064	      0.0000
   1175.2267	      0.0000
   1175.2649	      0.0000
   1175.3031	      0.0000
   1175.3413	      0.0000
   1175.3795	   1129.7640
   1175.4178	   3768.2766
   1175.4560	   7558.6045
   1175.4942	  11282.4238
   1175.5324	  10211.8760
   1175.5707	   6014.4458
   1175.6089	   2101.1038
   1175.6471	      0.0000
   1175.6854	      0.0000
   1175.7236	      0.0000
   1175.7619	      0.0000
   1175.8001	      0.0000
   1187.2800	      0.0000
   1187.3188	      0.0000
   1187.3576	      0.0000
   1187.3964	      0.0000
   1187.4352	    970.8099
   1187.4740	   2167.3550
   1187.5128	   3027.5486
   1187.5516	   2988.4043
   1187.5905	   2114.0925
   1187.6293	   1019.0334
   1187.6681	      0.0000
   1187.7069	      0.0000
   1187.7458	      0.0000
   1187.7846	      0.0000
   1205.2540	      0.0000
   1205.2937	      0.0000
   1205.3334	      0.0000
   1205.3731	      0.0000
   1205.4128	   1717.7170
   1205.4525	   3457.6333
   1205.4922	   7053.8945
   1205.5319	   7794.6162
   1205.5716	   5139.7031
   1205.6113	   2433.5393
   1205.6510	   1023.0238
   1205.6908	      0.0000
   1205.7305	      0.0000
   1205.7703	      0.0000
   1205.8100	      0.0000
   1259.2331	      0.0000
   1259.2755	      0.0000
   1259.3178	      0.0000
   1259.3602	      0.0000
   1259.4026	    845.3973
   1259.4450	   2100.6072
   1259.4874	   3252.4165
   1259.5298	   3461.0142
   1259.5722	   2541.1960
   1259.6146	   1195.3400
   1259.6570	      0.0000
   1259.6994	      0.0000
   1259.7418	      0.0000
   1259.7843	      0.0000
   1260.2509	      0.0000
   1260.2934	      0.0000
   1260.3358	      0.0000
   1260.3783	      0.0000
   1260.4207	   1256.4148
   1260.4631	   2033.5342
   1260.5056	   2397.6121
   1260.5480	   2121.1511
   1260.5905	   1353.2845
   1260.6330	      0.0000
   1260.6754	      0.0000
   1260.7179	      0.0000
   1260.7603	      0.0000
   1277.2254	      0.0000
   1277.2687	      0.0000
   1277.3120	      0.0000
   1277.3553	      0.0000
   1277.3986	    922.1492
   1277.4419	   2308.1057
   1277.4852	   3609.3992
   1277.5285	   3922.6729
   1277.5718	   2972.3950
   1277.6151	   1457.5894
   1277.6584	      0.0000
   1277.7018	      0.0000
   1277.7451	      0.0000
   1277.7884	      0.0000
   1278.2651	      0.0000
   1278.3085	      0.0000
   1278.3518	      0.0000
   1278.3952	      0.0000
   1278.4385	   1163.7103
   1278.4819	   2530.4890
   1278.5253	   3363.8003
   1278.5686	   3058.6638
   1278.6120	   1902.3409
   1278.6554	      0.0000
   1278.6987	      0.0000
   1278.7421	      0.0000
   1278.7855	      0.0000
   1284.2684	      0.0000
   1284.3121	      0.0000
   1284.3558	      0.0000
   1284.3994	      0.0000
   1284.4431	    919.9452
   1284.4867	   2267.0034
   1284.5304	   3476.3831
   1284.5741	   3703.2710
   1284.6178	   2804.5959
   1284.6614	   1433.8328
   1284.7051	      0.0000
   1284.7488	      0.0000
   1284.7925	      0.0000
   1284.8362	      0.0000
   1301.2422	      0.0000
   1301.2867	      0.0000
   1301.3312	      0.0000
   1301.3758	      0.0000
   1301.4203	    796.5007
   1301.4648	   2324.3867
   1301.5094	   6401.8032
   1301.5539	   9515.5615
   1301.5985	   8949.9453
   1301.6430	   5193.9609
   1301.6875	   1647.6436
   1301.7321	      0.0000
   1301.7766	      0.0000
   1301.8212	      0.0000
   1301.8658	      0.0000
   1302.2223	      0.0000
   1302.2668	      0.0000
   1302.3114	      0.0000
   1302.3560	      0.0000
   1302.4006	    965.0120
   1302.4452	   3950.8379
   1302.4898	   8374.4082
   1302.5343	  13079.9014
   1302.5789	  13185.2607
   1302.6235	   8311.5654
   1302.6681	   3730.7791
   1302.7127	    346.3481
   1302.7573	      0.0000
   1302.8019	      0.0000
   1302.8465	      0.0000
   1302.8911	      0.0000
   1303.2927	      0.0000
   1303.3373	      0.0000
   1303.3820	      0.0000
   1303.4266	      0.0000
   1303.4712	   1711.4896
   1303.5159	   3091.1687
   1303.5605	   3992.1338
   1303.6052	   3688.4690
   1303.6498	   2362.6611
   1303.6945	   1004.4370
   1303.7594	      0.0000
   1303.8041	      0.0000
   1303.8488	      0.0000
   1303.8934	      0.0000
   1319.0747	      0.0000
   1319.1202	      0.0000
   1319.1656	      0.0000
   1319.2111	      0.0000
   1319.2565	      0.0000
   1319.3020	   2864.0085
   1319.3474	   3212.4048
   1319.3929	   6175.0137
   1319.4383	  13046.6885
   1319.4838	  34564.5781
   1319.5293	  66390.2969
   1319.5747	  99738.3203
   1319.6202	  96907.9688
   1319.6657	  60671.1914
   1319.7111	  26751.3496
   1319.7566	   3960.2451
   1319.8021	      0.0000
   1319.8272	      0.0000
   1319.8727	      0.0000
   1319.9182	      0.0000
   1319.9637	      0.0000
   1320.0547	      0.0000
   1320.1002	      0.0000
   1320.1457	      0.0000
   1320.1912	      0.0000
   1320.2367	   1115.2100
   1320.2822	   2634.3516
   1320.3277	   2146.4395
   1320.3944	   3430.3147
   1320.4399	   7326.3896
   1320.4854	  19445.0898
   1320.5310	  37159.7461
   1320.5765	  55959.5313
   1320.6220	  54645.9180
   1320.6675	  34043.8047
   1320.7130	  14796.1328
   1320.7586	   1689.2037
   1320.8085	      0.0000
   1320.8541	      0.0000
   1320.8996	      0.0000
   1320.9451	      0.0000
   1321.2184	      0.0000
   1321.2639	      0.0000
   1321.3095	      0.0000
   1321.3551	      0.0000
   1321.4006	    999.4203
   1321.4462	   2587.3374
   1321.4917	   7245.0493
   1321.5373	  13915.3047
   1321.5829	  20999.9707
   1321.6284	  20257.8066
   1321.6740	  12321.6240
   1321.7196	   4920.7578
   1321.7652	     95.2156
   1321.7851	      0.0000
   1321.8307	      0.0000
   1321.8763	      0.0000
   1321.9219	      0.0000
   1358.2595	      0.0000
   1358.3070	      0.0000
   1358.3545	      0.0000
   1358.4020	      0.0000
   1358.4494	    964.1168
   1358.4969	   2506.8394
   1358.5444	   4049.9453
   1358.5919	   4502.3062
   1358.6394	   3538.8254
   1358.6869	   1899.5181
   1358.7345	      0.0000
   1358.7820	      0.0000
   1358.8295	      0.0000
   1358.8770	      0.0000
   1376.2418	      0.0000
   1376.2903	      0.0000
   1376.3387	      0.0000
   1376.3871	      0.0000
   1376.4356	   1289.6354
   1376.4840	   5176.7671
   1376.5324	   9724.6807
   1376.5809	  13666.6279
   1376.6293	  11394.6592
   1376.6778	   6626.3770
   1376.7262	   2081.3953
   1376.7747	      0.0000
   1376.8232	      0.0000
   1376.8716	      0.0000
   1376.9201	      0.0000
   1376.9685	      0.0000
   1377.2594	      0.0000
   1377.3079	      0.0000
   1377.3564	      0.0000
   1377.4048	      0.0000
   1377.4533	    916.8846
   1377.5018	   2751.3831
   1377.5503	   7242.0913
   1377.5988	   9193.1807
   1377.6473	   6847.9150
   1377.6958	   3737.5903
   1377.7443	    620.6395
   1377.7928	      0.0000
   1377.8414	      0.0000
   1377.8899	      0.0000
   1377.9384	      0.0000
   1378.2781	      0.0000
   1378.3266	      0.0000
   1378.3751	      0.0000
   1378.4237	      0.0000
   1378.4722	   1718.3231
   1378.5208	   2779.6062
   1378.5693	   3273.4312
   1378.6179	   2888.7617
   1378.6664	   1829.5594
   1378.7150	      0.0000
   1378.7636	      0.0000
   1378.8121	      0.0000
   1378.8607	      0.0000
   1402.2722	      0.0000
   1402.3220	      0.0000
   1402.3718	      0.0000
   1402.4216	      0.0000
   1402.4715	   1330.4576
   1402.5213	   3038.1138
   1402.5711	   7241.3008
   1402.6209	   8511.9307
   1402.6708	   6206.4868
   1402.7206	   3320.9666
   1402.7704	   1252.9327
   1402.8468	      0.0000
   1402.8966	      0.0000
   1402.9464	      0.0000
   1402.9963	      0.0000
   1522.1374	      0.0000
   1522.1937	      0.0000
   1522.2500	      0.0000
   1522.3064	      0.0000
   1522.3627	   1916.6259
   1522.4190	   3489.2395
   1522.4754	   6857.5273
   1522.5317	  17592.5449
   1522.5881	  35241.7773
   1522.6444	  54374.8242
   1522.7008	  55551.1836
   1522.7572	  35403.1836
   1522.8135	  16122.9785
   1522.8699	   2001.0419
   1522.9280	      0.0000
   1522.9844	      0.0000
   1523.0408	      0.0000
   1523.0972	      0.0000
   1523.1536	      0.0000
   1523.2099	      0.0000
   1523.2663	      0.0000
   1523.3227	      0.0000
   1523.3791	   1481.8287
   1523.4355	   2387.2600
   1523.4919	   5467.1812
   1523.5483	  13858.2236
   1523.6047	  25317.2031
   1523.6611	  37056.6289
   1523.7176	  34600.0273
   1523.7740	  21093.4707
   1523.8304	   8471.1846
   1523.8868	    360.4152
   1523.9138	      0.0000
   1523.9702	      0.0000
   1524.0266	      0.0000
   1524.0831	      0.0000
   1524.1959	      0.0000
   1524.2524	      0.0000
   1524.3088	      0.0000
   1524.3653	      0.0000
   1524.4217	    473.2853
   1524.4782	   3083.8503
   1524.5347	   6688.4531
   1524.5911	  10866.5645
   1524.6476	  13626.2178
   1524.7041	  10054.4668
   1524.7605	   5282.3804
   1524.8170	    665.6063
   1524.8735	      0.0000
   1524.9300	      0.0000
   1524.9865	      0.0000
   1525.0429	      0.0000
   1525.3254	      0.0000
   1525.3819	      0.0000
   1525.4385	      0.0000
   1525.4950	      0.0000
   1525.5515	   1531.8979
   1525.6080	   2467.5208
   1525.6645	   2837.3589
   1525.7211	   2402.9602
   1525.7776	   1462.0033
   1525.8341	      0.0000
   1525.8907	      0.0000
   1525.9472	      0.0000
   1526.0037	      0.0000
   2585.9305	      0.0000
   2586.0552	      0.0000
   2586.1800	      0.0000
   2586.3047	      0.0000
