# ljz_20131022_MR_Chym1_ELUTE.mzML
#
# index: 2243
# id: controllerType=0 controllerNumber=1 scan=7763
# scanNumber: 7763
# massAnalyzerType: quadrupole
# scanEvent: 2
# msLevel: 2
# retentionTime: 2119.17
# filterString: FTMS + p NSI d Full ms2 751.96@hcd28.00 [100.00-2320.00]
# mzLow: 99.0036
# mzHigh: 2343.81
# basePeakMZ: 138.055
# basePeakIntensity: 347884
# totalIonCurrent: 1.69749e+006
# precursorCount: 1
# precursor 0: 751.621 898301
# binary (1760): 
     99.0036	      0.0000
     99.0045	      0.0000
     99.0054	      0.0000
     99.0064	      0.0000
    103.0162	      0.0000
    103.0172	      0.0000
    103.0182	      0.0000
    103.0192	      0.0000
    103.0201	    655.9447
    103.0211	   1241.8713
    103.0221	   1563.8149
    103.0231	   1394.5941
    103.0241	    864.3619
    103.0251	      0.0000
    103.0261	      0.0000
    103.0271	      0.0000
    103.0281	      0.0000
    109.0209	      0.0000
    109.0220	      0.0000
    109.0231	      0.0000
    109.0242	      0.0000
    109.0252	    972.4432
    109.0263	   3551.2607
    109.0274	   8002.5596
    109.0285	  12761.3232
    109.0296	  13579.2852
    109.0306	   8938.0986
    109.0317	   4371.1411
    109.0328	    907.6550
    109.0338	      0.0000
    109.0349	      0.0000
    109.0359	      0.0000
    109.0370	      0.0000
    110.0254	      0.0000
    110.0265	      0.0000
    110.0276	      0.0000
    110.0287	      0.0000
    110.0298	    528.4272
    110.0309	   1154.2086
    110.0320	   1459.4509
    110.0331	   1199.2723
    110.0342	    598.6476
    110.0353	      0.0000
    110.0363	      0.0000
    110.0374	      0.0000
    110.0385	      0.0000
    110.0637	      0.0000
    110.0648	      0.0000
    110.0659	      0.0000
    110.0670	      0.0000
    110.0681	    384.4757
    110.0692	   1024.7677
    110.0703	   1912.0151
    110.0714	   2568.0869
    110.0725	   2515.6594
    110.0736	   1760.5492
    110.0747	    810.2054
    110.0758	      0.0000
    110.0769	      0.0000
    110.0780	      0.0000
    110.0790	      0.0000
    111.0384	      0.0000
    111.0395	      0.0000
    111.0406	      0.0000
    111.0417	      0.0000
    111.0428	    926.4596
    111.0439	   1545.2704
    111.0450	   1848.9121
    111.0461	   1625.9823
    111.0472	   1014.3347
    111.0484	    386.1916
    111.0496	      0.0000
    111.0507	      0.0000
    111.0518	      0.0000
    111.0529	      0.0000
    115.0297	      0.0000
    115.0309	      0.0000
    115.0320	      0.0000
    115.0332	      0.0000
    115.0344	    357.0887
    115.0355	   2046.3164
    115.0367	   6626.9951
    115.0379	  12694.1963
    115.0391	  18956.3926
    115.0402	  18185.9805
    115.0414	  11561.7441
    115.0426	   5364.7393
    115.0437	   1354.4972
    115.0449	    194.7327
    115.0458	      0.0000
    115.0470	      0.0000
    115.0482	      0.0000
    115.0493	      0.0000
    126.0385	      0.0000
    126.0398	      0.0000
    126.0412	      0.0000
    126.0425	      0.0000
    126.0439	    430.9138
    126.0452	   1524.1709
    126.0466	   1800.7948
    126.0479	   3508.8828
    126.0492	   4459.6025
    126.0506	  12616.2461
    126.0519	  43905.7734
    126.0533	  99543.5625
    126.0546	 159772.7813
    126.0560	 175241.2031
    126.0573	 119653.9141
    126.0586	  62633.7109
    126.0600	  18040.2656
    126.0613	   4393.2505
    126.0627	   2336.4617
    126.0640	   1595.1085
    126.0653	    517.5126
    126.0667	      0.0000
    126.0680	      0.0000
    126.0694	      0.0000
    126.0707	      0.0000
    126.0721	      0.0000
    126.0734	      0.0000
    126.0747	      0.0000
    126.0761	      0.0000
    126.0774	      0.0000
    127.0227	      0.0000
    127.0240	      0.0000
    127.0254	      0.0000
    127.0268	      0.0000
    127.0281	      0.0000
    127.0295	      0.0000
    127.0308	      0.0000
    127.0323	   1401.5050
    127.0336	   1798.5869
    127.0350	   5137.3125
    127.0364	  17256.9238
    127.0377	  34010.1680
    127.0391	  51175.0859
    127.0404	  48615.4414
    127.0418	  30457.8867
    127.0432	  13714.8408
    127.0445	   3202.1321
    127.0459	    299.7271
    127.0473	      0.0000
    127.0487	      0.0000
    127.0501	      0.0000
    127.0514	      0.0000
    127.0528	      0.0000
    127.0541	    894.1987
    127.0555	   3703.1863
    127.0568	   8260.9619
    127.0582	  13023.8623
    127.0596	  14203.3213
    127.0609	   9220.2227
    127.0623	   4297.7754
    127.0636	    730.6951
    127.0648	      0.0000
    127.0661	      0.0000
    127.0675	      0.0000
    127.0689	      0.0000
    128.0335	      0.0000
    128.0349	      0.0000
    128.0363	      0.0000
    128.0377	      0.0000
    128.0390	    835.0503
    128.0404	   1947.0349
    128.0418	   3049.4080
    128.0432	   4762.3320
    128.0445	   2707.8450
    128.0459	   1539.7655
    128.0473	    630.9679
    128.0486	      0.0000
    128.0500	      0.0000
    128.0513	      0.0000
    128.0527	      0.0000
    129.0926	      0.0000
    129.0940	      0.0000
    129.0954	      0.0000
    129.0968	      0.0000
    129.0982	    745.1179
    129.0996	   3515.0708
    129.1010	   7080.1777
    129.1024	  10657.4287
    129.1037	   9963.9443
    129.1051	   6186.6572
    129.1065	   2718.3923
    129.1079	    591.6274
    129.1095	      0.0000
    129.1109	      0.0000
    129.1123	      0.0000
    129.1137	      0.0000
    134.9814	      0.0000
    134.9829	      0.0000
    134.9844	      0.0000
    134.9859	      0.0000
    134.9873	    734.5140
    134.9888	   1051.5973
    134.9903	   3951.1299
    134.9918	   7859.1396
    134.9933	  11946.2510
    134.9948	  11658.3574
    134.9963	   7380.4082
    134.9978	   3451.0911
    134.9992	    638.4542
    135.0005	      0.0000
    135.0020	      0.0000
    135.0035	      0.0000
    135.0050	      0.0000
    138.0385	      0.0000
    138.0400	      0.0000
    138.0416	      0.0000
    138.0431	      0.0000
    138.0447	    810.1931
    138.0462	   4727.4351
    138.0477	   6106.7598
    138.0493	  15722.0068
    138.0508	  53043.0234
    138.0523	 157650.7188
    138.0539	 268727.2813
    138.0554	 347882.2500
    138.0570	 269987.4688
    138.0585	 158048.5469
    138.0600	  52266.7305
    138.0616	  13328.6348
    138.0631	   3659.8184
    138.0647	   2984.2185
    138.0662	    348.3759
    138.0677	      0.0000
    138.0692	      0.0000
    138.0708	      0.0000
    138.0723	      0.0000
    138.0862	      0.0000
    138.0877	      0.0000
    138.0892	      0.0000
    138.0908	      0.0000
    138.0923	      0.0000
    138.0939	      0.0000
    138.0954	      0.0000
    138.0969	      0.0000
    138.0985	      0.0000
    138.1000	      0.0000
    138.1016	      0.0000
    138.1031	      0.0000
    138.1047	      0.0000
    138.1062	      0.0000
    139.0454	      0.0000
    139.0470	      0.0000
    139.0485	      0.0000
    139.0501	      0.0000
    139.0516	    376.3048
    139.0532	   2087.5684
    139.0548	   7547.6260
    139.0563	  15985.7598
    139.0579	  25122.9258
    139.0594	  25825.1250
    139.0610	  16890.0059
    139.0625	   8363.3359
    139.0641	   2317.2676
    139.0656	    524.9139
    139.0672	      0.0000
    139.0687	      0.0000
    139.0703	      0.0000
    139.0718	      0.0000
    140.0508	      0.0000
    140.0524	      0.0000
    140.0540	      0.0000
    140.0555	      0.0000
    140.0571	    580.3807
    140.0587	   1224.7367
    140.0603	   1588.2830
    140.0618	   1416.9731
    140.0634	    854.0980
    140.0652	      0.0000
    140.0667	      0.0000
    140.0683	      0.0000
    140.0699	      0.0000
    144.0509	      0.0000
    144.0525	      0.0000
    144.0542	      0.0000
    144.0558	      0.0000
    144.0574	    746.8314
    144.0591	   1505.7772
    144.0607	   5294.3564
    144.0624	  17575.5020
    144.0640	  32799.7148
    144.0656	  47017.9297
    144.0673	  41382.1875
    144.0689	  25085.4199
    144.0706	  10064.5020
    144.0722	   2292.8391
    144.0738	    467.2494
    144.0755	      0.0000
    144.0772	      0.0000
    144.0788	      0.0000
    144.0805	      0.0000
    145.0367	      0.0000
    145.0383	      0.0000
    145.0400	      0.0000
    145.0416	      0.0000
    145.0433	    856.9886
    145.0449	   3893.7351
    145.0466	  12821.6504
    145.0482	  23460.7598
    145.0499	  32745.3125
    145.0516	  27682.2773
    145.0532	  16479.7461
    145.0549	   6096.0698
    145.0565	   1197.9023
    145.0582	    113.9788
    145.0596	      0.0000
    145.0613	      0.0000
    145.0629	      0.0000
    145.0646	      0.0000
    145.0663	    817.5053
    145.0679	   1513.1885
    145.0696	   1752.2341
    145.0712	   1419.7363
    145.0729	    788.7089
    145.0746	      0.0000
    145.0762	      0.0000
    145.0779	      0.0000
    145.0795	      0.0000
    149.6190	      0.0000
    149.6207	      0.0000
    149.6225	      0.0000
    149.6242	      0.0000
    149.6259	    556.5156
    149.6277	   1145.6049
    149.6294	   1551.2158
    149.6311	   1462.2469
    149.6329	    930.1239
    149.6346	      0.0000
    149.6363	      0.0000
    149.6381	      0.0000
    149.6398	      0.0000
    152.9942	      0.0000
    152.9960	      0.0000
    152.9978	      0.0000
    152.9995	      0.0000
    153.0013	    906.4098
    153.0031	   1538.0817
    153.0049	   1716.8679
    153.0067	   1262.3390
    153.0085	    520.9268
    153.0104	      0.0000
    153.0122	      0.0000
    153.0140	      0.0000
    153.0158	      0.0000
    156.0661	      0.0000
    156.0680	      0.0000
    156.0698	      0.0000
    156.0717	      0.0000
    156.0735	    991.0870
    156.0754	   2012.4865
    156.0772	   2647.1426
    156.0791	   2422.9436
    156.0809	   1532.3695
    156.0828	    613.1782
    156.0845	      0.0000
    156.0863	      0.0000
    156.0882	      0.0000
    156.0900	      0.0000
    163.0436	      0.0000
    163.0455	      0.0000
    163.0475	      0.0000
    163.0495	      0.0000
    163.0515	    223.8130
    163.0534	   1745.4939
    163.0554	   7279.1895
    163.0574	  16249.5439
    163.0594	  25960.0273
    163.0613	  27463.6777
    163.0633	  18295.2637
    163.0653	   9232.8770
    163.0673	   2659.6619
    163.0692	    773.5323
    163.0714	      0.0000
    163.0733	      0.0000
    163.0753	      0.0000
    163.0773	      0.0000
    167.0805	      0.0000
    167.0826	      0.0000
    167.0846	      0.0000
    167.0867	      0.0000
    167.0887	    616.2482
    167.0908	   1534.4567
    167.0928	   2264.8499
    167.0948	   2300.4209
    167.0969	   1649.6626
    167.0989	    811.6315
    167.1010	      0.0000
    167.1031	      0.0000
    167.1051	      0.0000
    167.1072	      0.0000
    168.0434	      0.0000
    168.0455	      0.0000
    168.0475	      0.0000
    168.0496	      0.0000
    168.0517	    957.8717
    168.0537	   2179.0332
    168.0558	   2430.8057
    168.0579	   5933.6738
    168.0599	  20580.5527
    168.0620	  58092.5547
    168.0641	  98168.3438
    168.0661	 122957.9375
    168.0682	  92439.2578
    168.0703	  52774.0391
    168.0723	  16588.3242
    168.0744	   4229.7075
    168.0765	   1428.6782
    168.0785	   1134.7157
    168.0806	     90.5561
    168.0828	      0.0000
    168.0849	      0.0000
    168.0870	      0.0000
    168.0890	      0.0000
    169.0544	      0.0000
    169.0565	      0.0000
    169.0586	      0.0000
    169.0606	      0.0000
    169.0627	    886.6421
    169.0648	   2939.2041
    169.0669	   5998.0532
    169.0690	   9123.5830
    169.0711	   8751.4775
    169.0732	   5349.6611
    169.0752	   2217.2676
    169.0773	    293.4973
    169.0793	      0.0000
    169.0814	      0.0000
    169.0835	      0.0000
    169.0856	      0.0000
    186.0517	      0.0000
    186.0541	      0.0000
    186.0565	      0.0000
    186.0589	      0.0000
    186.0614	   1036.1405
    186.0638	   1619.3405
    186.0662	   2532.7017
    186.0686	   8587.2529
    186.0710	  29706.9473
    186.0734	  58741.3398
    186.0758	  88595.4922
    186.0782	  84669.1094
    186.0806	  53495.6484
    186.0830	  24616.2715
    186.0854	   6724.3022
    186.0878	   1986.4717
    186.0902	   1428.0864
    186.0927	    310.1554
    186.0950	      0.0000
    186.0974	      0.0000
    186.0998	      0.0000
    186.1022	      0.0000
    187.0619	      0.0000
    187.0643	      0.0000
    187.0668	      0.0000
    187.0692	      0.0000
    187.0716	    681.6788
    187.0741	   2102.0286
    187.0765	   4358.4419
    187.0789	   6660.0151
    187.0813	   6626.6333
    187.0838	   4252.4399
    187.0862	   2000.7966
    187.0886	    736.0898
    187.0913	      0.0000
    187.0938	      0.0000
    187.0962	      0.0000
    187.0986	      0.0000
    204.0536	      0.0000
    204.0563	      0.0000
    204.0591	      0.0000
    204.0619	      0.0000
    204.0646	    378.5348
    204.0674	   1277.4940
    204.0702	   4452.0332
    204.0729	   6235.9741
    204.0757	  10138.8564
    204.0784	  31225.2070
    204.0812	  99922.7891
    204.0840	 184469.1250
    204.0867	 261773.8438
    204.0895	 228200.0000
    204.0923	 138812.7188
    204.0950	  56369.8164
    204.0978	  14682.8018
    204.1006	   4624.0703
    204.1033	   4232.3604
    204.1061	   1921.6666
    204.1087	   1986.8955
    204.1114	     62.0644
    204.1142	      0.0000
    204.1170	      0.0000
    204.1197	      0.0000
    204.1225	      0.0000
    205.0162	      0.0000
    205.0189	      0.0000
    205.0217	      0.0000
    205.0245	      0.0000
    205.0273	    424.1354
    205.0301	   1141.2578
    205.0329	   1824.9738
    205.0357	   1963.5657
    205.0384	   1439.5356
    205.0412	    654.6093
    205.0439	      0.0000
    205.0467	      0.0000
    205.0495	      0.0000
    205.0523	      0.0000
    205.0662	      0.0000
    205.0690	      0.0000
    205.0718	      0.0000
    205.0746	      0.0000
    205.0774	    253.8519
    205.0801	   1184.1309
    205.0829	   5093.2705
    205.0857	  12521.0166
    205.0885	  20576.4043
    205.0913	  23394.9395
    205.0941	  16249.6602
    205.0969	   8585.5723
    205.0996	   2285.9478
    205.1024	    211.2351
    205.1053	      0.0000
    205.1081	      0.0000
    205.1109	      0.0000
    205.1136	      0.0000
    206.0755	      0.0000
    206.0784	      0.0000
    206.0812	      0.0000
    206.0840	      0.0000
    206.0868	    861.4725
    206.0896	   1712.0006
    206.0924	   2162.5786
    206.0952	   1895.3259
    206.0980	   1175.3373
    206.1008	    500.9942
    206.1045	      0.0000
    206.1073	      0.0000
    206.1101	      0.0000
    206.1129	      0.0000
    213.0741	      0.0000
    213.0770	      0.0000
    213.0800	      0.0000
    213.0829	      0.0000
    213.0859	    799.3710
    213.0888	   1175.1505
    213.0918	   3222.5549
    213.0947	   7408.0542
    213.0977	  11947.6172
    213.1006	  13263.1582
    213.1036	   8900.2529
    213.1066	   4347.3125
    213.1095	    612.3741
    213.1116	      0.0000
    213.1145	      0.0000
    213.1175	      0.0000
    213.1204	      0.0000
    223.0233	      0.0000
    223.0265	      0.0000
    223.0297	      0.0000
    223.0328	      0.0000
    223.0360	    416.6964
    223.0391	   1383.2593
    223.0423	   2632.6365
    223.0455	   3349.1797
    223.0486	   2965.8621
    223.0518	   1781.8319
    223.0549	    672.3904
    223.0582	      0.0000
    223.0613	      0.0000
    223.0645	      0.0000
    223.0677	      0.0000
    228.1099	      0.0000
    228.1131	      0.0000
    228.1164	      0.0000
    228.1197	      0.0000
    228.1230	    440.4549
    228.1262	   1083.3010
    228.1295	   1708.9210
    228.1328	   1908.4589
    228.1360	   1523.0629
    228.1393	    819.3444
    228.1425	      0.0000
    228.1458	      0.0000
    228.1491	      0.0000
    228.1523	      0.0000
    236.9847	      0.0000
    236.9882	      0.0000
    236.9917	      0.0000
    236.9951	      0.0000
    236.9986	    668.2738
    237.0020	   1459.0952
    237.0055	   2077.7920
    237.0090	   2073.9592
    237.0124	   1466.4938
    237.0159	    699.7828
    237.0193	      0.0000
    237.0228	      0.0000
    237.0263	      0.0000
    237.0297	      0.0000
    241.0469	      0.0000
    241.0505	      0.0000
    241.0540	      0.0000
    241.0576	      0.0000
    241.0611	    326.2266
    241.0647	   1147.3790
    241.0682	   2111.3855
    241.0718	   2602.0471
    241.0753	   2287.8953
    241.0789	   1441.6139
    241.0824	    644.9993
    241.0860	      0.0000
    241.0896	      0.0000
    241.0931	      0.0000
    241.0967	      0.0000
    257.1385	      0.0000
    257.1424	      0.0000
    257.1463	      0.0000
    257.1502	      0.0000
    257.1541	   1086.6593
    257.1580	   1798.8582
    257.1620	   1977.4304
    257.1659	   1485.6903
    257.1698	    713.5279
    257.1738	      0.0000
    257.1777	      0.0000
    257.1816	      0.0000
    257.1855	      0.0000
    269.0851	      0.0000
    269.0893	      0.0000
    269.0935	      0.0000
    269.0977	      0.0000
    269.1019	    955.3378
    269.1061	   1318.8256
    269.1102	   1395.4995
    269.1144	   1111.2172
    269.1186	    621.3300
    269.1232	      0.0000
    269.1274	      0.0000
    269.1316	      0.0000
    269.1357	      0.0000
    356.1537	      0.0000
    356.1601	      0.0000
    356.1665	      0.0000
    356.1729	      0.0000
    356.1792	    628.2068
    356.1856	   1186.7917
    356.1920	   1477.3198
    356.1984	   1292.5271
    356.2048	    758.3332
    356.2111	      0.0000
    356.2175	      0.0000
    356.2239	      0.0000
    356.2303	      0.0000
    356.9904	      0.0000
    356.9968	      0.0000
    357.0032	      0.0000
    357.0096	      0.0000
    357.0160	    745.3149
    357.0224	   1968.3737
    357.0288	   3065.7175
    357.0352	   3196.5769
    357.0416	   2310.2944
    357.0480	   1126.1117
    357.0544	    355.2909
    357.0623	      0.0000
    357.0687	      0.0000
    357.0751	      0.0000
    357.0815	      0.0000
    366.0872	      0.0000
    366.0939	      0.0000
    366.1005	      0.0000
    366.1072	      0.0000
    366.1138	    845.6849
    366.1205	   2662.7822
    366.1271	   8087.9722
    366.1337	  14261.3330
    366.1404	  19223.2637
    366.1470	  15424.1436
    366.1537	   8986.3975
    366.1603	   2865.6238
    366.1670	    411.0179
    366.1722	      0.0000
    366.1789	      0.0000
    366.1855	      0.0000
    366.1922	      0.0000
    367.1045	      0.0000
    367.1112	      0.0000
    367.1178	      0.0000
    367.1245	      0.0000
    367.1312	    897.4670
    367.1379	   1340.6377
    367.1445	   1529.3373
    367.1512	   1313.8842
    367.1579	    824.7709
    367.1646	      0.0000
    367.1712	      0.0000
    367.1779	      0.0000
    367.1846	      0.0000
    371.1609	      0.0000
    371.1676	      0.0000
    371.1744	      0.0000
    371.1812	      0.0000
    371.1880	    588.5592
    371.1948	   1417.0552
    371.2016	   2100.2593
    371.2083	   2131.8030
    371.2151	   1490.7670
    371.2219	    674.5728
    371.2287	      0.0000
    371.2355	      0.0000
    371.2423	      0.0000
    371.2490	      0.0000
    380.1098	      0.0000
    380.1168	      0.0000
    380.1238	      0.0000
    380.1309	      0.0000
    380.1379	    901.1710
    380.1449	   1546.1364
    380.1520	   1801.8661
    380.1590	   1434.2117
    380.1660	    692.2143
    380.1734	      0.0000
    380.1804	      0.0000
    380.1875	      0.0000
    380.1945	      0.0000
    428.1349	      0.0000
    428.1433	      0.0000
    428.1517	      0.0000
    428.1601	      0.0000
    428.1685	    668.6611
    428.1769	   1697.9240
    428.1853	   2665.3208
    428.1937	   2895.0618
    428.2021	   2208.6453
    428.2105	   1122.9906
    428.2189	    355.3197
    428.2273	      0.0000
    428.2357	      0.0000
    428.2442	      0.0000
    428.2526	      0.0000
    437.1395	      0.0000
    437.1481	      0.0000
    437.1568	      0.0000
    437.1655	      0.0000
    437.1741	    364.4786
    437.1828	   1135.7903
    437.1915	   3021.6143
    437.2002	   5044.4131
    437.2088	   5563.6616
    437.2175	   3718.2976
    437.2262	   1678.4158
    437.2348	    674.5596
    437.2435	      0.0000
    437.2522	      0.0000
    437.2609	      0.0000
    437.2695	      0.0000
    440.1195	      0.0000
    440.1283	      0.0000
    440.1370	      0.0000
    440.1458	      0.0000
    440.1545	    422.8716
    440.1633	   1147.7727
    440.1721	   1884.3201
    440.1808	   2225.4949
    440.1896	   2000.3160
    440.1983	   1390.5480
    440.2071	    734.9595
    440.2159	      0.0000
    440.2246	      0.0000
    440.2334	      0.0000
    440.2421	      0.0000
    440.6191	      0.0000
    440.6279	      0.0000
    440.6367	      0.0000
    440.6455	      0.0000
    440.6542	    388.9518
    440.6630	   1117.7693
    440.6718	   1810.2242
    440.6806	   1922.0608
    440.6893	   1366.1963
    440.6981	    578.5219
    440.7069	      0.0000
    440.7157	      0.0000
    440.7244	      0.0000
    440.7332	      0.0000
    442.2202	      0.0000
    442.2290	      0.0000
    442.2378	      0.0000
    442.2466	      0.0000
    442.2555	    990.2086
    442.2643	   2028.8818
    442.2731	   2820.7095
    442.2819	   2813.0620
    442.2908	   2018.5452
    442.2996	   1006.4728
    442.3086	      0.0000
    442.3174	      0.0000
    442.3263	      0.0000
    442.3351	      0.0000
    483.7452	      0.0000
    483.7552	      0.0000
    483.7653	      0.0000
    483.7754	      0.0000
    483.7855	    875.5541
    483.7956	   1434.4622
    483.8057	   1751.6693
    483.8158	   1634.1056
    483.8259	   1138.8734
    483.8360	      0.0000
    483.8461	      0.0000
    483.8562	      0.0000
    483.8663	      0.0000
    484.2198	      0.0000
    484.2299	      0.0000
    484.2400	      0.0000
    484.2501	      0.0000
    484.2603	    599.0999
    484.2704	   1392.0865
    484.2805	   2103.0767
    484.2906	   2225.5210
    484.3007	   1647.1145
    484.3108	    786.8928
    484.3209	      0.0000
    484.3310	      0.0000
    484.3411	      0.0000
    484.3512	      0.0000
    485.2321	      0.0000
    485.2422	      0.0000
    485.2524	      0.0000
    485.2625	      0.0000
    485.2727	    800.0712
    485.2828	   1661.8978
    485.2929	   2166.0313
    485.3031	   1911.5073
    485.3132	   1116.5042
    485.3236	      0.0000
    485.3338	      0.0000
    485.3439	      0.0000
    485.3540	      0.0000
    528.1212	      0.0000
    528.1327	      0.0000
    528.1442	      0.0000
    528.1557	      0.0000
    528.1672	   1149.0364
    528.1788	   2021.0035
    528.1903	   2492.8931
    528.2018	   2201.5986
    528.2133	   1342.5699
    528.2248	    476.9454
    528.2363	      0.0000
    528.2478	      0.0000
    528.2594	      0.0000
    528.2709	      0.0000
    534.1353	      0.0000
    534.1470	      0.0000
    534.1587	      0.0000
    534.1705	      0.0000
    534.1822	   1156.7394
    534.1939	   1738.0477
    534.2056	   1805.4187
    534.2173	   1296.8571
    534.2290	    591.4093
    534.2407	      0.0000
    534.2524	      0.0000
    534.2642	      0.0000
    534.2759	      0.0000
    541.1830	      0.0000
    541.1950	      0.0000
    541.2069	      0.0000
    541.2189	      0.0000
    541.2308	    350.1189
    541.2428	   1425.6317
    541.2547	   4673.5166
    541.2667	   6878.2690
    541.2786	   6513.9854
    541.2905	   3854.8660
    541.3025	   1434.4176
    541.3144	      0.0000
    541.3283	      0.0000
    541.3402	      0.0000
    541.3522	      0.0000
    541.3641	      0.0000
    541.6151	      0.0000
    541.6271	      0.0000
    541.6390	      0.0000
    541.6510	      0.0000
    541.6630	    629.3932
    541.6749	   1186.9594
    541.6869	   3777.3206
    541.6988	   7551.4463
    541.7108	  11413.4424
    541.7227	  10890.9111
    541.7347	   6723.0225
    541.7467	   2864.6313
    541.7586	    466.1195
    541.7687	      0.0000
    541.7806	      0.0000
    541.7926	      0.0000
    541.8046	      0.0000
    542.1397	      0.0000
    542.1516	      0.0000
    542.1636	      0.0000
    542.1756	      0.0000
    542.1876	    995.0618
    542.1995	   2251.8369
    542.2115	   3169.6824
    542.2235	   3021.9939
    542.2355	   1929.1348
    542.2474	    759.4841
    542.2595	      0.0000
    542.2715	      0.0000
    542.2835	      0.0000
    542.2954	      0.0000
    615.1408	      0.0000
    615.1553	      0.0000
    615.1697	      0.0000
    615.1842	      0.0000
    615.1987	    832.4240
    615.2131	   1429.7428
    615.2276	   1733.4211
    615.2421	   1541.1476
    615.2566	    979.5040
    615.2747	      0.0000
    615.2892	      0.0000
    615.3037	      0.0000
    615.3182	      0.0000
    622.6214	      0.0000
    622.6361	      0.0000
    622.6509	      0.0000
    622.6656	      0.0000
    622.6803	    525.9493
    622.6951	   1626.3202
    622.7098	   4765.2944
    622.7245	   8559.3848
    622.7393	  11915.6152
    622.7540	  10167.9180
    622.7688	   6068.0708
    622.7835	   2248.1782
    622.7983	    386.4314
    622.8093	      0.0000
    622.8241	      0.0000
    622.8388	      0.0000
    622.8535	      0.0000
    623.1485	      0.0000
    623.1633	      0.0000
    623.1781	      0.0000
    623.1928	      0.0000
    623.2076	   1198.1272
    623.2223	   2133.6199
    623.2371	   2620.6736
    623.2518	   2306.6279
    623.2666	   1430.1147
    623.2814	    596.8083
    623.2961	      0.0000
    623.3109	      0.0000
    623.3256	      0.0000
    623.3404	      0.0000
    632.1270	      0.0000
    632.1420	      0.0000
    632.1571	      0.0000
    632.1722	      0.0000
    632.1873	    615.4320
    632.2023	   1444.1042
    632.2174	   2918.8472
    632.2325	   4702.1929
    632.2476	   3083.1765
    632.2627	   2075.6072
    632.2777	    986.3054
    632.2929	      0.0000
    632.3080	      0.0000
    632.3231	      0.0000
    632.3381	      0.0000
    689.6563	      0.0000
    689.6734	      0.0000
    689.6906	      0.0000
    689.7078	      0.0000
    689.7250	    927.3065
    689.7422	   1379.8279
    689.7593	   1568.6525
    689.7765	   1402.4774
    689.7937	    951.6030
    689.8109	      0.0000
    689.8281	      0.0000
    689.8453	      0.0000
    689.8625	      0.0000
    695.6563	      0.0000
    695.6737	      0.0000
    695.6911	      0.0000
    695.7085	      0.0000
    695.7259	    583.5579
    695.7433	   1365.5662
    695.7607	   1922.4484
    695.7782	   1820.5631
    695.7956	   1159.2338
    695.8130	      0.0000
    695.8304	      0.0000
    695.8478	      0.0000
    695.8652	      0.0000
    703.6432	      0.0000
    703.6609	      0.0000
    703.6786	      0.0000
    703.6963	      0.0000
    703.7140	    675.6307
    703.7317	   1618.7024
    703.7494	   2458.9043
    703.7671	   2622.8928
    703.7848	   1988.9824
    703.8026	   1032.1085
    703.8203	      0.0000
    703.8380	      0.0000
    703.8557	      0.0000
    703.8734	      0.0000
    704.1392	      0.0000
    704.1569	      0.0000
    704.1746	      0.0000
    704.1924	      0.0000
    704.2101	    677.2150
    704.2278	   1653.2554
    704.2455	   2764.8606
    704.2633	   3248.1011
    704.2810	   2695.7327
    704.2987	   1494.2761
    704.3164	    456.1859
    704.3367	      0.0000
    704.3545	      0.0000
    704.3722	      0.0000
    704.3899	      0.0000
    715.1330	      0.0000
    715.1512	      0.0000
    715.1693	      0.0000
    715.1875	      0.0000
    715.2056	    756.6262
    715.2238	   2625.7139
    715.2419	   5933.3340
    715.2600	   9486.8877
    715.2782	  10226.3125
    715.2963	   6769.8354
    715.3145	   3223.4031
    715.3326	    676.3737
    715.3482	      0.0000
    715.3664	      0.0000
    715.3845	      0.0000
    715.4027	      0.0000
    716.1656	      0.0000
    716.1838	      0.0000
    716.2020	      0.0000
    716.2201	      0.0000
    716.2383	    967.7484
    716.2565	   2012.8035
    716.2747	   2786.8743
    716.2929	   2740.7847
    716.3111	   1944.6041
    716.3292	    968.1696
    716.3475	      0.0000
    716.3657	      0.0000
    716.3839	      0.0000
    716.4020	      0.0000
    759.1479	      0.0000
    759.1677	      0.0000
    759.1876	      0.0000
    759.2074	      0.0000
    759.2273	    616.3876
    759.2471	   2530.5991
    759.2669	   5197.8418
    759.2868	   7975.4546
    759.3066	   7546.8574
    759.3265	   4542.7769
    759.3463	   1731.0088
    759.3662	    104.5979
    759.3860	      0.0000
    759.4059	      0.0000
    759.4257	      0.0000
    759.4456	      0.0000
    760.1806	      0.0000
    760.2005	      0.0000
    760.2204	      0.0000
    760.2403	      0.0000
    760.2602	   1014.3813
    760.2800	   1834.2509
    760.2999	   2157.3887
    760.3198	   1728.6270
    760.3397	    890.8235
    760.3596	      0.0000
    760.3795	      0.0000
    760.3994	      0.0000
    760.4192	      0.0000
    762.1726	      0.0000
    762.1925	      0.0000
    762.2125	      0.0000
    762.2325	      0.0000
    762.2524	   1012.3422
    762.2724	   1694.8062
    762.2924	   1919.3894
    762.3123	   1483.1952
    762.3323	    696.8969
    762.3523	      0.0000
    762.3722	      0.0000
    762.3922	      0.0000
    762.4122	      0.0000
    769.6518	      0.0000
    769.6721	      0.0000
    769.6924	      0.0000
    769.7126	      0.0000
    769.7329	    627.1208
    769.7531	   1254.5375
    769.7734	   1693.2800
    769.7936	   1668.2175
    769.8139	   1201.9741
    769.8342	    585.8234
    769.8544	      0.0000
    769.8747	      0.0000
    769.8949	      0.0000
    769.9152	      0.0000
    770.1584	      0.0000
    770.1787	      0.0000
    770.1990	      0.0000
    770.2193	      0.0000
    770.2395	    536.2610
    770.2598	   1230.2223
    770.2801	   1715.9443
    770.3004	   1647.9771
    770.3206	   1091.2881
    770.3409	      0.0000
    770.3612	      0.0000
    770.3815	      0.0000
    770.4018	      0.0000
    770.6655	      0.0000
    770.6858	      0.0000
    770.7061	      0.0000
    770.7264	      0.0000
    770.7467	    738.4904
    770.7670	   1386.5667
    770.7873	   1684.0765
    770.8076	   1445.3848
    770.8279	    868.6946
    770.8482	      0.0000
    770.8685	      0.0000
    770.8888	      0.0000
    770.9091	      0.0000
    806.1625	      0.0000
    806.1842	      0.0000
    806.2059	      0.0000
    806.2276	      0.0000
    806.2493	   1022.4257
    806.2711	   1783.3676
    806.2928	   2172.1169
    806.3145	   1890.6714
    806.3362	   1133.4015
    806.3579	      0.0000
    806.3797	      0.0000
    806.4014	      0.0000
    806.4231	      0.0000
    835.1690	      0.0000
    835.1919	      0.0000
    835.2148	      0.0000
    835.2377	      0.0000
    835.2606	   1017.6816
    835.2835	   1693.9991
    835.3064	   1911.3972
    835.3293	   1526.2753
    835.3522	    823.0188
    835.3751	      0.0000
    835.3980	      0.0000
    835.4209	      0.0000
    835.4438	      0.0000
    843.1470	      0.0000
    843.1702	      0.0000
    843.1934	      0.0000
    843.2166	      0.0000
    843.2399	    527.3788
    843.2631	   1340.2410
    843.2863	   2079.4900
    843.3095	   2209.5222
    843.3328	   1613.4457
    843.3560	    734.6965
    843.3792	      0.0000
    843.4025	      0.0000
    843.4257	      0.0000
    843.4489	      0.0000
    853.7423	      0.0000
    853.7660	      0.0000
    853.7897	      0.0000
    853.8133	      0.0000
    853.8370	    713.9500
    853.8607	   2953.1047
    853.8843	   5791.1777
    853.9080	   8566.6270
    853.9317	   7853.2554
    853.9553	   4799.8120
    853.9790	   1976.4119
    854.0027	    245.1941
    854.0264	      0.0000
    854.0500	      0.0000
    854.0737	      0.0000
    854.0974	      0.0000
    854.2395	      0.0000
    854.2631	      0.0000
    854.2868	      0.0000
    854.3105	      0.0000
    854.3342	    509.8192
    854.3579	   1377.5612
    854.3816	   3384.7017
    854.4053	   5356.1631
    854.4289	   5584.1299
    854.4526	   3740.6951
    854.4763	   1527.8954
    854.5000	    569.9481
    854.5237	      0.0000
    854.5474	      0.0000
    854.5711	      0.0000
    854.5948	      0.0000
    854.7844	      0.0000
    854.8081	      0.0000
    854.8318	      0.0000
    854.8555	      0.0000
    854.8792	    921.3875
    854.9029	   1583.8715
    854.9267	   1810.0759
    854.9504	   1441.1436
    854.9741	    753.5658
    854.9978	      0.0000
    855.0215	      0.0000
    855.0452	      0.0000
    855.0689	      0.0000
    862.2526	      0.0000
    862.2767	      0.0000
    862.3007	      0.0000
    862.3247	      0.0000
    862.3487	    731.8678
    862.3727	   3001.9841
    862.3968	   5937.0464
    862.4208	   8868.7354
    862.4448	   8316.3564
    862.4688	   5133.1362
    862.4929	   2132.6345
    862.5169	    621.5745
    862.5409	      0.0000
    862.5649	      0.0000
    862.5890	      0.0000
    862.6130	      0.0000
    862.7572	      0.0000
    862.7812	      0.0000
    862.8053	      0.0000
    862.8293	      0.0000
    862.8534	   1124.7632
    862.8774	   3345.1633
    862.9014	   6296.4141
    862.9255	   9072.8389
    862.9495	   7885.4536
    862.9736	   4603.8003
    862.9976	   1560.4835
    863.0217	    650.9960
    863.0457	      0.0000
    863.0698	      0.0000
    863.0938	      0.0000
    863.1179	      0.0000
    863.2382	      0.0000
    863.2622	      0.0000
    863.2863	      0.0000
    863.3103	      0.0000
    863.3344	    313.5986
    863.3585	   2291.8999
    863.3825	   4796.6665
    863.4066	   7614.4478
    863.4306	   8683.4121
    863.4547	   5924.5151
    863.4788	   2879.4202
    863.5028	    136.9991
    863.5269	      0.0000
    863.5510	      0.0000
    863.5751	      0.0000
    863.5991	      0.0000
    863.7917	      0.0000
    863.8158	      0.0000
    863.8399	      0.0000
    863.8640	      0.0000
    863.8881	   1161.4396
    863.9122	   1987.7675
    863.9362	   2353.2129
    863.9603	   1978.2817
    863.9844	   1128.9470
    864.0085	      0.0000
    864.0326	      0.0000
    864.0567	      0.0000
    864.0808	      0.0000
    870.1843	      0.0000
    870.2086	      0.0000
    870.2330	      0.0000
    870.2573	      0.0000
    870.2817	    660.3328
    870.3060	   1270.7980
    870.3304	   1534.8888
    870.3547	   1275.7864
    870.3791	    716.7437
    870.4035	      0.0000
    870.4278	      0.0000
    870.4522	      0.0000
    870.4765	      0.0000
    871.1590	      0.0000
    871.1834	      0.0000
    871.2078	      0.0000
    871.2322	      0.0000
    871.2566	    507.0617
    871.2810	   1604.2229
    871.3054	   2743.6101
    871.3298	   3103.5735
    871.3542	   2399.4268
    871.3786	   1222.6520
    871.4030	    434.0288
    871.4274	      0.0000
    871.4518	      0.0000
    871.4762	      0.0000
    871.5006	      0.0000
    871.6714	      0.0000
    871.6959	      0.0000
    871.7203	      0.0000
    871.7447	      0.0000
    871.7691	    589.1588
    871.7935	   1270.8516
    871.8179	   1605.1355
    871.8423	   1304.4166
    871.8668	    617.2698
    871.8977	      0.0000
    871.9222	      0.0000
    871.9466	      0.0000
    871.9710	      0.0000
    879.1466	      0.0000
    879.1713	      0.0000
    879.1960	      0.0000
    879.2207	      0.0000
    879.2455	    539.8678
    879.2702	   2156.2070
    879.2949	   6256.3018
    879.3197	  10725.1641
    879.3444	  14112.4355
    879.3691	  11182.5713
    879.3939	   6437.0674
    879.4186	   1896.4347
    879.4433	      0.0000
    879.4615	      0.0000
    879.4863	      0.0000
    879.5110	      0.0000
    879.5357	      0.0000
    880.1546	      0.0000
    880.1794	      0.0000
    880.2041	      0.0000
    880.2289	      0.0000
    880.2537	    447.4924
    880.2785	   1469.4801
    880.3032	   4069.9282
    880.3280	   5976.4854
    880.3528	   5525.1953
    880.3776	   3317.8894
    880.4023	   1386.6191
    880.4271	    492.3366
    880.4520	      0.0000
    880.4768	      0.0000
    880.5016	      0.0000
    880.5263	      0.0000
    942.2291	      0.0000
    942.2565	      0.0000
    942.2840	      0.0000
    942.3114	      0.0000
    942.3388	   1079.5172
    942.3663	   1598.6189
    942.3937	   1728.8042
    942.4212	   1361.6649
    942.4486	    708.8042
    942.4761	      0.0000
    942.5035	      0.0000
    942.5310	      0.0000
    942.5584	      0.0000
    953.2714	      0.0000
    953.2993	      0.0000
    953.3272	      0.0000
    953.3551	      0.0000
    953.3831	    741.1865
    953.4110	   1784.2615
    953.4389	   2884.0811
    953.4668	   3281.5332
    953.4948	   2635.9263
    953.5227	   1425.7732
    953.5506	    493.0816
    953.5851	      0.0000
    953.6130	      0.0000
    953.6410	      0.0000
    953.6689	      0.0000
    963.7488	      0.0000
    963.7771	      0.0000
    963.8055	      0.0000
    963.8339	      0.0000
    963.8623	    479.9536
    963.8907	   1622.3840
    963.9191	   4965.6216
    963.9475	   8611.8965
    963.9758	  10885.1211
    964.0042	   7971.4541
    964.0326	   4271.0122
    964.0610	    863.7043
    964.0933	      0.0000
    964.1217	      0.0000
    964.1501	      0.0000
    964.1785	      0.0000
    964.2353	      0.0000
    964.2637	      0.0000
    964.2921	      0.0000
    964.3205	      0.0000
    964.3489	    718.1019
    964.3773	   1373.8405
    964.4057	   4247.9658
    964.4341	   8469.5156
    964.4625	  12958.5781
    964.4909	  12918.8594
    964.5193	   8098.3389
    964.5478	   3520.8071
    964.5762	    223.3750
    964.5941	      0.0000
    964.6226	      0.0000
    964.6510	      0.0000
    964.6794	      0.0000
    964.7647	      0.0000
    964.7931	      0.0000
    964.8215	      0.0000
    964.8499	      0.0000
    964.8784	    910.7247
    964.9068	   4004.9961
    964.9352	   6569.6777
    964.9637	   8400.0469
    964.9921	   6621.4512
    965.0205	   3691.8315
    965.0490	    852.6352
    965.0774	      0.0000
    965.1058	      0.0000
    965.1343	      0.0000
    965.1627	      0.0000
    965.2765	      0.0000
    965.3049	      0.0000
    965.3334	      0.0000
    965.3618	      0.0000
    965.3903	   1059.0405
    965.4187	   1913.2236
    965.4472	   2513.5388
    965.4757	   2483.6829
    965.5041	   1836.2396
    965.5326	    978.3387
    965.5610	      0.0000
    965.5895	      0.0000
    965.6180	      0.0000
    965.6464	      0.0000
    966.3299	      0.0000
    966.3584	      0.0000
    966.3869	      0.0000
    966.4154	      0.0000
    966.4439	   1068.6683
    966.4724	   1426.5609
    966.5009	   1507.4878
    966.5294	   1307.0132
    966.5579	    945.4984
    966.5864	      0.0000
    966.6149	      0.0000
    966.6434	      0.0000
    966.6719	      0.0000
    979.3097	      0.0000
    979.3387	      0.0000
    979.3678	      0.0000
    979.3969	      0.0000
    979.4259	    744.9841
    979.4550	   1320.4407
    979.4841	   1569.0054
    979.5132	   1337.6223
    979.5423	    799.4108
    979.5713	      0.0000
    979.6004	      0.0000
    979.6295	      0.0000
    979.6586	      0.0000
    981.1727	      0.0000
    981.2019	      0.0000
    981.2311	      0.0000
    981.2602	      0.0000
    981.2894	    756.7635
    981.3185	   1987.8401
    981.3477	   3185.4814
    981.3768	   4998.0742
    981.4060	   3117.1450
    981.4352	   1493.1621
    981.4643	    567.6351
    981.4935	      0.0000
    981.5227	      0.0000
    981.5519	      0.0000
    981.5810	      0.0000
   1025.1609	      0.0000
   1025.1921	      0.0000
   1025.2232	      0.0000
   1025.2543	      0.0000
   1025.2855	    665.3549
   1025.3166	   2255.2263
   1025.3478	   4531.6792
   1025.3789	   6694.0039
   1025.4101	   5983.1519
   1025.4412	   3525.4453
   1025.4724	   1274.6376
   1025.5035	      0.0000
   1025.5347	      0.0000
   1025.5658	      0.0000
   1025.5970	      0.0000
   1026.2203	      0.0000
   1026.2515	      0.0000
   1026.2827	      0.0000
   1026.3139	      0.0000
   1026.3451	    742.0947
   1026.3763	   1481.5454
   1026.4075	   1798.6075
   1026.4386	   1434.4517
   1026.4698	    714.9986
   1026.5011	      0.0000
   1026.5323	      0.0000
   1026.5635	      0.0000
   1026.5947	      0.0000
   1068.2894	      0.0000
   1068.3225	      0.0000
   1068.3557	      0.0000
   1068.3888	      0.0000
   1068.4219	   1134.5046
   1068.4550	   1708.5216
   1068.4882	   1836.3638
   1068.5213	   1359.6392
   1068.5544	    613.0389
   1068.5876	      0.0000
   1068.6207	      0.0000
   1068.6538	      0.0000
   1068.6870	      0.0000
   1069.3500	      0.0000
   1069.3832	      0.0000
   1069.4164	      0.0000
   1069.4496	      0.0000
   1069.4827	   1155.3787
   1069.5159	   1979.7087
   1069.5491	   2340.2383
   1069.5823	   1979.7969
   1069.6154	   1150.0662
   1069.6486	      0.0000
   1069.6818	      0.0000
   1069.7150	      0.0000
   1069.7482	      0.0000
   1082.2017	      0.0000
   1082.2354	      0.0000
   1082.2692	      0.0000
   1082.3030	      0.0000
   1082.3368	   1091.7888
   1082.3705	   2282.8169
   1082.4043	   3176.8892
   1082.4381	   3116.8376
   1082.4719	   2164.9211
   1082.5057	   1008.5438
   1082.5395	      0.0000
   1082.5733	      0.0000
   1082.6071	      0.0000
   1082.6409	      0.0000
   1140.2942	      0.0000
   1140.3308	      0.0000
   1140.3673	      0.0000
   1140.4038	      0.0000
   1140.4403	   1170.0155
   1140.4769	   2486.7927
   1140.5134	   4937.0615
   1140.5499	   4549.6943
   1140.5865	   2599.6138
   1140.6230	   1169.2211
   1140.6597	      0.0000
   1140.6962	      0.0000
   1140.7328	      0.0000
   1140.7693	      0.0000
   1229.2210	      0.0000
   1229.2619	      0.0000
   1229.3028	      0.0000
   1229.3437	      0.0000
   1229.3846	    920.1131
   1229.4255	   1911.5547
   1229.4664	   2625.7292
   1229.5072	   2592.0288
   1229.5481	   1857.6268
   1229.5890	    943.6847
   1229.6299	      0.0000
   1229.6708	      0.0000
   1229.7117	      0.0000
   1229.7527	      0.0000
   1240.2917	      0.0000
   1240.3331	      0.0000
   1240.3746	      0.0000
   1240.4160	      0.0000
   1240.4574	    662.3995
   1240.4989	   1920.5558
   1240.5403	   4658.8359
   1240.5818	   5006.8945
   1240.6232	   2994.6755
   1240.6647	   1045.4631
   1240.7061	      0.0000
   1240.7476	      0.0000
   1240.7890	      0.0000
   1240.8305	      0.0000
   1242.2828	      0.0000
   1242.3244	      0.0000
   1242.3659	      0.0000
   1242.4074	      0.0000
   1242.4490	    830.0450
   1242.4905	   1655.7073
   1242.5321	   2366.8369
   1242.5736	   2522.5574
   1242.6152	   1998.1599
   1242.6567	   1119.3873
   1242.6983	      0.0000
   1242.7398	      0.0000
   1242.7814	      0.0000
   1242.8230	      0.0000
   1272.3471	      0.0000
   1272.3902	      0.0000
   1272.4332	      0.0000
   1272.4763	      0.0000
   1272.5194	   1312.1365
   1272.5624	   4522.3428
   1272.6055	   7308.0156
   1272.6485	   8042.4521
   1272.6916	   5261.1963
   1272.7347	   2304.3110
   1272.7777	     57.6454
   1272.8208	      0.0000
   1272.8639	      0.0000
   1272.9070	      0.0000
   1272.9500	      0.0000
   1273.3809	      0.0000
   1273.4241	      0.0000
   1273.4672	      0.0000
   1273.5103	      0.0000
   1273.5534	   1231.9948
   1273.5965	   2061.7786
   1273.6396	   2307.7104
   1273.6827	   1778.5162
   1273.7258	    871.3898
   1273.7690	      0.0000
   1273.8122	      0.0000
   1273.8553	      0.0000
   1273.8984	      0.0000
   1353.3351	      0.0000
   1353.3823	      0.0000
   1353.4296	      0.0000
   1353.4768	      0.0000
   1353.5240	    522.0350
   1353.5713	   1459.2446
   1353.6185	   2427.8745
   1353.6657	   2742.2336
   1353.7130	   2183.7068
   1353.7602	   1192.4142
   1353.8063	      0.0000
   1353.8536	      0.0000
   1353.9008	      0.0000
   1353.9481	      0.0000
   1522.1663	      0.0000
   1522.2227	      0.0000
   1522.2790	      0.0000
   1522.3353	      0.0000
   1522.3917	    663.0223
   1522.4480	   1521.0797
   1522.5044	   2383.0981
   1522.5607	   2716.5989
   1522.6171	   2280.4905
   1522.6734	   1376.9332
   1522.7298	      0.0000
   1522.7862	      0.0000
   1522.8425	      0.0000
   1522.8989	      0.0000
   1523.2372	      0.0000
   1523.2936	      0.0000
   1523.3500	      0.0000
   1523.4064	      0.0000
   1523.4628	   1093.8396
   1523.5192	   1760.7975
   1523.5756	   2047.0059
   1523.6320	   1751.6353
   1523.6884	   1086.9852
   1523.7448	      0.0000
   1523.8013	      0.0000
   1523.8577	      0.0000
   1523.9141	      0.0000
   1640.2081	      0.0000
   1640.2711	      0.0000
   1640.3341	      0.0000
   1640.3971	      0.0000
   1640.4602	   1140.5261
   1640.5232	   2168.5215
   1640.5862	   2779.0881
   1640.6493	   2488.0962
   1640.7123	   1508.5798
   1640.7753	    528.6580
   1640.8384	      0.0000
   1640.9014	      0.0000
   1640.9645	      0.0000
   1641.0275	      0.0000
   1641.1536	      0.0000
   1641.2167	      0.0000
   1641.2798	      0.0000
   1641.3429	      0.0000
   1641.4059	    896.2981
   1641.4690	   1931.4863
   1641.5321	   2949.3411
   1641.5952	   3285.8645
   1641.6583	   2715.7869
   1641.7214	   1634.9478
   1641.7845	    678.0737
   1641.8476	      0.0000
   1641.9107	      0.0000
   1641.9738	      0.0000
   1642.0369	      0.0000
   1684.1708	      0.0000
   1684.2364	      0.0000
   1684.3019	      0.0000
   1684.3675	      0.0000
   1684.4331	    704.9217
   1684.4986	   1671.3596
   1684.5642	   2439.1360
   1684.6298	   2428.4067
   1684.6954	   1635.6799
   1684.7610	    680.8136
   1684.8266	      0.0000
   1684.8922	      0.0000
   1684.9578	      0.0000
   1685.0234	      0.0000
   1685.1546	      0.0000
   1685.2202	      0.0000
   1685.2859	      0.0000
   1685.3515	      0.0000
   1685.4171	    932.0480
   1685.4827	   2560.2676
   1685.5484	   4665.2607
   1685.6140	   5785.2173
   1685.6797	   3945.7593
   1685.7453	   1842.5846
   1685.8110	    788.8400
   1685.8766	      0.0000
   1685.9423	      0.0000
   1686.0080	      0.0000
   1686.0736	      0.0000
   1789.1417	      0.0000
   1789.2135	      0.0000
   1789.2853	      0.0000
   1789.3571	      0.0000
   1789.4289	    886.7772
   1789.5007	   1535.0928
   1789.5725	   1798.8049
   1789.6443	   1481.4386
   1789.7162	    816.2663
   1789.7880	      0.0000
   1789.8598	      0.0000
   1789.9316	      0.0000
   1790.0035	      0.0000
   2343.4886	      0.0000
   2343.5962	      0.0000
   2343.7038	      0.0000
   2343.8115	      0.0000
