# ljz_20131022_MR_Chym1_ELUTE.mzML
#
# index: 4565
# id: controllerType=0 controllerNumber=1 scan=10777
# scanNumber: 10777
# massAnalyzerType: quadrupole
# scanEvent: 2
# msLevel: 2
# retentionTime: 2659.89
# filterString: FTMS + p NSI d Full ms2 649.83@hcd28.00 [100.00-1345.00]
# mzLow: 99.0036
# mzHigh: 1358.73
# basePeakMZ: 110.072
# basePeakIntensity: 66508.3
# totalIonCurrent: 386474
# precursorCount: 1
# precursor 0: 649.833 447801
# binary (1330): 
     99.0036	      0.0000
     99.0045	      0.0000
     99.0055	      0.0000
     99.0064	      0.0000
    101.0648	      0.0000
    101.0657	      0.0000
    101.0667	      0.0000
    101.0677	      0.0000
    101.0686	    355.0588
    101.0696	    963.8890
    101.0706	   1661.9237
    101.0715	   1989.3929
    101.0725	   1669.1342
    101.0734	    925.2313
    101.0744	    288.2397
    101.0754	      0.0000
    101.0763	      0.0000
    101.0773	      0.0000
    101.0783	      0.0000
    103.0152	      0.0000
    103.0162	      0.0000
    103.0172	      0.0000
    103.0182	      0.0000
    103.0192	    409.4850
    103.0202	   1020.6885
    103.0211	   1606.0800
    103.0221	   1758.4521
    103.0231	   1338.4130
    103.0241	    648.4830
    103.0252	      0.0000
    103.0262	      0.0000
    103.0272	      0.0000
    103.0282	      0.0000
    110.0606	      0.0000
    110.0617	      0.0000
    110.0628	      0.0000
    110.0639	      0.0000
    110.0650	    873.8195
    110.0661	   1407.5499
    110.0672	   2116.8662
    110.0682	   6413.8970
    110.0693	  21557.3750
    110.0704	  42735.7773
    110.0715	  64665.5313
    110.0726	  61839.3359
    110.0737	  38784.5078
    110.0748	  17490.7969
    110.0759	   4149.6519
    110.0770	    858.5962
    110.0780	      0.0000
    110.0791	      0.0000
    110.0802	      0.0000
    110.0813	      0.0000
    111.0672	      0.0000
    111.0684	      0.0000
    111.0695	      0.0000
    111.0706	      0.0000
    111.0717	    330.8469
    111.0728	   1019.9730
    111.0739	   2145.7693
    111.0750	   4215.6313
    111.0761	   3827.8003
    111.0772	   1881.6804
    111.0783	    843.5601
    111.0794	      0.0000
    111.0806	      0.0000
    111.0817	      0.0000
    111.0828	      0.0000
    112.0800	      0.0000
    112.0812	      0.0000
    112.0823	      0.0000
    112.0834	      0.0000
    112.0845	    517.3361
    112.0857	    941.4736
    112.0868	   1175.0143
    112.0879	   1069.6382
    112.0890	    701.0479
    112.0901	      0.0000
    112.0913	      0.0000
    112.0924	      0.0000
    112.0935	      0.0000
    115.0296	      0.0000
    115.0307	      0.0000
    115.0319	      0.0000
    115.0331	      0.0000
    115.0342	    604.9584
    115.0354	   1233.3391
    115.0366	   1897.3417
    115.0377	   2304.6445
    115.0389	   2246.3396
    115.0401	   1753.7275
    115.0413	   1080.1118
    115.0424	    515.5367
    115.0436	      0.0000
    115.0447	      0.0000
    115.0459	      0.0000
    115.0471	      0.0000
    117.0607	      0.0000
    117.0619	      0.0000
    117.0631	      0.0000
    117.0643	      0.0000
    117.0655	    692.3040
    117.0667	   1035.6052
    117.0679	   1199.9713
    117.0691	   1048.6012
    117.0703	    658.8555
    117.0714	      0.0000
    117.0726	      0.0000
    117.0738	      0.0000
    117.0750	      0.0000
    120.0717	      0.0000
    120.0729	      0.0000
    120.0742	      0.0000
    120.0754	      0.0000
    120.0767	    481.1364
    120.0779	   1244.6531
    120.0791	   3155.2815
    120.0804	   5247.1108
    120.0816	   5859.8945
    120.0829	   4040.7041
    120.0841	   2108.6902
    120.0854	    635.9244
    120.0867	      0.0000
    120.0880	      0.0000
    120.0892	      0.0000
    120.0905	      0.0000
    126.0454	      0.0000
    126.0467	      0.0000
    126.0481	      0.0000
    126.0494	      0.0000
    126.0508	    460.5876
    126.0521	   2020.8949
    126.0534	   4960.4297
    126.0548	   8197.0947
    126.0561	   9551.3037
    126.0575	   6833.0586
    126.0588	   3741.7798
    126.0602	   1004.9159
    126.0615	      0.0000
    126.0629	      0.0000
    126.0642	      0.0000
    126.0655	      0.0000
    126.0669	      0.0000
    127.0283	      0.0000
    127.0297	      0.0000
    127.0310	      0.0000
    127.0324	      0.0000
    127.0337	    309.7254
    127.0351	    854.8214
    127.0365	   3256.3457
    127.0378	   6519.7568
    127.0392	   9734.6914
    127.0405	   8898.8740
    127.0419	   5329.1411
    127.0433	   2077.7051
    127.0446	    197.9491
    127.0458	      0.0000
    127.0471	      0.0000
    127.0485	      0.0000
    127.0498	      0.0000
    129.0927	      0.0000
    129.0941	      0.0000
    129.0955	      0.0000
    129.0969	      0.0000
    129.0983	    613.9889
    129.0997	   1503.7368
    129.1010	   3213.6978
    129.1024	   4790.3179
    129.1038	   4264.2822
    129.1052	   1910.0273
    129.1066	    826.8603
    129.1080	      0.0000
    129.1094	      0.0000
    129.1108	      0.0000
    129.1121	      0.0000
    132.0935	      0.0000
    132.0949	      0.0000
    132.0964	      0.0000
    132.0978	      0.0000
    132.0992	    529.2857
    132.1007	   1223.5170
    132.1021	   1875.3826
    132.1036	   2059.7825
    132.1050	   1679.7891
    132.1064	   1031.4933
    132.1079	    482.5164
    132.1093	      0.0000
    132.1108	      0.0000
    132.1122	      0.0000
    132.1136	      0.0000
    133.0331	      0.0000
    133.0345	      0.0000
    133.0360	      0.0000
    133.0374	      0.0000
    133.0389	    396.8069
    133.0403	   1171.2699
    133.0418	   2142.5786
    133.0433	   2737.0027
    133.0447	   2539.6655
    133.0462	   1711.0541
    133.0476	    813.6074
    133.0491	      0.0000
    133.0505	      0.0000
    133.0520	      0.0000
    133.0534	      0.0000
    134.9842	      0.0000
    134.9857	      0.0000
    134.9872	      0.0000
    134.9886	      0.0000
    134.9901	    463.4290
    134.9916	   1122.5344
    134.9931	   1669.9449
    134.9946	   1697.3450
    134.9961	   1185.9135
    134.9976	    516.4678
    134.9990	      0.0000
    135.0005	      0.0000
    135.0020	      0.0000
    135.0035	      0.0000
    136.0662	      0.0000
    136.0677	      0.0000
    136.0692	      0.0000
    136.0707	      0.0000
    136.0722	    399.3433
    136.0737	   1058.4471
    136.0752	   1584.5856
    136.0767	   1591.6024
    136.0782	   1090.6064
    136.0797	    459.5735
    136.0816	      0.0000
    136.0831	      0.0000
    136.0846	      0.0000
    136.0861	      0.0000
    138.0419	      0.0000
    138.0435	      0.0000
    138.0450	      0.0000
    138.0466	      0.0000
    138.0481	    404.6289
    138.0496	    902.6717
    138.0512	   2783.1643
    138.0527	   7441.5747
    138.0543	  12523.3174
    138.0558	  15390.3877
    138.0573	  11246.8652
    138.0589	   6078.1514
    138.0604	   1461.9021
    138.0620	    141.8111
    138.0631	      0.0000
    138.0646	      0.0000
    138.0662	      0.0000
    138.0677	      0.0000
    145.0381	      0.0000
    145.0398	      0.0000
    145.0414	      0.0000
    145.0431	      0.0000
    145.0447	    575.1846
    145.0464	   1544.3289
    145.0480	   4045.8862
    145.0497	   5479.5913
    145.0514	   4431.0444
    145.0530	   2662.9956
    145.0547	    773.2513
    145.0563	    340.7301
    145.0580	   1396.3267
    145.0596	   2824.6890
    145.0613	   3794.0967
    145.0630	   2298.7249
    145.0646	   1268.2888
    145.0663	    457.8587
    145.0679	      0.0000
    145.0696	      0.0000
    145.0713	      0.0000
    145.0729	      0.0000
    152.0597	      0.0000
    152.0615	      0.0000
    152.0633	      0.0000
    152.0650	      0.0000
    152.0668	    461.0666
    152.0686	    890.4012
    152.0704	   1117.7266
    152.0721	    931.8334
    152.0739	    449.0258
    152.0757	      0.0000
    152.0775	      0.0000
    152.0792	      0.0000
    152.0810	      0.0000
    163.0476	      0.0000
    163.0496	      0.0000
    163.0516	      0.0000
    163.0536	      0.0000
    163.0555	    500.8073
    163.0575	   1281.1145
    163.0595	   1944.9653
    163.0615	   2010.4600
    163.0634	   1429.5015
    163.0654	    662.1149
    163.0674	      0.0000
    163.0694	      0.0000
    163.0714	      0.0000
    163.0734	      0.0000
    167.0785	      0.0000
    167.0805	      0.0000
    167.0826	      0.0000
    167.0846	      0.0000
    167.0867	    275.6299
    167.0887	    921.6495
    167.0908	   1709.8463
    167.0928	   2085.3606
    167.0949	   1752.3519
    167.0969	    978.8430
    167.0990	    315.5079
    167.1010	      0.0000
    167.1031	      0.0000
    167.1051	      0.0000
    167.1072	      0.0000
    168.0517	      0.0000
    168.0537	      0.0000
    168.0558	      0.0000
    168.0578	      0.0000
    168.0599	    699.8719
    168.0620	   1706.4539
    168.0640	   3774.4421
    168.0661	   4865.8413
    168.0682	   3706.9673
    168.0702	   1657.2465
    168.0723	    643.8360
    168.0744	      0.0000
    168.0765	      0.0000
    168.0786	      0.0000
    168.0806	      0.0000
    173.1166	      0.0000
    173.1188	      0.0000
    173.1210	      0.0000
    173.1231	      0.0000
    173.1253	    698.8167
    173.1274	   1326.4664
    173.1296	   1615.5785
    173.1318	   1342.7004
    173.1339	    723.4279
    173.1360	      0.0000
    173.1382	      0.0000
    173.1404	      0.0000
    173.1425	      0.0000
    180.0619	      0.0000
    180.0642	      0.0000
    180.0665	      0.0000
    180.0688	      0.0000
    180.0711	    463.3234
    180.0734	   1128.3466
    180.0757	   1693.0394
    180.0780	   1720.8610
    180.0803	   1189.4663
    180.0825	    496.0119
    180.0848	      0.0000
    180.0871	      0.0000
    180.0894	      0.0000
    180.0917	      0.0000
    181.0469	      0.0000
    181.0492	      0.0000
    181.0515	      0.0000
    181.0538	      0.0000
    181.0561	    738.9511
    181.0584	   1518.4132
    181.0607	   2064.5256
    181.0630	   2002.5415
    181.0653	   1397.3701
    181.0677	    669.6469
    181.0700	      0.0000
    181.0723	      0.0000
    181.0746	      0.0000
    181.0769	      0.0000
    181.0954	      0.0000
    181.0977	      0.0000
    181.1000	      0.0000
    181.1023	      0.0000
    181.1046	    698.0362
    181.1070	   1352.9089
    181.1093	   1636.9120
    181.1116	   1340.3394
    181.1139	    712.8131
    181.1163	      0.0000
    181.1186	      0.0000
    181.1209	      0.0000
    181.1232	      0.0000
    182.0679	      0.0000
    182.0703	      0.0000
    182.0726	      0.0000
    182.0749	      0.0000
    182.0773	    567.8422
    182.0796	   1057.2034
    182.0819	   1233.8774
    182.0843	    948.3683
    182.0866	    420.1307
    182.0889	      0.0000
    182.0913	      0.0000
    182.0936	      0.0000
    182.0959	      0.0000
    197.0870	      0.0000
    197.0896	      0.0000
    197.0923	      0.0000
    197.0949	      0.0000
    197.0975	    557.6221
    197.1001	   1205.8972
    197.1028	   1687.9149
    197.1054	   1631.6600
    197.1080	   1067.8718
    197.1106	    417.3575
    197.1133	      0.0000
    197.1159	      0.0000
    197.1185	      0.0000
    197.1211	      0.0000
    199.1635	      0.0000
    199.1662	      0.0000
    199.1688	      0.0000
    199.1715	      0.0000
    199.1742	    786.4799
    199.1768	   1885.3811
    199.1795	   4411.9722
    199.1822	   4828.4312
    199.1848	   3220.1775
    199.1875	   1514.1407
    199.1902	    626.6412
    199.1932	      0.0000
    199.1958	      0.0000
    199.1985	      0.0000
    199.2012	      0.0000
    204.0647	      0.0000
    204.0675	      0.0000
    204.0703	      0.0000
    204.0730	      0.0000
    204.0758	     75.2861
    204.0786	   1234.1127
    204.0813	   4199.1284
    204.0841	   7636.0781
    204.0869	  10618.2539
    204.0896	   9042.3721
    204.0924	   5420.0552
    204.0952	   2055.6296
    204.0979	    334.7104
    204.1004	      0.0000
    204.1032	      0.0000
    204.1059	      0.0000
    204.1087	      0.0000
    207.0923	      0.0000
    207.0951	      0.0000
    207.0980	      0.0000
    207.1008	      0.0000
    207.1036	    647.6650
    207.1064	   1603.7933
    207.1093	   3400.0627
    207.1121	   5214.8135
    207.1149	   4665.2222
    207.1177	   2696.1167
    207.1206	   1007.5891
    207.1234	    367.8071
    207.1262	      0.0000
    207.1290	      0.0000
    207.1319	      0.0000
    207.1347	      0.0000
    212.0854	      0.0000
    212.0883	      0.0000
    212.0912	      0.0000
    212.0942	      0.0000
    212.0971	    880.8642
    212.1000	   1270.4113
    212.1030	   1316.7833
    212.1059	    983.6487
    212.1088	    490.4732
    212.1118	      0.0000
    212.1148	      0.0000
    212.1177	      0.0000
    212.1206	      0.0000
    215.1236	      0.0000
    215.1266	      0.0000
    215.1296	      0.0000
    215.1326	      0.0000
    215.1356	    639.4314
    215.1386	   1185.5548
    215.1415	   1479.4790
    215.1445	   1313.2295
    215.1475	    805.8558
    215.1510	      0.0000
    215.1540	      0.0000
    215.1570	      0.0000
    215.1600	      0.0000
    225.0724	      0.0000
    225.0756	      0.0000
    225.0788	      0.0000
    225.0820	      0.0000
    225.0852	    599.6876
    225.0884	   1089.8237
    225.0916	   3642.2632
    225.0948	   7259.1499
    225.0980	  10995.6240
    225.1012	  10522.6650
    225.1045	   6545.9307
    225.1077	   2868.2312
    225.1109	    532.0345
    225.1135	      0.0000
    225.1167	      0.0000
    225.1200	      0.0000
    225.1232	      0.0000
    227.1553	      0.0000
    227.1586	      0.0000
    227.1618	      0.0000
    227.1650	      0.0000
    227.1683	    728.9641
    227.1715	   1499.6573
    227.1748	   1877.1871
    227.1780	   1550.3411
    227.1813	    793.9310
    227.1846	      0.0000
    227.1879	      0.0000
    227.1911	      0.0000
    227.1944	      0.0000
    235.0827	      0.0000
    235.0861	      0.0000
    235.0895	      0.0000
    235.0929	      0.0000
    235.0963	    276.2070
    235.0998	    999.8473
    235.1032	   2133.8975
    235.1066	   4485.6055
    235.1100	   4257.2476
    235.1134	   2495.3655
    235.1169	   1232.4906
    235.1203	    509.7842
    235.1237	      0.0000
    235.1271	      0.0000
    235.1305	      0.0000
    235.1339	      0.0000
    242.1262	      0.0000
    242.1297	      0.0000
    242.1333	      0.0000
    242.1369	      0.0000
    242.1404	    512.7269
    242.1440	   1037.7965
    242.1476	   1380.7031
    242.1512	   1297.9165
    242.1547	    837.4506
    242.1584	      0.0000
    242.1620	      0.0000
    242.1656	      0.0000
    242.1692	      0.0000
    243.1120	      0.0000
    243.1156	      0.0000
    243.1192	      0.0000
    243.1228	      0.0000
    243.1264	    724.4553
    243.1300	   1265.8958
    243.1336	   1513.3287
    243.1372	   1247.2152
    243.1408	    642.9507
    243.1444	      0.0000
    243.1480	      0.0000
    243.1516	      0.0000
    243.1552	      0.0000
    269.0893	      0.0000
    269.0935	      0.0000
    269.0977	      0.0000
    269.1019	      0.0000
    269.1061	    492.8325
    269.1103	   1110.7174
    269.1145	   1526.5409
    269.1187	   1399.7545
    269.1228	    820.9562
    269.1270	      0.0000
    269.1312	      0.0000
    269.1354	      0.0000
    269.1396	      0.0000
    275.1089	      0.0000
    275.1132	      0.0000
    275.1175	      0.0000
    275.1218	      0.0000
    275.1262	    397.7864
    275.1305	   1022.9141
    275.1348	   1642.6764
    275.1392	   1862.5562
    275.1435	   1571.2930
    275.1478	   1001.0541
    275.1521	    476.2917
    275.1566	      0.0000
    275.1609	      0.0000
    275.1653	      0.0000
    275.1696	      0.0000
    277.0190	      0.0000
    277.0233	      0.0000
    277.0277	      0.0000
    277.0321	      0.0000
    277.0365	    515.4074
    277.0408	   1024.5682
    277.0452	   1410.0520
    277.0496	   1383.0164
    277.0540	    933.6968
    277.0583	      0.0000
    277.0627	      0.0000
    277.0671	      0.0000
    277.0715	      0.0000
    279.1435	      0.0000
    279.1479	      0.0000
    279.1523	      0.0000
    279.1567	      0.0000
    279.1612	    792.4429
    279.1656	   1441.0288
    279.1700	   1744.4524
    279.1744	   1421.2561
    279.1789	    701.8931
    279.1833	      0.0000
    279.1877	      0.0000
    279.1921	      0.0000
    279.1966	      0.0000
    280.0837	      0.0000
    280.0881	      0.0000
    280.0926	      0.0000
    280.0970	      0.0000
    280.1015	    545.1052
    280.1059	    982.5729
    280.1104	   1216.1863
    280.1148	   1078.4232
    280.1192	    654.2138
    280.1237	      0.0000
    280.1281	      0.0000
    280.1326	      0.0000
    280.1370	      0.0000
    285.1169	      0.0000
    285.1214	      0.0000
    285.1260	      0.0000
    285.1306	      0.0000
    285.1351	    665.6500
    285.1397	   1232.4282
    285.1443	   1617.9142
    285.1488	   1598.7288
    285.1534	   1198.1627
    285.1580	    659.1301
    285.1625	      0.0000
    285.1671	      0.0000
    285.1717	      0.0000
    285.1762	      0.0000
    294.0911	      0.0000
    294.0959	      0.0000
    294.1007	      0.0000
    294.1055	      0.0000
    294.1102	    420.1885
    294.1150	   1028.6077
    294.1198	   1469.6832
    294.1246	   1398.5052
    294.1294	    867.7877
    294.1343	      0.0000
    294.1391	      0.0000
    294.1439	      0.0000
    294.1487	      0.0000
    296.1060	      0.0000
    296.1108	      0.0000
    296.1156	      0.0000
    296.1205	      0.0000
    296.1253	    577.2291
    296.1301	   1146.4323
    296.1350	   1440.1997
    296.1398	   1236.8334
    296.1446	    693.0626
    296.1494	      0.0000
    296.1543	      0.0000
    296.1591	      0.0000
    296.1639	      0.0000
    312.1001	      0.0000
    312.1053	      0.0000
    312.1106	      0.0000
    312.1158	      0.0000
    312.1210	    525.6973
    312.1263	   1003.5771
    312.1315	   1251.2117
    312.1367	   1091.3236
    312.1420	    648.6349
    312.1473	      0.0000
    312.1525	      0.0000
    312.1578	      0.0000
    312.1630	      0.0000
    325.1245	      0.0000
    325.1300	      0.0000
    325.1356	      0.0000
    325.1412	      0.0000
    325.1467	    659.1908
    325.1523	   3084.7163
    325.1578	   5547.2007
    325.1634	   7092.3638
    325.1690	   5220.8569
    325.1745	   2815.4421
    325.1801	    837.7004
    325.1857	      0.0000
    325.1912	      0.0000
    325.1968	      0.0000
    325.2023	      0.0000
    326.0774	      0.0000
    326.0830	      0.0000
    326.0886	      0.0000
    326.0942	      0.0000
    326.0998	    693.4583
    326.1054	   1727.1755
    326.1110	   3831.8376
    326.1165	   5851.9741
    326.1221	   5218.1270
    326.1277	   3159.9429
    326.1333	   1016.8948
    326.1389	    333.5917
    326.1445	      0.0000
    326.1501	      0.0000
    326.1557	      0.0000
    326.1612	      0.0000
    327.0851	      0.0000
    327.0907	      0.0000
    327.0963	      0.0000
    327.1019	      0.0000
    327.1076	    385.3386
    327.1132	   1031.4205
    327.1188	   1547.3351
    327.1244	   1565.2921
    327.1300	   1074.7916
    327.1356	    459.4104
    327.1402	      0.0000
    327.1458	      0.0000
    327.1514	      0.0000
    327.1570	      0.0000
    353.1057	      0.0000
    353.1120	      0.0000
    353.1183	      0.0000
    353.1246	      0.0000
    353.1309	      0.0000
    353.1372	   1012.9495
    353.1435	   4176.3677
    353.1498	   7435.4082
    353.1561	   9690.8262
    353.1624	   7423.2866
    353.1687	   4173.6558
    353.1750	   1447.0947
    353.1812	    933.3753
    353.1887	   1140.2047
    353.1950	   1392.1893
    353.2013	   1047.5813
    353.2076	    424.1602
    353.2141	      0.0000
    353.2204	      0.0000
    353.2267	      0.0000
    353.2329	      0.0000
    372.1191	      0.0000
    372.1259	      0.0000
    372.1327	      0.0000
    372.1395	      0.0000
    372.1463	    619.0578
    372.1532	   1272.9688
    372.1600	   1755.4446
    372.1668	   1701.3754
    372.1736	   1124.6335
    372.1804	    419.3869
    372.1874	      0.0000
    372.1942	      0.0000
    372.2010	      0.0000
    372.2078	      0.0000
    422.1236	      0.0000
    422.1318	      0.0000
    422.1400	      0.0000
    422.1482	      0.0000
    422.1565	    546.8542
    422.1647	   1551.6768
    422.1729	   2536.7053
    422.1812	   4175.3081
    422.1894	   2649.4102
    422.1976	   1351.8984
    422.2058	    577.0110
    422.2143	      0.0000
    422.2225	      0.0000
    422.2307	      0.0000
    422.2390	      0.0000
    440.1283	      0.0000
    440.1371	      0.0000
    440.1458	      0.0000
    440.1546	      0.0000
    440.1634	    707.1348
    440.1721	   2754.9121
    440.1809	   4878.0771
    440.1896	   6181.4160
    440.1984	   4550.5229
    440.2072	   2457.9124
    440.2159	    789.8324
    440.2247	      0.0000
    440.2334	      0.0000
    440.2422	      0.0000
    440.2510	      0.0000
    444.1761	      0.0000
    444.1850	      0.0000
    444.1939	      0.0000
    444.2028	      0.0000
    444.2116	    635.4772
    444.2205	   1086.8356
    444.2294	   1403.2775
    444.2383	   1399.6997
    444.2472	   1075.1434
    444.2560	    615.1075
    444.2649	      0.0000
    444.2738	      0.0000
    444.2827	      0.0000
    444.2916	      0.0000
    453.1722	      0.0000
    453.1813	      0.0000
    453.1905	      0.0000
    453.1997	      0.0000
    453.2088	    750.8905
    453.2180	   2868.4641
    453.2271	   4930.5190
    453.2363	   6022.5654
    453.2454	   4379.0049
    453.2546	   2373.9346
    453.2637	    503.5100
    453.2729	      0.0000
    453.2820	      0.0000
    453.2912	      0.0000
    453.3003	      0.0000
    453.6759	      0.0000
    453.6851	      0.0000
    453.6942	      0.0000
    453.7034	      0.0000
    453.7126	    781.2130
    453.7217	   1580.5421
    453.7309	   2060.9712
    453.7401	   1863.9017
    453.7492	   1149.1830
    453.7584	    429.3264
    453.7676	      0.0000
    453.7767	      0.0000
    453.7859	      0.0000
    453.7951	      0.0000
    458.1728	      0.0000
    458.1821	      0.0000
    458.1914	      0.0000
    458.2007	      0.0000
    458.2100	    900.8088
    458.2193	   1651.1238
    458.2286	   1832.5306
    458.2379	   1310.3715
    458.2472	    561.4343
    458.2566	      0.0000
    458.2659	      0.0000
    458.2752	      0.0000
    458.2845	      0.0000
    463.1148	      0.0000
    463.1243	      0.0000
    463.1337	      0.0000
    463.1432	      0.0000
    463.1527	    591.2401
    463.1621	   1261.3295
    463.1716	   1738.2588
    463.1810	   1640.0658
    463.1905	   1014.7549
    463.1999	    346.3693
    463.2096	      0.0000
    463.2191	      0.0000
    463.2285	      0.0000
    463.2380	      0.0000
    467.1590	      0.0000
    467.1686	      0.0000
    467.1782	      0.0000
    467.1878	      0.0000
    467.1973	    290.7936
    467.2069	   1094.6515
    467.2165	   3393.0002
    467.2261	   5214.8872
    467.2357	   5277.7363
    467.2452	   3309.4402
    467.2548	   1438.3937
    467.2644	    618.8246
    467.2740	      0.0000
    467.2836	      0.0000
    467.2932	      0.0000
    467.3027	      0.0000
    467.6767	      0.0000
    467.6862	      0.0000
    467.6958	      0.0000
    467.7054	      0.0000
    467.7150	   1008.2785
    467.7246	   1394.5586
    467.7342	   1404.1394
    467.7438	   1016.9243
    467.7534	    476.0580
    467.7630	      0.0000
    467.7726	      0.0000
    467.7822	      0.0000
    467.7918	      0.0000
    485.1815	      0.0000
    485.1916	      0.0000
    485.2017	      0.0000
    485.2119	      0.0000
    485.2220	    907.3789
    485.2322	   1431.4115
    485.2423	   1594.1128
    485.2524	   1271.3458
    485.2626	    676.5558
    485.2727	      0.0000
    485.2829	      0.0000
    485.2930	      0.0000
    485.3031	      0.0000
    487.1642	      0.0000
    487.1744	      0.0000
    487.1846	      0.0000
    487.1948	      0.0000
    487.2050	    654.6676
    487.2152	   1128.4034
    487.2254	   1378.8469
    487.2356	   1206.4984
    487.2458	    711.0480
    487.2560	      0.0000
    487.2663	      0.0000
    487.2765	      0.0000
    487.2867	      0.0000
    488.1755	      0.0000
    488.1858	      0.0000
    488.1960	      0.0000
    488.2062	      0.0000
    488.2165	    851.0311
    488.2267	   1563.3817
    488.2369	   1928.3193
    488.2472	   1677.1785
    488.2574	    996.3658
    488.2676	      0.0000
    488.2779	      0.0000
    488.2881	      0.0000
    488.2983	      0.0000
    493.1757	      0.0000
    493.1860	      0.0000
    493.1964	      0.0000
    493.2068	      0.0000
    493.2172	    940.3881
    493.2276	   1508.2054
    493.2380	   1632.1561
    493.2484	   1221.1022
    493.2588	    593.0319
    493.2692	      0.0000
    493.2796	      0.0000
    493.2899	      0.0000
    493.3003	      0.0000
    497.1366	      0.0000
    497.1471	      0.0000
    497.1577	      0.0000
    497.1682	      0.0000
    497.1787	    967.0212
    497.1892	   1618.7848
    497.1997	   1823.9583
    497.2102	   1444.5458
    497.2207	    779.4114
    497.2336	      0.0000
    497.2441	      0.0000
    497.2546	      0.0000
    497.2651	      0.0000
    501.6590	      0.0000
    501.6696	      0.0000
    501.6803	      0.0000
    501.6910	      0.0000
    501.7016	    454.4367
    501.7123	   1837.1786
    501.7229	   5279.4639
    501.7336	   9087.3105
    501.7443	  11522.5264
    501.7549	   8644.1563
    501.7656	   4803.1099
    501.7762	   1210.5730
    501.7869	      0.0000
    501.7953	      0.0000
    501.8059	      0.0000
    501.8166	      0.0000
    501.8273	      0.0000
    502.1580	      0.0000
    502.1686	      0.0000
    502.1793	      0.0000
    502.1900	      0.0000
    502.2007	    407.3167
    502.2113	   1134.9390
    502.2220	   3140.5857
    502.2327	   5259.8257
    502.2434	   6253.6504
    502.2540	   4540.7861
    502.2647	   2475.6199
    502.2754	    695.0063
    502.2861	      0.0000
    502.2968	      0.0000
    502.3074	      0.0000
    502.3181	      0.0000
    503.1949	      0.0000
    503.2056	      0.0000
    503.2163	      0.0000
    503.2270	      0.0000
    503.2378	    963.2529
    503.2485	   1541.7045
    503.2592	   1705.4025
    503.2699	   1340.3682
    503.2806	    707.9064
    503.2937	      0.0000
    503.3044	      0.0000
    503.3151	      0.0000
    503.3258	      0.0000
    510.6671	      0.0000
    510.6781	      0.0000
    510.6890	      0.0000
    510.6999	      0.0000
    510.7109	    987.0210
    510.7218	   3275.7925
    510.7328	   6383.4961
    510.7437	   9589.1211
    510.7547	   9254.2539
    510.7656	   5812.9629
    510.7766	   2631.2502
    510.7875	    489.5703
    510.7964	      0.0000
    510.8073	      0.0000
    510.8183	      0.0000
    510.8292	      0.0000
    511.1798	      0.0000
    511.1908	      0.0000
    511.2018	      0.0000
    511.2127	      0.0000
    511.2237	    871.0073
    511.2347	   1751.7079
    511.2456	   2316.2168
    511.2566	   2177.4163
    511.2675	   1462.2968
    511.2785	    664.2127
    511.2895	      0.0000
    511.3005	      0.0000
    511.3114	      0.0000
    511.3224	      0.0000
    534.1354	      0.0000
    534.1471	      0.0000
    534.1588	      0.0000
    534.1705	      0.0000
    534.1822	    773.9002
    534.1939	   1306.8944
    534.2057	   1472.4332
    534.2174	   1092.9464
    534.2291	    448.1482
    534.2408	      0.0000
    534.2525	      0.0000
    534.2642	      0.0000
    534.2759	      0.0000
    535.1790	      0.0000
    535.1908	      0.0000
    535.2025	      0.0000
    535.2143	      0.0000
    535.2260	    510.3103
    535.2378	   1272.6416
    535.2495	   2069.1882
    535.2613	   2376.9331
    535.2730	   1986.3970
    535.2848	   1188.3527
    535.2965	    464.2414
    535.3083	      0.0000
    535.3200	      0.0000
    535.3318	      0.0000
    535.3435	      0.0000
    553.2021	      0.0000
    553.2144	      0.0000
    553.2267	      0.0000
    553.2391	      0.0000
    553.2514	    894.5450
    553.2638	   1584.4872
    553.2761	   1782.1608
    553.2885	   1368.8492
    553.3008	    696.6108
    553.3132	      0.0000
    553.3255	      0.0000
    553.3379	      0.0000
    553.3502	      0.0000
    572.1900	      0.0000
    572.2030	      0.0000
    572.2160	      0.0000
    572.2290	      0.0000
    572.2420	    632.0256
    572.2550	   1132.8265
    572.2679	   1381.3342
    572.2809	   1195.5659
    572.2939	    697.6304
    572.3069	      0.0000
    572.3199	      0.0000
    572.3329	      0.0000
    572.3459	      0.0000
    575.1747	      0.0000
    575.1878	      0.0000
    575.2009	      0.0000
    575.2140	      0.0000
    575.2270	    420.4620
    575.2401	   1163.6263
    575.2532	   2118.4841
    575.2663	   2721.9973
    575.2794	   2548.5964
    575.2925	   1723.6829
    575.3056	    797.9688
    575.3187	      0.0000
    575.3317	      0.0000
    575.3448	      0.0000
    575.3579	      0.0000
    581.2145	      0.0000
    581.2278	      0.0000
    581.2411	      0.0000
    581.2544	      0.0000
    581.2677	    621.5366
    581.2810	   1333.7303
    581.2943	   1874.0947
    581.3076	   1873.4955
    581.3208	   1339.0577
    581.3341	    648.0052
    581.3475	      0.0000
    581.3608	      0.0000
    581.3741	      0.0000
    581.3874	      0.0000
    610.2070	      0.0000
    610.2213	      0.0000
    610.2356	      0.0000
    610.2499	      0.0000
    610.2642	    998.5863
    610.2785	   1876.6250
    610.2928	   2360.2673
    610.3071	   2059.3630
    610.3214	   1193.0986
    610.3357	    398.4249
    610.3500	      0.0000
    610.3643	      0.0000
    610.3786	      0.0000
    610.3929	      0.0000
    614.0281	      0.0000
    614.0425	      0.0000
    614.0569	      0.0000
    614.0714	      0.0000
    614.0858	    860.9768
    614.1002	   1399.0693
    614.1147	   1583.1230
    614.1291	   1266.4694
    614.1435	    660.8111
    614.1580	      0.0000
    614.1724	      0.0000
    614.1869	      0.0000
    614.2013	      0.0000
    630.1718	      0.0000
    630.1868	      0.0000
    630.2018	      0.0000
    630.2168	      0.0000
    630.2319	    491.3119
    630.2469	   1258.0038
    630.2619	   2025.4147
    630.2769	   2275.3843
    630.2919	   1828.8126
    630.3069	   1014.4120
    630.3219	      0.0000
    630.3369	      0.0000
    630.3519	      0.0000
    630.3670	      0.0000
    649.1829	      0.0000
    649.1986	      0.0000
    649.2143	      0.0000
    649.2300	      0.0000
    649.2457	    884.6784
    649.2613	   1590.0104
    649.2770	   2193.5322
    649.2927	   2348.4248
    649.3084	   1924.7357
    649.3241	   1161.6758
    649.3398	    487.2234
    649.3555	      0.0000
    649.3712	      0.0000
    649.3869	      0.0000
    649.4026	      0.0000
    649.7009	      0.0000
    649.7167	      0.0000
    649.7324	      0.0000
    649.7481	      0.0000
    649.7638	    981.2021
    649.7795	   1420.5601
    649.7952	   1651.2791
    649.8109	   1606.2112
    649.8266	   1286.5189
    649.8423	    783.9304
    649.8672	      0.0000
    649.8829	      0.0000
    649.8986	      0.0000
    649.9143	      0.0000
    650.1815	      0.0000
    650.1973	      0.0000
    650.2130	      0.0000
    650.2287	      0.0000
    650.2445	    508.4792
    650.2602	   2306.7915
    650.2759	   5361.0171
    650.2916	   9429.2314
    650.3074	  13507.6455
    650.3231	  13325.5283
    650.3388	   8739.4316
    650.3546	   4288.1553
    650.3703	    753.6250
    650.3769	      0.0000
    650.3927	      0.0000
    650.4084	      0.0000
    650.4241	      0.0000
    668.2474	      0.0000
    668.2638	      0.0000
    668.2801	      0.0000
    668.2965	      0.0000
    668.3129	    856.5157
    668.3293	   1465.1688
    668.3457	   1627.1007
    668.3621	   1194.0566
    668.3785	    535.8217
    668.3949	      0.0000
    668.4113	      0.0000
    668.4277	      0.0000
    668.4441	      0.0000
    709.2356	      0.0000
    709.2535	      0.0000
    709.2714	      0.0000
    709.2893	      0.0000
    709.3073	    537.3598
    709.3252	   1356.3372
    709.3431	   2240.4519
    709.3610	   2615.2478
    709.3789	   2180.5349
    709.3969	   1238.0977
    709.4148	    407.6615
    709.4327	      0.0000
    709.4507	      0.0000
    709.4686	      0.0000
    709.4865	      0.0000
    747.2468	      0.0000
    747.2662	      0.0000
    747.2856	      0.0000
    747.3049	      0.0000
    747.3243	    725.3145
    747.3437	   1249.5729
    747.3631	   1649.0039
    747.3825	   1684.3099
    747.4018	   1300.5675
    747.4212	    709.0320
    747.4407	      0.0000
    747.4600	      0.0000
    747.4794	      0.0000
    747.4988	      0.0000
    778.2294	      0.0000
    778.2499	      0.0000
    778.2705	      0.0000
    778.2911	      0.0000
    778.3117	    520.6827
    778.3323	   1454.7692
    778.3529	   3689.4382
    778.3735	   5402.4556
    778.3941	   4913.5254
    778.4147	   2926.6143
    778.4353	   1084.3884
    778.4559	      0.0000
    778.4765	      0.0000
    778.4971	      0.0000
    778.5177	      0.0000
    779.2394	      0.0000
    779.2600	      0.0000
    779.2807	      0.0000
    779.3013	      0.0000
    779.3219	    502.4091
    779.3426	   1204.4243
    779.3632	   1823.8101
    779.3838	   1962.5935
    779.4045	   1539.3975
    779.4251	    849.1089
    779.4515	      0.0000
    779.4722	      0.0000
    779.4928	      0.0000
    779.5135	      0.0000
    796.2305	      0.0000
    796.2518	      0.0000
    796.2731	      0.0000
    796.2945	      0.0000
    796.3158	    465.0243
    796.3371	   1694.8737
    796.3584	   4198.4648
    796.3797	   6948.3579
    796.4010	   8200.8799
    796.4224	   5861.6343
    796.4437	   3127.5164
    796.4650	    703.9465
    796.4806	      0.0000
    796.5019	      0.0000
    796.5232	      0.0000
    796.5445	      0.0000
    797.2487	      0.0000
    797.2700	      0.0000
    797.2914	      0.0000
    797.3127	      0.0000
    797.3341	    451.0663
    797.3554	   1169.3920
    797.3768	   1869.4766
    797.3982	   2123.3254
    797.4195	   1762.5553
    797.4409	   1037.9077
    797.4625	      0.0000
    797.4838	      0.0000
    797.5052	      0.0000
    797.5266	      0.0000
    972.3127	      0.0000
    972.3415	      0.0000
    972.3703	      0.0000
    972.3990	      0.0000
    972.4278	    475.8170
    972.4565	   2433.0054
    972.4853	   4411.0464
    972.5141	   5785.0571
    972.5428	   4439.0273
    972.5716	   2532.0281
    972.6004	    670.9981
    972.6292	      0.0000
    972.6579	      0.0000
    972.6867	      0.0000
    972.7155	      0.0000
    973.3489	      0.0000
    973.3777	      0.0000
    973.4065	      0.0000
    973.4353	      0.0000
    973.4641	    918.4344
    973.4929	   1498.0431
    973.5217	   1698.6636
    973.5505	   1393.7871
    973.5793	    801.3268
    973.6082	      0.0000
    973.6370	      0.0000
    973.6658	      0.0000
    973.6946	      0.0000
   1358.5920	      0.0000
   1358.6395	      0.0000
   1358.6870	      0.0000
   1358.7345	      0.0000
