# ljz_20131022_MR_Chym1_ELUTE.mzML
#
# index: 1543
# id: controllerType=0 controllerNumber=1 scan=6857
# scanNumber: 6857
# massAnalyzerType: quadrupole
# scanEvent: 2
# msLevel: 2
# retentionTime: 1951.82
# filterString: FTMS + p NSI d Full ms2 522.26@hcd28.00 [100.00-1085.00]
# mzLow: 99.0036
# mzHigh: 1096.04
# basePeakMZ: 173.129
# basePeakIntensity: 45222.5
# totalIonCurrent: 506565
# precursorCount: 1
# precursor 0: 522.262 451813
# binary (1464): 
     99.0036	      0.0000
     99.0045	      0.0000
     99.0055	      0.0000
     99.0064	      0.0000
    101.0648	      0.0000
    101.0657	      0.0000
    101.0667	      0.0000
    101.0677	      0.0000
    101.0686	    757.8484
    101.0696	   2640.5325
    101.0706	   4717.7686
    101.0715	   6422.9829
    101.0725	   5359.8506
    101.0734	   3186.8342
    101.0744	   1156.2069
    101.0754	    524.5509
    101.0763	      0.0000
    101.0773	      0.0000
    101.0782	      0.0000
    101.0792	      0.0000
    103.2984	      0.0000
    103.2994	      0.0000
    103.3004	      0.0000
    103.3014	      0.0000
    103.3024	    675.1734
    103.3034	   1090.5935
    103.3044	   1152.4418
    103.3054	    820.7908
    103.3064	    352.2486
    103.3073	      0.0000
    103.3083	      0.0000
    103.3093	      0.0000
    103.3103	      0.0000
    109.2425	      0.0000
    109.2436	      0.0000
    109.2447	      0.0000
    109.2458	      0.0000
    109.2469	    505.9720
    109.2479	    839.6277
    109.2490	    982.8019
    109.2501	    866.4393
    109.2512	    569.7402
    109.2523	      0.0000
    109.2534	      0.0000
    109.2544	      0.0000
    109.2555	      0.0000
    110.0637	      0.0000
    110.0648	      0.0000
    110.0659	      0.0000
    110.0670	      0.0000
    110.0681	    702.3713
    110.0692	   2045.8335
    110.0703	   3783.9602
    110.0714	   5360.7095
    110.0725	   4755.8218
    110.0736	   2924.5610
    110.0747	   1034.4452
    110.0758	    331.9338
    110.0768	      0.0000
    110.0779	      0.0000
    110.0790	      0.0000
    110.0801	      0.0000
    120.0729	      0.0000
    120.0742	      0.0000
    120.0754	      0.0000
    120.0767	      0.0000
    120.0779	    492.2031
    120.0791	   1078.5000
    120.0804	   1558.6993
    120.0816	   1592.6638
    120.0829	   1162.9198
    120.0841	    578.5903
    120.0853	      0.0000
    120.0866	      0.0000
    120.0878	      0.0000
    120.0891	      0.0000
    126.0452	      0.0000
    126.0466	      0.0000
    126.0479	      0.0000
    126.0493	      0.0000
    126.0506	    332.9730
    126.0519	    902.5641
    126.0533	   2318.6130
    126.0546	   3997.8496
    126.0560	   4759.9673
    126.0573	   3352.1973
    126.0587	   1751.1738
    126.0600	    610.3965
    126.0613	      0.0000
    126.0627	      0.0000
    126.0640	      0.0000
    126.0653	      0.0000
    128.0982	      0.0000
    128.0995	      0.0000
    128.1009	      0.0000
    128.1023	      0.0000
    128.1037	    520.6746
    128.1050	   1283.8282
    128.1064	   2079.0769
    128.1078	   2361.3833
    128.1092	   1932.7324
    128.1105	   1119.5338
    128.1119	    436.5184
    128.1135	      0.0000
    128.1149	      0.0000
    128.1162	      0.0000
    128.1176	      0.0000
    129.0915	      0.0000
    129.0929	      0.0000
    129.0943	      0.0000
    129.0957	      0.0000
    129.0971	    338.3176
    129.0985	   1503.9684
    129.0999	   4880.1318
    129.1013	   8785.5947
    129.1026	  12144.3994
    129.1040	  10137.9287
    129.1054	   5976.0435
    129.1068	   2126.7756
    129.1082	    362.4591
    129.1099	      0.0000
    129.1113	      0.0000
    129.1127	      0.0000
    129.1141	      0.0000
    130.0403	      0.0000
    130.0417	      0.0000
    130.0431	      0.0000
    130.0445	      0.0000
    130.0459	    818.8367
    130.0473	   2706.7979
    130.0487	   5551.2510
    130.0501	   8530.3643
    130.0515	   8174.9771
    130.0529	   4960.9512
    130.0543	   1975.6467
    130.0557	    114.9221
    130.0566	      0.0000
    130.0580	      0.0000
    130.0595	      0.0000
    130.0609	      0.0000
    130.4458	      0.0000
    130.4472	      0.0000
    130.4486	      0.0000
    130.4500	      0.0000
    130.4515	    513.0620
    130.4529	    879.7961
    130.4543	   1076.8190
    130.4557	    977.9655
    130.4571	    639.7513
    130.4585	      0.0000
    130.4599	      0.0000
    130.4613	      0.0000
    130.4628	      0.0000
    132.1425	      0.0000
    132.1439	      0.0000
    132.1453	      0.0000
    132.1468	      0.0000
    132.1482	    406.2348
    132.1497	    839.3132
    132.1511	   1080.0679
    132.1526	    943.7919
    132.1540	    538.6581
    132.1554	      0.0000
    132.1569	      0.0000
    132.1583	      0.0000
    132.1597	      0.0000
    133.0695	      0.0000
    133.0709	      0.0000
    133.0724	      0.0000
    133.0738	      0.0000
    133.0753	    395.9398
    133.0767	   1086.0156
    133.0782	   1803.6238
    133.0796	   2066.5857
    133.0811	   1673.3435
    133.0826	    919.9040
    133.0840	    307.5511
    133.0854	      0.0000
    133.0869	      0.0000
    133.0884	      0.0000
    133.0898	      0.0000
    136.0647	      0.0000
    136.0662	      0.0000
    136.0677	      0.0000
    136.0692	      0.0000
    136.0707	    490.6172
    136.0722	   1699.8907
    136.0737	   3848.6526
    136.0752	   6223.6621
    136.0767	   6874.7393
    136.0782	   4614.6548
    136.0797	   2293.8567
    136.0812	    363.1808
    136.0827	      0.0000
    136.0842	      0.0000
    136.0857	      0.0000
    136.0872	      0.0000
    138.0446	      0.0000
    138.0462	      0.0000
    138.0477	      0.0000
    138.0492	      0.0000
    138.0508	    426.6371
    138.0523	    951.8071
    138.0539	   1439.5403
    138.0554	   1528.9200
    138.0569	   1165.8740
    138.0585	    617.1509
    138.0600	      0.0000
    138.0615	      0.0000
    138.0631	      0.0000
    138.0646	      0.0000
    141.0545	      0.0000
    141.0561	      0.0000
    141.0577	      0.0000
    141.0593	      0.0000
    141.0609	    617.2272
    141.0624	   1887.4750
    141.0640	   3632.4333
    141.0656	   5343.2461
    141.0672	   5013.1489
    141.0688	   3097.1682
    141.0704	   1289.8716
    141.0720	    563.7229
    141.0736	      0.0000
    141.0752	      0.0000
    141.0768	      0.0000
    141.0784	      0.0000
    143.1059	      0.0000
    143.1075	      0.0000
    143.1091	      0.0000
    143.1108	      0.0000
    143.1124	    581.1833
    143.1140	   1363.7080
    143.1156	   3166.3606
    143.1172	   4584.0444
    143.1189	   4084.5359
    143.1205	   2438.7102
    143.1221	   1016.5540
    143.1237	    400.3993
    143.1255	      0.0000
    143.1271	      0.0000
    143.1287	      0.0000
    143.1304	      0.0000
    147.0623	      0.0000
    147.0640	      0.0000
    147.0657	      0.0000
    147.0674	      0.0000
    147.0691	    385.2899
    147.0708	   1089.6611
    147.0725	   3604.5603
    147.0742	   7674.0630
    147.0759	  12067.9004
    147.0775	  12497.8545
    147.0792	   8117.0557
    147.0809	   3922.2173
    147.0826	    879.1482
    147.0843	      0.0000
    147.0859	      0.0000
    147.0876	      0.0000
    147.0893	      0.0000
    147.0910	      0.0000
    149.0323	      0.0000
    149.0340	      0.0000
    149.0357	      0.0000
    149.0375	      0.0000
    149.0392	    599.4562
    149.0409	   2709.9370
    149.0426	   5903.6636
    149.0444	   9328.0752
    149.0461	   9478.6660
    149.0478	   6089.3076
    149.0496	   2841.8179
    149.0513	    622.8912
    149.0530	      0.0000
    149.0547	      0.0000
    149.0564	      0.0000
    149.0581	      0.0000
    150.0348	      0.0000
    150.0365	      0.0000
    150.0383	      0.0000
    150.0400	      0.0000
    150.0417	    626.9520
    150.0435	   1157.8118
    150.0452	   1454.3604
    150.0470	   1324.8788
    150.0487	    869.3022
    150.0505	    377.9374
    150.0522	      0.0000
    150.0539	      0.0000
    150.0557	      0.0000
    150.0574	      0.0000
    151.0298	      0.0000
    151.0316	      0.0000
    151.0333	      0.0000
    151.0351	      0.0000
    151.0369	    442.0215
    151.0386	   1106.1455
    151.0404	   1820.7183
    151.0421	   2093.2236
    151.0439	   1688.0627
    151.0457	    898.4724
    151.0474	    256.4627
    151.0492	      0.0000
    151.0510	      0.0000
    151.0527	      0.0000
    151.0545	      0.0000
    156.0643	      0.0000
    156.0661	      0.0000
    156.0680	      0.0000
    156.0698	      0.0000
    156.0717	    652.4586
    156.0735	   1933.2729
    156.0754	   3461.4453
    156.0772	   4537.1436
    156.0791	   3468.7412
    156.0809	   1628.6537
    156.0828	    698.7671
    156.0846	      0.0000
    156.0865	      0.0000
    156.0883	      0.0000
    156.0902	      0.0000
    159.0639	      0.0000
    159.0658	      0.0000
    159.0677	      0.0000
    159.0696	      0.0000
    159.0715	    625.0073
    159.0734	   1334.4592
    159.0753	   1944.9601
    159.0772	   2032.9087
    159.0791	   1523.2708
    159.0810	    775.0508
    159.0830	      0.0000
    159.0849	      0.0000
    159.0868	      0.0000
    159.0887	      0.0000
    165.0406	      0.0000
    165.0426	      0.0000
    165.0446	      0.0000
    165.0467	      0.0000
    165.0487	    452.0255
    165.0507	   1081.9373
    165.0527	   1809.3538
    165.0547	   2201.3440
    165.0567	   1949.7571
    165.0587	   1209.4755
    165.0607	    498.4700
    165.0630	      0.0000
    165.0650	      0.0000
    165.0670	      0.0000
    165.0690	      0.0000
    167.0377	      0.0000
    167.0398	      0.0000
    167.0418	      0.0000
    167.0439	      0.0000
    167.0459	    289.1202
    167.0480	   1018.8583
    167.0500	   3495.9719
    167.0521	   9362.0469
    167.0541	  15729.1113
    167.0562	  19297.2813
    167.0582	  14191.6582
    167.0603	   7868.2681
    167.0623	   2181.8054
    167.0644	    192.8666
    167.0662	      0.0000
    167.0682	      0.0000
    167.0703	      0.0000
    167.0723	      0.0000
    168.0434	      0.0000
    168.0455	      0.0000
    168.0475	      0.0000
    168.0496	      0.0000
    168.0517	    814.9742
    168.0537	   1441.7889
    168.0558	   1748.5243
    168.0578	   1518.7777
    168.0599	    940.1644
    168.0620	    386.5316
    168.0640	      0.0000
    168.0661	      0.0000
    168.0682	      0.0000
    168.0702	      0.0000
    169.0375	      0.0000
    169.0396	      0.0000
    169.0417	      0.0000
    169.0438	      0.0000
    169.0459	    656.5796
    169.0479	   1050.7180
    169.0500	   2608.8958
    169.0521	   2244.8884
    169.0542	   1415.5354
    169.0563	    328.2848
    169.0584	    178.4330
    169.0605	   1164.6860
    169.0625	   1688.0015
    169.0646	   1390.1923
    169.0667	    724.5265
    169.0688	      0.0000
    169.0709	      0.0000
    169.0729	      0.0000
    169.0750	      0.0000
    171.0652	      0.0000
    171.0673	      0.0000
    171.0694	      0.0000
    171.0715	      0.0000
    171.0737	    441.4267
    171.0758	    885.1168
    171.0779	   1064.4363
    171.0800	    857.9565
    171.0821	    454.8853
    171.0843	      0.0000
    171.0864	      0.0000
    171.0885	      0.0000
    171.0906	      0.0000
    171.0991	      0.0000
    171.1012	      0.0000
    171.1034	      0.0000
    171.1055	      0.0000
    171.1076	    262.2885
    171.1097	    894.6869
    171.1119	   1508.2759
    171.1140	   1652.8048
    171.1161	   1247.1890
    171.1182	    627.5611
    171.1204	      0.0000
    171.1225	      0.0000
    171.1247	      0.0000
    171.1268	      0.0000
    173.1037	      0.0000
    173.1058	      0.0000
    173.1080	      0.0000
    173.1102	      0.0000
    173.1123	      0.0000
    173.1145	   1852.8873
    173.1166	    979.0969
    173.1189	   1177.4290
    173.1210	   3099.4973
    173.1232	  10611.7139
    173.1254	  24746.8984
    173.1275	  40105.5469
    173.1297	  44610.9375
    173.1318	  30583.3867
    173.1340	  15966.7402
    173.1362	   4350.3804
    173.1383	    870.0453
    173.1405	    449.4121
    173.1426	      0.0000
    173.1447	      0.0000
    173.1469	      0.0000
    173.1490	      0.0000
    174.1170	      0.0000
    174.1191	      0.0000
    174.1213	      0.0000
    174.1235	      0.0000
    174.1257	    649.3290
    174.1279	   1485.8273
    174.1300	   2362.2588
    174.1322	   4406.7129
    174.1344	   3284.6753
    174.1366	   1412.3652
    174.1388	    571.9781
    174.1409	      0.0000
    174.1431	      0.0000
    174.1453	      0.0000
    174.1474	      0.0000
    178.0394	      0.0000
    178.0416	      0.0000
    178.0439	      0.0000
    178.0461	      0.0000
    178.0484	    610.6605
    178.0506	   1220.7028
    178.0529	   1622.1855
    178.0551	   1525.1184
    178.0574	   1002.1966
    178.0596	    431.9911
    178.0620	      0.0000
    178.0642	      0.0000
    178.0665	      0.0000
    178.0687	      0.0000
    182.0656	      0.0000
    182.0679	      0.0000
    182.0703	      0.0000
    182.0726	      0.0000
    182.0749	    619.2103
    182.0773	   2340.8652
    182.0796	   4045.4602
    182.0819	   4846.4834
    182.0843	   3383.3086
    182.0866	   1701.8352
    182.0889	    651.1033
    182.0921	      0.0000
    182.0944	      0.0000
    182.0968	      0.0000
    182.0991	      0.0000
    186.0694	      0.0000
    186.0718	      0.0000
    186.0742	      0.0000
    186.0766	      0.0000
    186.0790	    781.1675
    186.0814	   1980.8053
    186.0838	   5485.0562
    186.0862	   9584.1123
    186.0886	  12663.2705
    186.0911	   9909.6777
    186.0935	   5698.6758
    186.0959	   1606.0520
    186.0983	    109.6976
    186.0998	      0.0000
    186.1022	      0.0000
    186.1046	      0.0000
    186.1070	      0.0000
    187.0547	      0.0000
    187.0571	      0.0000
    187.0595	      0.0000
    187.0619	      0.0000
    187.0644	    362.6554
    187.0668	    942.9276
    187.0692	   1595.8341
    187.0717	   1869.2916
    187.0741	   1561.5168
    187.0765	    908.8169
    187.0789	    337.4704
    187.0814	      0.0000
    187.0838	      0.0000
    187.0862	      0.0000
    187.0886	      0.0000
    187.0911	      0.0000
    187.0935	      0.0000
    187.0959	      0.0000
    187.0984	      0.0000
    187.1008	    297.2690
    187.1032	    871.8517
    187.1056	   1521.6498
    187.1081	   1810.5220
    187.1105	   1544.4020
    187.1129	    926.4453
    187.1153	    353.4562
    187.1178	      0.0000
    187.1202	      0.0000
    187.1226	      0.0000
    187.1251	      0.0000
    200.1214	      0.0000
    200.1241	      0.0000
    200.1268	      0.0000
    200.1294	      0.0000
    200.1321	    521.4987
    200.1348	    940.5265
    200.1375	   1251.7396
    200.1402	   1224.4967
    200.1429	    839.8514
    200.1456	    342.0138
    200.1491	      0.0000
    200.1518	      0.0000
    200.1545	      0.0000
    200.1571	      0.0000
    201.1033	      0.0000
    201.1060	      0.0000
    201.1087	      0.0000
    201.1114	      0.0000
    201.1141	    453.2430
    201.1168	   1373.5270
    201.1195	   3639.1650
    201.1222	   6136.1460
    201.1249	   7372.2998
    201.1276	   5144.5112
    201.1303	   2582.6604
    201.1330	    349.1029
    201.1347	      0.0000
    201.1374	      0.0000
    201.1401	      0.0000
    201.1428	      0.0000
    210.0030	      0.0000
    210.0059	      0.0000
    210.0087	      0.0000
    210.0116	      0.0000
    210.0145	    111.5405
    210.0174	   1068.0497
    210.0203	   3523.1707
    210.0232	   6148.9253
    210.0261	   7697.8389
    210.0290	   5669.4912
    210.0318	   3117.4006
    210.0347	    831.3734
    210.0376	    489.6509
    210.0407	      0.0000
    210.0436	      0.0000
    210.0465	      0.0000
    210.0494	      0.0000
    212.0854	      0.0000
    212.0883	      0.0000
    212.0912	      0.0000
    212.0942	      0.0000
    212.0971	    358.9913
    212.1000	    811.5536
    212.1030	   1014.2370
    212.1059	    809.5438
    212.1088	    384.0323
    212.1118	      0.0000
    212.1147	      0.0000
    212.1177	      0.0000
    212.1206	      0.0000
    221.0650	      0.0000
    221.0681	      0.0000
    221.0712	      0.0000
    221.0744	      0.0000
    221.0775	    625.8887
    221.0806	   1262.3369
    221.0837	   1715.3020
    221.0868	   1661.9591
    221.0900	   1125.4894
    221.0931	    478.2489
    221.0962	      0.0000
    221.0993	      0.0000
    221.1024	      0.0000
    221.1055	      0.0000
    223.0423	      0.0000
    223.0455	      0.0000
    223.0486	      0.0000
    223.0518	      0.0000
    223.0550	    782.6588
    223.0581	   2095.8564
    223.0613	   3783.5190
    223.0644	   4782.8984
    223.0676	   3611.8367
    223.0708	   2046.8256
    223.0739	    561.3707
    223.0771	      0.0000
    223.0802	      0.0000
    223.0834	      0.0000
    223.0866	      0.0000
    224.0823	      0.0000
    224.0855	      0.0000
    224.0887	      0.0000
    224.0918	      0.0000
    224.0950	    393.8355
    224.0982	    967.5211
    224.1014	   1480.8722
    224.1046	   1599.6245
    224.1078	   1250.1594
    224.1109	    680.0530
    224.1141	      0.0000
    224.1173	      0.0000
    224.1205	      0.0000
    224.1237	      0.0000
    225.0207	      0.0000
    225.0239	      0.0000
    225.0271	      0.0000
    225.0303	      0.0000
    225.0335	    675.6666
    225.0367	   1714.7155
    225.0399	   3503.3574
    225.0431	   5094.1470
    225.0463	   4170.5439
    225.0495	   2411.7588
    225.0527	    462.5887
    225.0559	      0.0000
    225.0591	      0.0000
    225.0623	      0.0000
    225.0655	      0.0000
    225.0815	      0.0000
    225.0847	      0.0000
    225.0879	      0.0000
    225.0911	      0.0000
    225.0943	    524.5112
    225.0975	    862.4076
    225.1007	    970.3915
    225.1039	    811.3737
    225.1071	    522.0285
    225.1103	      0.0000
    225.1135	      0.0000
    225.1168	      0.0000
    225.1200	      0.0000
    226.0230	      0.0000
    226.0262	      0.0000
    226.0294	      0.0000
    226.0326	      0.0000
    226.0359	    387.8499
    226.0391	    859.2761
    226.0423	   1219.5757
    226.0455	   1244.1980
    226.0487	    912.6529
    226.0520	    444.2100
    226.0552	      0.0000
    226.0584	      0.0000
    226.0616	      0.0000
    226.0649	      0.0000
    226.0681	      0.0000
    226.0713	      0.0000
    226.0745	      0.0000
    226.0778	    379.6072
    226.0810	    942.0264
    226.0842	   1204.7836
    226.0874	    935.3511
    226.0907	    391.9077
    226.0939	      0.0000
    226.0971	      0.0000
    226.1003	      0.0000
    226.1036	      0.0000
    227.0190	      0.0000
    227.0222	      0.0000
    227.0255	      0.0000
    227.0287	      0.0000
    227.0320	    569.1215
    227.0352	   1438.9231
    227.0384	   2329.3723
    227.0417	   2596.9138
    227.0449	   2051.7966
    227.0482	   1120.2213
    227.0514	    378.4863
    227.0548	      0.0000
    227.0580	      0.0000
    227.0613	      0.0000
    227.0645	      0.0000
    230.0999	      0.0000
    230.1032	      0.0000
    230.1065	      0.0000
    230.1099	      0.0000
    230.1132	    687.0508
    230.1165	   1109.8354
    230.1198	   1286.5880
    230.1231	   1127.8030
    230.1264	    742.0925
    230.1295	      0.0000
    230.1328	      0.0000
    230.1361	      0.0000
    230.1395	      0.0000
    239.0676	      0.0000
    239.0711	      0.0000
    239.0746	      0.0000
    239.0781	      0.0000
    239.0816	    102.6741
    239.0851	   1148.6979
    239.0886	   3935.6790
    239.0922	   6846.8940
    239.0957	   8778.2842
    239.0992	   6584.6201
    239.1027	   3666.2197
    239.1062	    967.8514
    239.1097	     13.3485
    239.1134	      0.0000
    239.1169	      0.0000
    239.1204	      0.0000
    239.1239	      0.0000
    240.0737	      0.0000
    240.0772	      0.0000
    240.0808	      0.0000
    240.0843	      0.0000
    240.0878	    552.6761
    240.0913	   1247.1927
    240.0949	   1853.7236
    240.0984	   1950.8304
    240.1019	   1472.6625
    240.1055	    774.5953
    240.1090	      0.0000
    240.1125	      0.0000
    240.1160	      0.0000
    240.1196	      0.0000
    241.0682	      0.0000
    241.0718	      0.0000
    241.0753	      0.0000
    241.0789	      0.0000
    241.0824	    736.9519
    241.0860	   1670.2518
    241.0896	   4512.1812
    241.0931	   5320.8545
    241.0967	   4181.1602
    241.1002	   2348.1123
    241.1038	    526.5895
    241.1073	      0.0000
    241.1109	      0.0000
    241.1144	      0.0000
    241.1180	    598.8869
    241.1215	    972.7560
    241.1251	   1451.2599
    241.1286	   1722.4243
    241.1322	   1514.2540
    241.1357	    913.2131
    241.1393	    314.7065
    241.1429	      0.0000
    241.1465	      0.0000
    241.1500	      0.0000
    241.1536	      0.0000
    243.0869	      0.0000
    243.0905	      0.0000
    243.0941	      0.0000
    243.0977	      0.0000
    243.1012	    618.6301
    243.1048	   1296.1119
    243.1084	   1716.9215
    243.1120	   1569.1520
    243.1156	    973.6571
    243.1192	    396.4319
    243.1228	      0.0000
    243.1264	      0.0000
    243.1300	      0.0000
    243.1336	      0.0000
    253.0690	      0.0000
    253.0728	      0.0000
    253.0767	      0.0000
    253.0805	      0.0000
    253.0843	    670.7643
    253.0881	   1073.7373
    253.0919	   1211.5829
    253.0958	    961.7476
    253.0996	    477.2044
    253.1035	      0.0000
    253.1073	      0.0000
    253.1111	      0.0000
    253.1150	      0.0000
    258.0838	      0.0000
    258.0878	      0.0000
    258.0917	      0.0000
    258.0956	      0.0000
    258.0996	    520.0878
    258.1035	   1260.6760
    258.1074	   1892.6266
    258.1114	   1956.4795
    258.1153	   1425.8459
    258.1192	    717.2374
    258.1232	      0.0000
    258.1271	      0.0000
    258.1311	      0.0000
    258.1350	      0.0000
    281.0197	      0.0000
    281.0242	      0.0000
    281.0286	      0.0000
    281.0331	      0.0000
    281.0376	    405.0649
    281.0421	   1173.3052
    281.0465	   2137.6948
    281.0510	   3917.9604
    281.0555	   2381.1013
    281.0599	   1470.0900
    281.0644	    598.0900
    281.0689	      0.0000
    281.0733	      0.0000
    281.0778	      0.0000
    281.0823	      0.0000
    282.0233	      0.0000
    282.0278	      0.0000
    282.0323	      0.0000
    282.0368	      0.0000
    282.0413	    359.7953
    282.0458	   1047.5889
    282.0503	   1766.6478
    282.0548	   2049.5408
    282.0593	   1709.5812
    282.0638	   1018.1387
    282.0683	    412.6042
    282.0727	      0.0000
    282.0772	      0.0000
    282.0817	      0.0000
    282.0862	      0.0000
    283.0233	      0.0000
    283.0278	      0.0000
    283.0323	      0.0000
    283.0368	      0.0000
    283.0414	    639.7146
    283.0459	   1425.9072
    283.0504	   1975.8501
    283.0549	   1906.8126
    283.0594	   1314.9373
    283.0640	    632.3461
    283.0685	      0.0000
    283.0730	      0.0000
    283.0775	      0.0000
    283.0820	      0.0000
    287.1045	      0.0000
    287.1091	      0.0000
    287.1138	      0.0000
    287.1184	      0.0000
    287.1230	    673.9233
    287.1276	   1459.2433
    287.1322	   2190.0337
    287.1368	   2350.3079
    287.1414	   1789.6697
    287.1461	    932.0837
    287.1507	    379.3589
    287.1553	      0.0000
    287.1599	      0.0000
    287.1645	      0.0000
    287.1691	      0.0000
    293.0843	      0.0000
    293.0891	      0.0000
    293.0938	      0.0000
    293.0986	      0.0000
    293.1033	    727.6254
    293.1081	   1252.2006
    293.1129	   1440.4299
    293.1176	   1138.1212
    293.1224	    565.9811
    293.1273	      0.0000
    293.1320	      0.0000
    293.1368	      0.0000
    293.1416	      0.0000
    294.1487	      0.0000
    294.1534	      0.0000
    294.1582	      0.0000
    294.1630	      0.0000
    294.1678	    671.9227
    294.1726	   1042.1273
    294.1774	   1220.8000
    294.1822	   1070.5847
    294.1869	    645.3312
    294.1917	      0.0000
    294.1965	      0.0000
    294.2013	      0.0000
    294.2061	      0.0000
    297.0701	      0.0000
    297.0750	      0.0000
    297.0798	      0.0000
    297.0847	      0.0000
    297.0895	    622.8700
    297.0944	   1224.2017
    297.0992	   1497.2288
    297.1041	   1191.9287
    297.1090	    542.1177
    297.1141	      0.0000
    297.1189	      0.0000
    297.1238	      0.0000
    297.1287	      0.0000
    299.0226	      0.0000
    299.0275	      0.0000
    299.0324	      0.0000
    299.0373	      0.0000
    299.0423	    685.4353
    299.0472	   2870.2231
    299.0521	   9058.8438
    299.0570	  16078.7764
    299.0619	  21859.7188
    299.0668	  17979.2539
    299.0717	  10656.7920
    299.0766	   3914.5991
    299.0815	    831.2615
    299.0864	      0.0000
    299.0907	      0.0000
    299.0956	      0.0000
    299.1005	      0.0000
    299.1054	      0.0000
    300.0201	      0.0000
    300.0251	      0.0000
    300.0300	      0.0000
    300.0349	      0.0000
    300.0398	    388.8289
    300.0448	   1298.5911
    300.0497	   4863.9824
    300.0546	  10228.6113
    300.0596	  15906.5908
    300.0645	  16267.5869
    300.0694	  10666.4395
    300.0744	   5294.4751
    300.0793	   1345.4050
    300.0842	      0.0000
    300.0898	      0.0000
    300.0948	      0.0000
    300.0997	      0.0000
    300.1046	      0.0000
    301.0141	      0.0000
    301.0190	      0.0000
    301.0240	      0.0000
    301.0289	      0.0000
    301.0339	     58.2529
    301.0388	   1009.5031
    301.0438	   4274.8560
    301.0487	  13623.6553
    301.0537	  25564.8516
    301.0587	  37111.4258
    301.0636	  34162.0391
    301.0686	  21537.3008
    301.0735	   9818.7295
    301.0785	   2596.6045
    301.0834	    355.9560
    301.0892	      0.0000
    301.0941	      0.0000
    301.0991	      0.0000
    301.1040	      0.0000
    302.0230	      0.0000
    302.0280	      0.0000
    302.0329	      0.0000
    302.0379	      0.0000
    302.0429	    630.8825
    302.0479	   1821.0869
    302.0529	   4495.6299
    302.0578	   7435.8569
    302.0628	   8798.4346
    302.0678	   6273.4790
    302.0728	   3357.0984
    302.0778	    767.3832
    302.0816	      0.0000
    302.0866	      0.0000
    302.0916	      0.0000
    302.0966	      0.0000
    303.0301	      0.0000
    303.0351	      0.0000
    303.0401	      0.0000
    303.0451	      0.0000
    303.0501	    761.9227
    303.0551	   1139.4292
    303.0601	   1197.9771
    303.0651	    920.8724
    303.0701	    501.1817
    303.0752	      0.0000
    303.0802	      0.0000
    303.0852	      0.0000
    303.0902	      0.0000
    335.0902	      0.0000
    335.0960	      0.0000
    335.1018	      0.0000
    335.1077	      0.0000
    335.1135	    566.9360
    335.1193	   1031.2347
    335.1251	   1269.6327
    335.1309	   1102.3215
    335.1368	    639.2009
    335.1427	      0.0000
    335.1485	      0.0000
    335.1544	      0.0000
    335.1602	      0.0000
    345.9361	      0.0000
    345.9422	      0.0000
    345.9483	      0.0000
    345.9544	      0.0000
    345.9605	    797.7291
    345.9666	   1817.4766
    345.9727	   3845.9395
    345.9788	   3982.7559
    345.9849	   1991.3923
    345.9910	    966.4266
    345.9971	    289.0485
    346.0049	      0.0000
    346.0110	      0.0000
    346.0171	      0.0000
    346.0232	      0.0000
    346.9285	      0.0000
    346.9347	      0.0000
    346.9408	      0.0000
    346.9469	      0.0000
    346.9531	    439.1074
    346.9592	   1632.8424
    346.9653	   4169.9922
    346.9715	   7074.0991
    346.9776	   8639.2275
    346.9837	   6220.0020
    346.9898	   3305.2703
    346.9960	    692.2861
    347.0004	      0.0000
    347.0066	      0.0000
    347.0127	      0.0000
    347.0188	      0.0000
    347.9343	      0.0000
    347.9404	      0.0000
    347.9466	      0.0000
    347.9527	      0.0000
    347.9589	    668.4993
    347.9651	   1274.6510
    347.9712	   1720.6368
    347.9774	   1673.5105
    347.9835	   1139.1250
    347.9897	    472.6317
    347.9958	      0.0000
    348.0020	      0.0000
    348.0082	      0.0000
    348.0143	      0.0000
    352.1208	      0.0000
    352.1271	      0.0000
    352.1334	      0.0000
    352.1396	      0.0000
    352.1459	    553.4469
    352.1522	   1047.4705
    352.1584	   1373.2845
    352.1647	   1322.3073
    352.1710	    925.3679
    352.1772	    429.4407
    352.1835	      0.0000
    352.1898	      0.0000
    352.1960	      0.0000
    352.2023	      0.0000
    357.0288	      0.0000
    357.0352	      0.0000
    357.0416	      0.0000
    357.0480	      0.0000
    357.0544	    485.2836
    357.0608	   1067.1691
    357.0672	   1491.0730
    357.0736	   1457.3883
    357.0800	    995.2432
    357.0864	    430.0776
    357.0928	      0.0000
    357.0992	      0.0000
    357.1056	      0.0000
    357.1120	      0.0000
    358.9885	      0.0000
    358.9950	      0.0000
    359.0014	      0.0000
    359.0079	      0.0000
    359.0144	    520.2653
    359.0208	   1000.2925
    359.0273	   1235.5979
    359.0337	   1019.5079
    359.0402	    502.9453
    359.0466	      0.0000
    359.0531	      0.0000
    359.0595	      0.0000
    359.0660	      0.0000
    360.9840	      0.0000
    360.9905	      0.0000
    360.9970	      0.0000
    361.0035	      0.0000
    361.0100	    703.5140
    361.0165	   1528.0408
    361.0230	   2086.0278
    361.0295	   1945.3068
    361.0360	   1219.6226
    361.0425	    450.4416
    361.0492	      0.0000
    361.0557	      0.0000
    361.0622	      0.0000
    361.0687	      0.0000
    378.6519	      0.0000
    378.6589	      0.0000
    378.6659	      0.0000
    378.6729	      0.0000
    378.6799	    245.5215
    378.6869	    921.6408
    378.6939	   1891.1909
    378.7008	   2524.6155
    378.7078	   2339.2390
    378.7148	   1500.6801
    378.7218	    639.8824
    378.7290	      0.0000
    378.7359	      0.0000
    378.7429	      0.0000
    378.7499	      0.0000
    416.1656	      0.0000
    416.1737	      0.0000
    416.1817	      0.0000
    416.1898	      0.0000
    416.1978	    583.2906
    416.2059	   1284.2323
    416.2139	   3241.1160
    416.2220	   5318.1870
    416.2300	   5315.8452
    416.2381	   3356.4761
    416.2462	   1525.1705
    416.2542	    496.7032
    416.2623	      0.0000
    416.2703	      0.0000
    416.2784	      0.0000
    416.2864	      0.0000
    416.9721	      0.0000
    416.9802	      0.0000
    416.9882	      0.0000
    416.9963	      0.0000
    417.0044	    408.2315
    417.0125	    996.3018
    417.0205	   2806.6580
    417.0286	   4758.7378
    417.0367	   5547.4731
    417.0448	   3805.7219
    417.0529	   1906.0786
    417.0609	    749.8955
    417.0692	      0.0000
    417.0773	      0.0000
    417.0854	      0.0000
    417.0934	      0.0000
    458.1077	      0.0000
    458.1170	      0.0000
    458.1263	      0.0000
    458.1356	      0.0000
    458.1449	    479.2667
    458.1542	    874.0284
    458.1635	   1095.0953
    458.1728	   1029.5415
    458.1821	    731.3932
    458.1917	      0.0000
    458.2010	      0.0000
    458.2103	      0.0000
    458.2196	      0.0000
    493.7683	      0.0000
    493.7787	      0.0000
    493.7891	      0.0000
    493.7996	      0.0000
    493.8100	    536.8290
    493.8204	   1139.6028
    493.8308	   1671.7057
    493.8412	   1813.4872
    493.8516	   1461.2843
    493.8620	    836.0757
    493.8727	      0.0000
    493.8831	      0.0000
    493.8935	      0.0000
    493.9039	      0.0000
    528.5244	      0.0000
    528.5359	      0.0000
    528.5475	      0.0000
    528.5590	      0.0000
    528.5705	    693.6013
    528.5820	   1169.4097
    528.5936	   1347.8629
    528.6051	   1086.3314
    528.6166	    604.2178
    528.6281	      0.0000
    528.6397	    672.7025
    528.6512	   1284.6752
    528.6627	   1669.6224
    528.6743	   1495.1143
    528.6858	    918.1474
    528.6973	    355.1774
    528.7090	      0.0000
    528.7205	      0.0000
    528.7320	      0.0000
    528.7436	      0.0000
    611.2377	      0.0000
    611.2521	      0.0000
    611.2664	      0.0000
    611.2807	      0.0000
    611.2951	    562.9861
    611.3094	   1143.3007
    611.3238	   1399.0938
    611.3381	   1135.9650
    611.3524	    574.8025
    611.3668	      0.0000
    611.3811	      0.0000
    611.3955	      0.0000
    611.4098	      0.0000
    659.2454	      0.0000
    659.2615	      0.0000
    659.2775	      0.0000
    659.2936	      0.0000
    659.3096	    405.2563
    659.3257	   1077.6307
    659.3418	   1723.1171
    659.3578	   1890.9824
    659.3739	   1446.7294
    659.3899	    718.0205
    659.4060	      0.0000
    659.4221	      0.0000
    659.4381	      0.0000
    659.4542	      0.0000
    660.1937	      0.0000
    660.2098	      0.0000
    660.2259	      0.0000
    660.2420	      0.0000
    660.2581	    663.1461
    660.2742	   1404.8348
    660.2903	   2131.1631
    660.3064	   2455.9729
    660.3224	   2212.1116
    660.3385	   1561.8300
    660.3546	    842.9838
    660.3708	      0.0000
    660.3869	      0.0000
    660.4030	      0.0000
    660.4191	      0.0000
    712.2370	      0.0000
    712.2551	      0.0000
    712.2731	      0.0000
    712.2911	      0.0000
    712.3092	    344.2243
    712.3272	    895.1873
    712.3452	   1432.8638
    712.3633	   1525.2737
    712.3813	   1074.3879
    712.3993	    426.6887
    712.4174	      0.0000
    712.4354	      0.0000
    712.4535	      0.0000
    712.4715	      0.0000
    740.2438	      0.0000
    740.2629	      0.0000
    740.2820	      0.0000
    740.3011	      0.0000
    740.3202	    778.9408
    740.3393	   1240.7139
    740.3584	   1439.2103
    740.3775	   1261.8148
    740.3966	    825.5659
    740.4235	      0.0000
    740.4426	      0.0000
    740.4617	      0.0000
    740.4808	      0.0000
    756.2475	      0.0000
    756.2673	      0.0000
    756.2870	      0.0000
    756.3067	      0.0000
    756.3265	    864.6542
    756.3462	   2103.5691
    756.3659	   5681.5674
    756.3856	   9654.9863
    756.4054	  12432.3613
    756.4251	   9518.3936
    756.4448	   5392.7759
    756.4646	   1301.7437
    756.4843	      0.0000
    756.5011	      0.0000
    756.5208	      0.0000
    756.5406	      0.0000
    756.5603	      0.0000
    757.2319	      0.0000
    757.2516	      0.0000
    757.2714	      0.0000
    757.2912	      0.0000
    757.3109	    849.4980
    757.3307	   3117.6736
    757.3505	   8904.9609
    757.3702	  15267.6484
    757.3900	  19792.7305
    757.4098	  15436.5635
    757.4296	   9007.8076
    757.4493	   2713.7249
    757.4691	    284.8221
    757.4842	      0.0000
    757.5039	      0.0000
    757.5237	      0.0000
    757.5435	      0.0000
    758.2362	      0.0000
    758.2560	      0.0000
    758.2758	      0.0000
    758.2956	      0.0000
    758.3154	    487.8375
    758.3352	   1004.1025
    758.3550	   2924.5520
    758.3748	   4969.3843
    758.3946	   5764.4590
    758.4144	   4006.7764
    758.4342	   2107.0879
    758.4541	    625.7990
    758.4739	      0.0000
    758.4937	      0.0000
    758.5135	      0.0000
    758.5333	      0.0000
    759.2670	      0.0000
    759.2869	      0.0000
    759.3067	      0.0000
    759.3266	      0.0000
    759.3464	    878.5868
    759.3663	   1346.8207
    759.3861	   1395.4044
    759.4060	    988.3820
    759.4258	    436.2697
    759.4457	      0.0000
    759.4656	      0.0000
    759.4854	      0.0000
    759.5053	      0.0000
    799.8601	      0.0000
    799.8815	      0.0000
    799.9030	      0.0000
    799.9244	      0.0000
    799.9459	    528.2825
    799.9674	    997.4354
    799.9888	   1214.4645
    800.0103	   1005.4604
    800.0317	    524.5001
    800.0600	      0.0000
    800.0815	      0.0000
    800.1029	      0.0000
    800.1244	      0.0000
    841.1602	      0.0000
    841.1834	      0.0000
    841.2065	      0.0000
    841.2296	      0.0000
    841.2528	    356.5322
    841.2759	   1250.0295
    841.2991	   3928.0088
    841.3222	  11458.1787
    841.3454	  20485.7012
    841.3685	  28401.9492
    841.3917	  24085.8535
    841.4148	  14354.5820
    841.4380	   5226.5181
    841.4611	    662.4302
    841.4863	      0.0000
    841.5095	      0.0000
    841.5326	      0.0000
    841.5558	      0.0000
    842.1814	      0.0000
    842.2046	      0.0000
    842.2277	      0.0000
    842.2509	      0.0000
    842.2741	    515.2679
    842.2973	   1366.6165
    842.3205	   3924.0193
    842.3437	   7800.2461
    842.3669	  11937.5381
    842.3900	  11842.8760
    842.4132	   7418.1289
    842.4364	   3301.6633
    842.4596	    390.9700
    842.4740	      0.0000
    842.4972	      0.0000
    842.5204	      0.0000
    842.5436	      0.0000
    843.2400	      0.0000
    843.2632	      0.0000
    843.2864	      0.0000
    843.3096	      0.0000
    843.3329	    710.6782
    843.3561	   1162.5435
    843.3793	   1288.9368
    843.4026	   1022.2485
    843.4258	    557.9938
    843.4491	      0.0000
    843.4723	      0.0000
    843.4955	      0.0000
    843.5188	      0.0000
    858.2798	      0.0000
    858.3037	      0.0000
    858.3275	      0.0000
    858.3514	      0.0000
    858.3752	    647.0684
    858.3991	   1386.8087
    858.4230	   1936.4393
    858.4468	   1890.5038
    858.4707	   1277.1068
    858.4945	    561.1134
    858.5184	      0.0000
    858.5422	      0.0000
    858.5661	      0.0000
    858.5900	      0.0000
    861.2689	      0.0000
    861.2929	      0.0000
    861.3169	      0.0000
    861.3409	      0.0000
    861.3648	    663.6782
    861.3888	   1365.6069
    861.4128	   1822.6808
    861.4368	   1764.2518
    861.4608	   1261.3284
    861.4847	    649.6582
    861.5088	      0.0000
    861.5327	      0.0000
    861.5567	      0.0000
    861.5807	      0.0000
    897.2673	      0.0000
    897.2928	      0.0000
    897.3183	      0.0000
    897.3438	      0.0000
    897.3693	    494.4542
    897.3948	   1108.6309
    897.4203	   1556.4740
    897.4458	   1532.3154
    897.4713	   1062.8003
    897.4968	    485.3265
    897.5226	      0.0000
    897.5481	      0.0000
    897.5736	      0.0000
    897.5991	      0.0000
   1067.5282	      0.0000
   1067.5613	      0.0000
   1067.5944	      0.0000
   1067.6275	      0.0000
   1067.6606	    626.7429
   1067.6936	   1085.4636
   1067.7267	   1283.3647
   1067.7598	   1093.9736
   1067.7929	    650.6904
   1067.8260	      0.0000
   1067.8591	      0.0000
   1067.8922	      0.0000
   1067.9253	      0.0000
   1095.9401	      0.0000
   1095.9745	      0.0000
   1096.0089	      0.0000
   1096.0433	      0.0000
