# ljz_20131022_MR_Chym1_ELUTE.mzML
#
# index: 651
# id: controllerType=0 controllerNumber=1 scan=5717
# scanNumber: 5717
# massAnalyzerType: quadrupole
# scanEvent: 2
# msLevel: 2
# retentionTime: 1743.86
# filterString: FTMS + p NSI d Full ms2 660.54@hcd28.00 [100.00-2720.00]
# mzLow: 99.0036
# mzHigh: 2747.96
# basePeakMZ: 835.901
# basePeakIntensity: 363796
# totalIonCurrent: 4.08246e+006
# precursorCount: 1
# precursor 0: 660.291 2.07185e+006
# binary (3016): 
     99.0036	      0.0000
     99.0045	      0.0000
     99.0054	      0.0000
     99.0064	      0.0000
    100.9867	      0.0000
    100.9877	      0.0000
    100.9886	      0.0000
    100.9896	      0.0000
    100.9906	      0.0000
    100.9915	      0.0000
    100.9925	      0.0000
    100.9935	      0.0000
    100.9944	      0.0000
    100.9954	      0.0000
    100.9964	      0.0000
    100.9973	      0.0000
    100.9983	      0.0000
    100.9992	      0.0000
    101.0175	      0.0000
    101.0185	      0.0000
    101.0195	      0.0000
    101.0204	      0.0000
    101.0214	      0.0000
    101.0224	      0.0000
    101.0233	      0.0000
    101.0243	      0.0000
    101.0252	      0.0000
    101.0262	      0.0000
    101.0272	      0.0000
    101.0281	      0.0000
    101.0291	      0.0000
    101.0301	      0.0000
    101.0426	      0.0000
    101.0435	      0.0000
    101.0445	      0.0000
    101.0455	      0.0000
    101.0464	      0.0000
    101.0474	      0.0000
    101.0484	      0.0000
    101.0493	      0.0000
    101.0503	      0.0000
    101.0512	      0.0000
    101.0522	      0.0000
    101.0531	      0.0000
    101.0541	      0.0000
    104.1551	      0.0000
    104.1562	      0.0000
    104.1572	      0.0000
    104.1582	      0.0000
    104.1592	      0.0000
    104.1602	      0.0000
    104.1612	      0.0000
    104.1622	      0.0000
    104.1632	      0.0000
    104.1642	      0.0000
    104.1652	      0.0000
    104.1662	      0.0000
    104.1672	      0.0000
    104.1683	      0.0000
    104.2036	      0.0000
    104.2046	      0.0000
    104.2056	      0.0000
    104.2066	      0.0000
    104.2076	      0.0000
    104.2086	      0.0000
    104.2096	      0.0000
    104.2106	      0.0000
    104.2116	      0.0000
    104.2126	      0.0000
    104.2137	      0.0000
    104.2147	      0.0000
    104.2157	      0.0000
    104.2167	      0.0000
    104.2177	      0.0000
    104.2187	      0.0000
    104.2197	      0.0000
    104.2207	      0.0000
    104.2217	      0.0000
    104.2227	      0.0000
    104.2237	      0.0000
    104.2591	      0.0000
    104.2601	      0.0000
    104.2611	      0.0000
    104.2621	      0.0000
    104.2631	      0.0000
    104.2641	      0.0000
    104.2651	      0.0000
    104.2661	      0.0000
    104.2672	      0.0000
    104.2682	      0.0000
    104.2692	      0.0000
    104.2702	      0.0000
    104.2712	      0.0000
    104.2722	      0.0000
    104.2732	      0.0000
    104.2742	      0.0000
    104.2752	      0.0000
    104.2761	      0.0000
    104.2771	      0.0000
    104.2782	      0.0000
    104.2792	      0.0000
    109.0207	      0.0000
    109.0218	      0.0000
    109.0229	      0.0000
    109.0240	      0.0000
    109.0251	    838.7056
    109.0261	   4183.9033
    109.0272	   9535.9199
    109.0283	  15372.5391
    109.0294	  16518.5664
    109.0305	  11099.9541
    109.0315	   5680.7349
    109.0326	   1465.1711
    109.0337	     29.3103
    109.0348	      0.0000
    109.0359	      0.0000
    109.0370	      0.0000
    109.0381	      0.0000
    111.0361	      0.0000
    111.0372	      0.0000
    111.0383	      0.0000
    111.0395	      0.0000
    111.0406	    862.9999
    111.0417	   1895.8412
    111.0428	   4882.8955
    111.0439	   8162.2656
    111.0450	   9208.8438
    111.0461	   6372.3887
    111.0472	   3356.1963
    111.0483	    904.3197
    111.0494	      0.0000
    111.0505	      0.0000
    111.0516	      0.0000
    111.0528	      0.0000
    113.1501	      0.0000
    113.1512	      0.0000
    113.1524	      0.0000
    113.1535	      0.0000
    113.1546	      0.0000
    113.1558	      0.0000
    113.1569	      0.0000
    113.1581	      0.0000
    113.1592	      0.0000
    113.1604	      0.0000
    113.1615	      0.0000
    113.1626	      0.0000
    113.1638	      0.0000
    113.1649	      0.0000
    113.1661	      0.0000
    113.1672	      0.0000
    113.1683	      0.0000
    113.1695	      0.0000
    113.1706	      0.0000
    113.1718	      0.0000
    113.2060	      0.0000
    113.2072	      0.0000
    113.2083	      0.0000
    113.2095	      0.0000
    113.2106	      0.0000
    113.2118	      0.0000
    113.2129	      0.0000
    113.2140	      0.0000
    113.2152	      0.0000
    113.2163	      0.0000
    113.2175	      0.0000
    113.2186	      0.0000
    113.2198	      0.0000
    113.2209	      0.0000
    113.2220	      0.0000
    113.2232	      0.0000
    113.2243	      0.0000
    113.2255	      0.0000
    113.2266	      0.0000
    113.2277	      0.0000
    113.2620	      0.0000
    113.2632	      0.0000
    113.2643	      0.0000
    113.2655	      0.0000
    113.2666	      0.0000
    113.2678	      0.0000
    113.2689	      0.0000
    113.2700	      0.0000
    113.2712	      0.0000
    113.2723	      0.0000
    113.2735	      0.0000
    113.2746	      0.0000
    113.2758	      0.0000
    113.2769	      0.0000
    113.2781	      0.0000
    113.2791	      0.0000
    113.2803	      0.0000
    113.2814	      0.0000
    113.2825	      0.0000
    115.0294	      0.0000
    115.0306	      0.0000
    115.0318	      0.0000
    115.0330	      0.0000
    115.0341	    631.6040
    115.0353	   2726.7000
    115.0365	  10707.2188
    115.0376	  24203.5371
    115.0388	  38802.3438
    115.0400	  41505.9297
    115.0411	  27871.2969
    115.0423	  14291.4434
    115.0435	   4091.7644
    115.0447	   1106.4602
    115.0458	    650.5754
    115.0470	      0.0000
    115.0482	      0.0000
    115.0493	      0.0000
    115.0505	      0.0000
    122.1589	      0.0000
    122.1602	      0.0000
    122.1615	      0.0000
    122.1627	      0.0000
    122.1640	      0.0000
    122.1653	      0.0000
    122.1666	      0.0000
    122.1679	      0.0000
    122.1691	      0.0000
    122.1704	      0.0000
    122.1717	      0.0000
    122.1730	      0.0000
    122.1743	      0.0000
    122.1755	      0.0000
    122.2140	      0.0000
    122.2153	      0.0000
    122.2165	      0.0000
    122.2178	      0.0000
    122.2191	      0.0000
    122.2204	      0.0000
    122.2217	      0.0000
    122.2230	      0.0000
    122.2242	      0.0000
    122.2255	      0.0000
    122.2267	      0.0000
    122.2280	      0.0000
    122.2292	      0.0000
    122.2305	      0.0000
    126.0424	      0.0000
    126.0438	      0.0000
    126.0451	      0.0000
    126.0464	      0.0000
    126.0478	   1000.1425
    126.0491	   1305.8301
    126.0505	   5147.4028
    126.0518	  20098.8516
    126.0532	  50070.2891
    126.0545	  82553.9453
    126.0558	  95913.6016
    126.0572	  68367.5000
    126.0585	  37616.4141
    126.0599	  11761.6572
    126.0612	   3104.7710
    126.0625	    985.0063
    126.0639	      0.0000
    126.0653	      0.0000
    126.0666	      0.0000
    126.0680	      0.0000
    127.0253	      0.0000
    127.0267	      0.0000
    127.0281	      0.0000
    127.0294	      0.0000
    127.0308	    955.4164
    127.0321	   1868.7845
    127.0335	   2736.7397
    127.0348	  10539.0332
    127.0362	  38220.5469
    127.0376	  78271.9844
    127.0389	 120686.6094
    127.0403	 119458.8438
    127.0416	  76982.5156
    127.0430	  37148.8984
    127.0444	  10689.4805
    127.0457	   3248.9749
    127.0471	   2122.3079
    127.0484	    873.0635
    127.0498	      0.0000
    127.0512	      0.0000
    127.0525	      0.0000
    127.0539	    874.0823
    127.0552	   1399.8496
    127.0566	   3092.3350
    127.0580	   5613.8867
    127.0593	   7087.3447
    127.0607	   5137.4448
    127.0620	   1905.1467
    127.0634	    707.0590
    127.0647	      0.0000
    127.0661	      0.0000
    127.0675	      0.0000
    127.0688	      0.0000
    128.0335	      0.0000
    128.0349	      0.0000
    128.0363	      0.0000
    128.0376	      0.0000
    128.0390	    738.1044
    128.0404	   2121.4023
    128.0418	   5122.5386
    128.0431	   6413.0190
    128.0445	   4624.6572
    128.0459	   2403.7896
    128.0473	    828.8878
    128.0486	      0.0000
    128.0500	      0.0000
    128.0514	      0.0000
    128.0527	      0.0000
    129.0454	      0.0000
    129.0468	      0.0000
    129.0481	      0.0000
    129.0495	      0.0000
    129.0509	    423.4572
    129.0523	   1203.1016
    129.0537	   2299.9138
    129.0551	   2998.8186
    129.0565	   2771.4026
    129.0579	   1796.2192
    129.0593	    759.9617
    129.0606	      0.0000
    129.0620	      0.0000
    129.0634	      0.0000
    129.0648	      0.0000
    133.0403	      0.0000
    133.0418	      0.0000
    133.0432	      0.0000
    133.0447	      0.0000
    133.0461	    626.3548
    133.0476	   1712.2996
    133.0490	   2726.2341
    133.0505	   2904.5823
    133.0519	   2120.2744
    133.0534	    992.3373
    133.0548	      0.0000
    133.0563	      0.0000
    133.0577	      0.0000
    133.0592	      0.0000
    135.6710	      0.0000
    135.6725	      0.0000
    135.6740	      0.0000
    135.6755	      0.0000
    135.6770	    596.5671
    135.6785	   1233.1185
    135.6800	   1655.6385
    135.6815	   1564.1083
    135.6830	   1018.8492
    135.6844	      0.0000
    135.6859	      0.0000
    135.6874	      0.0000
    135.6889	      0.0000
    138.0383	      0.0000
    138.0399	      0.0000
    138.0414	      0.0000
    138.0430	      0.0000
    138.0445	      0.0000
    138.0460	   1818.2205
    138.0476	   2345.8691
    138.0491	   6956.9521
    138.0507	  29470.8594
    138.0522	  96048.4531
    138.0537	 170670.7969
    138.0553	 231230.6250
    138.0568	 189361.0000
    138.0583	 113310.2656
    138.0599	  43034.3633
    138.0614	  12948.3965
    138.0630	   4801.5576
    138.0645	   2953.3811
    138.0660	     97.3745
    138.0675	      0.0000
    138.0690	      0.0000
    138.0706	      0.0000
    138.0721	      0.0000
    139.0468	      0.0000
    139.0483	      0.0000
    139.0499	      0.0000
    139.0514	      0.0000
    139.0530	    649.5214
    139.0545	   3282.0830
    139.0561	   8301.4355
    139.0576	  13748.0928
    139.0592	  15523.1162
    139.0608	  10638.0801
    139.0623	   5502.7822
    139.0639	   1462.6293
    139.0654	    247.1546
    139.0672	      0.0000
    139.0688	      0.0000
    139.0703	      0.0000
    139.0719	      0.0000
    144.0524	      0.0000
    144.0540	      0.0000
    144.0556	      0.0000
    144.0573	      0.0000
    144.0589	     65.2521
    144.0606	   1198.7758
    144.0622	   5004.1807
    144.0638	   9770.3145
    144.0655	  14417.3896
    144.0671	  13045.4053
    144.0688	   7959.3545
    144.0704	   3254.2969
    144.0720	    640.4792
    144.0736	      0.0000
    144.0752	      0.0000
    144.0768	      0.0000
    144.0785	      0.0000
    145.0347	      0.0000
    145.0363	      0.0000
    145.0380	      0.0000
    145.0396	      0.0000
    145.0413	    620.1732
    145.0429	   1706.9581
    145.0446	   9168.8232
    145.0463	  33298.1992
    145.0479	  63450.7500
    145.0496	  92315.4375
    145.0512	  83119.8203
    145.0529	  51495.1328
    145.0545	  22453.0488
    145.0562	   6552.0469
    145.0579	   2150.0542
    145.0595	   1384.0284
    145.0612	    276.6452
    145.0629	      0.0000
    145.0646	      0.0000
    145.0662	      0.0000
    145.0679	      0.0000
    146.0423	      0.0000
    146.0440	      0.0000
    146.0457	      0.0000
    146.0473	      0.0000
    146.0490	    938.3533
    146.0507	   2025.1494
    146.0524	   2953.4116
    146.0540	   3090.8708
    146.0557	   2363.4236
    146.0574	   1295.5669
    146.0591	    473.8682
    146.0607	      0.0000
    146.0624	      0.0000
    146.0641	      0.0000
    146.0658	      0.0000
    163.0397	      0.0000
    163.0417	      0.0000
    163.0436	      0.0000
    163.0456	      0.0000
    163.0476	   1032.5988
    163.0496	   1431.3910
    163.0515	   1284.5319
    163.0533	   4854.8799
    163.0552	  20033.2324
    163.0572	  46477.7578
    163.0592	  75094.4609
    163.0612	  81816.3828
    163.0631	  55553.1953
    163.0651	  28983.0703
    163.0671	   8885.5332
    163.0691	   2845.2751
    163.0710	   1583.6005
    163.0730	    493.9723
    163.0752	      0.0000
    163.0772	      0.0000
    163.0792	      0.0000
    163.0812	      0.0000
    164.0495	      0.0000
    164.0515	      0.0000
    164.0534	      0.0000
    164.0554	      0.0000
    164.0574	    508.5924
    164.0594	   1560.9685
    164.0614	   4076.0574
    164.0634	   6449.1821
    164.0654	   6480.0166
    164.0674	   4181.8960
    164.0694	   1508.1444
    164.0714	    486.1283
    164.0733	      0.0000
    164.0752	      0.0000
    164.0772	      0.0000
    164.0792	      0.0000
    168.0473	      0.0000
    168.0494	      0.0000
    168.0514	      0.0000
    168.0535	      0.0000
    168.0556	    718.4530
    168.0576	   2689.6672
    168.0597	  13286.3232
    168.0618	  44245.2852
    168.0638	  78232.8125
    168.0659	 105114.7500
    168.0680	  84883.1016
    168.0700	  50410.9219
    168.0721	  18662.7266
    168.0742	   5440.8887
    168.0762	   1787.0269
    168.0783	   1065.3942
    168.0805	      0.0000
    168.0826	      0.0000
    168.0847	      0.0000
    168.0867	      0.0000
    169.0541	      0.0000
    169.0562	      0.0000
    169.0583	      0.0000
    169.0604	      0.0000
    169.0625	    261.7378
    169.0646	   2538.1274
    169.0666	   5555.1753
    169.0687	   8679.3252
    169.0708	   8034.1440
    169.0729	   4819.2998
    169.0750	   1882.3490
    169.0771	    767.0856
    169.0788	      0.0000
    169.0809	      0.0000
    169.0830	      0.0000
    169.0850	      0.0000
    186.0560	      0.0000
    186.0584	      0.0000
    186.0608	      0.0000
    186.0632	      0.0000
    186.0656	    116.8732
    186.0680	   3030.0122
    186.0704	  14271.5371
    186.0728	  31449.4102
    186.0752	  49980.7188
    186.0776	  51730.1563
    186.0801	  34243.2695
    186.0825	  17328.6523
    186.0849	   5543.5435
    186.0873	   2230.6348
    186.0897	   1626.3225
    186.0925	   2750.5691
    186.0949	    554.6454
    186.0973	      0.0000
    186.0997	      0.0000
    186.1021	      0.0000
    186.1046	      0.0000
    187.0643	      0.0000
    187.0667	      0.0000
    187.0692	      0.0000
    187.0716	      0.0000
    187.0740	    880.7455
    187.0764	   1700.4933
    187.0789	   2250.2454
    187.0813	   2157.2158
    187.0837	   1507.6791
    187.0862	    727.8090
    187.0883	      0.0000
    187.0908	      0.0000
    187.0932	      0.0000
    187.0956	      0.0000
    204.0530	      0.0000
    204.0558	      0.0000
    204.0585	      0.0000
    204.0613	      0.0000
    204.0641	    116.1435
    204.0668	   1793.7521
    204.0696	   3422.8860
    204.0724	   3430.8083
    204.0751	   3686.0142
    204.0779	  16927.7754
    204.0807	  65600.9688
    204.0834	 131564.1875
    204.0862	 198611.2969
    204.0890	 188405.2969
    204.0917	 119519.8281
    204.0945	  55785.7734
    204.0973	  17649.7520
    204.1000	   7045.0547
    204.1028	   4469.1768
    204.1056	   1247.7360
    204.1083	    827.5585
    204.1112	      0.0000
    204.1140	      0.0000
    204.1167	      0.0000
    204.1195	      0.0000
    205.0688	      0.0000
    205.0716	      0.0000
    205.0744	      0.0000
    205.0772	      0.0000
    205.0800	    613.1518
    205.0828	   3422.6609
    205.0856	   9047.2295
    205.0883	  15187.3945
    205.0911	  18027.1563
    205.0939	  12988.5010
    205.0967	   7142.2231
    205.0995	   2138.6177
    205.1023	    388.0485
    205.1052	      0.0000
    205.1080	      0.0000
    205.1108	      0.0000
    205.1136	      0.0000
    206.0727	      0.0000
    206.0755	      0.0000
    206.0783	      0.0000
    206.0811	      0.0000
    206.0839	    733.8726
    206.0867	   1533.0802
    206.0895	   2196.4114
    206.0923	   2205.6172
    206.0951	   1516.2677
    206.0980	    620.5618
    206.1008	      0.0000
    206.1036	      0.0000
    206.1064	      0.0000
    206.1092	      0.0000
    241.0469	      0.0000
    241.0504	      0.0000
    241.0540	      0.0000
    241.0575	      0.0000
    241.0611	    642.6408
    241.0646	   3353.7717
    241.0682	   6169.3647
    241.0717	   7833.8633
    241.0753	   5697.8164
    241.0788	   3047.1770
    241.0824	    790.5302
    241.0862	      0.0000
    241.0898	      0.0000
    241.0933	      0.0000
    241.0969	      0.0000
    295.0695	      0.0000
    295.0743	      0.0000
    295.0791	      0.0000
    295.0839	      0.0000
    295.0887	    494.5061
    295.0935	   1449.0774
    295.0983	   2578.1582
    295.1031	   3127.2083
    295.1080	   2689.2634
    295.1128	   1595.2526
    295.1176	    567.8876
    295.1224	      0.0000
    295.1273	      0.0000
    295.1321	      0.0000
    295.1369	      0.0000
    330.6317	      0.0000
    330.6374	      0.0000
    330.6431	      0.0000
    330.6488	      0.0000
    330.6545	    542.2229
    330.6602	   1188.8931
    330.6659	   1607.1152
    330.6716	   1503.6858
    330.6773	    960.7937
    330.6832	      0.0000
    330.6889	      0.0000
    330.6946	      0.0000
    330.7003	      0.0000
    343.8279	      0.0000
    343.8339	      0.0000
    343.8400	      0.0000
    343.8460	      0.0000
    343.8521	    700.6674
    343.8581	   1191.4856
    343.8642	   1420.6979
    343.8702	   1251.6649
    343.8763	    797.2596
    343.8820	      0.0000
    343.8880	      0.0000
    343.8940	      0.0000
    343.9001	      0.0000
    366.0853	      0.0000
    366.0919	      0.0000
    366.0986	      0.0000
    366.1052	      0.0000
    366.1119	    734.7478
    366.1185	   1770.8452
    366.1252	   7182.2446
    366.1318	  14967.0127
    366.1384	  22743.6328
    366.1451	  21279.7852
    366.1517	  13129.0723
    366.1584	   5630.7856
    366.1650	   1363.0485
    366.1717	    371.4865
    366.1788	      0.0000
    366.1855	      0.0000
    366.1921	      0.0000
    366.1987	      0.0000
    367.1044	      0.0000
    367.1111	      0.0000
    367.1178	      0.0000
    367.1244	      0.0000
    367.1311	    406.2765
    367.1378	   1322.2706
    367.1445	   1971.2731
    367.1511	   1820.1027
    367.1578	   1035.7889
    367.1645	      0.0000
    367.1711	      0.0000
    367.1778	      0.0000
    367.1845	      0.0000
    377.8842	      0.0000
    377.8911	      0.0000
    377.8981	      0.0000
    377.9051	      0.0000
    377.9120	    787.8195
    377.9190	   1337.9218
    377.9260	   1570.4069
    377.9329	   1352.1008
    377.9399	    847.6497
    377.9470	      0.0000
    377.9540	      0.0000
    377.9610	      0.0000
    377.9679	      0.0000
    423.1866	      0.0000
    423.1949	      0.0000
    423.2032	      0.0000
    423.2114	      0.0000
    423.2197	    847.3694
    423.2279	   1413.5408
    423.2362	   1631.4108
    423.2445	   1326.7885
    423.2527	    700.7845
    423.2614	      0.0000
    423.2696	      0.0000
    423.2779	      0.0000
    423.2862	      0.0000
    481.8232	      0.0000
    481.8332	      0.0000
    481.8433	      0.0000
    481.8533	      0.0000
    481.8633	    920.2722
    481.8734	   1684.1904
    481.8834	   2121.6621
    481.8934	   1896.9489
    481.9035	   1146.6937
    481.9135	      0.0000
    481.9236	      0.0000
    481.9336	      0.0000
    481.9436	      0.0000
    484.1692	      0.0000
    484.1793	      0.0000
    484.1894	      0.0000
    484.1995	      0.0000
    484.2096	   1205.5015
    484.2197	   2268.0715
    484.2298	   2997.3752
    484.2399	   2862.9282
    484.2500	   1946.2788
    484.2602	    856.2291
    484.2703	      0.0000
    484.2804	      0.0000
    484.2905	      0.0000
    484.3006	      0.0000
    486.4916	      0.0000
    486.5018	      0.0000
    486.5120	      0.0000
    486.5222	      0.0000
    486.5323	    948.0555
    486.5425	   1518.1342
    486.5527	   1661.4326
    486.5629	   1259.5422
    486.5731	    624.4278
    486.5832	      0.0000
    486.5934	      0.0000
    486.6036	      0.0000
    486.6138	      0.0000
    487.1743	      0.0000
    487.1845	      0.0000
    487.1947	      0.0000
    487.2049	      0.0000
    487.2151	   1177.8225
    487.2253	   3242.5869
    487.2355	   5942.8774
    487.2457	   8103.8218
    487.2559	   6624.2344
    487.2661	   3903.6375
    487.2763	   1146.8972
    487.2865	      0.0000
    487.2967	      0.0000
    487.3069	      0.0000
    487.3171	      0.0000
    488.1856	      0.0000
    488.1958	      0.0000
    488.2061	      0.0000
    488.2163	      0.0000
    488.2265	   1033.4276
    488.2368	   1648.3635
    488.2470	   1859.4679
    488.2572	   1506.4147
    488.2675	    828.7825
    488.2777	      0.0000
    488.2879	      0.0000
    488.2982	      0.0000
    488.3084	      0.0000
    490.5061	      0.0000
    490.5164	      0.0000
    490.5267	      0.0000
    490.5370	      0.0000
    490.5473	   1023.8623
    490.5576	   1529.5355
    490.5680	   1624.4805
    490.5783	   1250.1888
    490.5886	    648.6780
    490.5991	      0.0000
    490.6094	      0.0000
    490.6197	      0.0000
    490.6300	      0.0000
    510.2054	      0.0000
    510.2163	      0.0000
    510.2272	      0.0000
    510.2382	      0.0000
    510.2491	    974.9578
    510.2600	   2015.0084
    510.2710	   2564.1426
    510.2819	   2175.9966
    510.2928	   1182.5123
    510.3038	      0.0000
    510.3147	      0.0000
    510.3257	      0.0000
    510.3366	      0.0000
    528.1211	      0.0000
    528.1326	      0.0000
    528.1441	      0.0000
    528.1556	      0.0000
    528.1671	    662.6193
    528.1786	   1658.7798
    528.1902	   2577.4407
    528.2017	   2722.8215
    528.2132	   1952.4377
    528.2247	    867.3920
    528.2363	      0.0000
    528.2478	      0.0000
    528.2593	      0.0000
    528.2708	      0.0000
    557.5095	      0.0000
    557.5220	      0.0000
    557.5345	      0.0000
    557.5470	      0.0000
    557.5594	    546.7037
    557.5719	   1285.3241
    557.5844	   3588.0051
    557.5969	   6025.2734
    557.6094	   6239.6582
    557.6219	   3902.2319
    557.6344	   1619.8577
    557.6469	    575.3333
    557.6594	      0.0000
    557.6719	      0.0000
    557.6843	      0.0000
    557.6968	      0.0000
    557.8593	      0.0000
    557.8718	      0.0000
    557.8843	      0.0000
    557.8968	      0.0000
    557.9093	   1132.8081
    557.9218	   2321.2256
    557.9343	   3201.9958
    557.9468	   3111.8252
    557.9593	   2109.0283
    557.9718	    931.9409
    557.9843	      0.0000
    557.9968	      0.0000
    558.0093	      0.0000
    558.0218	      0.0000
    558.1719	      0.0000
    558.1844	      0.0000
    558.1969	      0.0000
    558.2094	      0.0000
    558.2219	    532.0175
    558.2344	   1315.0143
    558.2469	   2127.1821
    558.2594	   2443.9524
    558.2719	   2040.2977
    558.2845	   1200.3518
    558.2970	      0.0000
    558.3095	      0.0000
    558.3220	      0.0000
    558.3345	      0.0000
    564.6827	      0.0000
    564.6954	      0.0000
    564.7081	      0.0000
    564.7208	      0.0000
    564.7336	    840.7600
    564.7463	   1344.9700
    564.7590	   1695.2761
    564.7718	   1692.9183
    564.7845	   1293.5087
    564.7972	    713.2631
    564.8100	      0.0000
    564.8227	      0.0000
    564.8354	      0.0000
    564.8482	      0.0000
    567.5317	      0.0000
    567.5446	      0.0000
    567.5574	      0.0000
    567.5702	      0.0000
    567.5830	   1022.8823
    567.5959	   1752.8600
    567.6087	   1902.2850
    567.6215	   1351.0695
    567.6344	    549.1162
    567.6472	      0.0000
    567.6600	      0.0000
    567.6728	      0.0000
    567.6857	      0.0000
    567.8525	      0.0000
    567.8653	      0.0000
    567.8782	      0.0000
    567.8910	      0.0000
    567.9038	    736.0552
    567.9167	   1522.2500
    567.9295	   2140.0168
    567.9423	   2128.3247
    567.9552	   1452.2916
    567.9680	    578.1281
    567.9810	      0.0000
    567.9938	      0.0000
    568.0066	      0.0000
    568.0195	      0.0000
    661.2245	      0.0000
    661.2406	      0.0000
    661.2567	      0.0000
    661.2728	      0.0000
    661.2890	   1299.4521
    661.3051	   2215.7007
    661.3212	   2630.3162
    661.3374	   2207.0352
    661.3535	   1238.8334
    661.3697	      0.0000
    661.3858	      0.0000
    661.4019	      0.0000
    661.4181	      0.0000
    674.5341	      0.0000
    674.5507	      0.0000
    674.5673	      0.0000
    674.5839	      0.0000
    674.6005	    591.2079
    674.6172	   1394.2344
    674.6338	   1974.8335
    674.6504	   1909.9014
    674.6670	   1241.7517
    674.6836	      0.0000
    674.7003	      0.0000
    674.7169	      0.0000
    674.7335	      0.0000
    680.1860	      0.0000
    680.2028	      0.0000
    680.2196	      0.0000
    680.2365	      0.0000
    680.2533	    766.8856
    680.2701	   2145.0833
    680.2869	   4968.2896
    680.3038	   6299.1333
    680.3206	   4575.7793
    680.3374	   1891.3580
    680.3543	    622.7766
    680.3711	      0.0000
    680.3879	      0.0000
    680.4048	      0.0000
    680.4216	      0.0000
    702.2288	      0.0000
    702.2465	      0.0000
    702.2641	      0.0000
    702.2818	      0.0000
    702.2994	    950.8849
    702.3171	   1636.5222
    702.3347	   1890.2103
    702.3524	   1521.7407
    702.3701	    791.6877
    702.3877	      0.0000
    702.4054	      0.0000
    702.4230	      0.0000
    702.4407	      0.0000
    703.2360	      0.0000
    703.2537	      0.0000
    703.2714	      0.0000
    703.2891	      0.0000
    703.3068	    942.1999
    703.3245	   1623.6370
    703.3422	   1878.4980
    703.3599	   1520.1814
    703.3776	    833.5704
    703.3953	      0.0000
    703.4130	      0.0000
    703.4306	      0.0000
    703.4483	      0.0000
    717.2210	      0.0000
    717.2392	      0.0000
    717.2574	      0.0000
    717.2757	      0.0000
    717.2939	    616.8809
    717.3121	   1388.0004
    717.3303	   1926.7578
    717.3486	   1826.0198
    717.3668	   1147.4243
    717.3850	      0.0000
    717.4032	      0.0000
    717.4215	      0.0000
    717.4397	      0.0000
    725.7130	      0.0000
    725.7316	      0.0000
    725.7501	      0.0000
    725.7687	      0.0000
    725.7872	    862.2723
    725.8058	   2746.6455
    725.8243	   5511.4048
    725.8428	   8147.6328
    725.8614	   7051.4321
    725.8799	   4067.2686
    725.8985	   1263.8309
    725.9170	      0.0000
    725.9356	      0.0000
    725.9542	      0.0000
    725.9727	      0.0000
    726.2325	      0.0000
    726.2511	      0.0000
    726.2697	      0.0000
    726.2882	      0.0000
    726.3068	    501.9962
    726.3254	   1510.7446
    726.3439	   2413.0635
    726.3625	   2493.7520
    726.3811	   1698.1915
    726.3996	    666.8199
    726.4190	      0.0000
    726.4375	      0.0000
    726.4561	      0.0000
    726.4747	      0.0000
    734.2065	      0.0000
    734.2254	      0.0000
    734.2443	      0.0000
    734.2631	      0.0000
    734.2820	    416.9575
    734.3009	   3258.9199
    734.3198	  10509.1709
    734.3386	  18894.0801
    734.3575	  26399.0293
    734.3764	  22985.7793
    734.3953	  14091.5459
    734.4142	   5916.3369
    734.4330	   1412.8312
    734.4519	      0.0000
    734.4729	      0.0000
    734.4918	      0.0000
    734.5107	      0.0000
    734.5296	      0.0000
    734.7184	      0.0000
    734.7373	      0.0000
    734.7562	      0.0000
    734.7751	      0.0000
    734.7940	   1205.7367
    734.8129	   4142.5151
    734.8318	   9868.1699
    734.8507	  16123.5303
    734.8696	  17832.9844
    734.8885	  11882.3545
    734.9074	   5701.7207
    734.9263	   1149.0417
    734.9423	      0.0000
    734.9612	      0.0000
    734.9801	      0.0000
    734.9990	      0.0000
    735.2258	      0.0000
    735.2447	      0.0000
    735.2637	      0.0000
    735.2826	      0.0000
    735.3015	    777.2007
    735.3204	   3303.3594
    735.3393	   6000.6245
    735.3582	   8297.6299
    735.3771	   6957.6860
    735.3961	   3955.7744
    735.4150	   1148.8851
    735.4339	      0.0000
    735.4528	      0.0000
    735.4717	      0.0000
    735.4906	      0.0000
    735.7556	      0.0000
    735.7745	      0.0000
    735.7935	      0.0000
    735.8124	      0.0000
    735.8313	   1150.6108
    735.8503	   1962.5715
    735.8692	   2163.5920
    735.8881	   1568.1605
    735.9071	    641.9334
    735.9260	      0.0000
    735.9449	      0.0000
    735.9639	      0.0000
    735.9828	      0.0000
    740.2435	      0.0000
    740.2626	      0.0000
    740.2817	      0.0000
    740.3009	      0.0000
    740.3200	    890.7501
    740.3391	   1934.5568
    740.3582	   2624.1362
    740.3773	   2436.6484
    740.3964	   1538.8976
    740.4155	    632.5052
    740.4346	      0.0000
    740.4538	      0.0000
    740.4729	      0.0000
    740.4920	      0.0000
    749.2268	      0.0000
    749.2463	      0.0000
    749.2657	      0.0000
    749.2852	      0.0000
    749.3046	    382.3246
    749.3241	   1328.8802
    749.3435	   2595.7351
    749.3630	   3321.2695
    749.3824	   2969.5967
    749.4019	   1829.4647
    749.4214	    709.8253
    749.4408	      0.0000
    749.4603	      0.0000
    749.4797	      0.0000
    749.4992	      0.0000
    749.7328	      0.0000
    749.7523	      0.0000
    749.7718	      0.0000
    749.7912	      0.0000
    749.8107	    345.1557
    749.8302	   1317.5452
    749.8497	   2376.6948
    749.8691	   2686.1716
    749.8886	   1971.3484
    749.9081	    852.7537
    749.9276	      0.0000
    749.9471	      0.0000
    749.9665	      0.0000
    749.9860	      0.0000
    750.2394	      0.0000
    750.2588	      0.0000
    750.2783	      0.0000
    750.2978	      0.0000
    750.3173	   1092.2773
    750.3368	   3406.2058
    750.3563	   5592.1733
    750.3758	   6242.9473
    750.3953	   4316.6421
    750.4148	   1640.8784
    750.4343	    508.0699
    750.4538	      0.0000
    750.4733	      0.0000
    750.4928	      0.0000
    750.5123	      0.0000
    754.2512	      0.0000
    754.2709	      0.0000
    754.2905	      0.0000
    754.3102	      0.0000
    754.3298	    900.7162
    754.3495	   1611.4315
    754.3691	   1845.4703
    754.3888	   1424.4611
    754.4084	    689.2866
    754.4281	      0.0000
    754.4477	      0.0000
    754.4674	      0.0000
    754.4870	      0.0000
    762.2123	      0.0000
    762.2323	      0.0000
    762.2523	      0.0000
    762.2722	      0.0000
    762.2922	    569.7654
    762.3122	   1803.1575
    762.3321	   4628.5723
    762.3521	   7649.5088
    762.3721	   8514.0332
    762.3920	   5652.3979
    762.4120	   2639.0403
    762.4320	    314.4228
    762.4519	      0.0000
    762.4719	      0.0000
    762.4919	      0.0000
    762.5118	      0.0000
    762.7316	      0.0000
    762.7516	      0.0000
    762.7715	      0.0000
    762.7915	      0.0000
    762.8115	   1014.5093
    762.8315	   2163.7285
    762.8515	   3099.3008
    762.8715	   3117.0466
    762.8914	   2155.1570
    762.9114	    911.8074
    762.9314	      0.0000
    762.9514	      0.0000
    762.9714	      0.0000
    762.9914	      0.0000
    763.2313	      0.0000
    763.2513	      0.0000
    763.2713	      0.0000
    763.2913	      0.0000
    763.3114	    807.2006
    763.3314	   1677.4457
    763.3514	   2414.8867
    763.3714	   2522.1362
    763.3914	   1890.1997
    763.4114	    949.0794
    763.4237	      0.0000
    763.4437	      0.0000
    763.4638	      0.0000
    763.4838	      0.0000
    775.7152	      0.0000
    775.7357	      0.0000
    775.7562	      0.0000
    775.7767	      0.0000
    775.7972	    169.9659
    775.8177	   2788.1125
    775.8382	   7208.6538
    775.8587	  11998.5889
    775.8792	  13099.2939
    775.8997	   8902.9893
    775.9202	   4706.7285
    775.9407	   1643.9624
    775.9612	    486.1346
    775.9915	      0.0000
    776.0120	      0.0000
    776.0325	      0.0000
    776.0530	      0.0000
    776.2171	      0.0000
    776.2376	      0.0000
    776.2581	      0.0000
    776.2786	      0.0000
    776.2991	    494.8794
    776.3196	   2236.3638
    776.3401	   6333.6040
    776.3607	  10731.7529
    776.3812	  13898.7744
    776.4017	  11113.7617
    776.4222	   6598.5254
    776.4427	   2286.7322
    776.4633	    436.4709
    776.4817	      0.0000
    776.5022	      0.0000
    776.5227	      0.0000
    776.5432	      0.0000
    776.7280	      0.0000
    776.7485	      0.0000
    776.7691	      0.0000
    776.7896	      0.0000
    776.8101	     78.1568
    776.8307	   2229.5754
    776.8512	   5294.1353
    776.8717	   8593.3027
    776.8923	   8734.3203
    776.9128	   5765.3340
    776.9334	   2947.9473
    776.9539	    609.3774
    776.9745	      0.0000
    776.9950	      0.0000
    777.0155	      0.0000
    777.0361	      0.0000
    778.7236	      0.0000
    778.7442	      0.0000
    778.7648	      0.0000
    778.7854	      0.0000
    778.8060	    617.1152
    778.8266	   2194.4951
    778.8472	   4624.9033
    778.8679	   7175.9111
    778.8885	   7172.7490
    778.9091	   4523.9146
    778.9297	   2018.9663
    778.9503	    850.5622
    778.9710	      0.0000
    778.9916	      0.0000
    779.0122	      0.0000
    779.0328	      0.0000
    779.2391	      0.0000
    779.2598	      0.0000
    779.2804	      0.0000
    779.3010	      0.0000
    779.3217	    961.3742
    779.3423	   2123.5452
    779.3629	   3092.2078
    779.3836	   3193.3025
    779.4042	   2344.3223
    779.4248	   1166.5868
    779.4455	      0.0000
    779.4661	      0.0000
    779.4868	      0.0000
    779.5074	      0.0000
    779.7552	      0.0000
    779.7759	      0.0000
    779.7965	      0.0000
    779.8172	      0.0000
    779.8378	    573.4219
    779.8585	   1326.4388
    779.8791	   1831.2101
    779.8998	   1666.5552
    779.9205	    955.8412
    779.9411	      0.0000
    779.9618	      0.0000
    779.9824	      0.0000
    780.0031	      0.0000
    786.2183	      0.0000
    786.2392	      0.0000
    786.2601	      0.0000
    786.2810	      0.0000
    786.3020	   1020.4168
    786.3229	   1735.2526
    786.3438	   2040.0122
    786.3647	   1711.1376
    786.3856	    961.4102
    786.4065	      0.0000
    786.4275	      0.0000
    786.4484	      0.0000
    786.4693	      0.0000
    794.7135	      0.0000
    794.7348	      0.0000
    794.7560	      0.0000
    794.7773	      0.0000
    794.7986	    915.4625
    794.8198	   2027.8947
    794.8411	   3163.0098
    794.8623	   3547.7837
    794.8836	   2877.2402
    794.9048	   1616.1311
    794.9261	    564.7020
    794.9474	      0.0000
    794.9686	      0.0000
    794.9899	      0.0000
    795.0111	      0.0000
    806.7488	      0.0000
    806.7706	      0.0000
    806.7923	      0.0000
    806.8140	      0.0000
    806.8358	   1438.6851
    806.8575	   2195.4277
    806.8793	   2378.2097
    806.9010	   1858.3815
    806.9227	    998.5515
    806.9445	      0.0000
    806.9662	      0.0000
    806.9880	      0.0000
    807.0097	      0.0000
    807.2490	      0.0000
    807.2707	      0.0000
    807.2925	      0.0000
    807.3142	      0.0000
    807.3360	   1050.2841
    807.3578	   1934.5924
    807.3795	   2455.5786
    807.4013	   2199.0103
    807.4230	   1325.1547
    807.4448	      0.0000
    807.4666	      0.0000
    807.4883	      0.0000
    807.5101	      0.0000
    807.7496	      0.0000
    807.7714	      0.0000
    807.7931	      0.0000
    807.8149	      0.0000
    807.8367	    703.5109
    807.8585	   1716.7477
    807.8803	   2520.0994
    807.9020	   2557.7891
    807.9238	   1832.1282
    807.9456	    874.5760
    807.9674	      0.0000
    807.9892	      0.0000
    808.0110	      0.0000
    808.0327	      0.0000
    813.7493	      0.0000
    813.7713	      0.0000
    813.7933	      0.0000
    813.8154	      0.0000
    813.8374	    622.1881
    813.8594	   1485.5902
    813.8814	   2221.7725
    813.9035	   2332.2871
    813.9255	   1747.3251
    813.9475	    883.8665
    813.9695	      0.0000
    813.9916	      0.0000
    814.0136	      0.0000
    814.0356	      0.0000
    817.7272	      0.0000
    817.7494	      0.0000
    817.7715	      0.0000
    817.7937	      0.0000
    817.8159	    759.9022
    817.8381	   1816.4070
    817.8603	   2821.1653
    817.8825	   3144.6665
    817.9046	   2565.0203
    817.9268	   1476.9314
    817.9490	    549.2979
    817.9712	      0.0000
    817.9934	      0.0000
    818.0156	      0.0000
    818.0378	      0.0000
    818.2376	      0.0000
    818.2598	      0.0000
    818.2820	      0.0000
    818.3042	      0.0000
    818.3264	   1123.1652
    818.3486	   2487.7385
    818.3708	   5270.8486
    818.3930	   5580.9800
    818.4152	   3576.8484
    818.4374	   1449.3934
    818.4596	      0.0000
    818.4818	      0.0000
    818.5040	      0.0000
    818.5263	      0.0000
    823.7489	      0.0000
    823.7713	      0.0000
    823.7937	      0.0000
    823.8162	      0.0000
    823.8386	   1404.0465
    823.8610	   2300.7808
    823.8835	   2488.8943
    823.9059	   1849.3464
    823.9283	    894.7391
    823.9508	      0.0000
    823.9732	      0.0000
    823.9956	      0.0000
    824.0181	      0.0000
    826.2438	      0.0000
    826.2663	      0.0000
    826.2889	      0.0000
    826.3114	      0.0000
    826.3339	   1226.0991
    826.3565	   2212.0498
    826.3790	   2604.1904
    826.4015	   2086.7786
    826.4241	   1069.9919
    826.4452	      0.0000
    826.4677	      0.0000
    826.4902	      0.0000
    826.5128	      0.0000
    826.7157	      0.0000
    826.7382	      0.0000
    826.7608	      0.0000
    826.7833	      0.0000
    826.8059	    506.9816
    826.8284	   3023.4224
    826.8510	   6838.8037
    826.8735	  10978.2764
    826.8961	  11110.1475
    826.9186	   7134.2026
    826.9412	   3408.8047
    826.9637	    986.8375
    826.9887	      0.0000
    827.0113	      0.0000
    827.0338	      0.0000
    827.0564	      0.0000
    827.2144	      0.0000
    827.2369	      0.0000
    827.2595	      0.0000
    827.2821	      0.0000
    827.3046	    871.9025
    827.3272	   3255.7830
    827.3498	   9026.2012
    827.3723	  15277.6270
    827.3949	  18816.2461
    827.4175	  13909.7529
    827.4401	   7758.9829
    827.4626	   2171.9971
    827.4852	    105.1028
    827.5099	      0.0000
    827.5325	      0.0000
    827.5550	      0.0000
    827.5776	      0.0000
    827.7131	      0.0000
    827.7357	      0.0000
    827.7583	      0.0000
    827.7809	      0.0000
    827.8035	    559.8670
    827.8261	   2656.7312
    827.8487	   7611.1577
    827.8713	  12986.9795
    827.8939	  16351.2324
    827.9165	  12268.3721
    827.9390	   6904.5020
    827.9616	   1852.4340
    827.9842	      0.0000
    828.0054	      0.0000
    828.0280	      0.0000
    828.0506	      0.0000
    828.0732	      0.0000
    828.2088	      0.0000
    828.2314	      0.0000
    828.2540	      0.0000
    828.2767	      0.0000
    828.2993	    689.7128
    828.3219	   1490.7273
    828.3445	   5003.6938
    828.3671	   8818.5645
    828.3897	  11653.2148
    828.4123	   9155.2168
    828.4349	   5229.1665
    828.4576	   1556.6814
    828.4802	      0.0000
    828.5012	      0.0000
    828.5238	      0.0000
    828.5464	      0.0000
    828.5690	      0.0000
    828.7501	      0.0000
    828.7727	      0.0000
    828.7953	      0.0000
    828.8180	      0.0000
    828.8406	   1214.8241
    828.8632	   2056.5278
    828.8859	   2309.7585
    828.9085	   1784.2739
    828.9311	    886.0554
    828.9538	      0.0000
    828.9764	      0.0000
    828.9991	      0.0000
    829.0217	      0.0000
    834.2538	      0.0000
    834.2767	      0.0000
    834.2996	      0.0000
    834.3224	      0.0000
    834.3453	   1009.4827
    834.3681	   2039.2021
    834.3910	   2687.7302
    834.4139	   2467.9380
    834.4367	   1553.3970
    834.4596	    558.7219
    834.4868	      0.0000
    834.5097	      0.0000
    834.5325	      0.0000
    834.5554	      0.0000
    834.7155	      0.0000
    834.7384	      0.0000
    834.7612	      0.0000
    834.7841	      0.0000
    834.8070	    750.1317
    834.8299	   2209.5667
    834.8528	   7021.5264
    834.8756	  12407.0801
    834.8985	  16501.5254
    834.9214	  12909.3555
    834.9443	   7413.1860
    834.9672	   2135.6067
    834.9901	    181.6869
    835.0057	      0.0000
    835.0285	      0.0000
    835.0514	      0.0000
    835.0743	      0.0000
    835.2117	      0.0000
    835.2346	      0.0000
    835.2575	      0.0000
    835.2804	      0.0000
    835.3033	    331.8482
    835.3262	   2387.9858
    835.3491	   7591.8701
    835.3720	  13114.8379
    835.3949	  15971.2139
    835.4178	  11593.1084
    835.4407	   6628.6519
    835.4636	   2345.7427
    835.4865	    232.3718
    835.5121	      0.0000
    835.5350	      0.0000
    835.5580	      0.0000
    835.5809	      0.0000
    835.6496	      0.0000
    835.6725	      0.0000
    835.6954	      0.0000
    835.7183	      0.0000
    835.7413	    743.7767
    835.7642	   3679.8899
    835.7871	   4621.2808
    835.8100	  15329.3672
    835.8329	  57853.4414
    835.8559	 168560.5156
    835.8788	 286674.4063
    835.9017	 363727.9063
    835.9246	 277269.5625
    835.9476	 161116.2188
    835.9705	  53224.9102
    835.9934	  14829.9814
    836.0163	   5066.5322
    836.0393	   4568.0688
    836.0622	   2071.0388
    836.0851	   1062.3074
    836.1077	      0.0000
    836.1306	      0.0000
    836.1535	      0.0000
    836.1765	      0.0000
    836.1994	      0.0000
    836.2223	   2837.3687
    836.2453	   4387.9736
    836.2682	   5169.9746
    836.2911	   5591.0161
    836.3141	  17428.1328
    836.3370	  63182.0508
    836.3600	 157486.1719
    836.3829	 259741.2188
    836.4059	 305218.9375
    836.4288	 219183.2813
    836.4517	 120779.0234
    836.4747	  37570.9219
    836.4976	  10355.9336
    836.5206	   4665.5654
    836.5435	   3438.5129
    836.5665	    628.1729
    836.5901	      0.0000
    836.6130	      0.0000
    836.6360	      0.0000
    836.6589	      0.0000
    836.6819	      0.0000
    836.7049	      0.0000
    836.7278	      0.0000
    836.7508	      0.0000
    836.7737	      0.0000
    836.7956	   4296.7339
    836.8186	  12866.0801
    836.8416	  45673.1719
    836.8645	 100610.2344
    836.8875	 160124.7344
    836.9104	 171625.0313
    836.9334	 115453.2969
    836.9564	  59244.0820
    836.9793	  17171.5977
    837.0023	   4838.4731
    837.0253	   2950.1672
    837.0483	   2108.6370
    837.0712	    674.8036
    837.0953	      0.0000
    837.1182	      0.0000
    837.1412	      0.0000
    837.1642	      0.0000
    837.1872	      0.0000
    837.2101	      0.0000
    837.2331	      0.0000
    837.2561	      0.0000
    837.2791	      0.0000
    837.3031	   2300.4312
    837.3260	   7608.8340
    837.3490	  25017.1582
    837.3720	  47572.0039
    837.3950	  69893.7266
    837.4180	  64586.7656
    837.4410	  40110.5859
    837.4640	  17424.0410
    837.4869	   4387.3330
    837.5099	    909.3979
    837.5250	      0.0000
    837.5480	      0.0000
    837.5710	      0.0000
    837.5940	      0.0000
    837.7320	      0.0000
    837.7550	      0.0000
    837.7780	      0.0000
    837.8010	      0.0000
    837.8240	   1407.9464
    837.8470	   6108.6250
    837.8700	  11485.1895
    837.8930	  16501.4805
    837.9160	  14413.5059
    837.9390	   8793.0527
    837.9620	   3738.1189
    837.9850	   1079.3237
    838.0149	      0.0000
    838.0379	      0.0000
    838.0610	      0.0000
    838.0840	      0.0000
    838.2451	      0.0000
    838.2681	      0.0000
    838.2911	      0.0000
    838.3142	      0.0000
    838.3372	    826.7924
    838.3602	   1844.7418
    838.3832	   2588.8306
    838.4063	   2490.9351
    838.4293	   1606.5925
    838.4523	    571.4597
    838.4754	      0.0000
    838.4984	      0.0000
    838.5214	      0.0000
    838.5444	      0.0000
    851.7345	      0.0000
    851.7581	      0.0000
    851.7816	      0.0000
    851.8052	      0.0000
    851.8288	    645.2883
    851.8524	   1665.6389
    851.8760	   2709.7366
    851.8996	   3099.6892
    851.9231	   2577.6863
    851.9467	   1526.9607
    851.9703	    589.3967
    851.9939	      0.0000
    852.0175	      0.0000
    852.0411	      0.0000
    852.0647	      0.0000
    852.2770	      0.0000
    852.3006	      0.0000
    852.3242	      0.0000
    852.3478	      0.0000
    852.3714	   1422.4777
    852.3951	   2343.8918
    852.4187	   2489.8066
    852.4423	   1766.9404
    852.4659	    769.1772
    852.4895	      0.0000
    852.5131	      0.0000
    852.5367	      0.0000
    852.5603	      0.0000
    864.2734	      0.0000
    864.2975	      0.0000
    864.3216	      0.0000
    864.3457	      0.0000
    864.3698	    746.7394
    864.3939	   1614.1722
    864.4180	   2033.9185
    864.4421	   1709.0881
    864.4662	    945.3949
    864.4903	      0.0000
    864.5144	      0.0000
    864.5385	      0.0000
    864.5627	      0.0000
    864.7556	      0.0000
    864.7797	      0.0000
    864.8038	      0.0000
    864.8280	      0.0000
    864.8521	    889.6404
    864.8762	   1995.2999
    864.9003	   2859.1650
    864.9245	   2849.6841
    864.9486	   1985.9279
    864.9727	    895.0009
    864.9969	      0.0000
    865.0210	      0.0000
    865.0451	      0.0000
    865.0693	      0.0000
    880.7492	      0.0000
    880.7739	      0.0000
    880.7987	      0.0000
    880.8235	      0.0000
    880.8483	    978.7597
    880.8731	   1682.2346
    880.8979	   2124.8784
    880.9227	   2068.6213
    880.9475	   1550.6082
    880.9723	    843.2169
    880.9971	      0.0000
    881.0219	      0.0000
    881.0467	      0.0000
    881.0716	      0.0000
    881.7666	      0.0000
    881.7914	      0.0000
    881.8162	      0.0000
    881.8411	      0.0000
    881.8659	   1013.4595
    881.8908	   1863.7041
    881.9156	   2166.1396
    881.9404	   1721.5607
    881.9653	    895.2692
    881.9901	      0.0000
    882.0150	      0.0000
    882.0398	      0.0000
    882.0647	      0.0000
    900.2573	      0.0000
    900.2829	      0.0000
    900.3085	      0.0000
    900.3342	      0.0000
    900.3598	    699.0841
    900.3854	   1526.7152
    900.4110	   2118.0603
    900.4367	   1994.8467
    900.4623	   1247.2695
    900.4879	      0.0000
    900.5136	      0.0000
    900.5392	      0.0000
    900.5648	      0.0000
    902.2591	      0.0000
    902.2848	      0.0000
    902.3105	      0.0000
    902.3362	      0.0000
    902.3619	    979.3721
    902.3876	   1799.8669
    902.4133	   2150.4805
    902.4391	   1745.8445
    902.4648	    877.5546
    902.4905	      0.0000
    902.5162	      0.0000
    902.5419	      0.0000
    902.5677	      0.0000
    907.2670	      0.0000
    907.2929	      0.0000
    907.3188	      0.0000
    907.3448	      0.0000
    907.3707	    775.7174
    907.3966	   1553.6212
    907.4225	   1971.6836
    907.4485	   1704.2606
    907.4744	    979.6061
    907.5003	      0.0000
    907.5263	      0.0000
    907.5522	      0.0000
    907.5781	      0.0000
    908.2788	      0.0000
    908.3047	      0.0000
    908.3307	      0.0000
    908.3567	      0.0000
    908.3826	   1061.0525
    908.4086	   1874.0140
    908.4346	   2139.4246
    908.4605	   1645.5410
    908.4865	    774.5517
    908.5146	      0.0000
    908.5406	      0.0000
    908.5665	      0.0000
    908.5925	      0.0000
    908.6964	      0.0000
    908.7224	      0.0000
    908.7484	      0.0000
    908.7744	      0.0000
    908.8004	    441.4491
    908.8264	   2142.3481
    908.8523	   7688.6733
    908.8783	  22596.5762
    908.9043	  38509.4102
    908.9303	  49905.9453
    908.9563	  38876.6172
    908.9823	  22656.6582
    909.0083	   7323.6299
    909.0343	   1606.8857
    909.0603	     35.0325
    909.0853	      0.0000
    909.1113	      0.0000
    909.1373	      0.0000
    909.1633	      0.0000
    909.2153	      0.0000
    909.2413	      0.0000
    909.2673	      0.0000
    909.2933	      0.0000
    909.3193	   1429.3607
    909.3453	   4634.3457
    909.3713	  15692.8623
    909.3973	  29930.0645
    909.4233	  43712.0195
    909.4494	  39444.4219
    909.4754	  24286.6992
    909.5014	  10279.5996
    909.5274	   2861.7158
    909.5534	   1058.1333
    909.5767	      0.0000
    909.6027	      0.0000
    909.6288	      0.0000
    909.6548	      0.0000
    909.7068	      0.0000
    909.7329	      0.0000
    909.7589	      0.0000
    909.7849	      0.0000
    909.8109	    488.8581
    909.8370	   1910.7748
    909.8630	   7181.9111
    909.8890	  15339.8906
    909.9151	  24154.7305
    909.9411	  24947.3984
    909.9671	  16327.6797
    909.9932	   8066.3110
    910.0192	   2165.9231
    910.0453	    181.0873
    910.0730	      0.0000
    910.0990	      0.0000
    910.1251	      0.0000
    910.1511	      0.0000
    910.2293	      0.0000
    910.2553	      0.0000
    910.2813	      0.0000
    910.3074	      0.0000
    910.3335	    551.9858
    910.3595	   1947.0150
    910.3856	   4557.5527
    910.4116	   7402.2202
    910.4377	   8273.0879
    910.4637	   5650.2930
    910.4898	   2869.0410
    910.5159	    748.1047
    910.5419	      0.0000
    910.5680	      0.0000
    910.5940	      0.0000
    910.6201	      0.0000
    910.7765	      0.0000
    910.8026	      0.0000
    910.8287	      0.0000
    910.8547	      0.0000
    910.8808	   1016.2623
    910.9069	   1710.0238
    910.9330	   1927.8955
    910.9590	   1553.8759
    910.9851	    873.2009
    911.0112	      0.0000
    911.0373	      0.0000
    911.0634	      0.0000
    911.0895	      0.0000
    915.7767	      0.0000
    915.8030	      0.0000
    915.8293	      0.0000
    915.8556	      0.0000
    915.8819	    974.6130
    915.9082	   2049.4270
    915.9345	   2596.1587
    915.9608	   2188.8943
    915.9871	   1178.8135
    916.0134	      0.0000
    916.0397	      0.0000
    916.0660	      0.0000
    916.0923	      0.0000
    916.2501	      0.0000
    916.2764	      0.0000
    916.3027	      0.0000
    916.3290	      0.0000
    916.3553	    838.5779
    916.3816	   1589.7526
    916.4079	   1980.3405
    916.4343	   1728.2998
    916.4606	   1024.7664
    916.4869	      0.0000
    916.5132	      0.0000
    916.5395	      0.0000
    916.5658	      0.0000
    916.7501	      0.0000
    916.7764	      0.0000
    916.8028	      0.0000
    916.8291	      0.0000
    916.8554	   1079.8925
    916.8818	   2246.7651
    916.9081	   3176.2261
    916.9344	   3209.1555
    916.9608	   2303.5261
    916.9871	   1102.8137
    917.0135	      0.0000
    917.0398	      0.0000
    917.0661	      0.0000
    917.0925	      0.0000
    917.2506	      0.0000
    917.2769	      0.0000
    917.3033	      0.0000
    917.3296	      0.0000
    917.3560	   1052.5308
    917.3823	   2306.2827
    917.4087	   3336.1226
    917.4350	   3393.3740
    917.4614	   2422.7888
    917.4878	   1126.5608
    917.5141	      0.0000
    917.5405	      0.0000
    917.5669	      0.0000
    917.5932	      0.0000
    917.7778	      0.0000
    917.8042	      0.0000
    917.8306	      0.0000
    917.8569	      0.0000
    917.8833	   1076.2104
    917.9097	   1871.7959
    917.9361	   2148.8198
    917.9624	   1735.5520
    917.9888	    959.1007
    918.0152	      0.0000
    918.0416	      0.0000
    918.0680	      0.0000
    918.0944	      0.0000
    927.7482	      0.0000
    927.7750	      0.0000
    927.8018	      0.0000
    927.8286	      0.0000
    927.8554	   1426.3928
    927.8822	   2399.9639
    927.9090	   2691.6482
    927.9359	   2087.7253
    927.9627	   1061.3628
    927.9895	      0.0000
    928.0163	      0.0000
    928.0431	      0.0000
    928.0699	      0.0000
    928.2309	      0.0000
    928.2577	      0.0000
    928.2845	      0.0000
    928.3113	      0.0000
    928.3382	    577.8140
    928.3650	   1510.3666
    928.3918	   3385.5664
    928.4187	   5478.4443
    928.4455	   5567.7959
    928.4723	   2478.3743
    928.4992	   1150.5853
    928.5260	      0.0000
    928.5528	      0.0000
    928.5797	      0.0000
    928.6065	      0.0000
    928.7407	      0.0000
    928.7676	      0.0000
    928.7944	      0.0000
    928.8213	      0.0000
    928.8481	   1199.8636
    928.8750	   3753.8601
    928.9018	   6533.0737
    928.9287	   8340.5869
    928.9556	   6856.0215
    928.9824	   4145.7095
    929.0093	   1642.0566
    929.0361	    649.7823
    929.0630	      0.0000
    929.0899	      0.0000
    929.1167	      0.0000
    929.1436	      0.0000
    930.2729	      0.0000
    930.2998	      0.0000
    930.3267	      0.0000
    930.3537	      0.0000
    930.3806	   1160.3271
    930.4075	   1885.9178
    930.4344	   2097.7410
    930.4613	   1634.1935
    930.4883	    843.1311
    930.5152	      0.0000
    930.5421	      0.0000
    930.5690	      0.0000
    930.5960	      0.0000
    931.7279	      0.0000
    931.7549	      0.0000
    931.7819	      0.0000
    931.8089	      0.0000
    931.8359	    652.6440
    931.8628	   1510.7339
    931.8898	   2393.6226
    931.9168	   2795.4338
    931.9438	   2431.7856
    931.9708	   1534.2488
    931.9978	    648.4329
    932.0248	      0.0000
    932.0518	      0.0000
    932.0787	      0.0000
    932.1057	      0.0000
    932.2677	      0.0000
    932.2947	      0.0000
    932.3217	      0.0000
    932.3487	      0.0000
    932.3757	   1306.2679
    932.4027	   2522.0854
    932.4297	   3171.6162
    932.4567	   2747.4753
    932.4838	   1607.0038
    932.5108	    554.1456
    932.5378	      0.0000
    932.5648	      0.0000
    932.5918	      0.0000
    932.6188	      0.0000
    932.7539	      0.0000
    932.7809	      0.0000
    932.8080	      0.0000
    932.8350	      0.0000
    932.8620	    704.0924
    932.8890	   1920.0181
    932.9161	   3171.9067
    932.9431	   3592.9653
    932.9701	   2890.7139
    932.9971	   1617.1891
    933.0242	    583.0765
    933.0512	      0.0000
    933.0782	      0.0000
    933.1053	      0.0000
    933.1323	      0.0000
    936.2223	      0.0000
    936.2494	      0.0000
    936.2766	      0.0000
    936.3038	      0.0000
    936.3310	    660.1420
    936.3581	   1838.2849
    936.3853	   4393.9600
    936.4125	   7166.7505
    936.4397	   7567.4971
    936.4669	   4959.9761
    936.4940	   2411.6960
    936.5212	    688.4981
    936.5484	      0.0000
    936.5756	      0.0000
    936.6028	      0.0000
    936.6300	      0.0000
    936.7387	      0.0000
    936.7659	      0.0000
    936.7931	      0.0000
    936.8203	      0.0000
    936.8475	    595.9689
    936.8747	   1804.1495
    936.9019	   4530.5845
    936.9291	   6611.9795
    936.9563	   5220.4463
    936.9835	   2755.8025
    937.0107	   1170.7625
    937.0381	      0.0000
    937.0653	      0.0000
    937.0925	      0.0000
    937.1197	      0.0000
    937.1469	      0.0000
    937.1741	      0.0000
    937.2014	      0.0000
    937.2286	      0.0000
    937.2558	    956.5405
    937.2830	   1959.5414
    937.3102	   2489.8999
    937.3374	   7666.9961
    937.3647	  28409.2832
    937.3919	  69310.9141
    937.4191	 114069.3438
    937.4463	 130702.4688
    937.4736	  91606.9219
    937.5008	  49308.9492
    937.5280	  14833.1748
    937.5552	   3994.9646
    937.5825	   1764.5486
    937.6096	   1809.0688
    937.6368	   1059.8168
    937.6649	      0.0000
    937.6921	      0.0000
    937.7194	      0.0000
    937.7466	    665.3698
    937.7738	   1593.9272
    937.8011	   1960.3207
    937.8283	   4819.8291
    937.8556	  16250.5068
    937.8828	  51583.8945
    937.9101	  93879.1719
    937.9373	 131131.7969
    937.9645	 111182.7969
    937.9918	  66895.7500
    938.0190	  26369.9980
    938.0463	   7254.2529
    938.0735	   2284.9666
    938.1008	   1726.6534
    938.1281	    808.4548
    938.1549	      0.0000
    938.1821	      0.0000
    938.2094	      0.0000
    938.2367	      0.0000
    938.2639	      0.0000
    938.2912	    484.4478
    938.3184	   2170.6362
    938.3457	   8356.1973
    938.3730	  27295.7559
    938.4002	  55586.6992
    938.4275	  86180.1016
    938.4548	  86780.7969
    938.4820	  56253.9844
    938.5093	  27561.7090
    938.5366	   7745.4082
    938.5639	   1983.1471
    938.5911	   1035.5498
    938.6144	      0.0000
    938.6416	      0.0000
    938.6689	      0.0000
    938.6962	      0.0000
    938.7235	      0.0000
    938.7508	      0.0000
    938.7781	      0.0000
    938.8053	      0.0000
    938.8326	   1385.3549
    938.8599	   5762.6572
    938.8872	  15485.8164
    938.9145	  26184.2031
    938.9418	  31969.1113
    938.9691	  23513.2520
    938.9964	  13183.3613
    939.0237	   4247.6997
    939.0509	   1181.2291
    939.0844	      0.0000
    939.1117	      0.0000
    939.1390	      0.0000
    939.1663	      0.0000
    939.2209	      0.0000
    939.2482	      0.0000
    939.2755	      0.0000
    939.3028	      0.0000
    939.3301	     28.1113
    939.3574	   1764.9594
    939.3847	   5538.0679
    939.4120	   9672.2090
    939.4394	  12353.3262
    939.4667	   9399.0020
    939.4940	   5325.2441
    939.5213	   1473.4775
    939.5461	      0.0000
    939.5734	      0.0000
    939.6007	      0.0000
    939.6280	      0.0000
    939.7646	      0.0000
    939.7920	      0.0000
    939.8193	      0.0000
    939.8466	      0.0000
    939.8740	   1166.2570
    939.9013	   2178.6023
    939.9286	   2768.4146
    939.9560	   2502.3232
    939.9833	   1575.2251
    940.0106	    620.1722
    940.0381	      0.0000
    940.0654	      0.0000
    940.0927	      0.0000
    940.1201	      0.0000
    998.2421	      0.0000
    998.2720	      0.0000
    998.3019	      0.0000
    998.3318	      0.0000
    998.3618	   1277.7612
    998.3917	   3137.9717
    998.4216	   5564.3926
    998.4515	   6505.0356
    998.4815	   4570.6172
    998.5114	   1773.0238
    998.5413	    573.3923
    998.5712	      0.0000
    998.6012	      0.0000
    998.6311	      0.0000
    998.6610	      0.0000
   1005.7634	      0.0000
   1005.7936	      0.0000
   1005.8239	      0.0000
   1005.8542	      0.0000
   1005.8844	   1041.7252
   1005.9147	   2069.2964
   1005.9449	   2722.0596
   1005.9752	   2563.7881
   1006.0055	   1749.2126
   1006.0357	    847.9653
   1006.0660	      0.0000
   1006.0963	      0.0000
   1006.1266	      0.0000
   1006.1568	      0.0000
   1009.7385	      0.0000
   1009.7690	      0.0000
   1009.7994	      0.0000
   1009.8299	      0.0000
   1009.8603	    918.8798
   1009.8907	   2222.0183
   1009.9212	   5033.3535
   1009.9516	   6296.8354
   1009.9821	   4903.7764
   1010.0125	   1831.6245
   1010.0430	    597.8560
   1010.0752	      0.0000
   1010.1057	      0.0000
   1010.1361	      0.0000
   1010.1666	      0.0000
   1010.2275	      0.0000
   1010.2579	      0.0000
   1010.2884	      0.0000
   1010.3188	      0.0000
   1010.3493	   1027.0193
   1010.3798	   5125.9336
   1010.4102	  14992.6279
   1010.4407	  25568.1426
   1010.4712	  32240.6523
   1010.5016	  24474.5488
   1010.5321	  14111.0986
   1010.5626	   4334.0391
   1010.5931	    818.0991
   1010.6226	      0.0000
   1010.6531	      0.0000
   1010.6836	      0.0000
   1010.7141	      0.0000
   1010.7445	      0.0000
   1010.7750	      0.0000
   1010.8055	      0.0000
   1010.8360	    444.9286
   1010.8665	   3107.5415
   1010.8970	  11626.9014
   1010.9274	  22558.8613
   1010.9579	  33279.9297
   1010.9884	  30903.9590
   1011.0189	  19396.5352
   1011.0494	   8517.0986
   1011.0799	   2163.3970
   1011.1104	    591.4372
   1011.1397	      0.0000
   1011.1702	      0.0000
   1011.2007	      0.0000
   1011.2312	      0.0000
   1011.2617	      0.0000
   1011.2922	      0.0000
   1011.3228	      0.0000
   1011.3533	   1187.7246
   1011.3838	   5258.8096
   1011.4143	  13719.4531
   1011.4448	  22592.8672
   1011.4753	  26960.3281
   1011.5058	  19641.4863
   1011.5363	  10924.1436
   1011.5668	   3060.9126
   1011.5974	     30.9859
   1011.6387	      0.0000
   1011.6692	      0.0000
   1011.6998	      0.0000
   1011.7303	      0.0000
   1011.7608	      0.0000
   1011.7913	      0.0000
   1011.8219	      0.0000
   1011.8524	    429.6989
   1011.8829	   1787.1969
   1011.9135	   4838.2549
   1011.9440	   8265.6289
   1011.9745	  10305.0938
   1012.0051	   7506.6118
   1012.0356	   4013.0676
   1012.0661	    673.7057
   1012.0861	      0.0000
   1012.1166	      0.0000
   1012.1472	      0.0000
   1012.1777	      0.0000
   1012.2999	      0.0000
   1012.3305	      0.0000
   1012.3610	      0.0000
   1012.3916	      0.0000
   1012.4221	   1403.2008
   1012.4527	   2295.5852
   1012.4832	   2555.0176
   1012.5138	   1961.9435
   1012.5444	    958.7547
   1012.5749	      0.0000
   1012.6055	      0.0000
   1012.6361	      0.0000
   1012.6666	      0.0000
   1012.7583	      0.0000
   1012.7889	      0.0000
   1012.8195	      0.0000
   1012.8500	      0.0000
   1012.8806	   1081.8958
   1012.9112	   1933.6022
   1012.9418	   2402.6521
   1012.9724	   2168.8228
   1013.0029	   1419.6978
   1013.0335	      0.0000
   1013.0641	      0.0000
   1013.0947	      0.0000
   1013.1253	      0.0000
   1013.7373	      0.0000
   1013.7679	      0.0000
   1013.7985	      0.0000
   1013.8292	      0.0000
   1013.8598	    695.2050
   1013.8904	   1725.3011
   1013.9210	   2833.5732
   1013.9517	   3343.4695
   1013.9823	   2914.1143
   1014.0129	   1849.2098
   1014.0435	    801.3494
   1014.0742	      0.0000
   1014.1048	      0.0000
   1014.1354	      0.0000
   1014.1661	      0.0000
   1017.2673	      0.0000
   1017.2981	      0.0000
   1017.3288	      0.0000
   1017.3596	      0.0000
   1017.3904	    958.9238
   1017.4212	   1923.0713
   1017.4520	   2342.8225
   1017.4828	   1945.7032
   1017.5135	   1087.2501
   1017.5443	      0.0000
   1017.5751	      0.0000
   1017.6059	      0.0000
   1017.6367	      0.0000
   1017.7599	      0.0000
   1017.7907	      0.0000
   1017.8215	      0.0000
   1017.8523	      0.0000
   1017.8831	    969.5930
   1017.9139	   1873.6559
   1017.9447	   2612.6279
   1017.9755	   2874.9875
   1018.0063	   2508.5603
   1018.0371	   1634.5853
   1018.0694	      0.0000
   1018.1002	      0.0000
   1018.1310	      0.0000
   1018.1618	      0.0000
   1018.1926	      0.0000
   1018.2234	      0.0000
   1018.2543	      0.0000
   1018.2851	   1302.2241
   1018.3159	   1757.6747
   1018.3467	   4665.9805
   1018.3775	  16282.4863
   1018.4084	  44450.6211
   1018.4392	  74537.6797
   1018.4700	  92056.1484
   1018.5009	  68660.4453
   1018.5317	  38905.9922
   1018.5625	  11897.6406
   1018.5934	   2707.6084
   1018.6242	    452.1935
   1018.6552	      0.0000
   1018.6860	      0.0000
   1018.7169	      0.0000
   1018.7477	      0.0000
   1018.7786	      0.0000
   1018.8094	   1524.1049
   1018.8403	   3193.1833
   1018.8711	  11091.2754
   1018.9020	  35769.9023
   1018.9328	  64473.8594
   1018.9637	  88911.7578
   1018.9945	  74952.4453
   1019.0254	  45208.3008
   1019.0562	  17135.9531
   1019.0871	   4066.1653
   1019.1179	   1086.7970
   1019.1488	      0.0000
   1019.1797	      0.0000
   1019.2105	      0.0000
   1019.2414	      0.0000
   1019.2722	      0.0000
   1019.3031	    779.3309
   1019.3340	   2115.0388
   1019.3649	   6629.9595
   1019.3957	  23066.4043
   1019.4266	  45069.9492
   1019.4575	  66464.8594
   1019.4883	  61610.5508
   1019.5192	  38429.3438
   1019.5501	  16715.4863
   1019.5810	   4122.9756
   1019.6119	   1042.3600
   1019.6431	      0.0000
   1019.6740	      0.0000
   1019.7048	      0.0000
   1019.7357	      0.0000
   1019.7666	      0.0000
   1019.7975	      0.0000
   1019.8284	    750.2263
   1019.8593	   2733.5352
   1019.8902	   9751.3174
   1019.9211	  19590.8145
   1019.9520	  29446.7500
   1019.9829	  28515.2520
   1020.0138	  18114.9219
   1020.0447	   8379.3154
   1020.0756	   1959.5121
   1020.1065	    291.8509
   1020.1355	      0.0000
   1020.1664	      0.0000
   1020.1973	      0.0000
   1020.2282	      0.0000
   1020.2591	      0.0000
   1020.2900	      0.0000
   1020.3209	      0.0000
   1020.3519	    400.5956
   1020.3828	   2540.6514
   1020.4137	   5808.7085
   1020.4446	   9100.8086
   1020.4755	   9365.0225
   1020.5064	   6106.1504
   1020.5374	   2912.3428
   1020.5683	    522.7978
   1020.5993	      0.0000
   1020.6302	      0.0000
   1020.6612	      0.0000
   1020.6921	      0.0000
   1071.7420	      0.0000
   1071.7753	      0.0000
   1071.8086	      0.0000
   1071.8418	      0.0000
   1071.8751	    985.3964
   1071.9084	   1776.8878
   1071.9417	   2350.6016
   1071.9750	   2355.7122
   1072.0083	   1778.8164
   1072.0416	    960.4078
   1072.0749	      0.0000
   1072.1082	      0.0000
   1072.1415	      0.0000
   1072.1748	      0.0000
   1083.7565	      0.0000
   1083.7903	      0.0000
   1083.8242	      0.0000
   1083.8580	      0.0000
   1083.8919	    957.8595
   1083.9257	   1879.2875
   1083.9596	   2659.4651
   1083.9934	   2789.7339
   1084.0273	   2170.1355
   1084.0611	   1231.9343
   1084.0910	      0.0000
   1084.1249	      0.0000
   1084.1587	      0.0000
   1084.1926	      0.0000
   1084.2264	      0.0000
   1084.2603	      0.0000
   1084.2942	      0.0000
   1084.3280	      0.0000
   1084.3619	    823.5182
   1084.3958	   3342.9370
   1084.4297	   7349.0830
   1084.4635	  11636.6543
   1084.4974	  11669.7275
   1084.5313	   7322.5088
   1084.5652	   3299.4121
   1084.5990	    773.1608
   1084.6346	      0.0000
   1084.6685	      0.0000
   1084.7024	      0.0000
   1084.7362	      0.0000
   1084.7701	      0.0000
   1084.8040	      0.0000
   1084.8379	      0.0000
   1084.8718	   1497.6921
   1084.9057	   6296.3887
   1084.9396	  12902.3477
   1084.9735	  19705.9629
   1085.0074	  19138.0957
   1085.0413	  12238.4277
   1085.0752	   5869.2949
   1085.1091	   1417.4917
   1085.1453	      0.0000
   1085.1792	      0.0000
   1085.2131	      0.0000
   1085.2471	      0.0000
   1085.2810	      0.0000
   1085.3149	      0.0000
   1085.3488	      0.0000
   1085.3827	    775.2015
   1085.4166	   3515.6951
   1085.4505	   6586.5933
   1085.4845	   9130.8613
   1085.5184	   7399.1855
   1085.5523	   4202.4927
   1085.5862	   1320.6521
   1085.6202	      0.0000
   1085.6541	      0.0000
   1085.6880	      0.0000
   1085.7220	      0.0000
   1085.7559	      0.0000
   1085.7898	      0.0000
   1085.8238	      0.0000
   1085.8577	      0.0000
   1085.8917	   1083.4340
   1085.9256	   3340.6885
   1085.9595	   5721.3730
   1085.9935	   6786.7656
   1086.0274	   4644.8452
   1086.0614	   2244.4399
   1086.0953	    791.7149
   1086.1293	      0.0000
   1086.1632	      0.0000
   1086.1972	      0.0000
   1086.2312	      0.0000
   1090.2834	      0.0000
   1090.3176	      0.0000
   1090.3517	      0.0000
   1090.3859	      0.0000
   1090.4200	   1325.7462
   1090.4542	   2206.0972
   1090.4883	   2527.7959
   1090.5225	   2043.3878
   1090.5567	   1110.1454
   1090.5908	      0.0000
   1090.6250	      0.0000
   1090.6591	      0.0000
   1090.6933	      0.0000
   1090.7616	      0.0000
   1090.7958	      0.0000
   1090.8300	      0.0000
   1090.8642	      0.0000
   1090.8983	   1017.9581
   1090.9325	   1947.1685
   1090.9667	   2602.3623
   1091.0009	   2509.3457
   1091.0351	   1713.5364
   1091.0692	    761.1741
   1091.1100	      0.0000
   1091.1442	      0.0000
   1091.1784	      0.0000
   1091.2126	      0.0000
   1091.2468	      0.0000
   1091.2810	      0.0000
   1091.3152	      0.0000
   1091.3494	    489.9097
   1091.3836	   2741.1831
   1091.4178	   9178.8643
   1091.4520	  17578.3906
   1091.4862	  25878.3477
   1091.5204	  23742.4629
   1091.5546	  14644.5254
   1091.5888	   6262.5410
   1091.6230	   1130.0641
   1091.6537	      0.0000
   1091.6879	      0.0000
   1091.7221	      0.0000
   1091.7563	      0.0000
   1091.7906	      0.0000
   1091.8248	      0.0000
   1091.8590	    725.4534
   1091.8932	   4367.4048
   1091.9275	  12872.7256
   1091.9617	  22129.8652
   1091.9959	  28862.2031
   1092.0301	  22588.5801
   1092.0644	  13073.6309
   1092.0986	   4190.2852
   1092.1328	    311.1970
   1092.1717	      0.0000
   1092.2060	      0.0000
   1092.2402	      0.0000
   1092.2744	      0.0000
   1092.3087	      0.0000
   1092.3429	    384.2065
   1092.3772	   2283.0642
   1092.4114	   7061.4229
   1092.4457	  14439.7979
   1092.4799	  22446.1641
   1092.5142	  23191.1387
   1092.5484	  14904.6484
   1092.5827	   7009.4561
   1092.6169	   1093.6611
   1092.6434	      0.0000
   1092.6777	      0.0000
   1092.7120	      0.0000
   1092.7462	      0.0000
   1092.7805	      0.0000
   1092.8148	      0.0000
   1092.8490	      0.0000
   1092.8833	    983.9427
   1092.9176	   3676.8206
   1092.9518	   6212.1177
   1092.9861	   8024.5225
   1093.0204	   6072.7695
   1093.0547	   3184.5615
   1093.0889	    657.3651
   1093.1232	      0.0000
   1093.1575	      0.0000
   1093.1918	      0.0000
   1093.2261	      0.0000
   1093.2946	      0.0000
   1093.3289	      0.0000
   1093.3632	      0.0000
   1093.3975	      0.0000
   1093.4318	   1310.3058
   1093.4661	   2408.3086
   1093.5004	   2803.4873
   1093.5347	   2191.6626
   1093.5690	   1103.3162
   1093.6033	      0.0000
   1093.6376	      0.0000
   1093.6719	      0.0000
   1093.7062	      0.0000
   1094.2554	      0.0000
   1094.2897	      0.0000
   1094.3241	      0.0000
   1094.3584	      0.0000
   1094.3927	   1343.9004
   1094.4271	   2279.4314
   1094.4614	   2791.0955
   1094.4958	   2529.3311
   1094.5301	   1686.1299
   1094.5645	    787.1938
   1094.5988	      0.0000
   1094.6332	      0.0000
   1094.6675	      0.0000
   1094.7019	      0.0000
   1098.7671	      0.0000
   1098.8017	      0.0000
   1098.8362	      0.0000
   1098.8708	      0.0000
   1098.9053	    695.5453
   1098.9399	   1767.9113
   1098.9744	   2798.2976
   1099.0090	   3018.9458
   1099.0436	   2303.3457
   1099.0781	   1291.3730
   1099.1160	      0.0000
   1099.1505	      0.0000
   1099.1851	      0.0000
   1099.2197	      0.0000
   1099.2542	      0.0000
   1099.2888	      0.0000
   1099.3234	    602.1450
   1099.3580	   3004.0806
   1099.3925	  10850.7529
   1099.4271	  30381.5977
   1099.4617	  51668.4414
   1099.4963	  65075.1094
   1099.5308	  49070.8750
   1099.5654	  28131.2520
   1099.6000	   8649.7988
   1099.6346	   1036.6078
   1099.6687	      0.0000
   1099.7033	      0.0000
   1099.7379	      0.0000
   1099.7725	      0.0000
   1099.8070	      0.0000
   1099.8416	    835.2266
   1099.8762	   5960.4785
   1099.9108	  20425.3750
   1099.9454	  40560.9492
   1099.9800	  62031.1094
   1100.0147	  60103.6055
   1100.0493	  37780.8359
   1100.0839	  17428.6934
   1100.1185	   4219.8501
   1100.1531	    103.9530
   1100.1863	      0.0000
   1100.2209	      0.0000
   1100.2556	      0.0000
   1100.2902	      0.0000
   1100.3248	      0.0000
   1100.3594	   2048.8872
   1100.3940	   9147.0918
   1100.4287	  24517.2637
   1100.4633	  41349.5781
   1100.4979	  51029.4297
   1100.5326	  37668.2227
   1100.5672	  21136.1914
   1100.6018	   6346.2192
   1100.6365	   1188.3176
   1100.6727	      0.0000
   1100.7073	      0.0000
   1100.7420	      0.0000
   1100.7766	      0.0000
   1100.8113	      0.0000
   1100.8459	      0.0000
   1100.8806	   2289.8955
   1100.9152	   8208.6934
   1100.9498	  15233.1016
   1100.9845	  22128.9590
   1101.0192	  19516.5039
   1101.0538	  11546.8652
   1101.0885	   4439.0635
   1101.1231	    504.2687
   1101.1548	      0.0000
   1101.1894	      0.0000
   1101.2241	      0.0000
   1101.2588	      0.0000
   1101.2934	      0.0000
   1101.3281	      0.0000
   1101.3628	    641.7844
   1101.3974	   2410.1653
   1101.4321	   5149.2480
   1101.4668	   8027.9165
   1101.5014	   8629.9092
   1101.5361	   5598.7065
   1101.5708	   2532.0554
   1101.6055	    268.3709
   1101.6402	      0.0000
   1101.6749	      0.0000
   1101.7096	      0.0000
   1101.7443	      0.0000
   1157.2452	      0.0000
   1157.2826	      0.0000
   1157.3199	      0.0000
   1157.3573	      0.0000
   1157.3946	    686.8754
   1157.4320	   1920.5519
   1157.4693	   4152.7588
   1157.5067	   6262.1514
   1157.5440	   5391.0688
   1157.5814	   3045.9771
   1157.6187	   1128.6071
   1157.6561	      0.0000
   1157.6935	      0.0000
   1157.7308	      0.0000
   1157.7682	      0.0000
   1157.8056	      0.0000
   1157.8429	      0.0000
   1157.8803	      0.0000
   1157.9177	    767.2339
   1157.9551	   1738.3809
   1157.9924	   2611.3025
   1158.0298	   2849.7571
   1158.0672	   2304.0054
   1158.1046	   1349.0485
   1158.1420	      0.0000
   1158.1793	      0.0000
   1158.2167	      0.0000
   1158.2541	      0.0000
   1158.2915	      0.0000
   1158.3289	      0.0000
   1158.3663	      0.0000
   1158.4037	      0.0000
   1158.4411	   1351.7611
   1158.4785	   2327.6543
   1158.5159	   2683.9102
   1158.5533	   2192.0420
   1158.5907	   1253.5323
   1158.6281	      0.0000
   1158.6655	      0.0000
   1158.7029	      0.0000
   1158.7404	      0.0000
   1164.7876	      0.0000
   1164.8253	      0.0000
   1164.8630	      0.0000
   1164.9007	      0.0000
   1164.9384	    890.0666
   1164.9761	   1841.7501
   1165.0138	   2331.5593
   1165.0515	   1997.5706
   1165.0893	   1147.9550
   1165.1260	      0.0000
   1165.1637	      0.0000
   1165.2014	      0.0000
   1165.2392	      0.0000
   1165.2769	      0.0000
   1165.3146	      0.0000
   1165.3524	      0.0000
   1165.3901	    937.1907
   1165.4278	   4523.5879
   1165.4656	   8582.4307
   1165.5033	  11814.8691
   1165.5411	   9558.6602
   1165.5788	   5485.9595
   1165.6165	   1578.1161
   1165.6729	      0.0000
   1165.7107	      0.0000
   1165.7484	      0.0000
   1165.7862	      0.0000
   1165.8239	      0.0000
   1165.8617	      0.0000
   1165.8994	   1253.6071
   1165.9372	   4196.8101
   1165.9750	   8601.6279
   1166.0127	  13003.9092
   1166.0505	  12493.5605
   1166.0883	   7592.5630
   1166.1260	   2828.5405
   1166.1638	      0.0000
   1166.1859	      0.0000
   1166.2237	      0.0000
   1166.2615	      0.0000
   1166.2992	      0.0000
   1166.3370	      0.0000
   1166.3748	    702.3738
   1166.4126	   2911.0532
   1166.4504	   6463.5532
   1166.4882	  10020.2656
   1166.5260	  10905.2158
   1166.5638	   7601.9204
   1166.6016	   3976.6777
   1166.6393	    890.7195
   1166.6752	      0.0000
   1166.7130	      0.0000
   1166.7508	      0.0000
   1166.7886	      0.0000
   1166.8264	      0.0000
   1166.8642	      0.0000
   1166.9020	    878.6078
   1166.9398	   2168.4336
   1166.9777	   4586.7603
   1167.0155	   5851.8931
   1167.0533	   3036.9399
   1167.0911	   1550.3768
   1167.1289	      0.0000
   1167.1667	      0.0000
   1167.2046	      0.0000
   1167.2424	      0.0000
   1167.2802	      0.0000
   1167.3181	      0.0000
   1167.3559	      0.0000
   1167.3937	      0.0000
   1167.4316	   1207.7064
   1167.4694	   1768.4603
   1167.5072	   2018.8159
   1167.5451	   1782.8890
   1167.5829	   1169.3927
   1167.6314	      0.0000
   1167.6693	      0.0000
   1167.7071	      0.0000
   1167.7450	      0.0000
   1172.2622	      0.0000
   1172.3003	      0.0000
   1172.3384	      0.0000
   1172.3764	      0.0000
   1172.4145	   1656.9904
   1172.4526	   5227.3276
   1172.4907	   9191.1348
   1172.5288	  11983.8447
   1172.5668	   9453.9248
   1172.6049	   5509.1685
   1172.6430	   1514.3425
   1172.6757	      0.0000
   1172.7138	      0.0000
   1172.7519	      0.0000
   1172.7900	      0.0000
   1172.8281	      0.0000
   1172.8662	      0.0000
   1172.9043	   1167.0573
   1172.9424	   5067.7808
   1172.9805	   9920.8018
   1173.0186	  14129.6162
   1173.0567	  12129.7783
   1173.0948	   7156.2378
   1173.1330	   2280.5840
   1173.1711	    248.0345
   1173.2129	      0.0000
   1173.2510	      0.0000
   1173.2891	      0.0000
   1173.3273	      0.0000
   1173.3654	      0.0000
   1173.4035	   1659.5559
   1173.4416	   5663.6499
   1173.4798	  10367.3418
   1173.5179	  14370.1982
   1173.5560	  12214.6025
   1173.5942	   7162.1323
   1173.6323	   2270.3223
   1173.6704	      0.0000
   1173.6996	      0.0000
   1173.7377	      0.0000
   1173.7758	      0.0000
   1173.8140	      0.0000
   1173.8521	      0.0000
   1173.8903	   1013.4467
   1173.9284	   2701.8403
   1173.9666	   5145.1548
   1174.0047	   6908.1943
   1174.0429	   5540.6348
   1174.0811	   3175.0469
   1174.1192	   1034.3956
   1174.1628	      0.0000
   1174.2010	      0.0000
   1174.2391	      0.0000
   1174.2773	      0.0000
   1180.2159	      0.0000
   1180.2543	      0.0000
   1180.2928	      0.0000
   1180.3313	      0.0000
   1180.3697	    510.6879
   1180.4082	   2608.3696
   1180.4467	   7419.1421
   1180.4851	  12481.5713
   1180.5236	  15392.7256
   1180.5621	  11497.9150
   1180.6006	   6416.9238
   1180.6390	   1544.8203
   1180.6890	      0.0000
   1180.7275	      0.0000
   1180.7660	      0.0000
   1180.8045	      0.0000
   1180.8430	      0.0000
   1180.8814	    379.8539
   1180.9199	   1871.5394
   1180.9584	   5865.7930
   1180.9969	  10051.5508
   1181.0354	  12887.2393
   1181.0739	  10133.9707
   1181.1124	   5816.3120
   1181.1509	   1333.3324
   1181.1853	      0.0000
   1181.2238	      0.0000
   1181.2623	      0.0000
   1181.3008	      0.0000
   1181.3393	      0.0000
   1181.3779	      0.0000
   1181.4164	   1579.9921
   1181.4549	   5082.9639
   1181.4934	   9166.2451
   1181.5319	  12257.5117
   1181.5705	   9803.8408
   1181.6090	   5481.0952
   1181.6475	   1275.1526
   1181.6732	      0.0000
   1181.7118	      0.0000
   1181.7503	      0.0000
   1181.7888	      0.0000
   1181.8274	      0.0000
   1181.8659	      0.0000
   1181.9045	    683.4008
   1181.9430	   1752.5282
   1181.9815	   2868.7930
   1182.0201	   3368.6255
   1182.0586	   2900.7168
   1182.0972	   1787.9927
   1182.1357	    725.1255
   1182.1743	      0.0000
   1182.2129	      0.0000
   1182.2514	      0.0000
   1182.2900	      0.0000
   1182.3285	      0.0000
   1182.3671	      0.0000
   1182.4057	    936.0621
   1182.4442	   1893.8760
   1182.4828	   2671.0481
   1182.5214	   2767.8105
   1182.5599	   2100.8013
   1182.5985	   1108.2628
   1182.6361	      0.0000
   1182.6747	      0.0000
   1182.7133	      0.0000
   1182.7519	      0.0000
   1653.3288	      0.0000
   1653.3926	      0.0000
   1653.4564	      0.0000
   1653.5202	      0.0000
   1653.5839	    595.6108
   1653.6477	   1596.2473
   1653.7115	   2397.8987
   1653.7753	   2387.9956
   1653.8391	   1574.0863
   1653.9029	    589.6990
   1653.9667	      0.0000
   1654.0305	      0.0000
   1654.0943	      0.0000
   1654.1581	      0.0000
   1654.3496	      0.0000
   1654.4134	      0.0000
   1654.4772	      0.0000
   1654.5411	      0.0000
   1654.6049	    849.6978
   1654.6688	   2082.1184
   1654.7326	   3131.5105
   1654.7964	   3165.4597
   1654.8603	   2153.5078
   1654.9242	    922.9802
   1654.9880	      0.0000
   1655.0519	      0.0000
   1655.1158	      0.0000
   1655.1796	      0.0000
   2747.5518	      0.0000
   2747.6884	      0.0000
   2747.8251	      0.0000
   2747.9617	      0.0000
