# ljz_20131022_MR_Chym1_ELUTE.mzML
#
# index: 693
# id: controllerType=0 controllerNumber=1 scan=5768
# scanNumber: 5768
# massAnalyzerType: quadrupole
# scanEvent: 2
# msLevel: 2
# retentionTime: 1752.92
# filterString: FTMS + p NSI d Full ms2 907.05@hcd28.00 [100.00-2795.00]
# mzLow: 99.0035
# mzHigh: 2823.69
# basePeakMZ: 138.055
# basePeakIntensity: 29420.7
# totalIonCurrent: 603703
# precursorCount: 1
# precursor 0: 906.713 1.02691e+006
# binary (1276): 
     99.0035	      0.0000
     99.0044	      0.0000
     99.0053	      0.0000
     99.0063	      0.0000
    115.0296	      0.0000
    115.0307	      0.0000
    115.0319	      0.0000
    115.0331	      0.0000
    115.0342	    425.6954
    115.0354	   1149.6952
    115.0366	   3544.7839
    115.0377	   6441.5137
    115.0389	   9044.4727
    115.0401	   7831.6582
    115.0413	   4568.6646
    115.0424	   1524.6134
    115.0436	      0.0000
    115.0447	      0.0000
    115.0458	      0.0000
    115.0470	      0.0000
    115.0482	      0.0000
    126.0452	      0.0000
    126.0466	      0.0000
    126.0479	      0.0000
    126.0493	      0.0000
    126.0506	    768.0938
    126.0519	   2534.0139
    126.0533	   5174.4678
    126.0546	   7933.1084
    126.0560	   7777.7319
    126.0573	   4886.3071
    126.0587	   2194.8428
    126.0600	    298.2542
    126.0617	      0.0000
    126.0630	      0.0000
    126.0644	      0.0000
    126.0657	      0.0000
    127.0271	      0.0000
    127.0285	      0.0000
    127.0298	      0.0000
    127.0312	      0.0000
    127.0326	    273.5997
    127.0339	   1038.5873
    127.0353	   3454.8362
    127.0366	  10291.6172
    127.0380	  18613.0801
    127.0394	  26303.8516
    127.0407	  23144.9023
    127.0421	  14025.1826
    127.0434	   5553.5527
    127.0448	    771.6023
    127.0458	      0.0000
    127.0471	      0.0000
    127.0485	      0.0000
    127.0498	      0.0000
    128.0336	      0.0000
    128.0349	      0.0000
    128.0363	      0.0000
    128.0377	      0.0000
    128.0391	    525.7855
    128.0404	   1251.5110
    128.0418	   1928.3186
    128.0432	   2083.1631
    128.0446	   1604.8108
    128.0459	    833.7004
    128.0473	      0.0000
    128.0486	      0.0000
    128.0500	      0.0000
    128.0514	      0.0000
    132.2694	      0.0000
    132.2708	      0.0000
    132.2722	      0.0000
    132.2737	      0.0000
    132.2751	   1010.9786
    132.2766	   1517.2460
    132.2780	   1931.0408
    132.2795	   2064.6863
    132.2809	   1766.2336
    132.2823	   1118.7010
    132.2838	    492.8704
    132.2854	      0.0000
    132.2869	      0.0000
    132.2883	      0.0000
    132.2898	      0.0000
    138.0418	      0.0000
    138.0433	      0.0000
    138.0449	      0.0000
    138.0464	      0.0000
    138.0480	    303.1063
    138.0495	   1763.3350
    138.0510	   6296.7085
    138.0526	  15241.6631
    138.0541	  25119.2090
    138.0557	  29227.0527
    138.0572	  20694.1641
    138.0587	  11052.4492
    138.0603	   2865.9119
    138.0618	    330.6494
    138.0634	      0.0000
    138.0649	      0.0000
    138.0664	      0.0000
    138.0680	      0.0000
    145.0367	      0.0000
    145.0384	      0.0000
    145.0400	      0.0000
    145.0417	      0.0000
    145.0433	    735.3931
    145.0450	   2834.0720
    145.0467	   8701.0996
    145.0483	  14997.2285
    145.0500	  19306.1875
    145.0516	  14694.4717
    145.0533	   8275.8662
    145.0549	   2253.0708
    145.0566	    314.4526
    145.0580	      0.0000
    145.0596	      0.0000
    145.0613	      0.0000
    145.0630	      0.0000
    146.0440	      0.0000
    146.0457	      0.0000
    146.0474	      0.0000
    146.0491	      0.0000
    146.0507	    955.8474
    146.0524	   1507.6298
    146.0541	   1613.1392
    146.0558	   1193.6924
    146.0574	    582.8981
    146.0591	      0.0000
    146.0608	      0.0000
    146.0624	      0.0000
    146.0641	      0.0000
    154.9477	      0.0000
    154.9495	      0.0000
    154.9514	      0.0000
    154.9532	      0.0000
    154.9550	    772.9863
    154.9569	   1206.6503
    154.9587	   1339.9619
    154.9605	   1079.9861
    154.9624	    589.4893
    154.9646	      0.0000
    154.9664	      0.0000
    154.9683	      0.0000
    154.9701	      0.0000
    163.0441	      0.0000
    163.0461	      0.0000
    163.0481	      0.0000
    163.0500	      0.0000
    163.0520	    837.7776
    163.0540	   2378.4856
    163.0560	   7512.7808
    163.0579	  14118.6279
    163.0599	  20512.8281
    163.0619	  18402.9434
    163.0639	  11086.2500
    163.0658	   4349.2803
    163.0678	    590.7915
    163.0691	      0.0000
    163.0711	      0.0000
    163.0730	      0.0000
    163.0750	      0.0000
    168.0493	      0.0000
    168.0513	      0.0000
    168.0534	      0.0000
    168.0555	      0.0000
    168.0575	    289.0096
    168.0596	   1862.9132
    168.0617	   5389.0898
    168.0637	   9185.8506
    168.0658	  11125.3262
    168.0679	   8097.9961
    168.0699	   4475.8379
    168.0720	   1423.6182
    168.0741	    560.0394
    168.0765	      0.0000
    168.0786	      0.0000
    168.0806	      0.0000
    168.0827	      0.0000
    186.0589	      0.0000
    186.0613	      0.0000
    186.0637	      0.0000
    186.0661	      0.0000
    186.0685	    275.9798
    186.0709	   1069.9146
    186.0733	   2127.6824
    186.0757	   2794.6909
    186.0781	   2576.7810
    186.0805	   1655.9899
    186.0830	    695.3344
    186.0858	      0.0000
    186.0882	      0.0000
    186.0906	      0.0000
    186.0930	      0.0000
    204.0621	      0.0000
    204.0648	      0.0000
    204.0676	      0.0000
    204.0704	      0.0000
    204.0731	    535.4126
    204.0759	   1203.0344
    204.0787	   3791.7874
    204.0814	  11551.9365
    204.0842	  20483.4863
    204.0870	  27779.0586
    204.0897	  22727.7383
    204.0925	  13330.4912
    204.0952	   4611.8560
    204.0980	    735.9674
    204.1004	      0.0000
    204.1032	      0.0000
    204.1059	      0.0000
    204.1087	      0.0000
    205.0719	      0.0000
    205.0747	      0.0000
    205.0775	      0.0000
    205.0802	      0.0000
    205.0830	   1015.6332
    205.0858	   1822.9464
    205.0886	   2283.2732
    205.0914	   2058.0264
    205.0942	   1310.6896
    205.0970	    522.2376
    205.0998	      0.0000
    205.1026	      0.0000
    205.1054	      0.0000
    205.1082	      0.0000
    231.0764	      0.0000
    231.0797	      0.0000
    231.0830	      0.0000
    231.0864	      0.0000
    231.0897	    771.1440
    231.0930	   1182.1505
    231.0964	   1359.2916
    231.0997	   1249.3207
    231.1030	    931.8312
    231.1065	      0.0000
    231.1098	      0.0000
    231.1131	      0.0000
    231.1165	      0.0000
    266.7764	      0.0000
    266.7805	      0.0000
    266.7847	      0.0000
    266.7888	      0.0000
    266.7929	    851.9741
    266.7971	   1310.0675
    266.8012	   1382.1663
    266.8053	   1017.2283
    266.8095	    475.2688
    266.8139	      0.0000
    266.8180	      0.0000
    266.8221	      0.0000
    266.8263	      0.0000
    335.1484	      0.0000
    335.1542	      0.0000
    335.1600	      0.0000
    335.1659	      0.0000
    335.1717	    561.9849
    335.1775	   1074.1014
    335.1833	   1289.2607
    335.1891	   1051.8842
    335.1950	    550.7991
    335.2011	      0.0000
    335.2069	      0.0000
    335.2127	      0.0000
    335.2185	      0.0000
    366.0925	      0.0000
    366.0992	      0.0000
    366.1058	      0.0000
    366.1125	      0.0000
    366.1191	    364.7437
    366.1258	   1154.4270
    366.1324	   2205.2302
    366.1391	   2812.7791
    366.1457	   2523.9146
    366.1524	   1580.8414
    366.1590	    656.4711
    366.1656	      0.0000
    366.1723	      0.0000
    366.1789	      0.0000
    366.1856	      0.0000
    392.3181	      0.0000
    392.3255	      0.0000
    392.3328	      0.0000
    392.3402	      0.0000
    392.3476	    570.2449
    392.3549	   1109.6733
    392.3623	   1413.0573
    392.3697	   1264.6511
    392.3771	    775.9003
    392.3853	      0.0000
    392.3926	      0.0000
    392.4000	      0.0000
    392.4074	      0.0000
    529.0319	      0.0000
    529.0434	      0.0000
    529.0550	      0.0000
    529.0665	      0.0000
    529.0781	    966.2168
    529.0896	   1558.8278
    529.1011	   1961.6819
    529.1127	   1907.6249
    529.1242	   1384.2047
    529.1358	    727.0566
    529.1475	      0.0000
    529.1591	      0.0000
    529.1706	      0.0000
    529.1822	      0.0000
    684.7182	      0.0000
    684.7352	      0.0000
    684.7522	      0.0000
    684.7692	      0.0000
    684.7862	   1060.7017
    684.8032	   1595.0425
    684.8202	   1667.2327
    684.8372	   1247.2554
    684.8542	    630.1736
    684.8712	      0.0000
    684.8882	      0.0000
    684.9052	      0.0000
    684.9222	      0.0000
    705.8616	      0.0000
    705.8794	      0.0000
    705.8972	      0.0000
    705.9149	      0.0000
    705.9327	    760.7386
    705.9505	   1219.8984
    705.9683	   1397.9115
    705.9861	   1144.6838
    706.0039	    606.9803
    706.0218	      0.0000
    706.0396	      0.0000
    706.0573	      0.0000
    706.0751	      0.0000
    750.2396	      0.0000
    750.2591	      0.0000
    750.2786	      0.0000
    750.2981	      0.0000
    750.3176	    720.5602
    750.3371	   1255.3490
    750.3566	   1465.8870
    750.3761	   1199.7107
    750.3956	    630.6877
    750.4186	      0.0000
    750.4381	      0.0000
    750.4576	      0.0000
    750.4771	      0.0000
    794.6960	      0.0000
    794.7173	      0.0000
    794.7385	      0.0000
    794.7598	      0.0000
    794.7810	    699.2769
    794.8023	   1982.9075
    794.8235	   6067.3062
    794.8448	  10552.7354
    794.8660	  13762.4648
    794.8873	  10539.3105
    794.9086	   5966.1636
    794.9298	   1655.9023
    794.9511	    208.9411
    794.9766	      0.0000
    794.9979	      0.0000
    795.0191	      0.0000
    795.0404	      0.0000
    795.1892	      0.0000
    795.2105	      0.0000
    795.2318	      0.0000
    795.2531	      0.0000
    795.2743	    651.4376
    795.2956	   1670.7368
    795.3169	   4596.9297
    795.3382	   8513.3066
    795.3594	  12534.9121
    795.3807	  11858.2451
    795.4020	   7338.0024
    795.4233	   3141.3350
    795.4445	    361.3524
    795.4581	      0.0000
    795.4794	      0.0000
    795.5007	      0.0000
    795.5220	      0.0000
    795.7135	      0.0000
    795.7348	      0.0000
    795.7561	      0.0000
    795.7774	      0.0000
    795.7987	    829.0502
    795.8200	   3286.9167
    795.8413	   5773.1602
    795.8626	   7452.0986
    795.8839	   5602.6768
    795.9052	   3053.6064
    795.9265	    608.0170
    795.9478	      0.0000
    795.9691	      0.0000
    795.9904	      0.0000
    796.0117	      0.0000
    796.2248	      0.0000
    796.2461	      0.0000
    796.2674	      0.0000
    796.2887	      0.0000
    796.3100	    588.7827
    796.3313	   1592.8920
    796.3526	   2495.5881
    796.3740	   2652.9165
    796.3953	   1967.1890
    796.4166	   1001.6236
    796.4474	      0.0000
    796.4688	      0.0000
    796.4901	      0.0000
    796.5114	      0.0000
    867.6914	      0.0000
    867.7156	      0.0000
    867.7398	      0.0000
    867.7641	      0.0000
    867.7883	    601.7625
    867.8126	   1500.0713
    867.8368	   4684.7471
    867.8611	   9522.6143
    867.8853	  14623.2832
    867.9096	  14346.3730
    867.9338	   8956.6885
    867.9581	   3894.2458
    867.9823	    552.7952
    868.0000	      0.0000
    868.0242	      0.0000
    868.0485	      0.0000
    868.0727	      0.0000
    868.1941	      0.0000
    868.2183	      0.0000
    868.2426	      0.0000
    868.2669	      0.0000
    868.2911	    322.3611
    868.3154	   1758.3383
    868.3397	   5606.6025
    868.3639	   9999.1436
    868.3882	  13672.1533
    868.4125	  11449.0293
    868.4367	   6783.8936
    868.4610	   2460.8684
    868.4853	    190.1852
    868.5068	      0.0000
    868.5311	      0.0000
    868.5553	      0.0000
    868.5796	      0.0000
    868.7253	      0.0000
    868.7496	      0.0000
    868.7739	      0.0000
    868.7982	      0.0000
    868.8225	    877.5001
    868.8468	   1921.7565
    868.8711	   2756.7678
    868.8954	   2750.8989
    868.9197	   1879.9110
    868.9440	    800.7637
    868.9683	      0.0000
    868.9926	      0.0000
    869.0169	      0.0000
    869.0412	      0.0000
    874.2649	      0.0000
    874.2894	      0.0000
    874.3139	      0.0000
    874.3384	      0.0000
    874.3630	    914.7045
    874.3875	   1334.7198
    874.4120	   1521.0763
    874.4365	   1409.8350
    874.4611	   1059.8245
    874.4856	      0.0000
    874.5101	      0.0000
    874.5347	      0.0000
    874.5592	      0.0000
    877.2640	      0.0000
    877.2886	      0.0000
    877.3133	      0.0000
    877.3379	      0.0000
    877.3626	    980.3222
    877.3872	   1513.3010
    877.4119	   1732.0674
    877.4365	   1549.7438
    877.4612	   1100.9584
    877.4859	      0.0000
    877.5105	      0.0000
    877.5352	      0.0000
    877.5598	      0.0000
    894.8503	      0.0000
    894.8757	      0.0000
    894.9011	      0.0000
    894.9265	      0.0000
    894.9519	    559.4507
    894.9773	   1446.9617
    895.0027	   2344.6816
    895.0281	   2602.5627
    895.0535	   1988.8744
    895.0789	    956.1682
    895.1108	      0.0000
    895.1362	      0.0000
    895.1616	      0.0000
    895.1870	      0.0000
    896.2041	      0.0000
    896.2295	      0.0000
    896.2550	      0.0000
    896.2804	      0.0000
    896.3059	    624.5856
    896.3313	   2221.6140
    896.3568	   5683.5654
    896.3823	   9549.4063
    896.4077	  11971.7744
    896.4332	   9113.6641
    896.4586	   5216.2183
    896.4841	   1556.9236
    896.5095	    146.5432
    896.5285	      0.0000
    896.5539	      0.0000
    896.5794	      0.0000
    896.6049	      0.0000
    896.7067	      0.0000
    896.7322	      0.0000
    896.7577	      0.0000
    896.7832	      0.0000
    896.8086	    537.4800
    896.8341	   1979.8292
    896.8596	   4601.8740
    896.8851	   7490.5264
    896.9105	   7863.9404
    896.9360	   4979.3984
    896.9615	   2210.1250
    896.9870	    245.4478
    897.0125	      0.0000
    897.0379	      0.0000
    897.0634	      0.0000
    897.0889	      0.0000
    897.2164	      0.0000
    897.2419	      0.0000
    897.2673	      0.0000
    897.2928	      0.0000
    897.3183	    436.8229
    897.3438	   1524.9408
    897.3693	   4240.0420
    897.3948	   6238.0640
    897.4203	   5539.7363
    897.4458	   3246.6428
    897.4713	   1241.1669
    897.5046	      0.0000
    897.5301	      0.0000
    897.5556	      0.0000
    897.5811	      0.0000
    969.2219	      0.0000
    969.2506	      0.0000
    969.2792	      0.0000
    969.3078	      0.0000
    969.3364	   1223.2706
    969.3651	   4048.0217
    969.3937	   8017.5522
    969.4223	  12100.2939
    969.4510	  11659.9092
    969.4796	   7246.7085
    969.5082	   3214.2161
    969.5369	    386.6024
    969.5599	      0.0000
    969.5886	      0.0000
    969.6172	      0.0000
    969.6458	      0.0000
    969.7031	      0.0000
    969.7318	      0.0000
    969.7604	      0.0000
    969.7891	      0.0000
    969.8177	    605.0889
    969.8464	   2312.6953
    969.8750	   7417.5483
    969.9037	  12894.7734
    969.9323	  16900.8105
    969.9610	  13037.9023
    969.9896	   7421.6226
    970.0183	   2060.1687
    970.0469	     83.5857
    970.0735	      0.0000
    970.1021	      0.0000
    970.1308	      0.0000
    970.1595	      0.0000
    970.2168	      0.0000
    970.2455	      0.0000
    970.2741	      0.0000
    970.3028	      0.0000
    970.3315	    471.1371
    970.3601	   1497.0321
    970.3888	   4046.1709
    970.4175	   6007.9453
    970.4461	   5469.8076
    970.4748	   3143.8601
    970.5035	    934.1447
    970.5322	      0.0000
    970.5609	      0.0000
    970.5895	      0.0000
    970.6182	      0.0000
    977.2202	      0.0000
    977.2491	      0.0000
    977.2781	      0.0000
    977.3071	      0.0000
    977.3361	   1110.1124
    977.3650	   4467.8257
    977.3940	   7313.5811
    977.4230	   8440.7822
    977.4520	   5765.1401
    977.4810	   2744.6025
    977.5100	    169.7392
    977.5535	      0.0000
    977.5825	      0.0000
    977.6115	      0.0000
    977.6405	      0.0000
    977.6985	      0.0000
    977.7275	      0.0000
    977.7565	      0.0000
    977.7855	      0.0000
    977.8145	    347.5616
    977.8435	   1324.2100
    977.8725	   3716.2498
    977.9015	   6695.6807
    977.9305	   9288.2988
    977.9595	   7620.9937
    977.9885	   4249.9902
    978.0175	   1046.6259
    978.0320	      0.0000
    978.0610	      0.0000
    978.0900	      0.0000
    978.1190	      0.0000
    978.2351	      0.0000
    978.2641	      0.0000
    978.2932	      0.0000
    978.3222	      0.0000
    978.3512	    654.7636
    978.3802	   1571.5172
    978.4093	   2316.3833
    978.4383	   2385.7964
    978.4673	   1730.9762
    978.4964	    828.9366
    978.5254	      0.0000
    978.5544	      0.0000
    978.5835	      0.0000
    978.6125	      0.0000
    978.7577	      0.0000
    978.7868	      0.0000
    978.8158	      0.0000
    978.8448	      0.0000
    978.8739	   1108.7955
    978.9029	   2105.7917
    978.9320	   2601.8965
    978.9610	   2208.2288
    978.9901	   1244.8751
    979.0192	      0.0000
    979.0483	      0.0000
    979.0773	      0.0000
    979.1064	      0.0000
   1041.7361	      0.0000
   1041.7680	      0.0000
   1041.7999	      0.0000
   1041.8318	      0.0000
   1041.8637	   1165.5194
   1041.8956	   2234.2349
   1041.9275	   2974.0798
   1041.9594	   2848.8628
   1041.9913	   1952.6761
   1042.0232	    902.7109
   1042.0551	      0.0000
   1042.0871	      0.0000
   1042.1190	      0.0000
   1042.1509	      0.0000
   1043.2048	      0.0000
   1043.2367	      0.0000
   1043.2687	      0.0000
   1043.3006	      0.0000
   1043.3326	    453.1200
   1043.3646	   1408.9586
   1043.3965	   4032.2090
   1043.4285	   5872.9097
   1043.4605	   5499.2583
   1043.4925	   3392.1248
   1043.5244	   1292.8607
   1043.5564	    559.7006
   1043.5884	      0.0000
   1043.6204	      0.0000
   1043.6523	      0.0000
   1043.6843	      0.0000
   1043.7803	      0.0000
   1043.8123	      0.0000
   1043.8443	      0.0000
   1043.8762	      0.0000
   1043.9082	   1166.4974
   1043.9402	   1816.2102
   1043.9722	   2006.3109
   1044.0042	   1596.7411
   1044.0362	    881.5003
   1044.0682	      0.0000
   1044.1002	      0.0000
   1044.1322	      0.0000
   1044.1642	      0.0000
   1050.2394	      0.0000
   1050.2717	      0.0000
   1050.3040	      0.0000
   1050.3363	      0.0000
   1050.3686	   1002.6825
   1050.4008	   1937.0455
   1050.4331	   2625.6914
   1050.4654	   2551.6196
   1050.4977	   1728.5314
   1050.5300	    738.8567
   1050.5623	      0.0000
   1050.5946	      0.0000
   1050.6269	      0.0000
   1050.6592	      0.0000
   1050.7238	      0.0000
   1050.7561	      0.0000
   1050.7884	      0.0000
   1050.8208	      0.0000
   1050.8531	   1269.1322
   1050.8854	   3734.0938
   1050.9177	   6599.3354
   1050.9500	   8910.2637
   1050.9823	   7196.9780
   1051.0146	   3961.6558
   1051.0470	    843.2343
   1051.0793	      0.0000
   1051.1116	      0.0000
   1051.1439	      0.0000
   1051.1763	      0.0000
   1051.2409	      0.0000
   1051.2733	      0.0000
   1051.3056	      0.0000
   1051.3379	      0.0000
   1051.3703	    723.4907
   1051.4026	   1967.7665
   1051.4349	   3137.7551
   1051.4673	   4792.0273
   1051.4996	   2952.1736
   1051.5320	   1326.5632
   1051.5643	    489.3401
   1051.6186	      0.0000
   1051.6510	      0.0000
   1051.6833	      0.0000
   1051.7157	      0.0000
   1058.2158	      0.0000
   1058.2485	      0.0000
   1058.2811	      0.0000
   1058.3138	      0.0000
   1058.3464	    591.2502
   1058.3791	   2889.3010
   1058.4118	   6197.2012
   1058.4444	   9930.0732
   1058.4771	  11478.9697
   1058.5098	   7990.5933
   1058.5424	   4016.9148
   1058.5751	    551.1012
   1058.5901	      0.0000
   1058.6227	      0.0000
   1058.6554	      0.0000
   1058.6881	      0.0000
   1058.7208	      0.0000
   1058.7534	      0.0000
   1058.7861	      0.0000
   1058.8188	      0.0000
   1058.8515	   1194.5775
   1058.8842	   4138.6499
   1058.9168	   8079.4556
   1058.9495	  11781.1309
   1058.9822	  10178.9902
   1059.0149	   5938.1934
   1059.0476	   2026.5560
   1059.0803	    207.2899
   1059.1087	      0.0000
   1059.1414	      0.0000
   1059.1741	      0.0000
   1059.2068	      0.0000
   1059.7629	      0.0000
   1059.7956	      0.0000
   1059.8283	      0.0000
   1059.8611	      0.0000
   1059.8938	    695.3185
   1059.9265	   1375.1797
   1059.9593	   1691.2311
   1059.9920	   1433.9376
   1060.0247	    820.6060
   1060.0576	      0.0000
   1060.0903	      0.0000
   1060.1230	      0.0000
   1060.1558	      0.0000
   1116.2115	      0.0000
   1116.2469	      0.0000
   1116.2823	      0.0000
   1116.3177	      0.0000
   1116.3531	    989.2640
   1116.3884	   3372.3474
   1116.4238	   6039.3384
   1116.4592	   8327.1641
   1116.4946	   6976.1563
   1116.5300	   4025.7339
   1116.5654	   1190.9281
   1116.6008	      0.0000
   1116.6361	      0.0000
   1116.6715	      0.0000
   1116.7069	      0.0000
   1116.7423	      0.0000
   1116.7777	      0.0000
   1116.8131	      0.0000
   1116.8485	      0.0000
   1116.8839	   1219.0740
   1116.9193	   3421.3857
   1116.9548	   5277.1328
   1116.9902	   5002.2402
   1117.0256	   2842.4526
   1117.0610	   1220.6132
   1117.0964	      0.0000
   1117.1318	      0.0000
   1117.1672	      0.0000
   1117.2027	      0.0000
   1117.2381	      0.0000
   1117.2735	      0.0000
   1117.3089	      0.0000
   1117.3444	      0.0000
   1117.3798	    777.6983
   1117.4152	   1650.8755
   1117.4506	   2461.1121
   1117.4861	   2648.5225
   1117.5215	   2025.2516
   1117.5569	   1039.2336
   1117.5924	      0.0000
   1117.6278	      0.0000
   1117.6633	      0.0000
   1117.6987	      0.0000
   1124.2133	      0.0000
   1124.2490	      0.0000
   1124.2848	      0.0000
   1124.3205	      0.0000
   1124.3563	    631.8300
   1124.3921	   1606.8373
   1124.4278	   3550.9541
   1124.4636	   5123.7554
   1124.4994	   4477.3989
   1124.5351	   1983.0431
   1124.5709	    892.2441
   1124.6067	      0.0000
   1124.6424	      0.0000
   1124.6782	      0.0000
   1124.7140	      0.0000
   1124.7498	      0.0000
   1124.7856	      0.0000
   1124.8213	      0.0000
   1124.8571	    519.3243
   1124.8929	   2927.9255
   1124.9287	   5685.6011
   1124.9645	   7925.4458
   1125.0003	   6357.0762
   1125.0361	   3623.9673
   1125.0719	    953.4505
   1125.1077	      0.0000
   1125.1435	      0.0000
   1125.1793	      0.0000
   1125.2151	      0.0000
   1125.2509	      0.0000
   1125.2867	      0.0000
   1125.3225	      0.0000
   1125.3583	    677.4213
   1125.3941	   1600.9524
   1125.4299	   2611.7625
   1125.4657	   3117.9216
   1125.5015	   2788.0869
   1125.5373	   1857.7830
   1125.5732	    898.8786
   1125.6090	      0.0000
   1125.6448	      0.0000
   1125.6806	      0.0000
   1125.7165	      0.0000
   1131.2179	      0.0000
   1131.2540	      0.0000
   1131.2901	      0.0000
   1131.3262	      0.0000
   1131.3623	    153.5793
   1131.3984	   2428.5908
   1131.4345	   5146.1523
   1131.4706	   7651.3335
   1131.5067	   6698.1660
   1131.5428	   4048.7161
   1131.5789	   1621.1705
   1131.6150	    454.3531
   1131.6611	      0.0000
   1131.6973	      0.0000
   1131.7334	      0.0000
   1131.7695	      0.0000
   1131.8056	      0.0000
   1131.8417	    416.1867
   1131.8778	   2143.8640
   1131.9140	   6338.7065
   1131.9501	  10922.6650
   1131.9862	  14010.4297
   1132.0223	  10674.3086
   1132.0585	   6013.2275
   1132.0946	   1485.1819
   1132.1307	      0.0000
   1132.1568	      0.0000
   1132.1929	      0.0000
   1132.2291	      0.0000
   1132.2652	      0.0000
   1132.3014	      0.0000
   1132.3375	    421.3027
   1132.3736	   1375.7875
   1132.4098	   4125.3164
   1132.4459	   7120.1099
   1132.4821	   9015.2314
   1132.5182	   6613.4116
   1132.5544	   3475.7354
   1132.5905	    613.7269
   1132.6267	      0.0000
   1132.6628	      0.0000
   1132.6990	      0.0000
   1132.7352	      0.0000
   1132.7713	      0.0000
   1132.8075	      0.0000
   1132.8437	      0.0000
   1132.8798	      0.0000
   1132.9160	   1042.0715
   1132.9522	   1712.0918
   1132.9883	   1885.5038
   1133.0245	   1416.7931
   1133.0607	    680.1780
   1133.0969	      0.0000
   1133.1331	      0.0000
   1133.1692	      0.0000
   1133.2054	      0.0000
   1139.7102	      0.0000
   1139.7467	      0.0000
   1139.7832	      0.0000
   1139.8197	      0.0000
   1139.8562	    720.9828
   1139.8927	   2164.6011
   1139.9292	   4102.4629
   1139.9657	   5732.7339
   1140.0023	   4624.9316
   1140.0388	   2534.1003
   1140.0753	    951.5824
   1140.1118	      0.0000
   1140.1483	      0.0000
   1140.1848	      0.0000
   1140.2213	      0.0000
   1140.2579	      0.0000
   1140.2944	      0.0000
   1140.3309	      0.0000
   1140.3674	      0.0000
   1140.4040	   1224.6261
   1140.4405	   2436.3911
   1140.4770	   3238.0962
   1140.5136	   3921.2458
   1140.5501	   1983.1495
   1140.5866	   1115.4689
   1140.6232	      0.0000
   1140.6598	      0.0000
   1140.6963	      0.0000
   1140.7329	      0.0000
   1195.7460	      0.0000
   1195.7852	      0.0000
   1195.8245	      0.0000
   1195.8637	      0.0000
   1195.9029	    602.7914
   1195.9421	   1362.2798
   1195.9814	   1980.1344
   1196.0206	   2068.5999
   1196.0598	   1613.9647
   1196.0991	    942.8470
   1196.1601	      0.0000
   1196.1993	      0.0000
   1196.2386	      0.0000
   1196.2778	      0.0000
   1197.1810	      0.0000
   1197.2203	      0.0000
   1197.2596	      0.0000
   1197.2989	      0.0000
   1197.3382	    767.1459
   1197.3775	   1370.3893
   1197.4168	   4120.2568
   1197.4561	   8958.7295
   1197.4954	  13904.3623
   1197.5347	  14411.0615
   1197.5740	   9170.8584
   1197.6133	   3840.9275
   1197.6526	     42.4549
   1197.6868	      0.0000
   1197.7261	      0.0000
   1197.7654	      0.0000
   1197.8047	      0.0000
   1197.8441	    904.7830
   1197.8834	   2115.3867
   1197.9227	   6108.1450
   1197.9620	  11515.7500
   1198.0014	  16372.5938
   1198.0407	  14513.0498
   1198.0800	   8626.0117
   1198.1194	   2913.3074
   1198.1587	     14.9600
   1198.1849	      0.0000
   1198.2243	      0.0000
   1198.2636	      0.0000
   1198.3030	      0.0000
   1198.3423	      0.0000
   1198.3816	   1200.7723
   1198.4210	   4110.4463
   1198.4604	   7203.8843
   1198.4997	   9293.7520
   1198.5391	   7475.9341
   1198.5784	   4340.6123
   1198.6178	   1237.2374
   1198.6536	      0.0000
   1198.6930	      0.0000
   1198.7324	      0.0000
   1198.7717	      0.0000
   1198.8111	      0.0000
   1198.8505	      0.0000
   1198.8898	    958.3422
   1198.9292	   3184.2871
   1198.9686	   5468.7744
   1199.0080	   6308.4438
   1199.0474	   4428.5967
   1199.0867	   1704.0137
   1199.1261	    553.2973
   1199.1655	      0.0000
   1199.2049	      0.0000
   1199.2443	      0.0000
   1199.2837	      0.0000
   1205.2545	      0.0000
   1205.2942	      0.0000
   1205.3339	      0.0000
   1205.3736	      0.0000
   1205.4133	    605.9999
   1205.4529	   1615.1047
   1205.4926	   2274.2571
   1205.5324	   2027.7036
   1205.5721	   1133.5023
   1205.6118	      0.0000
   1205.6515	      0.0000
   1205.6912	      0.0000
   1205.7309	      0.0000
   1205.7706	      0.0000
   1205.8103	      0.0000
   1205.8500	    155.6035
   1205.8898	   1583.1953
   1205.9295	   4186.0273
   1205.9692	   6717.1602
   1206.0089	   7558.9629
   1206.0487	   5374.5645
   1206.0884	   2838.3057
   1206.1281	    644.4219
   1206.1678	      0.0000
   1206.2076	      0.0000
   1206.2473	      0.0000
   1206.2871	      0.0000
   1206.3268	      0.0000
   1206.3665	      0.0000
   1206.4063	   1232.7130
   1206.4460	   3325.9736
   1206.4858	   5239.8516
   1206.5255	   4754.2690
   1206.5653	   2691.5803
   1206.6050	   1030.1428
   1206.6448	      0.0000
   1206.6846	      0.0000
   1206.7243	      0.0000
   1206.7641	      0.0000
   1212.2302	      0.0000
   1212.2703	      0.0000
   1212.3103	      0.0000
   1212.3503	      0.0000
   1212.3904	    680.5583
   1212.4304	   1769.7428
   1212.4705	   2931.6697
   1212.5105	   4956.8511
   1212.5506	   3543.9072
   1212.5906	   1689.8351
   1212.6307	    663.7654
   1212.6824	      0.0000
   1212.7224	      0.0000
   1212.7625	      0.0000
   1212.8025	      0.0000
   1212.8426	      0.0000
   1212.8827	    900.2140
   1212.9227	   3628.6194
   1212.9628	   7005.3374
   1213.0029	   9880.2500
   1213.0429	   8145.2031
   1213.0830	   4572.0259
   1213.1231	   1196.5162
   1213.1515	      0.0000
   1213.1916	      0.0000
   1213.2317	      0.0000
   1213.2718	      0.0000
   1213.3119	      0.0000
   1213.3520	      0.0000
   1213.3921	   1109.5844
   1213.4321	   3746.4497
   1213.4722	   5800.1133
   1213.5123	   6202.2271
   1213.5524	   4128.0527
   1213.5925	   1963.7402
   1213.6326	      0.0000
   1213.6727	      0.0000
   1213.7128	      0.0000
   1213.7530	      0.0000
   1213.7931	      0.0000
   1213.8332	      0.0000
   1213.8733	      0.0000
   1213.9134	      0.0000
   1213.9535	    922.0327
   1213.9937	   1642.5361
   1214.0338	   1843.8392
   1214.0739	   1419.4874
   1214.1140	    723.8306
   1214.1542	      0.0000
   1214.1943	      0.0000
   1214.2344	      0.0000
   1214.2746	      0.0000
   1214.3147	      0.0000
   1214.3548	      0.0000
   1214.3950	      0.0000
   1214.4351	    752.9481
   1214.4753	   1515.3060
   1214.5154	   1783.2894
   1214.5555	   1339.6887
   1214.5957	    603.0724
   1214.6360	      0.0000
   1214.6761	      0.0000
   1214.7163	      0.0000
   1214.7564	      0.0000
   1278.2222	      0.0000
   1278.2656	      0.0000
   1278.3089	      0.0000
   1278.3523	      0.0000
   1278.3956	    489.1666
   1278.4390	   1648.6476
   1278.4824	   5045.4219
   1278.5257	   6558.6890
   1278.5691	   5266.5435
   1278.6125	   2885.5776
   1278.6558	    649.6320
   1278.6992	      0.0000
   1278.7426	      0.0000
   1278.7859	      0.0000
   1278.8293	      0.0000
   1278.8727	    924.4570
   1278.9161	   2996.1787
   1278.9595	   5523.7637
   1279.0029	   8106.1489
   1279.0462	   7538.5928
   1279.0896	   4424.1909
   1279.1330	   1552.3781
   1279.1764	      0.0000
   1279.2198	      0.0000
   1279.2632	      0.0000
   1279.3066	      0.0000
   1279.3500	      0.0000
   1279.3934	      0.0000
   1279.4368	   1172.2943
   1279.4802	   2001.0471
   1279.5237	   2294.1030
   1279.5671	   1825.0615
   1279.6105	    956.7463
   1279.6539	      0.0000
   1279.6973	      0.0000
   1279.7408	      0.0000
   1279.7842	      0.0000
   1279.8276	      0.0000
   1279.8710	      0.0000
   1279.9145	    817.9143
   1279.9579	   1621.3397
   1280.0013	   2193.2468
   1280.0448	   2172.7971
   1280.0882	   1589.8077
   1280.1317	    818.5721
   1280.1751	      0.0000
   1280.2186	      0.0000
   1280.2620	      0.0000
   1280.3055	      0.0000
   1286.2357	      0.0000
   1286.2794	      0.0000
   1286.3232	      0.0000
   1286.3669	      0.0000
   1286.4107	    827.3893
   1286.4545	   1548.0282
   1286.4982	   1972.0020
   1286.5420	   1775.0824
   1286.5858	   1070.3761
   1286.6295	      0.0000
   1286.6733	      0.0000
   1286.7171	      0.0000
   1286.7609	      0.0000
   1286.8047	      0.0000
   1286.8485	    395.2962
   1286.8922	   1391.1051
   1286.9360	   3792.7009
   1286.9798	   6532.3193
   1287.0236	   7930.5347
   1287.0674	   5528.7725
   1287.1112	   2744.3726
   1287.1550	    319.0557
   1287.1988	      0.0000
   1287.2426	      0.0000
   1287.2864	      0.0000
   1287.3302	      0.0000
   1287.3741	      0.0000
   1287.4179	   1116.1182
   1287.4617	   3278.2905
   1287.5055	   5280.9741
   1287.5493	   5036.1807
   1287.5932	   2942.5649
   1287.6370	    985.7722
   1287.6808	      0.0000
   1287.7246	      0.0000
   1287.7685	      0.0000
   1287.8123	      0.0000
   1287.8561	      0.0000
   1287.9000	      0.0000
   1287.9438	   1200.1241
   1287.9877	   1919.1228
   1288.0315	   2010.8517
   1288.0754	   1386.7797
   1288.1192	    528.1603
   1288.1631	      0.0000
   1288.2069	      0.0000
   1288.2508	      0.0000
   1288.2947	      0.0000
   1293.2653	      0.0000
   1293.3094	      0.0000
   1293.3535	      0.0000
   1293.3976	      0.0000
   1293.4417	    731.3740
   1293.4859	   1840.8983
   1293.5300	   2728.8816
   1293.5741	   2757.2410
   1293.6183	   1944.3400
   1293.6624	    925.1310
   1293.7065	      0.0000
   1293.7507	      0.0000
   1293.7948	      0.0000
   1293.8389	      0.0000
   1293.8831	      0.0000
   1293.9272	      0.0000
   1293.9714	   1080.7482
   1294.0155	   1792.4702
   1294.0597	   2014.2955
   1294.1039	   1567.2555
   1294.1480	    792.1987
   1294.1922	      0.0000
   1294.2363	      0.0000
   1294.2805	      0.0000
   1294.3247	      0.0000
   1294.3688	      0.0000
   1294.4130	    961.0861
   1294.4572	   2192.5950
   1294.5014	   4272.4854
   1294.5455	   4302.6694
   1294.5897	   2401.7815
   1294.6339	   1153.9708
   1294.6770	      0.0000
   1294.7212	      0.0000
   1294.7654	      0.0000
   1294.8096	      0.0000
   1877.0286	      0.0000
   1877.1058	      0.0000
   1877.1829	      0.0000
   1877.2601	      0.0000
   1877.3372	    812.8005
   1877.4144	   1456.0942
   1877.4915	   1789.3425
   1877.5687	   1584.3885
   1877.6459	    975.8434
   1877.7231	      0.0000
   1877.8002	      0.0000
   1877.8774	      0.0000
   1877.9546	      0.0000
   2823.2602	      0.0000
   2823.4025	      0.0000
   2823.5448	      0.0000
   2823.6872	      0.0000
