# ljz_20131022_MR_Chym1_ELUTE.mzML
#
# index: 7168
# id: controllerType=0 controllerNumber=1 scan=16327
# scanNumber: 16327
# massAnalyzerType: quadrupole
# scanEvent: 2
# msLevel: 2
# retentionTime: 3992.18
# filterString: FTMS + p NSI d Full ms2 869.75@hcd28.00 [100.00-2685.00]
# mzLow: 99.0036
# mzHigh: 2712.51
# basePeakMZ: 126.056
# basePeakIntensity: 88563.2
# totalIonCurrent: 966161
# precursorCount: 1
# precursor 0: 869.421 1.31311e+006
# binary (2062): 
     99.0036	      0.0000
     99.0045	      0.0000
     99.0055	      0.0000
     99.0064	      0.0000
    100.6794	      0.0000
    100.6804	      0.0000
    100.6813	      0.0000
    100.6823	      0.0000
    100.6832	    644.2267
    100.6842	   1042.3047
    100.6852	   1192.1658
    100.6861	    990.1494
    100.6871	    553.5532
    100.6880	      0.0000
    100.6890	      0.0000
    100.6900	      0.0000
    100.6909	      0.0000
    101.0648	      0.0000
    101.0657	      0.0000
    101.0667	      0.0000
    101.0677	      0.0000
    101.0686	    460.7331
    101.0696	   1311.4032
    101.0705	   2453.4138
    101.0715	   3183.8809
    101.0725	   2993.4595
    101.0734	   2038.7223
    101.0744	    970.2831
    101.0754	    318.7310
    101.0763	      0.0000
    101.0773	      0.0000
    101.0782	      0.0000
    101.0792	      0.0000
    102.0491	      0.0000
    102.0501	      0.0000
    102.0511	      0.0000
    102.0521	      0.0000
    102.0530	    539.7350
    102.0540	   1317.1439
    102.0550	   2056.3413
    102.0560	   2224.3535
    102.0569	   1672.6624
    102.0579	    805.1838
    102.0588	      0.0000
    102.0598	      0.0000
    102.0608	      0.0000
    102.0618	      0.0000
    110.0637	      0.0000
    110.0648	      0.0000
    110.0659	      0.0000
    110.0670	      0.0000
    110.0681	    370.2300
    110.0692	   1013.6644
    110.0703	   1900.0890
    110.0714	   2527.7419
    110.0725	   2449.2249
    110.0736	   1704.8937
    110.0747	    795.2766
    110.0758	      0.0000
    110.0769	      0.0000
    110.0780	      0.0000
    110.0791	      0.0000
    111.2740	      0.0000
    111.2751	      0.0000
    111.2763	      0.0000
    111.2774	      0.0000
    111.2785	      0.0000
    111.2796	      0.0000
    111.2807	      0.0000
    111.2818	      0.0000
    111.2829	      0.0000
    111.2841	      0.0000
    111.2852	      0.0000
    111.2863	      0.0000
    111.2874	      0.0000
    111.2885	      0.0000
    111.3855	      0.0000
    111.3866	      0.0000
    111.3877	      0.0000
    111.3888	      0.0000
    111.3899	      0.0000
    111.3910	      0.0000
    111.3921	      0.0000
    111.3933	      0.0000
    111.3944	      0.0000
    111.3955	      0.0000
    111.3966	      0.0000
    111.3977	      0.0000
    111.3988	      0.0000
    114.1048	      0.0000
    114.1060	      0.0000
    114.1071	      0.0000
    114.1083	      0.0000
    114.1094	    629.1694
    114.1106	   1044.3762
    114.1118	   1253.4868
    114.1129	   1077.7411
    114.1141	    600.8920
    114.1152	      0.0000
    114.1164	      0.0000
    114.1175	      0.0000
    114.1187	      0.0000
    116.0627	      0.0000
    116.0639	      0.0000
    116.0651	      0.0000
    116.0663	      0.0000
    116.0675	    733.4895
    116.0687	   1479.2960
    116.0699	   2177.5964
    116.0710	   2415.6914
    116.0722	   2001.5929
    116.0734	   1183.4572
    116.0746	    469.6304
    116.0758	      0.0000
    116.0769	      0.0000
    116.0781	      0.0000
    116.0793	      0.0000
    119.0425	      0.0000
    119.0437	      0.0000
    119.0449	      0.0000
    119.0462	      0.0000
    119.0474	    882.2432
    119.0486	   1504.7429
    119.0499	   1678.8650
    119.0511	   1299.0084
    119.0523	    662.8268
    119.0535	      0.0000
    119.0548	      0.0000
    119.0560	      0.0000
    119.0572	      0.0000
    120.0716	      0.0000
    120.0729	      0.0000
    120.0741	      0.0000
    120.0754	      0.0000
    120.0766	    606.9970
    120.0779	   2126.8875
    120.0791	   4573.9014
    120.0804	   7111.1191
    120.0816	   7248.4258
    120.0829	   4673.9229
    120.0841	   2183.0413
    120.0854	    751.5737
    120.0866	      0.0000
    120.0878	      0.0000
    120.0891	      0.0000
    120.0903	      0.0000
    125.0631	      0.0000
    125.0644	      0.0000
    125.0657	      0.0000
    125.0671	      0.0000
    125.0684	    815.3513
    125.0697	   1305.4939
    125.0710	   1480.5331
    125.0724	   1178.2223
    125.0737	    584.4427
    125.0753	      0.0000
    125.0766	      0.0000
    125.0779	      0.0000
    125.0792	      0.0000
    126.0414	      0.0000
    126.0428	      0.0000
    126.0441	      0.0000
    126.0455	      0.0000
    126.0468	    867.9733
    126.0482	   2238.4856
    126.0495	   3566.9202
    126.0508	   8607.2002
    126.0522	  25986.5840
    126.0535	  53643.0938
    126.0549	  83290.6016
    126.0562	  85625.5000
    126.0576	  55797.5039
    126.0589	  27023.7246
    126.0602	   6278.0181
    126.0616	    807.2374
    126.0627	      0.0000
    126.0640	      0.0000
    126.0653	      0.0000
    126.0667	      0.0000
    127.0308	      0.0000
    127.0322	      0.0000
    127.0335	      0.0000
    127.0349	      0.0000
    127.0363	    659.1363
    127.0376	   1224.6725
    127.0390	   1461.6104
    127.0403	   1149.4055
    127.0417	    527.0134
    127.0431	      0.0000
    127.0444	      0.0000
    127.0458	      0.0000
    127.0471	      0.0000
    127.0485	      0.0000
    127.0498	      0.0000
    127.0512	      0.0000
    127.0526	      0.0000
    127.0539	    493.1745
    127.0553	   1338.4773
    127.0566	   3433.6838
    127.0580	   5737.9697
    127.0594	   6143.5967
    127.0607	   3873.6143
    127.0621	   1676.6476
    127.0634	    727.4101
    127.0648	      0.0000
    127.0661	      0.0000
    127.0675	      0.0000
    127.0688	      0.0000
    129.0579	      0.0000
    129.0593	      0.0000
    129.0607	      0.0000
    129.0621	      0.0000
    129.0635	    757.8314
    129.0649	   1354.3632
    129.0663	   1660.6627
    129.0676	   1473.8492
    129.0690	    935.1804
    129.0707	      0.0000
    129.0721	      0.0000
    129.0735	      0.0000
    129.0749	      0.0000
    129.0916	      0.0000
    129.0930	      0.0000
    129.0944	      0.0000
    129.0958	      0.0000
    129.0972	    727.6520
    129.0985	   1492.5308
    129.0999	   4872.0430
    129.1013	   8811.0615
    129.1027	  12220.9893
    129.1041	  10384.4678
    129.1055	   6135.0142
    129.1069	   2198.2024
    129.1083	     91.5463
    129.1097	      0.0000
    129.1111	      0.0000
    129.1125	      0.0000
    129.1139	      0.0000
    130.0542	      0.0000
    130.0556	      0.0000
    130.0570	      0.0000
    130.0584	      0.0000
    130.0598	    448.7549
    130.0612	   1666.6536
    130.0626	   5517.3555
    130.0640	  10769.1035
    130.0654	  16124.3242
    130.0668	  15036.3682
    130.0683	   9158.6104
    130.0697	   3736.4199
    130.0711	    436.0741
    130.0721	      0.0000
    130.0735	      0.0000
    130.0749	      0.0000
    130.0763	      0.0000
    132.0704	      0.0000
    132.0719	      0.0000
    132.0733	      0.0000
    132.0748	      0.0000
    132.0762	    480.0739
    132.0776	   1448.3749
    132.0791	   2832.9963
    132.0805	   6191.1602
    132.0820	   5493.5781
    132.0834	   3166.5933
    132.0848	    958.4984
    132.0861	      0.0000
    132.0876	      0.0000
    132.0890	      0.0000
    132.0904	      0.0000
    136.0630	      0.0000
    136.0645	      0.0000
    136.0660	      0.0000
    136.0675	      0.0000
    136.0690	    182.0985
    136.0705	   1450.5833
    136.0721	   5967.1875
    136.0736	  13235.0908
    136.0751	  21050.6523
    136.0766	  22007.4863
    136.0781	  14539.8262
    136.0796	   7267.1831
    136.0811	   2025.3883
    136.0826	    373.6182
    136.0843	      0.0000
    136.0858	      0.0000
    136.0873	      0.0000
    136.0888	      0.0000
    138.0417	      0.0000
    138.0432	      0.0000
    138.0447	      0.0000
    138.0463	      0.0000
    138.0478	   1004.5722
    138.0494	   1706.5602
    138.0509	   5100.8076
    138.0524	  13769.8535
    138.0540	  23118.7656
    138.0555	  28434.1738
    138.0571	  20928.0879
    138.0586	  11611.7393
    138.0601	   3237.0317
    138.0617	    427.3926
    138.0630	      0.0000
    138.0646	      0.0000
    138.0661	      0.0000
    138.0677	      0.0000
    141.0577	      0.0000
    141.0592	      0.0000
    141.0608	      0.0000
    141.0624	      0.0000
    141.0640	    951.9615
    141.0656	   1660.5640
    141.0672	   1933.8344
    141.0688	   1582.3896
    141.0704	    882.4152
    141.0720	      0.0000
    141.0736	      0.0000
    141.0752	      0.0000
    141.0768	      0.0000
    143.0701	      0.0000
    143.0718	      0.0000
    143.0734	      0.0000
    143.0750	      0.0000
    143.0766	    707.2054
    143.0783	   1393.0459
    143.0799	   1966.2681
    143.0815	   2039.9781
    143.0831	   1519.5460
    143.0848	    739.0258
    143.0864	      0.0000
    143.0880	      0.0000
    143.0896	      0.0000
    143.0912	      0.0000
    144.0540	      0.0000
    144.0556	      0.0000
    144.0573	      0.0000
    144.0589	      0.0000
    144.0606	    551.2729
    144.0622	   1590.9889
    144.0638	   2867.6870
    144.0655	   5483.5542
    144.0671	   4387.1543
    144.0688	   1989.2349
    144.0704	    827.1735
    144.0720	      0.0000
    144.0737	      0.0000
    144.0753	      0.0000
    144.0769	      0.0000
    155.0704	      0.0000
    155.0722	      0.0000
    155.0740	      0.0000
    155.0758	      0.0000
    155.0777	    788.9275
    155.0795	   1726.8722
    155.0813	   2308.6702
    155.0832	   2037.0625
    155.0850	   1135.6686
    155.0868	    320.6530
    155.0887	      0.0000
    155.0906	      0.0000
    155.0924	      0.0000
    155.0942	      0.0000
    157.1219	      0.0000
    157.1238	      0.0000
    157.1256	      0.0000
    157.1275	      0.0000
    157.1294	    782.6771
    157.1312	   1618.2146
    157.1331	   2170.8733
    157.1350	   2046.4246
    157.1368	   1356.2291
    157.1387	    589.2271
    157.1406	      0.0000
    157.1424	      0.0000
    157.1443	      0.0000
    157.1462	      0.0000
    159.0639	      0.0000
    159.0658	      0.0000
    159.0677	      0.0000
    159.0696	      0.0000
    159.0715	    635.9399
    159.0734	   1331.6447
    159.0753	   2103.3787
    159.0772	   2918.6064
    159.0791	   3104.4934
    159.0810	   1926.7244
    159.0829	   1169.7289
    159.0849	   2277.9172
    159.0868	   7751.9141
    159.0887	  18919.6699
    159.0906	  31214.7441
    159.0925	  36201.1484
    159.0944	  25446.7422
    159.0963	  13576.5488
    159.0982	   3726.5720
    159.1001	    732.0341
    159.1019	      0.0000
    159.1039	      0.0000
    159.1058	      0.0000
    159.1077	      0.0000
    160.0830	      0.0000
    160.0849	      0.0000
    160.0868	      0.0000
    160.0888	      0.0000
    160.0907	    996.0052
    160.0926	   1764.8748
    160.0945	   2193.2136
    160.0965	   1948.8716
    160.0984	   1187.7736
    160.1003	    418.6155
    160.1022	      0.0000
    160.1041	      0.0000
    160.1061	      0.0000
    160.1080	      0.0000
    161.0790	      0.0000
    161.0809	      0.0000
    161.0828	      0.0000
    161.0848	      0.0000
    161.0867	    417.0905
    161.0887	   1168.0092
    161.0906	   2089.9055
    161.0925	   2606.5603
    161.0945	   2378.7273
    161.0964	   1603.1044
    161.0984	    788.5179
    161.1003	      0.0000
    161.1023	      0.0000
    161.1042	      0.0000
    161.1062	      0.0000
    167.0662	      0.0000
    167.0682	      0.0000
    167.0703	      0.0000
    167.0723	      0.0000
    167.0744	    427.7601
    167.0764	   1135.3633
    167.0785	   3052.7979
    167.0805	   5193.7524
    167.0826	   5997.0508
    167.0846	   4033.0994
    167.0867	   1780.9918
    167.0887	    662.3165
    167.0906	      0.0000
    167.0926	      0.0000
    167.0947	      0.0000
    167.0967	      0.0000
    168.0494	      0.0000
    168.0515	      0.0000
    168.0535	      0.0000
    168.0556	      0.0000
    168.0577	    139.7153
    168.0597	   1763.5785
    168.0618	   5736.2437
    168.0639	   9959.4580
    168.0659	  12345.8486
    168.0680	   8846.9033
    168.0701	   4663.1445
    168.0721	   1067.4053
    168.0742	     10.4435
    168.0764	      0.0000
    168.0785	      0.0000
    168.0806	      0.0000
    168.0826	      0.0000
    169.0855	      0.0000
    169.0875	      0.0000
    169.0896	      0.0000
    169.0917	      0.0000
    169.0938	    902.2001
    169.0959	   1431.4242
    169.0980	   1612.4152
    169.1001	   1304.7891
    169.1021	    718.8073
    169.1042	      0.0000
    169.1063	      0.0000
    169.1084	      0.0000
    169.1105	      0.0000
    171.0609	      0.0000
    171.0630	      0.0000
    171.0651	      0.0000
    171.0673	      0.0000
    171.0694	    364.5380
    171.0715	   1162.4158
    171.0736	   2266.0024
    171.0758	   3046.4214
    171.0779	   2947.1370
    171.0800	   2032.2477
    171.0821	    935.2300
    171.0843	      0.0000
    171.0864	      0.0000
    171.0886	      0.0000
    171.0907	      0.0000
    173.0432	      0.0000
    173.0453	      0.0000
    173.0475	      0.0000
    173.0497	      0.0000
    173.0518	    696.6872
    173.0540	   1270.2668
    173.0561	   1572.2148
    173.0583	   1374.9293
    173.0605	    818.4756
    173.0626	      0.0000
    173.0648	      0.0000
    173.0669	      0.0000
    173.0691	      0.0000
    173.0777	      0.0000
    173.0799	      0.0000
    173.0821	      0.0000
    173.0842	      0.0000
    173.0864	    484.6073
    173.0885	   1325.6688
    173.0907	   2273.1238
    173.0929	   2683.1025
    173.0950	   2259.0781
    173.0972	   1316.8900
    173.0993	    460.2905
    173.1015	      0.0000
    173.1036	      0.0000
    173.1058	      0.0000
    173.1079	      0.0000
    177.0721	      0.0000
    177.0744	      0.0000
    177.0766	      0.0000
    177.0788	      0.0000
    177.0811	    376.9436
    177.0833	   1090.0349
    177.0855	   1716.6150
    177.0878	   1760.8414
    177.0900	   1193.4423
    177.0922	    470.0862
    177.0945	      0.0000
    177.0968	      0.0000
    177.0990	      0.0000
    177.1012	      0.0000
    183.0952	      0.0000
    183.0976	      0.0000
    183.0999	      0.0000
    183.1023	      0.0000
    183.1046	    550.5405
    183.1070	   1615.6744
    183.1093	   3902.2068
    183.1117	   6415.7861
    183.1140	   7015.5669
    183.1164	   4558.2446
    183.1187	   2104.1953
    183.1211	    889.2960
    183.1234	      0.0000
    183.1258	      0.0000
    183.1281	      0.0000
    183.1305	      0.0000
    184.0957	      0.0000
    184.0981	      0.0000
    184.1005	      0.0000
    184.1028	      0.0000
    184.1052	    928.2756
    184.1076	   1553.4888
    184.1099	   1667.4690
    184.1123	   1230.9230
    184.1147	    611.1523
    184.1171	      0.0000
    184.1194	      0.0000
    184.1218	      0.0000
    184.1242	      0.0000
    185.0782	      0.0000
    185.0806	      0.0000
    185.0829	      0.0000
    185.0853	      0.0000
    185.0877	    564.3262
    185.0901	   1216.8727
    185.0925	   1612.1801
    185.0949	   1445.6091
    185.0973	    844.8322
    185.0997	      0.0000
    185.1021	      0.0000
    185.1044	      0.0000
    185.1068	      0.0000
    185.1140	      0.0000
    185.1164	      0.0000
    185.1188	      0.0000
    185.1212	      0.0000
    185.1236	    739.9602
    185.1259	   1340.5355
    185.1283	   1664.7559
    185.1307	   1462.2112
    185.1331	    864.2837
    185.1355	      0.0000
    185.1379	      0.0000
    185.1403	      0.0000
    185.1427	      0.0000
    186.0589	      0.0000
    186.0613	      0.0000
    186.0637	      0.0000
    186.0661	      0.0000
    186.0685	    739.4579
    186.0709	   2084.9785
    186.0733	   4209.4487
    186.0757	   6269.5483
    186.0781	   5444.5532
    186.0805	   1931.9554
    186.0829	    543.2339
    186.0853	    357.4087
    186.0877	   1118.1497
    186.0902	   1679.0314
    186.0926	   1383.0586
    186.0950	    659.3127
    186.0974	      0.0000
    186.0998	      0.0000
    186.1022	      0.0000
    186.1046	      0.0000
    189.0728	      0.0000
    189.0753	      0.0000
    189.0778	      0.0000
    189.0802	      0.0000
    189.0827	   1002.8975
    189.0851	   1859.7498
    189.0876	   2413.8887
    189.0901	   2261.6262
    189.0925	   1502.2478
    189.0950	    665.3269
    189.0975	      0.0000
    189.1000	      0.0000
    189.1025	      0.0000
    189.1049	      0.0000
    195.0609	      0.0000
    195.0635	      0.0000
    195.0661	      0.0000
    195.0687	      0.0000
    195.0713	    412.8640
    195.0738	   1052.6729
    195.0764	   1408.6619
    195.0790	   1187.9424
    195.0816	    587.2068
    195.0842	      0.0000
    195.0867	      0.0000
    195.0893	      0.0000
    195.0919	      0.0000
    197.1132	      0.0000
    197.1159	      0.0000
    197.1185	      0.0000
    197.1211	      0.0000
    197.1237	    852.2970
    197.1264	   1250.6344
    197.1290	   1333.3696
    197.1316	   1044.6870
    197.1342	    570.4432
    197.1368	      0.0000
    197.1395	      0.0000
    197.1421	      0.0000
    197.1447	      0.0000
    201.0672	      0.0000
    201.0700	      0.0000
    201.0727	      0.0000
    201.0754	      0.0000
    201.0781	    405.8006
    201.0808	   1253.6512
    201.0835	   2450.5784
    201.0862	   3275.5193
    201.0889	   3121.9302
    201.0916	   2122.7568
    201.0943	    994.2131
    201.0970	      0.0000
    201.0997	      0.0000
    201.1024	      0.0000
    201.1051	      0.0000
    201.1078	      0.0000
    201.1105	      0.0000
    201.1132	    497.9830
    201.1159	   1390.7773
    201.1186	   4135.7310
    201.1213	   7098.7910
    201.1241	   8979.9473
    201.1268	   6695.9658
    201.1295	   3645.5247
    201.1322	    807.6235
    201.1349	      0.0000
    201.1376	      0.0000
    201.1403	      0.0000
    201.1430	      0.0000
    203.0863	      0.0000
    203.0890	      0.0000
    203.0918	      0.0000
    203.0945	      0.0000
    203.0972	    563.0079
    203.1000	   1249.5767
    203.1027	   1823.0710
    203.1055	   1892.7195
    203.1082	   1394.9534
    203.1110	    676.6586
    203.1138	      0.0000
    203.1166	      0.0000
    203.1193	      0.0000
    203.1221	      0.0000
    204.0534	      0.0000
    204.0561	      0.0000
    204.0589	      0.0000
    204.0617	      0.0000
    204.0644	      0.0000
    204.0672	   1902.4104
    204.0700	   1321.0593
    204.0731	   1409.7217
    204.0758	   2194.7332
    204.0786	   6902.7402
    204.0814	  22095.2500
    204.0841	  40176.5195
    204.0869	  55960.2930
    204.0897	  47169.1016
    204.0924	  28138.7207
    204.0952	  10399.2998
    204.0980	   2229.6038
    204.1007	    579.5928
    204.1031	      0.0000
    204.1059	      0.0000
    204.1087	      0.0000
    204.1114	      0.0000
    205.0719	      0.0000
    205.0747	      0.0000
    205.0774	      0.0000
    205.0802	      0.0000
    205.0830	    840.3553
    205.0858	   1909.3970
    205.0886	   3063.2458
    205.0914	   5612.9160
    205.0942	   3164.6062
    205.0969	   2055.5979
    205.0997	    953.8319
    205.1024	      0.0000
    205.1052	      0.0000
    205.1080	      0.0000
    205.1108	      0.0000
    212.0794	      0.0000
    212.0824	      0.0000
    212.0853	      0.0000
    212.0882	      0.0000
    212.0911	    108.5040
    212.0941	   1497.7778
    212.0970	   5398.5850
    212.0999	   9916.0605
    212.1029	  13764.1553
    212.1058	  11598.7129
    212.1087	   6917.3037
    212.1117	   2644.5256
    212.1146	    491.6357
    212.1176	      0.0000
    212.1205	      0.0000
    212.1234	      0.0000
    212.1264	      0.0000
    213.0702	      0.0000
    213.0732	      0.0000
    213.0761	      0.0000
    213.0791	      0.0000
    213.0820	    776.8153
    213.0850	   1484.5840
    213.0879	   1785.1526
    213.0909	   1429.5629
    213.0938	    739.2145
    213.0968	      0.0000
    213.0997	    693.4492
    213.1027	   1474.2797
    213.1056	   2082.1614
    213.1086	   2071.8452
    213.1115	   1504.0260
    213.1145	    785.3017
    213.1175	      0.0000
    213.1205	      0.0000
    213.1234	      0.0000
    213.1264	      0.0000
    215.1206	      0.0000
    215.1236	      0.0000
    215.1266	      0.0000
    215.1296	      0.0000
    215.1325	    851.6543
    215.1355	   1855.9087
    215.1385	   2584.4683
    215.1415	   2488.0083
    215.1445	   1647.3386
    215.1475	    732.9484
    215.1504	      0.0000
    215.1534	      0.0000
    215.1564	      0.0000
    215.1594	      0.0000
    228.0771	      0.0000
    228.0804	      0.0000
    228.0836	      0.0000
    228.0869	      0.0000
    228.0902	    622.3594
    228.0934	   1467.4554
    228.0967	   2169.3184
    228.1000	   2234.6313
    228.1032	   1619.0265
    228.1065	    781.8716
    228.1093	      0.0000
    228.1126	      0.0000
    228.1158	      0.0000
    228.1191	      0.0000
    229.0929	      0.0000
    229.0961	      0.0000
    229.0994	      0.0000
    229.1027	      0.0000
    229.1060	    736.8405
    229.1093	   2996.1843
    229.1126	   7454.5908
    229.1159	  12294.5908
    229.1192	  14094.9141
    229.1225	   9881.1973
    229.1257	   5280.9868
    229.1290	   1560.5601
    229.1323	    245.5919
    229.1362	      0.0000
    229.1395	      0.0000
    229.1428	      0.0000
    229.1461	      0.0000
    231.0797	      0.0000
    231.0830	      0.0000
    231.0864	      0.0000
    231.0897	      0.0000
    231.0930	   1074.9646
    231.0964	   1615.0380
    231.0997	   1652.9589
    231.1030	   1126.0726
    231.1064	    424.3034
    231.1097	      0.0000
    231.1130	      0.0000
    231.1163	      0.0000
    231.1197	      0.0000
    235.1237	      0.0000
    235.1271	      0.0000
    235.1305	      0.0000
    235.1339	      0.0000
    235.1374	    911.4297
    235.1408	   1499.7061
    235.1442	   1704.5613
    235.1476	   1379.9635
    235.1510	    749.4115
    235.1544	      0.0000
    235.1579	      0.0000
    235.1613	      0.0000
    235.1647	      0.0000
    240.1125	      0.0000
    240.1160	      0.0000
    240.1196	      0.0000
    240.1231	      0.0000
    240.1266	    692.0172
    240.1301	   1304.2836
    240.1337	   1658.6956
    240.1372	   1531.2384
    240.1407	   1038.1285
    240.1443	      0.0000
    240.1478	      0.0000
    240.1513	      0.0000
    240.1548	      0.0000
    242.0904	      0.0000
    242.0940	      0.0000
    242.0975	      0.0000
    242.1011	      0.0000
    242.1047	    602.3962
    242.1083	   1610.5020
    242.1118	   2593.1140
    242.1154	   2854.2842
    242.1190	   2209.1553
    242.1226	   1176.5107
    242.1261	    425.5367
    242.1299	      0.0000
    242.1335	      0.0000
    242.1371	      0.0000
    242.1406	      0.0000
    286.0737	      0.0000
    286.0783	      0.0000
    286.0828	      0.0000
    286.0874	      0.0000
    286.0920	    778.3930
    286.0966	   1395.1605
    286.1012	   1762.9535
    286.1058	   1662.9104
    286.1104	   1178.5695
    286.1150	    596.5086
    286.1196	      0.0000
    286.1242	      0.0000
    286.1287	      0.0000
    286.1333	      0.0000
    287.1091	      0.0000
    287.1137	      0.0000
    287.1183	      0.0000
    287.1230	      0.0000
    287.1276	    802.0916
    287.1322	   1564.9359
    287.1368	   1935.3381
    287.1414	   1645.0376
    287.1460	    939.7016
    287.1508	      0.0000
    287.1554	      0.0000
    287.1600	      0.0000
    287.1646	      0.0000
    298.1219	      0.0000
    298.1268	      0.0000
    298.1317	      0.0000
    298.1366	      0.0000
    298.1414	    924.9623
    298.1463	   1379.0452
    298.1512	   1495.3582
    298.1561	   1183.5852
    298.1610	    627.7453
    298.1658	      0.0000
    298.1707	      0.0000
    298.1756	      0.0000
    298.1805	      0.0000
    309.0887	      0.0000
    309.0939	      0.0000
    309.0990	      0.0000
    309.1042	      0.0000
    309.1093	    671.8894
    309.1145	   1335.9729
    309.1196	   1642.8544
    309.1248	   1360.6740
    309.1299	    733.0744
    309.1352	      0.0000
    309.1404	      0.0000
    309.1455	      0.0000
    309.1507	      0.0000
    316.1186	      0.0000
    316.1239	      0.0000
    316.1293	      0.0000
    316.1346	      0.0000
    316.1399	    403.6459
    316.1453	   1210.4331
    316.1506	   1837.9268
    316.1559	   1819.7043
    316.1613	   1193.9015
    316.1666	    495.3140
    316.1729	      0.0000
    316.1783	      0.0000
    316.1836	      0.0000
    316.1889	      0.0000
    326.1064	      0.0000
    326.1120	      0.0000
    326.1176	      0.0000
    326.1231	      0.0000
    326.1287	    828.9619
    326.1343	   3476.3582
    326.1399	   7151.9810
    326.1455	  10895.3213
    326.1511	  10060.9805
    326.1567	   6023.1553
    326.1622	   2311.0388
    326.1678	    249.6421
    326.1724	      0.0000
    326.1780	      0.0000
    326.1836	      0.0000
    326.1891	      0.0000
    330.1078	      0.0000
    330.1135	      0.0000
    330.1192	      0.0000
    330.1248	      0.0000
    330.1305	    421.0754
    330.1362	   1062.8436
    330.1419	   1550.3873
    330.1476	   1512.5803
    330.1533	    980.8432
    330.1591	      0.0000
    330.1648	      0.0000
    330.1705	      0.0000
    330.1762	      0.0000
    338.6502	      0.0000
    338.6561	      0.0000
    338.6620	      0.0000
    338.6679	      0.0000
    338.6738	    421.6705
    338.6797	   1185.3743
    338.6856	   1993.3131
    338.6915	   2373.8142
    338.6975	   2064.4199
    338.7034	   1272.1005
    338.7093	    493.7650
    338.7152	      0.0000
    338.7211	      0.0000
    338.7270	      0.0000
    338.7329	      0.0000
    344.1245	      0.0000
    344.1305	      0.0000
    344.1366	      0.0000
    344.1426	      0.0000
    344.1487	    786.4034
    344.1547	   1299.6708
    344.1608	   1569.0751
    344.1669	   1437.0402
    344.1729	    988.3636
    344.1790	      0.0000
    344.1850	      0.0000
    344.1911	      0.0000
    344.1971	      0.0000
    350.1051	      0.0000
    350.1113	      0.0000
    350.1175	      0.0000
    350.1237	      0.0000
    350.1300	    583.3704
    350.1362	   1061.2550
    350.1424	   1373.9736
    350.1486	   1323.9634
    350.1548	    935.6757
    350.1610	      0.0000
    350.1672	      0.0000
    350.1735	      0.0000
    350.1797	      0.0000
    357.1056	      0.0000
    357.1120	      0.0000
    357.1184	      0.0000
    357.1248	      0.0000
    357.1312	    717.6611
    357.1376	   1375.2357
    357.1440	   1737.3604
    357.1504	   1559.6548
    357.1568	    966.9410
    357.1632	      0.0000
    357.1696	      0.0000
    357.1760	      0.0000
    357.1824	      0.0000
    362.1382	      0.0000
    362.1447	      0.0000
    362.1512	      0.0000
    362.1578	      0.0000
    362.1643	    654.5588
    362.1708	   1323.5421
    362.1774	   1679.3184
    362.1839	   1407.3446
    362.1905	    703.5347
    362.1972	      0.0000
    362.2037	      0.0000
    362.2102	      0.0000
    362.2168	      0.0000
    372.1055	      0.0000
    372.1123	      0.0000
    372.1191	      0.0000
    372.1259	      0.0000
    372.1327	    628.1981
    372.1395	   1163.1169
    372.1463	   1577.1581
    372.1531	   1646.1339
    372.1599	   1310.8649
    372.1667	    745.5756
    372.1735	      0.0000
    372.1804	      0.0000
    372.1872	      0.0000
    372.1940	      0.0000
    378.6449	      0.0000
    378.6519	      0.0000
    378.6589	      0.0000
    378.6659	      0.0000
    378.6728	    638.0716
    378.6798	   1542.6511
    378.6868	   2268.3069
    378.6938	   2294.3064
    378.7008	   1605.7155
    378.7078	    715.4362
    378.7148	      0.0000
    378.7218	      0.0000
    378.7288	      0.0000
    378.7358	      0.0000
    379.1556	      0.0000
    379.1626	      0.0000
    379.1696	      0.0000
    379.1766	      0.0000
    379.1836	    682.7433
    379.1906	   1093.3485
    379.1976	   1541.2566
    379.2046	   1871.1449
    379.2116	   1883.1885
    379.2186	   1508.0938
    379.2256	    906.7388
    379.2328	      0.0000
    379.2398	      0.0000
    379.2468	      0.0000
    379.2538	      0.0000
    399.1353	      0.0000
    399.1429	      0.0000
    399.1504	      0.0000
    399.1580	      0.0000
    399.1656	    871.2540
    399.1731	   1978.1152
    399.1807	   3112.6260
    399.1882	   5485.0068
    399.1958	   4010.0896
    399.2034	   1823.2539
    399.2109	    766.8118
    399.2187	      0.0000
    399.2263	      0.0000
    399.2338	      0.0000
    399.2414	      0.0000
    432.1458	      0.0000
    432.1543	      0.0000
    432.1629	      0.0000
    432.1714	      0.0000
    432.1799	    371.6115
    432.1884	   1216.6154
    432.1969	   2475.4436
    432.2055	   5210.7134
    432.2140	   5322.6836
    432.2225	   2392.7056
    432.2310	   1076.0919
    432.2398	      0.0000
    432.2483	      0.0000
    432.2568	      0.0000
    432.2653	      0.0000
    492.2212	      0.0000
    492.2316	      0.0000
    492.2420	      0.0000
    492.2523	      0.0000
    492.2627	    747.8225
    492.2730	   1374.3025
    492.2834	   1798.0850
    492.2938	   1754.0221
    492.3041	   1263.8551
    492.3145	    613.5685
    492.3280	      0.0000
    492.3384	      0.0000
    492.3487	      0.0000
    492.3591	      0.0000
    501.1699	      0.0000
    501.1806	      0.0000
    501.1912	      0.0000
    501.2018	      0.0000
    501.2125	    850.3084
    501.2231	   1338.8197
    501.2338	   3773.8540
    501.2444	   9605.5166
    501.2551	  16138.8857
    501.2657	  20134.3223
    501.2764	  15039.4365
    501.2870	   8429.6650
    501.2976	   2225.6736
    501.3083	     31.7178
    501.3158	      0.0000
    501.3264	      0.0000
    501.3371	      0.0000
    501.3477	      0.0000
    501.6886	      0.0000
    501.6993	      0.0000
    501.7099	      0.0000
    501.7206	      0.0000
    501.7312	   1067.3071
    501.7419	   4135.6274
    501.7526	   7333.9531
    501.7632	   9503.4980
    501.7739	   7360.5190
    501.7846	   4276.2915
    501.7952	   1394.2494
    501.8059	    543.4093
    501.8168	      0.0000
    501.8275	      0.0000
    501.8381	      0.0000
    501.8488	      0.0000
    536.7089	      0.0000
    536.7207	      0.0000
    536.7325	      0.0000
    536.7443	      0.0000
    536.7561	    781.8091
    536.7679	   1500.0303
    536.7797	   1951.2939
    536.7915	   1827.3196
    536.8033	   1218.7435
    536.8151	    526.2086
    536.8269	      0.0000
    536.8387	      0.0000
    536.8505	      0.0000
    536.8623	      0.0000
    563.1712	      0.0000
    563.1839	      0.0000
    563.1966	      0.0000
    563.2092	      0.0000
    563.2219	    986.5802
    563.2346	   1491.8220
    563.2473	   1623.5328
    563.2600	   1277.2297
    563.2726	    668.1436
    563.2853	      0.0000
    563.2980	      0.0000
    563.3107	      0.0000
    563.3234	      0.0000
    579.2391	      0.0000
    579.2524	      0.0000
    579.2656	      0.0000
    579.2788	      0.0000
    579.2920	   1220.2842
    579.3053	   2167.3528
    579.3185	   2798.8589
    579.3317	   2674.1299
    579.3449	   1843.9584
    579.3582	    868.9971
    579.3714	      0.0000
    579.3846	      0.0000
    579.3979	      0.0000
    579.4111	      0.0000
    586.2039	      0.0000
    586.2174	      0.0000
    586.2308	      0.0000
    586.2443	      0.0000
    586.2577	   1072.3893
    586.2712	   1964.4952
    586.2847	   2302.7947
    586.2981	   1835.3547
    586.3116	    956.3664
    586.3292	      0.0000
    586.3426	      0.0000
    586.3561	      0.0000
    586.3696	      0.0000
    676.2197	      0.0000
    676.2364	      0.0000
    676.2530	      0.0000
    676.2697	      0.0000
    676.2864	    397.4393
    676.3031	   1410.5002
    676.3198	   3548.0864
    676.3364	  10611.1865
    676.3531	  22750.6406
    676.3698	  35996.5508
    676.3865	  38271.1016
    676.4032	  25418.6504
    676.4199	  12510.6934
    676.4366	   3030.0212
    676.4532	    786.2189
    676.4738	      0.0000
    676.4905	      0.0000
    676.5072	      0.0000
    676.5239	      0.0000
    677.2589	      0.0000
    677.2756	      0.0000
    677.2923	      0.0000
    677.3091	      0.0000
    677.3258	    637.7753
    677.3425	   3159.0320
    677.3592	   6660.5273
    677.3759	  10582.7725
    677.3927	  11775.9834
    677.4094	   7917.9126
    677.4261	   3889.9944
    677.4428	    570.6148
    677.4517	      0.0000
    677.4684	      0.0000
    677.4851	      0.0000
    677.5019	      0.0000
    678.2887	      0.0000
    678.3055	      0.0000
    678.3222	      0.0000
    678.3390	      0.0000
    678.3557	    899.6092
    678.3725	   1526.0614
    678.3893	   1693.2164
    678.4060	   1276.7673
    678.4228	    603.1006
    678.4396	      0.0000
    678.4564	      0.0000
    678.4732	      0.0000
    678.4899	      0.0000
    758.2559	      0.0000
    758.2757	      0.0000
    758.2955	      0.0000
    758.3153	      0.0000
    758.3351	    414.9722
    758.3549	   1309.8076
    758.3747	   2047.0045
    758.3945	   2096.7559
    758.4144	   1479.4044
    758.4342	    691.3490
    758.4540	      0.0000
    758.4738	      0.0000
    758.4936	      0.0000
    758.5134	      0.0000
    761.1956	      0.0000
    761.2155	      0.0000
    761.2354	      0.0000
    761.2553	      0.0000
    761.2753	    789.9711
    761.2952	   1252.5304
    761.3151	   1442.2014
    761.3350	   1251.4279
    761.3550	    796.3401
    761.3749	      0.0000
    761.3948	      0.0000
    761.4148	      0.0000
    761.4347	      0.0000
    779.2806	      0.0000
    779.3012	      0.0000
    779.3218	      0.0000
    779.3425	      0.0000
    779.3631	    701.5377
    779.3838	   1343.8828
    779.4044	   1659.4850
    779.4250	   1440.4069
    779.4457	    851.1085
    779.4757	      0.0000
    779.4964	      0.0000
    779.5170	      0.0000
    779.5377	      0.0000
    790.2582	      0.0000
    790.2793	      0.0000
    790.3003	      0.0000
    790.3214	      0.0000
    790.3425	   1055.9290
    790.3636	   3117.3728
    790.3846	   7464.0869
    790.4057	  12298.9219
    790.4268	  15342.6719
    790.4479	  11807.6641
    790.4690	   6748.1841
    790.4900	   1876.4121
    790.5111	      0.0000
    790.5228	      0.0000
    790.5439	      0.0000
    790.5649	      0.0000
    790.5860	      0.0000
    791.2612	      0.0000
    791.2823	      0.0000
    791.3034	      0.0000
    791.3245	      0.0000
    791.3456	    376.5194
    791.3668	   1390.9292
    791.3879	   4508.2837
    791.4090	   6731.0322
    791.4301	   6686.3433
    791.4512	   4059.6643
    791.4724	   1622.7947
    791.4935	      0.0000
    791.5146	      0.0000
    791.5357	      0.0000
    791.5568	      0.0000
    791.5780	      0.0000
    792.2756	      0.0000
    792.2967	      0.0000
    792.3179	      0.0000
    792.3390	      0.0000
    792.3602	    936.9727
    792.3813	   1510.2080
    792.4025	   1739.1251
    792.4236	   1452.9008
    792.4448	    811.0728
    792.4660	      0.0000
    792.4871	      0.0000
    792.5083	      0.0000
    792.5295	      0.0000
    818.2378	      0.0000
    818.2600	      0.0000
    818.2822	      0.0000
    818.3044	      0.0000
    818.3266	    913.1371
    818.3488	   1614.6173
    818.3710	   1906.8872
    818.3932	   1578.8564
    818.4154	    873.3777
    818.4377	      0.0000
    818.4599	      0.0000
    818.4821	      0.0000
    818.5043	      0.0000
    852.2772	      0.0000
    852.3008	      0.0000
    852.3244	      0.0000
    852.3480	      0.0000
    852.3717	    833.8073
    852.3953	   1306.3724
    852.4189	   1541.9794
    852.4425	   1370.4697
    852.4661	    874.1829
    852.4897	      0.0000
    852.5133	      0.0000
    852.5369	      0.0000
    852.5605	      0.0000
    853.2457	      0.0000
    853.2693	      0.0000
    853.2930	      0.0000
    853.3166	      0.0000
    853.3403	    924.2374
    853.3639	   1483.4087
    853.3876	   1705.4380
    853.4112	   1475.2997
    853.4349	    937.8114
    853.4585	      0.0000
    853.4822	      0.0000
    853.5058	      0.0000
    853.5295	      0.0000
    869.3084	      0.0000
    869.3327	      0.0000
    869.3571	      0.0000
    869.3814	      0.0000
    869.4057	   1228.9873
    869.4300	   1886.9702
    869.4543	   2086.5225
    869.4786	   1639.5673
    869.5030	    838.9984
    869.5273	      0.0000
    869.5516	      0.0000
    869.5759	      0.0000
    869.6002	      0.0000
    870.2330	      0.0000
    870.2574	      0.0000
    870.2817	      0.0000
    870.3061	      0.0000
    870.3304	    621.1747
    870.3548	   1315.8613
    870.3791	   1773.0438
    870.4035	   1751.6685
    870.4278	   1382.9323
    870.4522	    957.3710
    870.4766	      0.0000
    870.5009	      0.0000
    870.5253	      0.0000
    870.5497	      0.0000
    892.7718	      0.0000
    892.7971	      0.0000
    892.8224	      0.0000
    892.8477	      0.0000
    892.8730	    711.4082
    892.8983	   1621.0300
    892.9236	   2322.2412
    892.9489	   2344.5581
    892.9743	   1702.8073
    892.9996	    861.1736
    893.0249	      0.0000
    893.0502	      0.0000
    893.0755	      0.0000
    893.1008	      0.0000
    901.2832	      0.0000
    901.3089	      0.0000
    901.3346	      0.0000
    901.3602	      0.0000
    901.3859	    675.1030
    901.4116	   1556.2283
    901.4372	   2113.6926
    901.4629	   1881.8652
    901.4886	   1058.0164
    901.5329	      0.0000
    901.5586	      0.0000
    901.5843	      0.0000
    901.6100	      0.0000
    904.2607	      0.0000
    904.2865	      0.0000
    904.3123	      0.0000
    904.3381	      0.0000
    904.3639	    599.8197
    904.3897	   1627.4243
    904.4155	   4456.1519
    904.4412	   8622.3975
    904.4670	  12834.3682
    904.4929	  12044.1094
    904.5187	   7200.9878
    904.5445	   2593.1084
    904.5703	      0.0000
    904.5774	      0.0000
    904.6032	      0.0000
    904.6290	      0.0000
    904.6548	      0.0000
    905.3262	      0.0000
    905.3521	      0.0000
    905.3779	      0.0000
    905.4038	      0.0000
    905.4296	   1135.1783
    905.4554	   1878.7773
    905.4813	   1984.3627
    905.5071	   1392.1610
    905.5330	    583.5263
    905.5588	      0.0000
    905.5847	      0.0000
    905.6105	      0.0000
    905.6364	      0.0000
    915.2252	      0.0000
    915.2514	      0.0000
    915.2777	      0.0000
    915.3040	      0.0000
    915.3302	    247.5219
    915.3565	   1813.2802
    915.3828	   4566.3286
    915.4090	   7569.0684
    915.4353	   8440.1221
    915.4616	   5769.1543
    915.4879	   2949.7925
    915.5141	    680.7955
    915.5404	      0.0000
    915.5667	      0.0000
    915.5930	      0.0000
    915.6193	      0.0000
    920.7920	      0.0000
    920.8185	      0.0000
    920.8450	      0.0000
    920.8715	      0.0000
    920.8980	    762.6681
    920.9245	   1508.0627
    920.9510	   1916.3979
    920.9775	   1689.9087
    921.0040	    991.6820
    921.0305	      0.0000
    921.0570	      0.0000
    921.0836	      0.0000
    921.1101	      0.0000
    929.6813	      0.0000
    929.7082	      0.0000
    929.7351	      0.0000
    929.7620	      0.0000
    929.7889	    913.0159
    929.8158	   1545.9237
    929.8427	   1718.1428
    929.8696	   1326.7756
    929.8965	    659.8362
    929.9234	      0.0000
    929.9503	      0.0000
    929.9772	      0.0000
    930.0041	      0.0000
    950.7638	      0.0000
    950.7916	      0.0000
    950.8194	      0.0000
    950.8472	      0.0000
    950.8750	    671.0605
    950.9028	   1295.6350
    950.9306	   1571.0361
    950.9584	   1304.0243
    950.9863	    696.2933
    951.0141	      0.0000
    951.0419	      0.0000
    951.0697	      0.0000
    951.0976	      0.0000
    958.2884	      0.0000
    958.3165	      0.0000
    958.3447	      0.0000
    958.3728	      0.0000
    958.4009	    925.2217
    958.4291	   1732.3512
    958.4572	   2089.8896
    958.4854	   1703.7528
    958.5135	    869.0372
    958.5417	      0.0000
    958.5698	      0.0000
    958.5980	      0.0000
    958.6261	      0.0000
    958.7669	      0.0000
    958.7951	      0.0000
    958.8232	      0.0000
    958.8514	      0.0000
    958.8796	    591.0040
    958.9077	   1876.1500
    958.9359	   5362.4858
    958.9640	   7415.0972
    958.9922	   6411.6367
    959.0204	   3715.1990
    959.0486	   1187.5881
    959.0767	      0.0000
    959.1049	      0.0000
    959.1331	      0.0000
    959.1613	      0.0000
    959.2740	      0.0000
    959.3022	      0.0000
    959.3303	      0.0000
    959.3585	      0.0000
    959.3867	    767.2577
    959.4149	   1494.8109
    959.4431	   1971.6569
    959.4713	   1869.0997
    959.4995	   1250.0901
    959.5277	      0.0000
    959.5559	      0.0000
    959.5841	      0.0000
    959.6123	      0.0000
    970.3027	      0.0000
    970.3314	      0.0000
    970.3600	      0.0000
    970.3887	      0.0000
    970.4174	    774.1505
    970.4460	   1414.6046
    970.4747	   1913.5153
    970.5034	   1975.8018
    970.5321	   1530.7429
    970.5608	    833.5849
    970.5895	      0.0000
    970.6181	      0.0000
    970.6468	      0.0000
    970.6755	      0.0000
    984.2702	      0.0000
    984.2995	      0.0000
    984.3288	      0.0000
    984.3581	      0.0000
    984.3874	    602.7559
    984.4167	   1512.8990
    984.4460	   2560.6213
    984.4753	   3205.6526
    984.5046	   3037.3977
    984.5339	   2159.0955
    984.5632	   1123.1205
    984.5925	      0.0000
    984.6218	      0.0000
    984.6511	      0.0000
    984.6804	      0.0000
    993.7700	      0.0000
    993.7997	      0.0000
    993.8294	      0.0000
    993.8591	      0.0000
    993.8888	    851.7928
    993.9186	   1943.6462
    993.9483	   3047.5132
    993.9780	   5470.6426
    994.0077	   2955.5676
    994.0374	   1845.4786
    994.0672	    802.7484
    994.0969	      0.0000
    994.1266	      0.0000
    994.1564	      0.0000
    994.1861	      0.0000
    994.2753	      0.0000
    994.3051	      0.0000
    994.3348	      0.0000
    994.3645	      0.0000
    994.3943	    846.6500
    994.4240	   2064.7292
    994.4538	   3204.9121
    994.4835	   5367.9697
    994.5133	   3610.8250
    994.5430	   1690.5886
    994.5728	    703.6406
    994.6025	      0.0000
    994.6323	      0.0000
    994.6620	      0.0000
    994.6918	      0.0000
    998.3022	      0.0000
    998.3321	      0.0000
    998.3620	      0.0000
    998.3919	      0.0000
    998.4218	   1065.8413
    998.4518	   1843.1921
    998.4817	   2303.8630
    998.5116	   2160.3711
    998.5415	   1488.1644
    998.5715	    679.4275
    998.6110	      0.0000
    998.6409	      0.0000
    998.6709	      0.0000
    998.7008	      0.0000
   1001.2202	      0.0000
   1001.2503	      0.0000
   1001.2803	      0.0000
   1001.3104	      0.0000
   1001.3404	    333.3441
   1001.3705	   2025.8143
   1001.4006	   5291.6704
   1001.4306	  14263.0527
   1001.4607	  36179.2617
   1001.4907	  60545.4688
   1001.5208	  75928.1016
   1001.5509	  57234.0078
   1001.5809	  32552.5938
   1001.6110	   8927.4746
   1001.6411	    447.0185
   1001.6749	      0.0000
   1001.7049	      0.0000
   1001.7350	      0.0000
   1001.7651	      0.0000
   1002.2464	      0.0000
   1002.2765	      0.0000
   1002.3066	      0.0000
   1002.3367	      0.0000
   1002.3668	    710.4291
   1002.3969	   2045.5074
   1002.4270	   5067.9536
   1002.4571	  13892.9277
   1002.4873	  25242.8008
   1002.5174	  35800.7227
   1002.5475	  31392.1211
   1002.5776	  18894.4180
   1002.6077	   7069.7446
   1002.6378	    920.8130
   1002.6655	      0.0000
   1002.6956	      0.0000
   1002.7257	      0.0000
   1002.7559	      0.0000
   1003.2982	      0.0000
   1003.3284	      0.0000
   1003.3585	      0.0000
   1003.3887	      0.0000
   1003.4188	   1247.1797
   1003.4489	   3932.7239
   1003.4791	   7554.5874
   1003.5093	  11336.8047
   1003.5394	  11163.0820
   1003.5696	   7074.6621
   1003.5997	   3203.5820
   1003.6299	    386.8761
   1003.6491	      0.0000
   1003.6793	      0.0000
   1003.7094	      0.0000
   1003.7396	      0.0000
   1004.3432	      0.0000
   1004.3733	      0.0000
   1004.4035	      0.0000
   1004.4337	      0.0000
   1004.4639	   1043.0739
   1004.4941	   1926.7603
   1004.5243	   2327.8843
   1004.5545	   1970.3395
   1004.5847	   1137.5573
   1004.6150	      0.0000
   1004.6452	      0.0000
   1004.6754	      0.0000
   1004.7056	      0.0000
   1061.3025	      0.0000
   1061.3353	      0.0000
   1061.3681	      0.0000
   1061.4009	      0.0000
   1061.4337	    938.2041
   1061.4665	   1645.8093
   1061.4993	   2077.7524
   1061.5321	   1962.2474
   1061.5649	   1367.4418
   1061.5977	      0.0000
   1061.6305	      0.0000
   1061.6633	      0.0000
   1061.6961	      0.0000
   1063.3058	      0.0000
   1063.3387	      0.0000
   1063.3716	      0.0000
   1063.4045	      0.0000
   1063.4374	    818.2055
   1063.4703	   1561.9419
   1063.5032	   2014.0530
   1063.5361	   1856.0171
   1063.5690	   1191.4733
   1063.6099	      0.0000
   1063.6428	      0.0000
   1063.6757	      0.0000
   1063.7086	      0.0000
   1072.2829	      0.0000
   1072.3162	      0.0000
   1072.3495	      0.0000
   1072.3828	      0.0000
   1072.4162	    685.2705
   1072.4495	   1470.1301
   1072.4828	   4775.3994
   1072.5161	   8579.6494
   1072.5494	  11523.5840
   1072.5827	   9083.6006
   1072.6161	   5099.9014
   1072.6494	   1311.1553
   1072.6747	      0.0000
   1072.7080	      0.0000
   1072.7414	      0.0000
   1072.7747	      0.0000
   1073.3082	      0.0000
   1073.3415	      0.0000
   1073.3749	      0.0000
   1073.4082	      0.0000
   1073.4416	    528.8173
   1073.4749	   1481.9351
   1073.5083	   3371.9639
   1073.5417	   5481.7139
   1073.5750	   5375.5615
   1073.6084	   2515.3699
   1073.6418	   1090.8220
   1073.6751	      0.0000
   1073.7085	      0.0000
   1073.7419	      0.0000
   1073.7753	      0.0000
   1080.2794	      0.0000
   1080.3131	      0.0000
   1080.3468	      0.0000
   1080.3805	      0.0000
   1080.4142	    719.0632
   1080.4479	   1500.9037
   1080.4815	   2079.0247
   1080.5152	   2055.9810
   1080.5489	   1447.0840
   1080.5826	    670.9915
   1080.6163	      0.0000
   1080.6500	      0.0000
   1080.6837	      0.0000
   1080.7174	      0.0000
   1087.7611	      0.0000
   1087.7952	      0.0000
   1087.8292	      0.0000
   1087.8632	      0.0000
   1087.8973	    436.1445
   1087.9313	   1466.5685
   1087.9653	   3988.7617
   1087.9994	   6191.1582
   1088.0334	   5660.8623
   1088.0675	   3210.3235
   1088.1015	    932.3608
   1088.1355	      0.0000
   1088.1696	      0.0000
   1088.2036	      0.0000
   1088.2377	      0.0000
   1088.2717	      0.0000
   1088.3058	      0.0000
   1088.3399	      0.0000
   1088.3739	      0.0000
   1088.4080	    730.5901
   1088.4420	   1928.6527
   1088.4761	   4732.0474
   1088.5102	   6307.0190
   1088.5442	   5065.6304
   1088.5783	   2788.3340
   1088.6124	   1164.6527
   1088.6464	      0.0000
   1088.6805	      0.0000
   1088.7146	      0.0000
   1088.7487	      0.0000
   1093.3292	      0.0000
   1093.3635	      0.0000
   1093.3978	      0.0000
   1093.4321	      0.0000
   1093.4664	   1181.4756
   1093.5007	   1739.3607
   1093.5350	   1867.0634
   1093.5693	   1509.2557
   1093.6036	    904.8267
   1093.6457	      0.0000
   1093.6800	      0.0000
   1093.7143	      0.0000
   1093.7486	      0.0000
   1143.3029	      0.0000
   1143.3396	      0.0000
   1143.3762	      0.0000
   1143.4129	      0.0000
   1143.4496	    539.1014
   1143.4863	   2325.0024
   1143.5229	   5650.8667
   1143.5596	   9354.0693
   1143.5963	  10678.1709
   1143.6330	   7348.9517
   1143.6697	   3790.1721
   1143.7064	    745.1778
   1143.7353	      0.0000
   1143.7720	      0.0000
   1143.8087	      0.0000
   1143.8454	      0.0000
   1144.3593	      0.0000
   1144.3960	      0.0000
   1144.4327	      0.0000
   1144.4694	      0.0000
   1144.5062	   1347.5514
   1144.5429	   2644.2292
   1144.5796	   5427.0190
   1144.6164	   4531.4385
   1144.6531	   2559.7061
   1144.6898	   1131.6147
   1144.7266	      0.0000
   1144.7633	      0.0000
   1144.8000	      0.0000
   1144.8368	      0.0000
   1146.3079	      0.0000
   1146.3447	      0.0000
   1146.3815	      0.0000
   1146.4184	      0.0000
   1146.4552	   1072.0594
   1146.4920	   1966.4312
   1146.5288	   2488.0051
   1146.5656	   2274.0576
   1146.6025	   1483.3645
   1146.6393	    625.3124
   1146.6762	      0.0000
   1146.7130	      0.0000
   1146.7498	      0.0000
   1146.7867	      0.0000
   1190.3518	      0.0000
   1190.3907	      0.0000
   1190.4297	      0.0000
   1190.4687	      0.0000
   1190.5076	    967.7459
   1190.5466	   1745.6375
   1190.5856	   2071.1267
   1190.6245	   1712.6083
   1190.6635	    940.8082
   1190.7025	      0.0000
   1190.7414	      0.0000
   1190.7804	      0.0000
   1190.8194	      0.0000
   1192.8098	      0.0000
   1192.8489	      0.0000
   1192.8879	      0.0000
   1192.9270	      0.0000
   1192.9661	    802.1335
   1193.0052	   1442.7087
   1193.0443	   1711.0300
   1193.0834	   1417.3965
   1193.1224	    774.3145
   1193.1615	      0.0000
   1193.2006	      0.0000
   1193.2397	      0.0000
   1193.2788	      0.0000
   1193.3179	      0.0000
   1193.3570	      0.0000
   1193.3961	      0.0000
   1193.4352	    585.7413
   1193.4743	   1646.7334
   1193.5135	   4065.0056
   1193.5526	   5941.1680
   1193.5917	   5144.2900
   1193.6308	   2873.0354
   1193.6699	    594.5442
   1193.7414	      0.0000
   1193.7805	      0.0000
   1193.8196	      0.0000
   1193.8587	      0.0000
   1201.7621	      0.0000
   1201.8016	      0.0000
   1201.8411	      0.0000
   1201.8806	      0.0000
   1201.9202	    763.5657
   1201.9597	   1740.2389
   1201.9992	   3907.2983
   1202.0387	   8133.3242
   1202.0783	  12590.8291
   1202.1178	  13447.8906
   1202.1573	   8605.8545
   1202.1969	   3530.7673
   1202.2364	      0.0000
   1202.2686	      0.0000
   1202.3081	      0.0000
   1202.3477	      0.0000
   1202.3872	      0.0000
   1202.4268	   1216.0455
   1202.4663	   2810.0828
   1202.5059	   7233.3159
   1202.5454	  13057.6328
   1202.5850	  18103.0430
   1202.6245	  15872.1992
   1202.6641	   9425.3623
   1202.7037	   3089.8047
   1202.7432	      0.0000
   1202.7778	      0.0000
   1202.8174	      0.0000
   1202.8570	      0.0000
   1202.8965	      0.0000
   1202.9361	    602.5591
   1202.9757	   1892.5649
   1203.0153	   5342.7725
   1203.0548	   9119.1768
   1203.0944	  11231.9941
   1203.1340	   8270.9033
   1203.1736	   4365.6309
   1203.2132	    551.2843
   1203.2328	      0.0000
   1203.2723	      0.0000
   1203.3119	      0.0000
   1203.3515	      0.0000
   1203.3911	      0.0000
   1203.4307	    576.5367
   1203.4703	   2342.8303
   1203.5099	   4937.9346
   1203.5495	   7337.6753
   1203.5891	   7162.3315
   1203.6287	   4570.6733
   1203.6684	   2032.2877
   1203.7080	    588.2634
   1203.7477	      0.0000
   1203.7873	      0.0000
   1203.8269	      0.0000
   1203.8665	      0.0000
   1239.3393	      0.0000
   1239.3807	      0.0000
   1239.4221	      0.0000
   1239.4635	      0.0000
   1239.5049	   1010.2247
   1239.5463	   1740.7606
   1239.5877	   1946.1801
   1239.6291	   1518.2860
   1239.6705	    796.4009
   1239.7119	      0.0000
   1239.7533	      0.0000
   1239.7947	      0.0000
   1239.8361	      0.0000
   1258.3014	      0.0000
   1258.3438	      0.0000
   1258.3861	      0.0000
   1258.4285	      0.0000
   1258.4708	    899.9501
   1258.5132	   2604.7737
   1258.5555	   5065.0142
   1258.5979	   7112.3521
   1258.6402	   5620.2056
   1258.6826	   3047.8958
   1258.7249	    616.5259
   1258.7673	      0.0000
   1258.8097	      0.0000
   1258.8520	      0.0000
   1258.8944	      0.0000
   1259.3182	      0.0000
   1259.3606	      0.0000
   1259.4030	      0.0000
   1259.4454	      0.0000
   1259.4877	    783.4327
   1259.5301	   1791.4897
   1259.5725	   4059.1421
   1259.6150	   5656.5151
   1259.6574	   4961.5366
   1259.6998	   2302.4026
   1259.7422	   1084.0000
   1259.7846	      0.0000
   1259.8270	      0.0000
   1259.8694	      0.0000
   1259.9118	      0.0000
   1260.2937	      0.0000
   1260.3361	      0.0000
   1260.3786	      0.0000
   1260.4210	      0.0000
   1260.4635	    930.8367
   1260.5059	   2196.8696
   1260.5484	   5019.8247
   1260.5908	   5926.2183
   1260.6333	   4119.4727
   1260.6757	   2065.4351
   1260.7182	    906.8011
   1260.7607	      0.0000
   1260.8032	      0.0000
   1260.8456	      0.0000
   1260.8881	      0.0000
   1331.3178	      0.0000
   1331.3639	      0.0000
   1331.4100	      0.0000
   1331.4560	      0.0000
   1331.5021	    855.9144
   1331.5482	   1924.1246
   1331.5943	   2595.3252
   1331.6404	   2320.1694
   1331.6865	   1326.5858
   1331.7326	      0.0000
   1331.7787	      0.0000
   1331.8248	      0.0000
   1331.8709	      0.0000
   1386.3708	      0.0000
   1386.4197	      0.0000
   1386.4687	      0.0000
   1386.5177	      0.0000
   1386.5667	   1070.6080
   1386.6156	   2009.9655
   1386.6646	   2633.8062
   1386.7136	   2490.5098
   1386.7626	   1658.1968
   1386.8116	    685.5090
   1386.8606	      0.0000
   1386.9096	      0.0000
   1386.9586	      0.0000
   1387.0075	      0.0000
   1402.3224	      0.0000
   1402.3722	      0.0000
   1402.4220	      0.0000
   1402.4718	      0.0000
   1402.5216	   1299.1927
   1402.5715	   2411.9016
   1402.6213	   3106.2832
   1402.6711	   2896.2441
   1402.7210	   1954.3209
   1402.7708	    914.8615
   1402.8206	      0.0000
   1402.8705	      0.0000
   1402.9203	      0.0000
   1402.9701	      0.0000
   1403.3191	      0.0000
   1403.3690	      0.0000
   1403.4189	      0.0000
   1403.4687	      0.0000
   1403.5186	    797.4713
   1403.5685	   1550.9843
   1403.6184	   2005.2894
   1403.6682	   1797.5433
   1403.7181	   1067.0664
   1403.7680	      0.0000
   1403.8179	      0.0000
   1403.8678	      0.0000
   1403.9177	      0.0000
   2712.1092	      0.0000
   2712.2431	      0.0000
   2712.3771	      0.0000
   2712.5111	      0.0000
