# ljz_20131022_MR_Chym1_ELUTE.mzML
#
# index: 819
# id: controllerType=0 controllerNumber=1 scan=5941
# scanNumber: 5941
# massAnalyzerType: quadrupole
# scanEvent: 2
# msLevel: 2
# retentionTime: 1786.72
# filterString: FTMS + p NSI d Full ms2 1258.54@hcd28.00 [100.00-2585.00]
# mzLow: 99.0036
# mzHigh: 2611.57
# basePeakMZ: 204.087
# basePeakIntensity: 41432.3
# totalIonCurrent: 229417
# precursorCount: 1
# precursor 0: 1258.04 586097
# binary (536): 
     99.0036	      0.0000
     99.0045	      0.0000
     99.0055	      0.0000
     99.0064	      0.0000
    102.6423	      0.0000
    102.6433	      0.0000
    102.6443	      0.0000
    102.6453	      0.0000
    102.6463	    558.7419
    102.6473	   1168.5217
    102.6482	   1513.1309
    102.6492	   1356.3574
    102.6502	    833.4627
    102.6509	      0.0000
    102.6519	      0.0000
    102.6529	      0.0000
    102.6538	      0.0000
    126.0451	      0.0000
    126.0465	      0.0000
    126.0478	      0.0000
    126.0492	      0.0000
    126.0505	    358.7033
    126.0518	   2576.4570
    126.0532	   6078.0513
    126.0545	   9873.4590
    126.0559	  10225.3672
    126.0572	   6531.7817
    126.0586	   3022.5139
    126.0599	    550.3652
    126.0613	      0.0000
    126.0627	      0.0000
    126.0640	      0.0000
    126.0654	      0.0000
    127.0308	      0.0000
    127.0322	      0.0000
    127.0336	      0.0000
    127.0349	      0.0000
    127.0363	    697.8094
    127.0376	   1424.4771
    127.0390	   1825.9783
    127.0404	   1583.2656
    127.0417	    889.7647
    127.0430	      0.0000
    127.0444	      0.0000
    127.0457	      0.0000
    127.0471	      0.0000
    132.2492	      0.0000
    132.2506	      0.0000
    132.2520	      0.0000
    132.2535	      0.0000
    132.2549	    843.8177
    132.2564	   1444.3893
    132.2578	   1825.3016
    132.2593	   1628.1951
    132.2607	    942.7790
    132.2621	      0.0000
    132.2636	      0.0000
    132.2650	   1048.5459
    132.2665	   1694.4824
    132.2679	   1771.6226
    132.2694	   1264.9078
    132.2708	    637.5989
    132.2722	      0.0000
    132.2737	      0.0000
    132.2751	   1145.7096
    132.2766	   1645.4751
    132.2780	   1729.2839
    132.2795	   1276.2363
    132.2809	    545.5278
    132.2823	      0.0000
    132.2837	      0.0000
    132.2852	      0.0000
    132.2866	      0.0000
    138.0369	      0.0000
    138.0385	      0.0000
    138.0400	      0.0000
    138.0416	      0.0000
    138.0431	    794.1094
    138.0446	   1929.6683
    138.0462	   1210.3300
    138.0480	   1381.2587
    138.0496	   2837.3159
    138.0511	   8251.7734
    138.0526	  20178.9043
    138.0542	  33300.7305
    138.0557	  39792.4492
    138.0572	  28680.5137
    138.0588	  15589.8389
    138.0603	   3989.0959
    138.0619	    117.6380
    138.0631	      0.0000
    138.0646	      0.0000
    138.0662	      0.0000
    138.0677	      0.0000
    145.0398	      0.0000
    145.0414	      0.0000
    145.0431	      0.0000
    145.0447	      0.0000
    145.0464	    759.5109
    145.0481	   1335.9073
    145.0497	   1523.4236
    145.0514	   1208.8778
    145.0530	    626.1191
    145.0547	      0.0000
    145.0563	      0.0000
    145.0580	      0.0000
    145.0597	      0.0000
    163.0457	      0.0000
    163.0476	      0.0000
    163.0496	      0.0000
    163.0516	      0.0000
    163.0536	    572.1384
    163.0555	   1647.3149
    163.0575	   4107.1538
    163.0595	   6551.0391
    163.0615	   6346.2310
    163.0634	   3917.0442
    163.0654	   1623.4194
    163.0674	    619.6908
    163.0697	      0.0000
    163.0717	      0.0000
    163.0737	      0.0000
    163.0757	      0.0000
    168.0479	      0.0000
    168.0499	      0.0000
    168.0520	      0.0000
    168.0541	      0.0000
    168.0561	    672.8210
    168.0582	   1540.3875
    168.0603	   4847.7695
    168.0623	  11951.5791
    168.0644	  19662.8379
    168.0665	  23007.8594
    168.0685	  16270.7354
    168.0706	   8667.5059
    168.0727	   2129.3184
    168.0747	      9.2216
    168.0764	      0.0000
    168.0785	      0.0000
    168.0806	      0.0000
    168.0826	      0.0000
    169.4259	      0.0000
    169.4280	      0.0000
    169.4301	      0.0000
    169.4322	      0.0000
    169.4343	    735.6437
    169.4364	   1226.0358
    169.4385	   1433.7347
    169.4406	   1194.5588
    169.4427	    650.9038
    169.4448	      0.0000
    169.4469	      0.0000
    169.4490	      0.0000
    169.4511	      0.0000
    186.0589	      0.0000
    186.0613	      0.0000
    186.0637	      0.0000
    186.0661	      0.0000
    186.0685	    861.4678
    186.0709	   3642.9971
    186.0733	   6765.4233
    186.0757	   9771.3535
    186.0781	   8800.0850
    186.0806	   5227.9307
    186.0830	   1889.9714
    186.0854	      0.0000
    186.0883	      0.0000
    186.0907	      0.0000
    186.0931	      0.0000
    186.0955	      0.0000
    204.0622	      0.0000
    204.0649	      0.0000
    204.0677	      0.0000
    204.0705	      0.0000
    204.0732	    163.4611
    204.0760	   1638.3875
    204.0787	   5815.9688
    204.0815	  17435.5176
    204.0843	  30735.6641
    204.0870	  41378.0234
    204.0898	  33567.3828
    204.0926	  19801.9746
    204.0953	   6763.7407
    204.0981	   1357.9463
    204.1009	    174.7202
    204.1032	      0.0000
    204.1059	      0.0000
    204.1087	      0.0000
    204.1115	      0.0000
    205.0719	      0.0000
    205.0747	      0.0000
    205.0775	      0.0000
    205.0803	      0.0000
    205.0830	    667.0294
    205.0858	   1432.2810
    205.0886	   1888.5266
    205.0914	   1688.8812
    205.0942	   1004.2068
    205.0974	      0.0000
    205.1002	      0.0000
    205.1030	      0.0000
    205.1058	      0.0000
    322.1534	      0.0000
    322.1589	      0.0000
    322.1643	      0.0000
    322.1698	      0.0000
    322.1753	    704.4550
    322.1808	   1282.1527
    322.1863	   1552.8887
    322.1918	   1305.2698
    322.1973	    724.6699
    322.2028	      0.0000
    322.2083	      0.0000
    322.2138	      0.0000
    322.2193	      0.0000
    349.8071	      0.0000
    349.8133	      0.0000
    349.8195	      0.0000
    349.8257	      0.0000
    349.8319	   1057.4147
    349.8381	   1749.8365
    349.8443	   1921.0603
    349.8505	   1476.1798
    349.8567	    768.3371
    349.8631	      0.0000
    349.8693	      0.0000
    349.8755	      0.0000
    349.8817	      0.0000
    366.0992	      0.0000
    366.1059	      0.0000
    366.1125	      0.0000
    366.1191	      0.0000
    366.1258	    959.6072
    366.1324	   1673.2844
    366.1391	   1977.4098
    366.1457	   1658.9014
    366.1524	    952.5393
    366.1590	      0.0000
    366.1656	      0.0000
    366.1723	      0.0000
    366.1789	      0.0000
    386.1992	      0.0000
    386.2064	      0.0000
    386.2136	      0.0000
    386.2208	      0.0000
    386.2280	    797.0595
    386.2352	   2004.2034
    386.2424	   4233.8774
    386.2496	   6193.2129
    386.2568	   5102.3052
    386.2640	   2863.2283
    386.2712	   1078.5195
    386.2788	      0.0000
    386.2860	      0.0000
    386.2932	      0.0000
    386.3004	      0.0000
    437.2089	      0.0000
    437.2176	      0.0000
    437.2262	      0.0000
    437.2349	      0.0000
    437.2436	    868.0050
    437.2523	   1828.7813
    437.2609	   2518.8430
    437.2696	   2442.2896
    437.2783	   1663.3745
    437.2870	    729.7644
    437.2961	      0.0000
    437.3048	      0.0000
    437.3134	      0.0000
    437.3221	      0.0000
    510.1947	      0.0000
    510.2056	      0.0000
    510.2165	      0.0000
    510.2274	      0.0000
    510.2384	   1223.5801
    510.2493	   2109.7131
    510.2602	   2719.0308
    510.2712	   2630.4102
    510.2821	   1838.5345
    510.2930	    837.2036
    510.3040	      0.0000
    510.3149	      0.0000
    510.3259	      0.0000
    510.3368	      0.0000
    528.9857	      0.0000
    528.9973	      0.0000
    529.0088	      0.0000
    529.0204	      0.0000
    529.0319	    964.8151
    529.0435	   1621.5696
    529.0550	   1831.8345
    529.0665	   1355.0049
    529.0781	    554.1324
    529.0897	      0.0000
    529.1013	      0.0000
    529.1128	      0.0000
    529.1244	      0.0000
    609.1789	      0.0000
    609.1931	      0.0000
    609.2074	      0.0000
    609.2217	      0.0000
    609.2359	    884.0274
    609.2502	   1942.9453
    609.2645	   3030.1387
    609.2787	   3465.7915
    609.2930	   2950.6963
    609.3073	   1855.4967
    609.3215	    830.4429
    609.3358	      0.0000
    609.3501	      0.0000
    609.3643	      0.0000
    609.3786	      0.0000
    610.1927	      0.0000
    610.2070	      0.0000
    610.2213	      0.0000
    610.2356	      0.0000
    610.2499	   1077.7249
    610.2642	   1762.2714
    610.2785	   1993.0865
    610.2928	   1568.8953
    610.3071	    789.4993
    610.3214	      0.0000
    610.3357	      0.0000
    610.3500	      0.0000
    610.3643	      0.0000
    614.2735	      0.0000
    614.2880	      0.0000
    614.3024	      0.0000
    614.3168	      0.0000
    614.3313	    912.1738
    614.3457	   1664.5037
    614.3602	   2077.2332
    614.3746	   1822.8622
    614.3891	   1056.4089
    614.4036	      0.0000
    614.4180	      0.0000
    614.4324	      0.0000
    614.4469	      0.0000
    672.7267	      0.0000
    672.7432	      0.0000
    672.7598	      0.0000
    672.7763	      0.0000
    672.7929	    815.9591
    672.8094	   1588.2445
    672.8260	   1941.1171
    672.8425	   1642.9049
    672.8591	    946.7567
    672.8758	      0.0000
    672.8923	      0.0000
    672.9089	      0.0000
    672.9254	      0.0000
    774.2497	      0.0000
    774.2702	      0.0000
    774.2906	      0.0000
    774.3110	      0.0000
    774.3315	   1106.7024
    774.3519	   1841.1879
    774.3724	   1943.0710
    774.3928	   1342.9548
    774.4132	    569.8862
    774.4337	      0.0000
    774.4541	      0.0000
    774.4746	      0.0000
    774.4950	      0.0000
    774.7199	      0.0000
    774.7404	      0.0000
    774.7609	      0.0000
    774.7813	      0.0000
    774.8018	    971.8563
    774.8222	   2068.3303
    774.8427	   2990.3916
    774.8631	   3082.1882
    774.8836	   2250.3218
    774.9041	   1085.4434
    774.9246	      0.0000
    774.9450	      0.0000
    774.9655	      0.0000
    774.9859	      0.0000
    808.2292	      0.0000
    808.2510	      0.0000
    808.2728	      0.0000
    808.2946	      0.0000
    808.3164	    479.2863
    808.3382	   1416.3978
    808.3600	   2486.0166
    808.3818	   2972.8198
    808.4036	   2468.5098
    808.4254	   1347.3667
    808.4472	    408.4628
    808.4690	      0.0000
    808.4908	      0.0000
    808.5126	      0.0000
    808.5344	      0.0000
    809.2763	      0.0000
    809.2982	      0.0000
    809.3200	      0.0000
    809.3419	      0.0000
    809.3637	    971.7523
    809.3855	   1592.3737
    809.4074	   1854.5540
    809.4292	   1599.0497
    809.4511	    999.5188
    809.4736	      0.0000
    809.4954	      0.0000
    809.5173	      0.0000
    809.5391	      0.0000
   1344.3605	      0.0000
   1344.4072	      0.0000
   1344.4540	      0.0000
   1344.5007	      0.0000
   1344.5475	   1412.6851
   1344.5943	   2501.9521
   1344.6410	   2906.1921
   1344.6878	   2271.2644
   1344.7346	   1109.7181
   1344.7814	      0.0000
   1344.8281	      0.0000
   1344.8749	      0.0000
   1344.9217	      0.0000
   1345.2961	      0.0000
   1345.3429	      0.0000
   1345.3897	      0.0000
   1345.4365	      0.0000
   1345.4833	   1198.2363
   1345.5301	   2720.2578
   1345.5769	   4860.4375
   1345.6237	   5620.0933
   1345.6706	   2947.8428
   1345.7174	   1440.3088
   1345.7643	      0.0000
   1345.8111	      0.0000
   1345.8579	      0.0000
   1345.9048	      0.0000
   1388.5279	      0.0000
   1388.5770	      0.0000
   1388.6261	      0.0000
   1388.6752	      0.0000
   1388.7242	    886.2791
   1388.7733	   1518.6830
   1388.8224	   1787.9050
   1388.8715	   1523.2931
   1388.9206	    899.5084
   1389.0054	      0.0000
   1389.0545	      0.0000
   1389.1036	      0.0000
   1389.1527	      0.0000
   1547.2374	      0.0000
   1547.2951	      0.0000
   1547.3529	      0.0000
   1547.4106	      0.0000
   1547.4683	    548.7024
   1547.5261	   1624.8029
   1547.5838	   4501.8853
   1547.6416	   9116.0020
   1547.6993	  14062.4258
   1547.7571	  13859.3154
   1547.8148	   8445.4658
   1547.8726	   3417.9302
   1547.9304	      0.0000
   1547.9513	      0.0000
   1548.0091	      0.0000
   1548.0668	      0.0000
   1548.1246	      0.0000
   1548.2402	      0.0000
   1548.2980	      0.0000
   1548.3557	      0.0000
   1548.4135	      0.0000
   1548.4713	    743.3918
   1548.5291	   1818.7046
   1548.5869	   4903.9312
   1548.6447	   8275.3174
   1548.7025	   9798.8242
   1548.7604	   6768.2266
   1548.8182	   3400.9272
   1548.8760	    585.6877
   1548.9338	      0.0000
   1548.9916	      0.0000
   1549.0495	      0.0000
   1549.1073	      0.0000
   1549.3387	      0.0000
   1549.3965	      0.0000
   1549.4544	      0.0000
   1549.5122	      0.0000
   1549.5701	    954.1353
   1549.6279	   1697.6012
   1549.6858	   2178.8906
   1549.7437	   2041.9606
   1549.8015	   1332.3702
   1549.8594	      0.0000
   1549.9173	      0.0000
   1549.9752	      0.0000
   1550.0330	      0.0000
   1693.3210	      0.0000
   1693.3870	      0.0000
   1693.4531	      0.0000
   1693.5193	      0.0000
   1693.5854	   1017.7661
   1693.6515	   2022.9442
   1693.7176	   2676.6248
   1693.7837	   2550.0237
   1693.8498	   1767.5057
   1693.9160	    867.7733
   1693.9821	      0.0000
   1694.0482	      0.0000
   1694.1144	      0.0000
   1694.1805	      0.0000
   1779.1346	      0.0000
   1779.2058	      0.0000
   1779.2770	      0.0000
   1779.3482	      0.0000
   1779.4194	    795.8672
   1779.4906	   1572.4598
   1779.5618	   1985.5087
   1779.6330	   1733.8612
   1779.7042	   1007.2835
   1779.7754	      0.0000
   1779.8466	      0.0000
   1779.9179	      0.0000
   1779.9891	      0.0000
   2575.3618	      0.0000
   2575.4857	      0.0000
   2575.6097	      0.0000
   2575.7337	      0.0000
   2575.8577	   1066.4934
   2575.9817	   1660.4684
   2576.1057	   1885.5653
   2576.2298	   1617.5090
   2576.3538	   1011.3959
   2576.4778	      0.0000
   2576.6019	      0.0000
   2576.7260	      0.0000
   2576.8500	      0.0000
   2611.1864	      0.0000
   2611.3129	      0.0000
   2611.4395	      0.0000
   2611.5661	      0.0000
