# ljz_20131022_MR_Chym1_ELUTE.mzML
#
# index: 2458
# id: controllerType=0 controllerNumber=1 scan=8035
# scanNumber: 8035
# massAnalyzerType: quadrupole
# scanEvent: 2
# msLevel: 2
# retentionTime: 2166.42
# filterString: FTMS + p NSI d Full ms2 847.73@hcd28.00 [100.00-2615.00]
# mzLow: 99.0036
# mzHigh: 2641.83
# basePeakMZ: 204.087
# basePeakIntensity: 505657
# totalIonCurrent: 3.7411e+006
# precursorCount: 1
# precursor 0: 847.394 1.27307e+006
# binary (3025): 
     99.0036	      0.0000
     99.0045	      0.0000
     99.0054	      0.0000
     99.0064	      0.0000
    101.0185	      0.0000
    101.0195	      0.0000
    101.0204	      0.0000
    101.0214	      0.0000
    101.0224	   1022.3855
    101.0233	   1876.8043
    101.0243	   2270.2339
    101.0252	   1914.6128
    101.0262	   1132.9635
    101.0272	      0.0000
    101.0281	      0.0000
    101.0291	      0.0000
    101.0301	      0.0000
    101.0647	      0.0000
    101.0657	      0.0000
    101.0667	      0.0000
    101.0676	      0.0000
    101.0686	    507.7043
    101.0696	   1488.0546
    101.0705	   2811.8481
    101.0715	   3603.8193
    101.0725	   3242.4829
    101.0734	   1996.3539
    101.0744	    755.7659
    101.0753	      0.0000
    101.0763	      0.0000
    101.0772	      0.0000
    101.0782	      0.0000
    106.0448	      0.0000
    106.0458	      0.0000
    106.0468	      0.0000
    106.0479	      0.0000
    106.0489	    744.9398
    106.0500	   1282.1725
    106.0510	   1509.9449
    106.0520	   1265.6746
    106.0531	    706.8387
    106.0541	      0.0000
    106.0551	      0.0000
    106.0561	      0.0000
    106.0572	      0.0000
    109.0208	      0.0000
    109.0219	      0.0000
    109.0230	      0.0000
    109.0240	      0.0000
    109.0251	    954.7535
    109.0262	   3768.5005
    109.0273	   9275.8613
    109.0284	  15260.6504
    109.0294	  17448.3125
    109.0305	  12128.1641
    109.0316	   6386.1611
    109.0327	   1646.1946
    109.0338	     51.2465
    109.0348	      0.0000
    109.0359	      0.0000
    109.0370	      0.0000
    109.0381	      0.0000
    110.0637	      0.0000
    110.0648	      0.0000
    110.0659	      0.0000
    110.0670	      0.0000
    110.0681	    489.3541
    110.0692	   1357.9528
    110.0703	   3318.7322
    110.0714	   5660.6953
    110.0725	   6138.7544
    110.0736	   3962.3525
    110.0747	   1710.4064
    110.0758	    622.2827
    110.0768	      0.0000
    110.0779	      0.0000
    110.0790	      0.0000
    110.0801	      0.0000
    111.0372	      0.0000
    111.0384	      0.0000
    111.0395	      0.0000
    111.0406	      0.0000
    111.0417	    567.7004
    111.0428	   1561.4762
    111.0439	   2461.9355
    111.0450	   2595.9426
    111.0461	   1843.4393
    111.0472	    815.9515
    111.0483	      0.0000
    111.0495	      0.0000
    111.0506	      0.0000
    111.0517	      0.0000
    115.0296	      0.0000
    115.0307	      0.0000
    115.0319	      0.0000
    115.0331	      0.0000
    115.0342	     32.4436
    115.0354	   1613.8676
    115.0366	   6712.4575
    115.0378	  14830.4980
    115.0389	  23680.9316
    115.0401	  25027.7988
    115.0413	  16544.4707
    115.0424	   8280.6484
    115.0436	   1984.6499
    115.0448	     86.4843
    115.0459	      0.0000
    115.0470	      0.0000
    115.0482	      0.0000
    115.0494	      0.0000
    120.0729	      0.0000
    120.0741	      0.0000
    120.0754	      0.0000
    120.0766	      0.0000
    120.0779	    564.6986
    120.0791	   1605.2686
    120.0804	   2836.5723
    120.0816	   3445.2146
    120.0829	   2989.1638
    120.0841	   1814.4716
    120.0854	    698.3799
    120.0866	      0.0000
    120.0878	      0.0000
    120.0891	      0.0000
    120.0903	      0.0000
    124.0320	      0.0000
    124.0334	      0.0000
    124.0347	      0.0000
    124.0360	      0.0000
    124.0373	    879.8533
    124.0386	   1655.4272
    124.0399	   1969.2463
    124.0412	   1585.8676
    124.0425	    818.9208
    124.0438	      0.0000
    124.0451	      0.0000
    124.0465	      0.0000
    124.0478	      0.0000
    125.0631	      0.0000
    125.0644	      0.0000
    125.0657	      0.0000
    125.0670	      0.0000
    125.0684	    950.2986
    125.0697	   1772.4570
    125.0710	   2280.7148
    125.0723	   2126.8796
    125.0737	   1441.0477
    125.0750	    672.3931
    125.0763	      0.0000
    125.0776	      0.0000
    125.0790	      0.0000
    125.0803	      0.0000
    126.0385	      0.0000
    126.0398	      0.0000
    126.0412	      0.0000
    126.0425	      0.0000
    126.0439	      0.0000
    126.0452	      0.0000
    126.0465	      0.0000
    126.0478	   3436.7832
    126.0491	   3806.4292
    126.0505	  13872.4355
    126.0518	  53791.9297
    126.0532	 133564.2500
    126.0545	 219776.3906
    126.0558	 254977.5938
    126.0572	 181623.6094
    126.0585	  99808.5469
    126.0599	  31335.4180
    126.0612	   8735.0488
    126.0626	   3660.3245
    126.0639	   1958.3987
    126.0652	      0.0000
    126.0667	      0.0000
    126.0680	      0.0000
    126.0694	      0.0000
    126.0707	      0.0000
    127.0254	      0.0000
    127.0267	      0.0000
    127.0281	      0.0000
    127.0295	      0.0000
    127.0308	    454.3470
    127.0322	   1281.8590
    127.0335	   2165.2681
    127.0349	   8205.5488
    127.0363	  29262.6406
    127.0376	  60688.1055
    127.0390	  94388.6172
    127.0403	  95361.5234
    127.0417	  61917.2734
    127.0430	  30385.5527
    127.0444	   8140.9546
    127.0458	   1509.3481
    127.0471	    611.9817
    127.0485	      0.0000
    127.0499	      0.0000
    127.0512	      0.0000
    127.0526	      0.0000
    127.0539	    622.7462
    127.0553	   4045.2791
    127.0567	   9711.9316
    127.0580	  15584.4980
    127.0594	  18014.7988
    127.0607	  12469.0166
    127.0621	   6292.4131
    127.0635	   1540.0474
    127.0648	    237.8929
    127.0661	      0.0000
    127.0675	      0.0000
    127.0688	      0.0000
    127.0702	      0.0000
    128.0335	      0.0000
    128.0349	      0.0000
    128.0363	      0.0000
    128.0376	      0.0000
    128.0390	    961.9611
    128.0404	   2223.5513
    128.0418	   3519.8367
    128.0431	   3993.7871
    128.0445	   3334.8689
    128.0459	   2032.3837
    128.0473	    862.4178
    128.0486	      0.0000
    128.0500	      0.0000
    128.0514	      0.0000
    128.0528	      0.0000
    129.0454	      0.0000
    129.0468	      0.0000
    129.0482	      0.0000
    129.0495	      0.0000
    129.0509	    618.7719
    129.0523	   1408.2594
    129.0537	   2287.9636
    129.0551	   2746.2922
    129.0565	   2471.3826
    129.0579	   1638.0182
    129.0593	    755.1558
    129.0607	      0.0000
    129.0621	      0.0000
    129.0635	      0.0000
    129.0648	      0.0000
    129.0927	      0.0000
    129.0941	      0.0000
    129.0954	      0.0000
    129.0968	      0.0000
    129.0982	   1087.2115
    129.0996	   3335.5679
    129.1010	   6495.9185
    129.1024	   9619.4111
    129.1038	   8885.7471
    129.1052	   5393.6309
    129.1066	   2174.1272
    129.1080	    929.7573
    129.1093	      0.0000
    129.1107	      0.0000
    129.1121	      0.0000
    129.1135	      0.0000
    132.0920	      0.0000
    132.0935	      0.0000
    132.0949	      0.0000
    132.0963	      0.0000
    132.0978	    827.8929
    132.0992	   2824.8054
    132.1007	   5684.2290
    132.1021	   8587.9209
    132.1035	   7939.1802
    132.1050	   4830.7749
    132.1064	   2019.9131
    132.1079	    642.5759
    132.1093	      0.0000
    132.1107	      0.0000
    132.1122	      0.0000
    132.1136	      0.0000
    133.0418	      0.0000
    133.0432	      0.0000
    133.0447	      0.0000
    133.0461	      0.0000
    133.0476	    612.8181
    133.0490	   1304.7672
    133.0505	   1600.1394
    133.0519	   1291.9265
    133.0534	    665.0261
    133.0548	      0.0000
    133.0563	      0.0000
    133.0577	      0.0000
    133.0592	      0.0000
    138.0046	      0.0000
    138.0061	      0.0000
    138.0077	      0.0000
    138.0092	      0.0000
    138.0107	      0.0000
    138.0123	      0.0000
    138.0138	      0.0000
    138.0154	      0.0000
    138.0169	      0.0000
    138.0184	      0.0000
    138.0200	      0.0000
    138.0215	      0.0000
    138.0231	      0.0000
    138.0384	      0.0000
    138.0400	      0.0000
    138.0415	      0.0000
    138.0431	      0.0000
    138.0446	   1011.1266
    138.0461	   4615.7109
    138.0477	   5910.5420
    138.0492	  14736.4072
    138.0508	  54598.7656
    138.0523	 172700.4063
    138.0538	 305645.6250
    138.0554	 413755.3438
    138.0569	 339037.0625
    138.0584	 202372.7344
    138.0600	  75616.0000
    138.0615	  20863.6523
    138.0631	   6910.0894
    138.0646	   5523.0850
    138.0661	   1640.5525
    138.0677	   1064.7733
    138.0689	      0.0000
    138.0704	      0.0000
    138.0720	      0.0000
    138.0735	      0.0000
    139.0466	      0.0000
    139.0482	      0.0000
    139.0497	      0.0000
    139.0513	      0.0000
    139.0528	    962.3941
    139.0544	   4517.9409
    139.0559	  12133.8975
    139.0575	  20312.2207
    139.0591	  23442.3027
    139.0606	  16394.8184
    139.0622	   8776.0615
    139.0637	   2742.6208
    139.0653	    838.7842
    139.0672	      0.0000
    139.0687	      0.0000
    139.0703	      0.0000
    139.0718	      0.0000
    139.0765	      0.0000
    139.0780	      0.0000
    139.0796	      0.0000
    139.0812	      0.0000
    139.0827	    970.6759
    139.0843	   1966.0015
    139.0858	   2802.1108
    139.0874	   2864.1780
    139.0889	   2031.8966
    139.0905	    898.0068
    139.0921	      0.0000
    139.0937	      0.0000
    139.0953	      0.0000
    139.0968	      0.0000
    144.0524	      0.0000
    144.0540	      0.0000
    144.0557	      0.0000
    144.0573	      0.0000
    144.0590	    826.5111
    144.0606	   3839.1213
    144.0622	  14105.6553
    144.0639	  27556.2070
    144.0655	  41042.2031
    144.0672	  37966.7734
    144.0688	  23471.1328
    144.0704	  10119.4307
    144.0721	   2303.2175
    144.0737	    262.2537
    144.0753	      0.0000
    144.0769	      0.0000
    144.0786	      0.0000
    144.0802	      0.0000
    145.0298	      0.0000
    145.0314	      0.0000
    145.0331	      0.0000
    145.0347	      0.0000
    145.0364	     83.6516
    145.0381	   2482.3655
    145.0397	   1713.4341
    145.0414	   1566.1309
    145.0431	   2031.1417
    145.0447	   7352.5630
    145.0464	  25793.3730
    145.0481	  48552.8008
    145.0497	  69588.6484
    145.0514	  60920.5352
    145.0530	  36904.9648
    145.0547	  14767.5020
    145.0563	   3739.6350
    145.0580	   1260.8002
    145.0596	   1478.8091
    145.0613	    961.2013
    145.0629	      0.0000
    145.0646	      0.0000
    145.0662	      0.0000
    145.0679	      0.0000
    146.0423	      0.0000
    146.0440	      0.0000
    146.0457	      0.0000
    146.0473	      0.0000
    146.0490	   1122.1230
    146.0507	   2564.9575
    146.0524	   5331.2236
    146.0540	   6086.2021
    146.0557	   4042.2212
    146.0574	   1833.3718
    146.0591	    673.9800
    146.0608	      0.0000
    146.0624	      0.0000
    146.0641	      0.0000
    146.0658	      0.0000
    150.0452	      0.0000
    150.0469	      0.0000
    150.0487	      0.0000
    150.0504	      0.0000
    150.0522	   1154.2786
    150.0539	   2115.9314
    150.0556	   2579.0962
    150.0574	   2202.3157
    150.0591	   1277.6224
    150.0609	    416.9881
    150.0626	      0.0000
    150.0644	      0.0000
    150.0661	      0.0000
    150.0678	      0.0000
    151.2236	      0.0000
    151.2254	      0.0000
    151.2271	      0.0000
    151.2289	      0.0000
    151.2307	    817.2084
    151.2324	   1389.6458
    151.2342	   1601.5791
    151.2360	   1316.6042
    151.2377	    753.9919
    151.2395	      0.0000
    151.2413	      0.0000
    151.2430	      0.0000
    151.2448	      0.0000
    159.0639	      0.0000
    159.0658	      0.0000
    159.0677	      0.0000
    159.0696	      0.0000
    159.0715	    514.2484
    159.0734	   1503.2162
    159.0753	   2567.7124
    159.0772	   2967.0681
    159.0791	   2380.6880
    159.0810	   1272.9968
    159.0829	    404.0861
    159.0846	      0.0000
    159.0865	      0.0000
    159.0884	      0.0000
    159.0903	      0.0000
    163.0395	      0.0000
    163.0415	      0.0000
    163.0435	      0.0000
    163.0454	      0.0000
    163.0474	   1046.3285
    163.0494	   1693.3275
    163.0514	   1715.9705
    163.0533	   6063.9995
    163.0553	  23780.0000
    163.0573	  53993.0977
    163.0593	  86707.6953
    163.0612	  93090.1953
    163.0632	  62663.9609
    163.0652	  32304.4766
    163.0672	   9949.6855
    163.0691	   3808.6621
    163.0711	   2961.5256
    163.0731	   2348.5513
    163.0752	   2543.4253
    163.0772	    277.7052
    163.0792	      0.0000
    163.0812	      0.0000
    163.0831	      0.0000
    163.0851	      0.0000
    163.0871	      0.0000
    163.0891	      0.0000
    163.0910	      0.0000
    163.0930	      0.0000
    163.0950	      0.0000
    163.0970	      0.0000
    163.0989	      0.0000
    163.1009	      0.0000
    163.1899	      0.0000
    163.1918	      0.0000
    163.1938	      0.0000
    163.1958	      0.0000
    163.1978	      0.0000
    163.1998	      0.0000
    163.2017	      0.0000
    163.2037	      0.0000
    163.2057	      0.0000
    163.2077	      0.0000
    163.2096	      0.0000
    163.2116	      0.0000
    163.2136	      0.0000
    163.2156	      0.0000
    164.0495	      0.0000
    164.0515	      0.0000
    164.0535	      0.0000
    164.0554	      0.0000
    164.0574	    907.0588
    164.0594	   2140.6899
    164.0614	   4518.7109
    164.0634	   6533.5425
    164.0654	   5659.9902
    164.0674	   2562.5461
    164.0694	   1116.1376
    164.0715	      0.0000
    164.0734	      0.0000
    164.0754	      0.0000
    164.0774	      0.0000
    167.0682	      0.0000
    167.0702	      0.0000
    167.0723	      0.0000
    167.0743	      0.0000
    167.0764	    795.4902
    167.0784	   1798.6345
    167.0805	   2643.9456
    167.0825	   2720.0337
    167.0846	   1982.6995
    167.0866	    962.4670
    167.0887	      0.0000
    167.0907	      0.0000
    167.0928	      0.0000
    167.0948	      0.0000
    167.1071	      0.0000
    167.1092	      0.0000
    167.1112	      0.0000
    167.1133	      0.0000
    167.1153	   1032.9078
    167.1174	   1580.0396
    167.1194	   1679.6106
    167.1215	   1251.7986
    167.1235	    600.8414
    167.1255	      0.0000
    167.1276	      0.0000
    167.1296	      0.0000
    167.1317	      0.0000
    168.0433	      0.0000
    168.0454	      0.0000
    168.0474	      0.0000
    168.0495	      0.0000
    168.0516	    154.7212
    168.0536	   1991.6422
    168.0557	   2473.7466
    168.0578	   7412.1846
    168.0598	  28256.6445
    168.0619	  87844.7422
    168.0640	 152225.8438
    168.0660	 200267.7344
    168.0681	 157904.6250
    168.0702	  92991.0000
    168.0722	  32254.2266
    168.0743	   9086.3262
    168.0764	   3329.4502
    168.0784	   2677.0598
    168.0805	    911.5962
    168.0844	      0.0000
    168.0865	      0.0000
    168.0885	      0.0000
    168.0906	      0.0000
    169.0559	      0.0000
    169.0580	      0.0000
    169.0601	      0.0000
    169.0622	      0.0000
    169.0643	    881.5039
    169.0664	   5259.4766
    169.0685	   9235.8330
    169.0705	  13263.3857
    169.0726	  12110.9658
    169.0747	   7023.8262
    169.0768	   2317.6382
    169.0789	      0.0000
    169.0792	      0.0000
    169.0813	      0.0000
    169.0834	      0.0000
    169.0855	      0.0000
    173.0324	      0.0000
    173.0345	      0.0000
    173.0367	      0.0000
    173.0388	      0.0000
    173.0410	   1037.5256
    173.0432	   1663.5842
    173.0453	   1833.0594
    173.0475	   1415.8796
    173.0496	    714.2206
    173.0518	      0.0000
    173.0539	      0.0000
    173.0561	      0.0000
    173.0583	      0.0000
    173.1144	      0.0000
    173.1166	      0.0000
    173.1187	      0.0000
    173.1209	      0.0000
    173.1231	    716.4323
    173.1252	   1271.3851
    173.1274	   1646.1066
    173.1296	   1596.2042
    173.1317	   1131.3691
    173.1339	      0.0000
    173.1360	      0.0000
    173.1382	      0.0000
    173.1403	      0.0000
    174.0733	      0.0000
    174.0755	      0.0000
    174.0777	      0.0000
    174.0799	      0.0000
    174.0820	    575.2639
    174.0842	   1510.2860
    174.0864	   2429.5771
    174.0886	   2590.9451
    174.0908	   1849.4204
    174.0929	    788.9813
    174.0943	      0.0000
    174.0965	      0.0000
    174.0987	      0.0000
    174.1009	      0.0000
    186.0556	      0.0000
    186.0580	      0.0000
    186.0604	      0.0000
    186.0628	      0.0000
    186.0653	    342.5904
    186.0677	   5680.0317
    186.0701	  29990.1484
    186.0725	  65233.0859
    186.0749	 102556.8828
    186.0773	 101460.2578
    186.0797	  65956.6953
    186.0821	  32863.2578
    186.0845	  14419.2656
    186.0869	  11064.7402
    186.0893	   9718.8613
    186.0917	   5424.5981
    186.0941	   1429.8538
    186.0966	      0.0000
    186.0998	      0.0000
    186.1022	      0.0000
    186.1046	      0.0000
    186.1070	      0.0000
    186.3577	      0.0000
    186.3601	      0.0000
    186.3625	      0.0000
    186.3649	      0.0000
    186.3673	    610.6866
    186.3698	   1237.1542
    186.3722	   1582.0183
    186.3746	   1407.2056
    186.3770	    841.7422
    186.3794	      0.0000
    186.3818	      0.0000
    186.3842	      0.0000
    186.3866	      0.0000
    187.0619	      0.0000
    187.0643	      0.0000
    187.0667	      0.0000
    187.0692	      0.0000
    187.0716	    501.0568
    187.0740	   1375.2346
    187.0765	   2780.3489
    187.0789	   5754.6909
    187.0813	   6490.8652
    187.0837	   3147.4316
    187.0862	   1553.2352
    187.0886	    407.7719
    187.0911	      0.0000
    187.0935	      0.0000
    187.0959	      0.0000
    187.0984	      0.0000
    195.0893	      0.0000
    195.0919	      0.0000
    195.0945	      0.0000
    195.0971	      0.0000
    195.0997	    835.6215
    195.1022	   1475.9382
    195.1048	   5325.6729
    195.1074	  18578.5977
    195.1100	  36685.0703
    195.1126	  55097.1602
    195.1152	  52423.2383
    195.1178	  33088.5273
    195.1203	  15215.9063
    195.1229	   4192.4458
    195.1255	    982.1196
    195.1281	      0.0000
    195.1307	      0.0000
    195.1333	      0.0000
    195.1358	      0.0000
    196.0986	      0.0000
    196.1013	      0.0000
    196.1039	      0.0000
    196.1065	      0.0000
    196.1091	    762.4700
    196.1117	   2103.6946
    196.1143	   5047.6924
    196.1169	   6863.0518
    196.1195	   5389.6274
    196.1221	   2960.9309
    196.1247	   1144.4873
    196.1273	      0.0000
    196.1299	      0.0000
    196.1325	      0.0000
    196.1351	      0.0000
    197.0738	      0.0000
    197.0765	      0.0000
    197.0791	      0.0000
    197.0817	      0.0000
    197.0843	    533.2637
    197.0870	   1589.9608
    197.0896	   2932.9819
    197.0922	   3707.5583
    197.0948	   3313.2004
    197.0975	   2056.2039
    197.1001	    826.4642
    197.1027	      0.0000
    197.1053	      0.0000
    197.1079	      0.0000
    197.1106	      0.0000
    202.0661	      0.0000
    202.0689	      0.0000
    202.0716	      0.0000
    202.0743	      0.0000
    202.0770	   1042.5088
    202.0797	   2414.2998
    202.0825	   3522.2949
    202.0852	   3611.0676
    202.0879	   2667.2361
    202.0906	   1391.2429
    202.0934	    531.2707
    202.0963	      0.0000
    202.0990	      0.0000
    202.1017	      0.0000
    202.1044	      0.0000
    204.0534	      0.0000
    204.0562	      0.0000
    204.0589	      0.0000
    204.0617	      0.0000
    204.0645	     92.9098
    204.0672	   1902.3024
    204.0700	   7188.8887
    204.0728	  10120.9697
    204.0755	  15642.5557
    204.0783	  52499.0195
    204.0811	 177446.6875
    204.0838	 339569.4063
    204.0866	 497551.0625
    204.0894	 453913.9063
    204.0921	 281871.0000
    204.0949	 123366.4844
    204.0976	  34636.0391
    204.1004	  12036.7041
    204.1032	   9835.6348
    204.1059	   4688.6152
    204.1087	   1439.5479
    204.1115	    662.2366
    204.1141	      0.0000
    204.1169	      0.0000
    204.1196	      0.0000
    204.1224	      0.0000
    205.0662	      0.0000
    205.0690	      0.0000
    205.0718	      0.0000
    205.0745	      0.0000
    205.0773	    867.1171
    205.0801	   2772.1829
    205.0829	   9796.3418
    205.0857	  24336.6309
    205.0885	  39958.3828
    205.0913	  46831.4844
    205.0940	  33701.2500
    205.0968	  18622.2500
    205.0996	   5743.6509
    205.1024	   1317.3853
    205.1052	    177.2658
    205.1080	      0.0000
    205.1108	      0.0000
    205.1136	      0.0000
    205.1164	      0.0000
    206.0727	      0.0000
    206.0755	      0.0000
    206.0783	      0.0000
    206.0811	      0.0000
    206.0839	   1176.6097
    206.0867	   2545.0989
    206.0895	   5602.6987
    206.0924	   6961.6558
    206.0952	   5258.7036
    206.0980	   2092.9954
    206.1008	    748.5679
    206.1035	      0.0000
    206.1064	      0.0000
    206.1092	      0.0000
    206.1120	      0.0000
    212.1058	      0.0000
    212.1088	      0.0000
    212.1117	      0.0000
    212.1146	      0.0000
    212.1175	      0.0000
    212.1205	      0.0000
    212.1234	      0.0000
    212.1263	      0.0000
    212.1290	   4538.1719
    212.1319	  17745.8809
    212.1348	  42398.9922
    212.1378	  68908.2031
    212.1407	  76651.7344
    212.1436	  52645.1328
    212.1466	  27649.8438
    212.1495	   8199.3994
    212.1524	   2173.4038
    212.1554	    787.2821
    212.1586	      0.0000
    212.1615	      0.0000
    212.1644	      0.0000
    212.1674	      0.0000
    213.0584	      0.0000
    213.0613	      0.0000
    213.0643	      0.0000
    213.0672	      0.0000
    213.0702	    738.2753
    213.0731	   1313.1595
    213.0761	   1557.3219
    213.0790	   1303.7798
    213.0820	    720.5913
    213.0849	      0.0000
    213.0879	      0.0000
    213.0908	      0.0000
    213.0938	      0.0000
    213.1203	      0.0000
    213.1233	      0.0000
    213.1262	      0.0000
    213.1292	      0.0000
    213.1321	    858.4319
    213.1351	   2809.4143
    213.1380	   6136.2256
    213.1410	   9695.0859
    213.1439	  10395.5166
    213.1469	   7094.3940
    213.1499	   3696.2915
    213.1528	    960.0789
    213.1557	      0.0000
    213.1587	      0.0000
    213.1617	      0.0000
    213.1646	      0.0000
    214.1005	      0.0000
    214.1035	      0.0000
    214.1065	      0.0000
    214.1095	      0.0000
    214.1124	    861.8881
    214.1154	   1742.7081
    214.1184	   2327.0239
    214.1213	   2204.3513
    214.1243	   1458.2192
    214.1273	    616.3512
    214.1303	      0.0000
    214.1333	      0.0000
    214.1362	      0.0000
    214.1392	      0.0000
    225.0558	      0.0000
    225.0590	      0.0000
    225.0622	      0.0000
    225.0654	      0.0000
    225.0686	    869.1470
    225.0718	   1499.3029
    225.0751	   1832.8014
    225.0783	   1627.4436
    225.0815	   1018.2757
    225.0847	      0.0000
    225.0879	      0.0000
    225.0912	      0.0000
    225.0944	      0.0000
    230.0965	      0.0000
    230.0999	      0.0000
    230.1032	      0.0000
    230.1065	      0.0000
    230.1098	    668.4139
    230.1131	   1404.6862
    230.1164	   1755.3624
    230.1197	   1491.5095
    230.1230	    859.0794
    230.1263	      0.0000
    230.1297	      0.0000
    230.1330	      0.0000
    230.1363	      0.0000
    231.1463	      0.0000
    231.1496	      0.0000
    231.1530	      0.0000
    231.1563	      0.0000
    231.1596	    749.7993
    231.1630	   1407.2793
    231.1663	   4049.6272
    231.1696	   6809.1045
    231.1730	   7367.3960
    231.1763	   4903.2358
    231.1796	   1956.5673
    231.1830	    696.9069
    231.1863	      0.0000
    231.1896	      0.0000
    231.1929	      0.0000
    231.1963	      0.0000
    241.0433	      0.0000
    241.0469	      0.0000
    241.0504	      0.0000
    241.0540	      0.0000
    241.0575	    585.2913
    241.0611	   1771.8458
    241.0646	   4846.5059
    241.0682	   8182.1704
    241.0717	   9436.4180
    241.0753	   6579.2393
    241.0788	   3374.4924
    241.0824	    966.2016
    241.0859	      0.0000
    241.0895	      0.0000
    241.0930	      0.0000
    241.0966	      0.0000
    242.1225	      0.0000
    242.1261	      0.0000
    242.1297	      0.0000
    242.1332	      0.0000
    242.1368	    650.2393
    242.1404	   2620.4836
    242.1440	   5714.4844
    242.1475	   9107.9658
    242.1511	  10214.1533
    242.1547	   6990.0332
    242.1583	   3490.4666
    242.1618	    488.3479
    242.1655	      0.0000
    242.1691	      0.0000
    242.1727	      0.0000
    242.1762	      0.0000
    246.0873	      0.0000
    246.0910	      0.0000
    246.0947	      0.0000
    246.0983	      0.0000
    246.1020	    894.8398
    246.1057	   1608.6779
    246.1093	   1865.7504
    246.1130	   1403.8979
    246.1166	    577.4016
    246.1203	      0.0000
    246.1239	      0.0000
    246.1276	      0.0000
    246.1313	      0.0000
    254.1300	      0.0000
    254.1339	      0.0000
    254.1377	      0.0000
    254.1416	      0.0000
    254.1454	    966.9954
    254.1493	   1634.8107
    254.1531	   1856.9883
    254.1569	   1478.5626
    254.1608	    789.7741
    254.1646	      0.0000
    254.1685	      0.0000
    254.1723	      0.0000
    254.1762	      0.0000
    257.1424	      0.0000
    257.1463	      0.0000
    257.1502	      0.0000
    257.1541	      0.0000
    257.1580	    501.1062
    257.1619	   1397.5847
    257.1658	   3650.0278
    257.1697	   6106.7910
    257.1736	   7131.5049
    257.1776	   5139.2012
    257.1815	   2127.4402
    257.1854	    872.2222
    257.1894	      0.0000
    257.1933	      0.0000
    257.1972	      0.0000
    257.2011	      0.0000
    266.1616	      0.0000
    266.1657	      0.0000
    266.1698	      0.0000
    266.1739	      0.0000
    266.1780	   1010.0829
    266.1822	   1958.0413
    266.1863	   2520.0625
    266.1904	   2261.5884
    266.1945	   1389.4268
    266.1986	    497.9467
    266.2028	      0.0000
    266.2069	      0.0000
    266.2110	      0.0000
    266.2151	      0.0000
    269.0976	      0.0000
    269.1018	      0.0000
    269.1060	      0.0000
    269.1102	      0.0000
    269.1144	    671.3439
    269.1186	   1528.8329
    269.1228	   2026.7484
    269.1270	   1823.8821
    269.1311	   1131.9460
    269.1353	      0.0000
    269.1395	      0.0000
    269.1437	      0.0000
    269.1479	      0.0000
    269.1521	    862.8726
    269.1563	   1623.5861
    269.1605	   2268.6899
    269.1647	   2287.1025
    269.1688	   1597.2306
    269.1730	    701.9197
    269.1773	      0.0000
    269.1815	      0.0000
    269.1857	      0.0000
    269.1899	      0.0000
    288.6286	      0.0000
    288.6333	      0.0000
    288.6379	      0.0000
    288.6426	      0.0000
    288.6472	    603.7822
    288.6519	   1544.3286
    288.6565	   2749.3064
    288.6612	   3419.4993
    288.6658	   3023.9839
    288.6705	   1845.1461
    288.6751	    698.6264
    288.6799	      0.0000
    288.6846	      0.0000
    288.6892	      0.0000
    288.6939	      0.0000
    295.0695	      0.0000
    295.0743	      0.0000
    295.0791	      0.0000
    295.0839	      0.0000
    295.0887	    684.1193
    295.0935	   1657.8439
    295.0984	   2702.4958
    295.1032	   3094.4387
    295.1080	   2544.2495
    295.1128	   1440.6395
    295.1176	    473.3725
    295.1224	      0.0000
    295.1272	      0.0000
    295.1320	      0.0000
    295.1368	      0.0000
    299.1400	      0.0000
    299.1449	      0.0000
    299.1498	      0.0000
    299.1547	      0.0000
    299.1597	    859.7346
    299.1646	   2171.6399
    299.1695	   3577.7334
    299.1744	   5867.7402
    299.1793	   3216.9414
    299.1842	   1710.2081
    299.1891	    545.5347
    299.1940	      0.0000
    299.1989	      0.0000
    299.2038	      0.0000
    299.2087	      0.0000
    300.0944	      0.0000
    300.0993	      0.0000
    300.1042	      0.0000
    300.1092	      0.0000
    300.1141	    427.5849
    300.1190	   1442.9934
    300.1240	   2849.9309
    300.1289	   3863.0757
    300.1338	   3724.2522
    300.1387	   2519.5364
    300.1437	   1135.9705
    300.1486	      0.0000
    300.1535	      0.0000
    300.1584	      0.0000
    300.1634	      0.0000
    311.1399	      0.0000
    311.1451	      0.0000
    311.1504	      0.0000
    311.1556	      0.0000
    311.1608	    982.8425
    311.1660	   1904.6686
    311.1712	   2506.4390
    311.1764	   2374.2161
    311.1816	   1583.1824
    311.1868	    714.0229
    311.1920	      0.0000
    311.1972	    973.6524
    311.2024	   1839.2063
    311.2076	   2295.2910
    311.2128	   1983.3036
    311.2180	   1181.9020
    311.2232	      0.0000
    311.2285	      0.0000
    311.2337	      0.0000
    311.2389	      0.0000
    315.1397	      0.0000
    315.1450	      0.0000
    315.1503	      0.0000
    315.1556	      0.0000
    315.1609	   1151.9613
    315.1662	   1663.1407
    315.1716	   1717.6979
    315.1769	   1307.5205
    315.1822	    694.4934
    315.1876	      0.0000
    315.1929	      0.0000
    315.1982	      0.0000
    315.2035	      0.0000
    319.1740	      0.0000
    319.1794	      0.0000
    319.1848	      0.0000
    319.1902	      0.0000
    319.1956	   1084.7764
    319.2010	   3142.3650
    319.2064	   5442.2168
    319.2119	   6612.1997
    319.2173	   4675.0303
    319.2227	   1948.6613
    319.2281	    675.6396
    319.2335	      0.0000
    319.2389	      0.0000
    319.2443	      0.0000
    319.2497	      0.0000
    323.1373	      0.0000
    323.1428	      0.0000
    323.1483	      0.0000
    323.1538	      0.0000
    323.1593	    568.1124
    323.1648	   1502.1835
    323.1703	   2156.4861
    323.1758	   1965.6033
    323.1813	   1130.0369
    323.1868	      0.0000
    323.1924	      0.0000
    323.1979	      0.0000
    323.2034	      0.0000
    325.0799	      0.0000
    325.0855	      0.0000
    325.0910	      0.0000
    325.0966	      0.0000
    325.1021	   1263.0179
    325.1077	   2375.9631
    325.1133	   2992.8655
    325.1188	   2610.0076
    325.1244	   1516.2377
    325.1300	    533.5977
    325.1356	      0.0000
    325.1412	      0.0000
    325.1468	      0.0000
    325.1523	      0.0000
    342.1048	      0.0000
    342.1108	      0.0000
    342.1169	      0.0000
    342.1229	      0.0000
    342.1289	    772.8346
    342.1349	   1487.2197
    342.1409	   1748.8896
    342.1469	   1354.9454
    342.1529	    643.7706
    342.1589	      0.0000
    342.1649	      0.0000
    342.1709	      0.0000
    342.1769	      0.0000
    353.1886	      0.0000
    353.1949	      0.0000
    353.2012	      0.0000
    353.2075	      0.0000
    353.2138	    619.0641
    353.2201	   1863.4075
    353.2264	   4486.2261
    353.2327	   7360.0020
    353.2390	   8253.4023
    353.2453	   5611.3794
    353.2516	   2779.9739
    353.2579	   1034.7429
    353.2642	      0.0000
    353.2705	      0.0000
    353.2768	      0.0000
    353.2831	      0.0000
    356.1473	      0.0000
    356.1537	      0.0000
    356.1601	      0.0000
    356.1664	      0.0000
    356.1728	    803.1664
    356.1792	   1681.8434
    356.1856	   2489.2957
    356.1919	   2754.3030
    356.1983	   2289.5415
    356.2047	   1365.1267
    356.2111	    530.5733
    356.2174	      0.0000
    356.2238	      0.0000
    356.2302	      0.0000
    356.2366	      0.0000
    359.1885	      0.0000
    359.1950	      0.0000
    359.2014	      0.0000
    359.2079	      0.0000
    359.2144	    660.6851
    359.2208	   1341.9548
    359.2273	   1889.8313
    359.2337	   1952.1671
    359.2402	   1466.3066
    359.2467	    754.2148
    359.2535	      0.0000
    359.2599	      0.0000
    359.2664	      0.0000
    359.2728	      0.0000
    366.0727	      0.0000
    366.0794	      0.0000
    366.0860	      0.0000
    366.0926	      0.0000
    366.0993	    891.0992
    366.1059	   1426.7157
    366.1126	   1960.8539
    366.1192	   5998.7505
    366.1259	  19971.7969
    366.1325	  37533.9805
    366.1392	  53493.5586
    366.1458	  46594.0625
    366.1524	  28307.3281
    366.1591	  11397.8447
    366.1657	   3044.2974
    366.1724	   1059.0946
    366.1788	      0.0000
    366.1855	      0.0000
    366.1921	      0.0000
    366.1988	      0.0000
    367.0911	      0.0000
    367.0978	      0.0000
    367.1044	      0.0000
    367.1111	      0.0000
    367.1178	    532.3663
    367.1245	   1358.6342
    367.1311	   4147.4658
    367.1378	   7212.9688
    367.1445	   8952.6807
    367.1512	   6500.2705
    367.1578	   3453.0679
    367.1645	    774.9693
    367.1712	      0.0000
    367.1778	      0.0000
    367.1845	      0.0000
    367.1912	      0.0000
    369.1747	      0.0000
    369.1815	      0.0000
    369.1882	      0.0000
    369.1949	      0.0000
    369.2016	    746.0146
    369.2084	   2005.9482
    369.2151	   3391.6543
    369.2218	   3967.8335
    369.2286	   3304.3672
    369.2353	   1918.2520
    369.2420	    773.8027
    369.2487	      0.0000
    369.2555	      0.0000
    369.2622	      0.0000
    369.2689	      0.0000
    369.6799	      0.0000
    369.6866	      0.0000
    369.6933	      0.0000
    369.7001	      0.0000
    369.7068	   1097.3374
    369.7136	   2281.9167
    369.7203	   2958.8584
    369.7271	   2596.7852
    369.7338	   1531.7340
    369.7405	    542.3687
    369.7473	      0.0000
    369.7540	      0.0000
    369.7608	      0.0000
    369.7675	      0.0000
    370.2063	      0.0000
    370.2131	      0.0000
    370.2198	      0.0000
    370.2266	      0.0000
    370.2333	    623.5100
    370.2401	   1746.1868
    370.2468	   4406.8672
    370.2536	   6520.6235
    370.2604	   6017.0596
    370.2671	   3647.1816
    370.2739	   1589.5981
    370.2806	    642.7084
    370.2874	      0.0000
    370.2941	      0.0000
    370.3009	      0.0000
    370.3077	      0.0000
    387.1150	      0.0000
    387.1222	      0.0000
    387.1294	      0.0000
    387.1366	      0.0000
    387.1439	   1196.0907
    387.1511	   2277.6755
    387.1583	   3250.2668
    387.1655	   3495.6387
    387.1728	   2790.0635
    387.1800	   1576.2728
    387.1872	    568.5276
    387.1944	      0.0000
    387.2017	      0.0000
    387.2089	      0.0000
    387.2161	      0.0000
    389.1167	      0.0000
    389.1240	      0.0000
    389.1312	      0.0000
    389.1385	      0.0000
    389.1458	    807.0474
    389.1531	   2079.2729
    389.1604	   3394.0571
    389.1676	   3810.8157
    389.1749	   2975.1912
    389.1822	   1518.1198
    389.1895	    409.5203
    389.1970	      0.0000
    389.2042	      0.0000
    389.2115	      0.0000
    389.2188	      0.0000
    397.1759	      0.0000
    397.1834	      0.0000
    397.1909	      0.0000
    397.1984	      0.0000
    397.2059	    654.2956
    397.2134	   1454.4180
    397.2210	   1959.8286
    397.2285	   1751.5074
    397.2360	    992.2029
    397.2435	      0.0000
    397.2510	      0.0000
    397.2585	      0.0000
    397.2660	      0.0000
    398.1161	      0.0000
    398.1236	      0.0000
    398.1311	      0.0000
    398.1387	      0.0000
    398.1462	   1222.4663
    398.1538	   1741.9135
    398.1613	   1810.0485
    398.1688	   1364.1594
    398.1764	    708.9745
    398.1839	      0.0000
    398.1914	      0.0000
    398.1990	      0.0000
    398.2065	      0.0000
    399.1957	      0.0000
    399.2033	      0.0000
    399.2109	      0.0000
    399.2184	      0.0000
    399.2260	   1032.5624
    399.2336	   1778.4359
    399.2411	   2084.8137
    399.2487	   1736.9252
    399.2563	    999.8972
    399.2638	      0.0000
    399.2714	      0.0000
    399.2790	      0.0000
    399.2865	      0.0000
    407.1115	      0.0000
    407.1193	      0.0000
    407.1271	      0.0000
    407.1349	      0.0000
    407.1427	    435.0227
    407.1504	   1378.9243
    407.1582	   2534.5154
    407.1660	   3212.6292
    407.1738	   2955.5042
    407.1816	   1969.5122
    407.1894	    918.6909
    407.1972	      0.0000
    407.2050	      0.0000
    407.2128	      0.0000
    407.2206	      0.0000
    419.2670	      0.0000
    419.2751	      0.0000
    419.2833	      0.0000
    419.2914	      0.0000
    419.2996	   1176.6628
    419.3077	   2093.2866
    419.3159	   2540.7075
    419.3240	   2217.3638
    419.3321	   1365.6837
    419.3403	    552.4213
    419.3486	      0.0000
    419.3568	      0.0000
    419.3649	      0.0000
    419.3731	      0.0000
    427.1115	      0.0000
    427.1199	      0.0000
    427.1283	      0.0000
    427.1366	      0.0000
    427.1450	   1292.0256
    427.1534	   1961.0746
    427.1618	   2097.1511
    427.1701	   1666.5056
    427.1785	   1015.5990
    427.1869	      0.0000
    427.1953	      0.0000
    427.2036	    841.4017
    427.2120	   1746.5116
    427.2204	   2853.1692
    427.2288	   3515.8704
    427.2371	   3202.9404
    427.2455	   2061.4504
    427.2539	    846.6069
    427.2623	      0.0000
    427.2707	      0.0000
    427.2790	      0.0000
    427.2874	      0.0000
    431.6094	      0.0000
    431.6179	      0.0000
    431.6264	      0.0000
    431.6349	      0.0000
    431.6434	   1112.1797
    431.6519	   3820.1685
    431.6604	   7059.3730
    431.6689	   9705.3984
    431.6774	   7828.3149
    431.6860	   4415.3828
    431.6945	   1129.8387
    431.7030	      0.0000
    431.7115	      0.0000
    431.7200	      0.0000
    431.7285	      0.0000
    432.1202	      0.0000
    432.1287	      0.0000
    432.1372	      0.0000
    432.1457	      0.0000
    432.1542	   1244.3241
    432.1628	   2315.7458
    432.1713	   2924.5696
    432.1798	   2632.1250
    432.1883	   1663.4119
    432.1969	    697.9568
    432.2054	      0.0000
    432.2139	      0.0000
    432.2224	      0.0000
    432.2310	      0.0000
    434.7049	      0.0000
    434.7135	      0.0000
    434.7221	      0.0000
    434.7307	      0.0000
    434.7393	   1010.5512
    434.7479	   2894.9260
    434.7565	   5521.1333
    434.7651	   7773.7090
    434.7737	   6472.2944
    434.7823	   3713.2795
    434.7908	   1395.7156
    434.7994	    530.7625
    434.8080	      0.0000
    434.8166	      0.0000
    434.8252	      0.0000
    434.8339	      0.0000
    435.2039	      0.0000
    435.2125	      0.0000
    435.2211	      0.0000
    435.2298	      0.0000
    435.2384	    519.9261
    435.2470	   1502.3300
    435.2556	   4181.9214
    435.2642	   6780.6113
    435.2728	   7557.1987
    435.2814	   5163.2627
    435.2901	   2604.0452
    435.2987	    942.7288
    435.3073	      0.0000
    435.3159	      0.0000
    435.3245	      0.0000
    435.3331	      0.0000
    443.1743	      0.0000
    443.1832	      0.0000
    443.1920	      0.0000
    443.2009	      0.0000
    443.2097	    830.4949
    443.2186	   1583.0767
    443.2274	   2029.9796
    443.2363	   1871.1582
    443.2451	   1232.9686
    443.2544	      0.0000
    443.2633	      0.0000
    443.2721	      0.0000
    443.2810	      0.0000
    509.2012	      0.0000
    509.2121	      0.0000
    509.2230	      0.0000
    509.2339	      0.0000
    509.2448	    524.1847
    509.2557	   1477.0997
    509.2666	   2448.2830
    509.2775	   2786.4736
    509.2884	   2259.5330
    509.2993	   1263.7990
    509.3102	      0.0000
    509.3211	      0.0000
    509.3320	      0.0000
    509.3429	      0.0000
    512.1787	      0.0000
    512.1897	      0.0000
    512.2007	      0.0000
    512.2117	      0.0000
    512.2227	    774.4642
    512.2337	   1609.4386
    512.2447	   2125.2004
    512.2557	   1888.6857
    512.2667	   1067.1119
    512.2777	      0.0000
    512.2887	      0.0000
    512.2997	      0.0000
    512.3107	      0.0000
    522.1627	      0.0000
    522.1740	      0.0000
    522.1853	      0.0000
    522.1966	      0.0000
    522.2080	   1104.2050
    522.2193	   1982.9569
    522.2306	   2458.1116
    522.2419	   2130.6621
    522.2532	   1221.7317
    522.2668	      0.0000
    522.2781	      0.0000
    522.2894	      0.0000
    522.3007	      0.0000
    523.1282	      0.0000
    523.1396	      0.0000
    523.1509	      0.0000
    523.1623	      0.0000
    523.1736	    400.9786
    523.1850	   2048.9468
    523.1964	   6213.8784
    523.2077	  10795.6104
    523.2191	  13470.4482
    523.2304	   9827.6523
    523.2418	   5340.1978
    523.2531	   1254.5992
    523.2623	      0.0000
    523.2736	      0.0000
    523.2850	      0.0000
    523.2963	      0.0000
    524.1490	      0.0000
    524.1603	      0.0000
    524.1717	      0.0000
    524.1831	      0.0000
    524.1945	    892.9053
    524.2059	   1799.7551
    524.2173	   2570.0000
    524.2286	   2730.1553
    524.2400	   2162.1895
    524.2514	   1230.5013
    524.2640	      0.0000
    524.2754	      0.0000
    524.2868	      0.0000
    524.2981	      0.0000
    526.2050	      0.0000
    526.2165	      0.0000
    526.2279	      0.0000
    526.2394	      0.0000
    526.2508	    148.5934
    526.2623	   1472.2024
    526.2737	   5187.5210
    526.2852	   9465.6836
    526.2966	  13345.6543
    526.3081	  11482.8887
    526.3195	   6826.4014
    526.3310	   2569.6436
    526.3424	    270.8808
    526.3527	      0.0000
    526.3642	      0.0000
    526.3756	      0.0000
    526.3871	      0.0000
    527.2243	      0.0000
    527.2358	      0.0000
    527.2473	      0.0000
    527.2588	      0.0000
    527.2702	    705.8589
    527.2817	   1829.5038
    527.2932	   3075.2732
    527.3047	   3606.7502
    527.3162	   3052.1104
    527.3277	   1839.3044
    527.3392	    740.2258
    527.3561	      0.0000
    527.3676	      0.0000
    527.3791	      0.0000
    527.3906	      0.0000
    528.1151	      0.0000
    528.1266	      0.0000
    528.1381	      0.0000
    528.1496	      0.0000
    528.1611	   1289.2249
    528.1726	   4808.7710
    528.1841	   8266.9424
    528.1957	  11263.2539
    528.2072	   9543.2041
    528.2187	   5581.3301
    528.2302	   1928.8755
    528.2417	      0.0000
    528.2478	      0.0000
    528.2593	      0.0000
    528.2708	      0.0000
    528.2823	      0.0000
    529.1241	      0.0000
    529.1356	      0.0000
    529.1472	      0.0000
    529.1587	      0.0000
    529.1703	    681.9417
    529.1818	   1596.4604
    529.1934	   2232.6565
    529.2049	   2103.6716
    529.2165	   1317.7148
    529.2280	      0.0000
    529.2395	      0.0000
    529.2511	   1281.3105
    529.2626	   2008.9797
    529.2742	   2126.7139
    529.2857	   1557.0558
    529.2973	    727.5977
    529.3089	      0.0000
    529.3204	      0.0000
    529.3320	      0.0000
    529.3435	      0.0000
    540.1574	      0.0000
    540.1693	      0.0000
    540.1812	      0.0000
    540.1932	      0.0000
    540.2051	    731.7087
    540.2170	   3692.6501
    540.2289	   7086.6899
    540.2408	   9926.5313
    540.2527	   7971.0938
    540.2646	   4597.3311
    540.2765	   1179.0024
    540.2884	      0.0000
    540.3004	   1315.3510
    540.3123	   2721.2319
    540.3242	   2710.7629
    540.3361	   1888.5151
    540.3480	    944.7804
    540.3599	      0.0000
    540.3718	      0.0000
    540.3838	      0.0000
    540.3957	      0.0000
    540.7414	      0.0000
    540.7533	      0.0000
    540.7652	      0.0000
    540.7772	      0.0000
    540.7891	    753.6881
    540.8010	   1631.0049
    540.8130	   2329.9355
    540.8249	   2361.5110
    540.8368	   1672.2939
    540.8487	    746.4186
    540.8607	      0.0000
    540.8726	      0.0000
    540.8845	      0.0000
    540.8965	      0.0000
    541.1710	      0.0000
    541.1830	      0.0000
    541.1949	      0.0000
    541.2068	      0.0000
    541.2188	    789.1786
    541.2307	   1423.9381
    541.2427	   1705.6410
    541.2546	   1424.0151
    541.2666	    795.8102
    541.2785	      0.0000
    541.2905	      0.0000
    541.3024	      0.0000
    541.3144	      0.0000
    557.1726	      0.0000
    557.1850	      0.0000
    557.1975	      0.0000
    557.2100	      0.0000
    557.2225	    708.0840
    557.2349	   1933.5077
    557.2474	   4642.9336
    557.2599	   7144.0142
    557.2724	   6689.9922
    557.2848	   4063.4568
    557.2973	   1538.8878
    557.3098	    513.3502
    557.3223	      0.0000
    557.3348	      0.0000
    557.3473	      0.0000
    557.3598	      0.0000
    590.1683	      0.0000
    590.1819	      0.0000
    590.1955	      0.0000
    590.2091	      0.0000
    590.2227	   1209.7772
    590.2363	   1882.2549
    590.2499	   2060.2166
    590.2635	   1614.0028
    590.2771	    853.6890
    590.2907	      0.0000
    590.3043	      0.0000
    590.3179	      0.0000
    590.3315	      0.0000
    594.1457	      0.0000
    594.1594	      0.0000
    594.1732	      0.0000
    594.1869	      0.0000
    594.2006	    579.7642
    594.2144	   2246.5811
    594.2281	   5074.5469
    594.2419	   8137.7300
    594.2556	   8607.8994
    594.2693	   5658.7085
    594.2831	   2630.8264
    594.2968	    333.8271
    594.3106	      0.0000
    594.3243	      0.0000
    594.3381	      0.0000
    594.3518	      0.0000
    602.7270	      0.0000
    602.7411	      0.0000
    602.7551	      0.0000
    602.7691	      0.0000
    602.7832	   1250.4425
    602.7972	   4091.8079
    602.8113	   6856.3604
    602.8253	   8239.6709
    602.8393	   5893.3345
    602.8534	   3062.8811
    602.8674	    490.5824
    602.8815	      0.0000
    602.8955	      0.0000
    602.9095	      0.0000
    602.9236	      0.0000
    603.2326	      0.0000
    603.2467	      0.0000
    603.2607	      0.0000
    603.2748	      0.0000
    603.2889	    882.5364
    603.3029	   1910.4657
    603.3170	   2746.2068
    603.3310	   2842.4546
    603.3451	   2127.5137
    603.3591	   1091.0498
    603.3721	      0.0000
    603.3861	      0.0000
    603.4002	      0.0000
    603.4143	      0.0000
    611.1648	      0.0000
    611.1791	      0.0000
    611.1934	      0.0000
    611.2078	      0.0000
    611.2221	    227.7227
    611.2364	   2466.1731
    611.2508	   7532.8169
    611.2651	  12973.0020
    611.2794	  16111.9941
    611.2938	  12087.3691
    611.3081	   6900.2964
    611.3224	   2182.2688
    611.3368	    585.6580
    611.3523	      0.0000
    611.3666	      0.0000
    611.3809	      0.0000
    611.3953	      0.0000
    612.1991	      0.0000
    612.2135	      0.0000
    612.2278	      0.0000
    612.2422	      0.0000
    612.2566	   1354.4403
    612.2709	   2318.1660
    612.2853	   2698.6575
    612.2997	   2226.3704
    612.3140	   1263.1488
    612.3284	      0.0000
    612.3428	      0.0000
    612.3572	      0.0000
    612.3715	      0.0000
    615.7345	      0.0000
    615.7489	      0.0000
    615.7634	      0.0000
    615.7779	      0.0000
    615.7924	   1348.7941
    615.8069	   2683.5637
    615.8214	   5451.0879
    615.8359	   6452.5298
    615.8504	   3337.2471
    615.8649	   1936.4979
    615.8794	    743.3500
    615.8939	      0.0000
    615.9084	      0.0000
    615.9229	      0.0000
    615.9374	      0.0000
    616.2420	      0.0000
    616.2565	      0.0000
    616.2710	      0.0000
    616.2855	      0.0000
    616.3000	    781.2103
    616.3146	   1416.9167
    616.3291	   1881.5959
    616.3436	   1888.0366
    616.3581	   1430.2737
    616.3726	    786.2957
    616.3871	      0.0000
    616.4017	      0.0000
    616.4162	      0.0000
    616.4307	      0.0000
    623.7686	      0.0000
    623.7834	      0.0000
    623.7982	      0.0000
    623.8130	      0.0000
    623.8277	    796.5035
    623.8425	   1645.2827
    623.8573	   2068.0210
    623.8721	   1758.5109
    623.8869	    981.1965
    623.9017	      0.0000
    623.9165	      0.0000
    623.9312	      0.0000
    623.9460	      0.0000
    624.2270	      0.0000
    624.2418	      0.0000
    624.2566	      0.0000
    624.2714	      0.0000
    624.2862	    761.6393
    624.3010	   2335.0098
    624.3158	   7878.5913
    624.3306	  14517.7266
    624.3454	  20372.5195
    624.3602	  17385.7910
    624.3750	  10405.0049
    624.3898	   3896.4287
    624.4046	    938.3101
    624.4253	      0.0000
    624.4401	      0.0000
    624.4549	      0.0000
    624.4697	      0.0000
    624.7363	      0.0000
    624.7511	      0.0000
    624.7659	      0.0000
    624.7807	      0.0000
    624.7955	    794.8430
    624.8103	   2173.1777
    624.8251	   5862.9365
    624.8400	   9994.8223
    624.8548	  12385.2412
    624.8696	   9147.4941
    624.8844	   5087.5186
    624.8992	   1170.2107
    624.9080	      0.0000
    624.9228	      0.0000
    624.9377	      0.0000
    624.9525	      0.0000
    628.1956	      0.0000
    628.2106	      0.0000
    628.2255	      0.0000
    628.2404	      0.0000
    628.2554	    791.7570
    628.2703	   3278.6494
    628.2852	   6790.7505
    628.3002	  10302.7266
    628.3151	   9613.8135
    628.3301	   5875.9644
    628.3450	   2480.5569
    628.3599	    732.9088
    628.3767	      0.0000
    628.3916	      0.0000
    628.4066	      0.0000
    628.4215	      0.0000
    632.7321	      0.0000
    632.7472	      0.0000
    632.7623	      0.0000
    632.7774	      0.0000
    632.7925	    767.5500
    632.8076	   3001.1758
    632.8227	  10295.7148
    632.8378	  21861.8711
    632.8529	  34357.7891
    632.8680	  36023.6602
    632.8831	  23909.1094
    632.8982	  11987.6758
    632.9133	   2999.5459
    632.9284	    304.7225
    632.9444	      0.0000
    632.9595	      0.0000
    632.9747	      0.0000
    632.9898	      0.0000
    633.2315	      0.0000
    633.2466	      0.0000
    633.2618	      0.0000
    633.2769	      0.0000
    633.2920	    390.5791
    633.3071	   1579.2299
    633.3222	   5394.7104
    633.3373	  12803.4287
    633.3525	  20893.2559
    633.3676	  24019.9453
    633.3827	  16927.9199
    633.3978	   9051.4072
    633.4129	   2256.4817
    633.4281	      0.0000
    633.4404	      0.0000
    633.4556	      0.0000
    633.4707	      0.0000
    633.4858	      0.0000
    633.7581	      0.0000
    633.7733	      0.0000
    633.7884	      0.0000
    633.8035	      0.0000
    633.8187	    821.3511
    633.8338	   2007.4807
    633.8489	   4015.7693
    633.8641	   6015.3745
    633.8792	   3377.1558
    633.8943	   1887.6111
    633.9095	    573.6763
    633.9269	      0.0000
    633.9421	      0.0000
    633.9572	      0.0000
    633.9723	      0.0000
    637.2555	      0.0000
    637.2708	      0.0000
    637.2860	      0.0000
    637.3013	      0.0000
    637.3165	     95.2064
    637.3318	   1517.4558
    637.3471	   2879.5808
    637.3623	   8109.3247
    637.3776	  25770.8301
    637.3929	  53291.2422
    637.4081	  82813.4844
    637.4234	  84551.2734
    637.4387	  54907.2969
    637.4539	  26566.0000
    637.4692	   6269.6797
    637.4845	    717.9803
    637.5115	      0.0000
    637.5267	      0.0000
    637.5420	      0.0000
    637.5573	      0.0000
    638.2908	      0.0000
    638.3061	      0.0000
    638.3214	      0.0000
    638.3367	      0.0000
    638.3520	    229.9305
    638.3673	   4188.4170
    638.3826	   7016.1694
    638.3979	  13837.8574
    638.4132	  22228.5664
    638.4285	  28700.7168
    638.4438	  23150.3496
    638.4591	  13210.9746
    638.4744	   3441.8262
    638.4897	      0.0000
    638.4910	      0.0000
    638.5063	      0.0000
    638.5216	      0.0000
    638.5369	      0.0000
    639.2875	      0.0000
    639.3028	      0.0000
    639.3182	      0.0000
    639.3335	      0.0000
    639.3488	    987.8886
    639.3642	   1565.1841
    639.3795	   1938.7798
    639.3948	   2156.2478
    639.4102	   2232.9026
    639.4255	   2015.1809
    639.4408	   1430.5253
    639.4562	    731.0916
    639.4715	      0.0000
    639.4869	      0.0000
    639.5022	      0.0000
    639.5176	      0.0000
    657.2748	      0.0000
    657.2908	      0.0000
    657.3068	      0.0000
    657.3228	      0.0000
    657.3388	    581.7829
    657.3547	   1617.4333
    657.3707	   3792.7695
    657.3867	   6377.4951
    657.4027	   6282.6729
    657.4187	   3748.5198
    657.4347	   1546.0352
    657.4507	    546.7498
    657.4667	      0.0000
    657.4827	      0.0000
    657.4987	      0.0000
    657.5146	      0.0000
    658.2990	      0.0000
    658.3150	      0.0000
    658.3310	      0.0000
    658.3470	      0.0000
    658.3631	   1308.6909
    658.3791	   2729.9990
    658.3951	   3727.4792
    658.4111	   3591.0020
    658.4272	   2444.5708
    658.4432	   1159.1957
    658.4621	      0.0000
    658.4781	      0.0000
    658.4941	      0.0000
    658.5101	      0.0000
    674.2545	      0.0000
    674.2711	      0.0000
    674.2877	      0.0000
    674.3043	      0.0000
    674.3209	   1143.9174
    674.3376	   3757.1631
    674.3542	   8418.1143
    674.3708	  13415.0811
    674.3874	  13789.7480
    674.4040	   8624.3379
    674.4206	   3740.6208
    674.4372	    331.0155
    674.4510	      0.0000
    674.4676	      0.0000
    674.4843	      0.0000
    674.5009	      0.0000
    674.7668	      0.0000
    674.7834	      0.0000
    674.8001	      0.0000
    674.8167	      0.0000
    674.8333	   1235.1927
    674.8499	   2730.0344
    674.8666	   5820.7983
    674.8832	   5826.6738
    674.8998	   3559.1257
    674.9165	   1295.5365
    674.9331	      0.0000
    674.9497	      0.0000
    674.9664	      0.0000
    674.9830	      0.0000
    675.2825	      0.0000
    675.2991	      0.0000
    675.3158	      0.0000
    675.3324	      0.0000
    675.3491	   1418.0280
    675.3657	   2384.2546
    675.3824	   2582.5405
    675.3990	   1846.3160
    675.4157	    788.1479
    675.4323	      0.0000
    675.4490	      0.0000
    675.4656	      0.0000
    675.4823	      0.0000
    691.3256	      0.0000
    691.3428	      0.0000
    691.3600	      0.0000
    691.3773	      0.0000
    691.3945	   1023.5587
    691.4118	   2131.5674
    691.4290	   2758.2451
    691.4463	   2429.9749
    691.4635	   1429.7751
    691.4808	      0.0000
    691.4980	      0.0000
    691.5153	      0.0000
    691.5325	      0.0000
    707.2687	      0.0000
    707.2866	      0.0000
    707.3044	      0.0000
    707.3223	      0.0000
    707.3401	    468.5886
    707.3580	   1549.1439
    707.3758	   2712.8428
    707.3936	   3200.9529
    707.4115	   2640.3735
    707.4293	   1453.1154
    707.4472	      0.0000
    707.4650	      0.0000
    707.4829	      0.0000
    707.5007	      0.0000
    707.7864	      0.0000
    707.8043	      0.0000
    707.8222	      0.0000
    707.8400	      0.0000
    707.8579	   1400.0105
    707.8757	   2424.3276
    707.8936	   2681.6091
    707.9115	   1948.2220
    707.9293	    830.8992
    707.9523	      0.0000
    707.9702	      0.0000
    707.9881	      0.0000
    708.0059	      0.0000
    708.2562	      0.0000
    708.2740	      0.0000
    708.2919	      0.0000
    708.3098	      0.0000
    708.3277	   1308.8462
    708.3456	   1554.4156
    708.3634	   2040.4003
    708.3813	   3051.1372
    708.3992	   7336.3867
    708.4171	  21284.7383
    708.4350	  38166.1406
    708.4529	  52769.4688
    708.4707	  44251.0781
    708.4886	  26146.9629
    708.5065	   9034.8213
    708.5244	   1198.2385
    708.5424	      0.0000
    708.5603	      0.0000
    708.5782	      0.0000
    708.5961	      0.0000
    709.3123	      0.0000
    709.3302	      0.0000
    709.3481	      0.0000
    709.3661	      0.0000
    709.3840	   1492.5667
    709.4019	   3920.4165
    709.4198	  10764.6152
    709.4378	  18173.0586
    709.4557	  23449.0430
    709.4736	  18117.0313
    709.4915	  10317.5566
    709.5095	   2728.7227
    709.5274	      0.0000
    709.5401	      0.0000
    709.5580	      0.0000
    709.5759	      0.0000
    709.5938	      0.0000
    710.3475	      0.0000
    710.3654	      0.0000
    710.3834	      0.0000
    710.4014	      0.0000
    710.4193	    919.0029
    710.4373	   1965.9589
    710.4552	   2579.4282
    710.4732	   2290.4429
    710.4912	   1349.7156
    710.5091	      0.0000
    710.5271	      0.0000
    710.5451	      0.0000
    710.5630	      0.0000
    725.2497	      0.0000
    725.2682	      0.0000
    725.2867	      0.0000
    725.3053	      0.0000
    725.3238	    459.2716
    725.3423	   1575.5286
    725.3609	   4920.8169
    725.3794	   7944.0493
    725.3979	   8520.7891
    725.4165	   5590.7959
    725.4350	   2608.6538
    725.4535	    315.7178
    725.4770	      0.0000
    725.4955	      0.0000
    725.5140	      0.0000
    725.5326	      0.0000
    725.7551	      0.0000
    725.7736	      0.0000
    725.7922	      0.0000
    725.8107	      0.0000
    725.8293	   1445.6493
    725.8478	   5206.0776
    725.8663	  10703.2695
    725.8849	  16558.7910
    725.9034	  16407.7656
    725.9220	  10420.4961
    725.9406	   4744.7900
    725.9591	    883.2040
    725.9727	      0.0000
    725.9913	      0.0000
    726.0099	      0.0000
    726.0284	      0.0000
    726.2697	      0.0000
    726.2883	      0.0000
    726.3068	      0.0000
    726.3254	      0.0000
    726.3440	    575.1053
    726.3625	   1810.3289
    726.3811	   2939.7283
    726.3997	   3173.7437
    726.4182	   2368.9834
    726.4368	   1172.3120
    726.4554	      0.0000
    726.4740	      0.0000
    726.4925	      0.0000
    726.5111	      0.0000
    730.1842	      0.0000
    730.2029	      0.0000
    730.2216	      0.0000
    730.2403	      0.0000
    730.2590	    640.5426
    730.2777	   1847.2606
    730.2965	   3098.5391
    730.3152	   3482.5889
    730.3339	   2690.1768
    730.3526	   1351.7960
    730.3762	      0.0000
    730.3949	      0.0000
    730.4136	      0.0000
    730.4324	      0.0000
    734.2107	      0.0000
    734.2295	      0.0000
    734.2484	      0.0000
    734.2673	      0.0000
    734.2862	    355.1212
    734.3050	   2683.6616
    734.3239	   6968.8037
    734.3428	  19734.2910
    734.3617	  56452.8203
    734.3805	  99832.2734
    734.3994	 136919.8750
    734.4183	 114636.0313
    734.4372	  68263.1484
    734.4560	  24781.2578
    734.4749	   4170.7319
    734.4938	      0.0000
    734.5098	      0.0000
    734.5287	      0.0000
    734.5476	      0.0000
    734.5665	      0.0000
    734.6987	      0.0000
    734.7176	      0.0000
    734.7365	      0.0000
    734.7554	      0.0000
    734.7742	   1133.6626
    734.7931	   2128.2356
    734.8120	   2945.6697
    734.8309	   6862.8726
    734.8498	  21296.3027
    734.8687	  49092.3516
    734.8876	  79327.4375
    734.9065	  89210.3125
    734.9254	  61665.9570
    734.9443	  32265.0273
    734.9632	   8542.1045
    734.9821	   1447.8936
    735.0046	      0.0000
    735.0235	      0.0000
    735.0424	      0.0000
    735.0613	      0.0000
    735.2314	      0.0000
    735.2503	      0.0000
    735.2693	      0.0000
    735.2882	      0.0000
    735.3071	    809.1848
    735.3260	   1754.2357
    735.3449	   4506.8711
    735.3638	  12958.1406
    735.3827	  23673.6406
    735.4017	  33471.4844
    735.4206	  29067.8477
    735.4395	  17370.4414
    735.4584	   6465.6978
    735.4773	    877.5889
    735.4907	      0.0000
    735.5096	      0.0000
    735.5285	      0.0000
    735.5475	      0.0000
    735.7556	      0.0000
    735.7746	      0.0000
    735.7935	      0.0000
    735.8124	      0.0000
    735.8314	    532.7449
    735.8503	   2806.8071
    735.8692	   6112.2222
    735.8882	   9748.7148
    735.9071	  10557.0869
    735.9260	   6948.7363
    735.9450	   3243.1599
    735.9639	    363.3949
    735.9829	      0.0000
    736.0018	      0.0000
    736.0207	      0.0000
    736.0397	      0.0000
    737.2914	      0.0000
    737.3104	      0.0000
    737.3294	      0.0000
    737.3484	      0.0000
    737.3673	    754.4324
    737.3863	   1840.1168
    737.4053	   2783.3889
    737.4243	   3006.6372
    737.4433	   2396.8430
    737.4623	   1374.8701
    737.4814	      0.0000
    737.5004	      0.0000
    737.5194	      0.0000
    737.5384	      0.0000
    789.2802	      0.0000
    789.3013	      0.0000
    789.3223	      0.0000
    789.3433	      0.0000
    789.3644	   1067.9814
    789.3854	   1723.7627
    789.4064	   1950.4717
    789.4275	   1601.2195
    789.4485	    906.1508
    789.4696	      0.0000
    789.4906	      0.0000
    789.5116	      0.0000
    789.5327	      0.0000
    789.7853	      0.0000
    789.8063	      0.0000
    789.8274	      0.0000
    789.8484	      0.0000
    789.8695	   1409.5746
    789.8905	   2439.1279
    789.9116	   3081.2661
    789.9327	   2882.2524
    789.9537	   1956.6617
    789.9748	    908.9707
    789.9959	      0.0000
    790.0169	      0.0000
    790.0380	      0.0000
    790.0590	      0.0000
    821.3546	      0.0000
    821.3770	      0.0000
    821.3993	      0.0000
    821.4216	      0.0000
    821.4439	    489.6227
    821.4663	   1836.8506
    821.4886	   4694.5576
    821.5109	   8074.9863
    821.5333	   9984.4268
    821.5556	   6976.4814
    821.5779	   3460.3674
    821.6003	    178.2388
    821.6226	      0.0000
    821.6450	      0.0000
    821.6673	      0.0000
    821.6897	      0.0000
    827.3037	      0.0000
    827.3262	      0.0000
    827.3488	      0.0000
    827.3714	      0.0000
    827.3940	    926.9357
    827.4165	   1777.7328
    827.4391	   2094.0203
    827.4617	   1648.2777
    827.4843	    810.9722
    827.5164	      0.0000
    827.5390	      0.0000
    827.5616	      0.0000
    827.5842	      0.0000
    835.7740	      0.0000
    835.7969	      0.0000
    835.8198	      0.0000
    835.8428	      0.0000
    835.8657	   1168.5167
    835.8886	   4150.3809
    835.9115	   8487.9668
    835.9345	  13025.0420
    835.9574	  12719.7168
    835.9803	   7973.4756
    836.0032	   3549.7424
    836.0262	    382.9174
    836.0455	      0.0000
    836.0684	      0.0000
    836.0913	      0.0000
    836.1143	      0.0000
    836.2519	      0.0000
    836.2748	      0.0000
    836.2977	      0.0000
    836.3207	      0.0000
    836.3436	    807.1324
    836.3666	   2287.1509
    836.3895	   7141.6987
    836.4125	  13211.8193
    836.4354	  18779.6504
    836.4583	  16200.6719
    836.4813	   9594.6162
    836.5042	   3355.0227
    836.5272	    342.4541
    836.5442	      0.0000
    836.5672	      0.0000
    836.5901	      0.0000
    836.6131	      0.0000
    836.7967	      0.0000
    836.8197	      0.0000
    836.8427	      0.0000
    836.8656	      0.0000
    836.8886	    984.5228
    836.9116	   2098.9846
    836.9345	   2867.6855
    836.9575	   2663.8972
    836.9805	   1636.3702
    837.0034	    538.6696
    837.0264	      0.0000
    837.0494	      0.0000
    837.0723	      0.0000
    837.0953	      0.0000
    841.2227	      0.0000
    841.2458	      0.0000
    841.2689	      0.0000
    841.2921	      0.0000
    841.3152	    750.9084
    841.3384	   1581.2540
    841.3615	   2376.5005
    841.3847	   2676.3679
    841.4078	   2233.6021
    841.4310	   1298.6675
    841.4541	      0.0000
    841.4773	      0.0000
    841.5005	      0.0000
    841.5236	      0.0000
    846.2206	      0.0000
    846.2439	      0.0000
    846.2673	      0.0000
    846.2906	      0.0000
    846.3140	   1214.9304
    846.3373	   2648.7527
    846.3607	   6835.8682
    846.3840	   7854.2183
    846.4074	   5771.0518
    846.4308	   3151.1423
    846.4541	    824.6024
    846.4775	      0.0000
    846.5008	      0.0000
    846.5242	      0.0000
    846.5476	      0.0000
    847.2489	      0.0000
    847.2723	      0.0000
    847.2957	      0.0000
    847.3191	      0.0000
    847.3425	    962.9995
    847.3659	   2146.5715
    847.3893	   3143.2920
    847.4127	   3234.4072
    847.4361	   2307.7034
    847.4595	   1009.9413
    847.4918	      0.0000
    847.5152	      0.0000
    847.5386	      0.0000
    847.5620	      0.0000
    878.3580	      0.0000
    878.3827	      0.0000
    878.4074	      0.0000
    878.4321	      0.0000
    878.4568	   1129.0527
    878.4815	   2713.3794
    878.5062	   8056.8408
    878.5309	  15018.3828
    878.5556	  21243.4512
    878.5803	  18242.9570
    878.6050	  10806.8828
    878.6297	   3675.1599
    878.6544	    352.6323
    878.6703	      0.0000
    878.6950	      0.0000
    878.7197	      0.0000
    878.7444	      0.0000
    878.7691	      0.0000
    878.7938	      0.0000
    878.8185	      0.0000
    878.8432	   1236.3148
    878.8679	   1835.2990
    878.8927	   2071.8811
    878.9174	   1720.4138
    878.9421	    967.6473
    878.9668	      0.0000
    878.9915	      0.0000
    879.0162	      0.0000
    879.0410	      0.0000
    879.3624	      0.0000
    879.3872	      0.0000
    879.4119	      0.0000
    879.4366	      0.0000
    879.4614	    461.5261
    879.4861	   1892.0809
    879.5109	   4861.1440
    879.5356	   8156.3340
    879.5603	   9515.7842
    879.5851	   6515.6885
    879.6098	   3197.3787
    879.6346	    399.2449
    879.6593	      0.0000
    879.6841	      0.0000
    879.7088	      0.0000
    879.7336	      0.0000
    910.7244	      0.0000
    910.7505	      0.0000
    910.7766	      0.0000
    910.8026	      0.0000
    910.8287	    805.9866
    910.8548	   1690.2986
    910.8809	   2452.3745
    910.9069	   2690.6648
    910.9330	   2284.0532
    910.9591	   1466.1791
    910.9852	      0.0000
    911.0113	      0.0000
    911.0373	      0.0000
    911.0634	      0.0000
    916.8028	      0.0000
    916.8292	      0.0000
    916.8555	      0.0000
    916.8818	      0.0000
    916.9082	    935.4890
    916.9345	   1866.0790
    916.9608	   2300.0835
    916.9872	   1896.1377
    917.0135	   1008.4392
    917.0399	      0.0000
    917.0663	      0.0000
    917.0926	      0.0000
    917.1189	      0.0000
    941.2421	      0.0000
    941.2695	      0.0000
    941.2969	      0.0000
    941.3243	      0.0000
    941.3517	   1150.5630
    941.3791	   2137.7803
    941.4065	   2532.8601
    941.4339	   2023.2626
    941.4613	   1035.2126
    941.4887	      0.0000
    941.5161	      0.0000
    941.5435	      0.0000
    941.5709	      0.0000
    950.7358	      0.0000
    950.7636	      0.0000
    950.7914	      0.0000
    950.8192	      0.0000
    950.8470	    952.3480
    950.8748	   1837.9060
    950.9026	   2284.6519
    950.9305	   1956.4823
    950.9583	   1115.6785
    950.9861	      0.0000
    951.0139	      0.0000
    951.0417	      0.0000
    951.0696	      0.0000
    962.7496	      0.0000
    962.7779	      0.0000
    962.8062	      0.0000
    962.8346	      0.0000
    962.8629	    977.5110
    962.8913	   1735.2249
    962.9196	   2073.4150
    962.9479	   1753.5768
    962.9763	   1000.6403
    963.0046	      0.0000
    963.0330	      0.0000
    963.0613	      0.0000
    963.0897	      0.0000
    963.7137	      0.0000
    963.7421	      0.0000
    963.7704	      0.0000
    963.7988	      0.0000
    963.8272	    943.9653
    963.8556	   1976.6708
    963.8840	   2517.4768
    963.9124	   2176.2485
    963.9407	   1248.4749
    963.9855	      0.0000
    964.0139	      0.0000
    964.0423	      0.0000
    964.0707	      0.0000
    965.3781	      0.0000
    965.4066	      0.0000
    965.4350	      0.0000
    965.4635	      0.0000
    965.4919	    661.1758
    965.5204	   2805.5510
    965.5488	   6236.0283
    965.5773	   9992.4238
    965.6058	  10919.3506
    965.6342	   7086.4502
    965.6627	   3200.7446
    965.6911	     53.9988
    965.7032	      0.0000
    965.7317	      0.0000
    965.7601	      0.0000
    965.7886	      0.0000
    966.3867	      0.0000
    966.4152	      0.0000
    966.4437	      0.0000
    966.4722	      0.0000
    966.5007	    891.8719
    966.5292	   2333.4890
    966.5577	   5203.8525
    966.5862	   6455.5474
    966.6147	   4576.9868
    966.6432	   2119.6282
    966.6717	    803.6121
    966.7003	      0.0000
    966.7288	      0.0000
    966.7573	      0.0000
    966.7858	      0.0000
    968.2130	      0.0000
    968.2416	      0.0000
    968.2702	      0.0000
    968.2988	      0.0000
    968.3274	   1108.7814
    968.3559	   1568.3179
    968.3845	   1885.1873
    968.4131	   1824.1292
    968.4417	   1325.4657
    968.4703	      0.0000
    968.4989	      0.0000
    968.5275	      0.0000
    968.5561	      0.0000
   1001.2405	      0.0000
   1001.2706	      0.0000
   1001.3006	      0.0000
   1001.3307	      0.0000
   1001.3607	   1070.6053
   1001.3908	   2092.9736
   1001.4208	   2693.4146
   1001.4509	   2479.8989
   1001.4810	   1625.6145
   1001.5110	      0.0000
   1001.5411	      0.0000
   1001.5711	      0.0000
   1001.6012	      0.0000
   1001.7516	      0.0000
   1001.7816	      0.0000
   1001.8117	      0.0000
   1001.8418	      0.0000
   1001.8719	   1457.7516
   1001.9020	   2288.6111
   1001.9320	   2431.2126
   1001.9621	   1800.6908
   1001.9922	    873.4401
   1002.0223	      0.0000
   1002.0524	      0.0000
   1002.0825	      0.0000
   1002.1126	      0.0000
   1042.2782	      0.0000
   1042.3102	      0.0000
   1042.3421	      0.0000
   1042.3740	      0.0000
   1042.4059	   1509.9119
   1042.4378	   2186.5679
   1042.4698	   2327.5779
   1042.5017	   1820.2356
   1042.5336	    975.5767
   1042.5656	      0.0000
   1042.5975	      0.0000
   1042.6294	      0.0000
   1042.6614	      0.0000
   1046.2473	      0.0000
   1046.2794	      0.0000
   1046.3115	      0.0000
   1046.3436	      0.0000
   1046.3757	   1038.7004
   1046.4078	   1944.7935
   1046.4399	   2400.2148
   1046.4720	   2087.1006
   1046.5042	   1244.0590
   1046.5363	      0.0000
   1046.5684	      0.0000
   1046.6005	      0.0000
   1046.6326	      0.0000
   1061.2039	      0.0000
   1061.2367	      0.0000
   1061.2695	      0.0000
   1061.3023	      0.0000
   1061.3351	    626.1237
   1061.3679	   1732.9391
   1061.4007	   3922.3647
   1061.4335	   6282.3545
   1061.4663	   6099.6704
   1061.4991	   2861.4629
   1061.5319	   1297.2269
   1061.5647	      0.0000
   1061.5975	      0.0000
   1061.6303	      0.0000
   1061.6631	      0.0000
   1061.7288	      0.0000
   1061.7616	      0.0000
   1061.7944	      0.0000
   1061.8272	      0.0000
   1061.8600	    920.6921
   1061.8928	   2338.7329
   1061.9257	   3670.5889
   1061.9585	   5697.7744
   1061.9913	   3293.4485
   1062.0241	   1669.1263
   1062.0774	      0.0000
   1062.1102	      0.0000
   1062.1430	      0.0000
   1062.1759	      0.0000
   1079.3908	      0.0000
   1079.4244	      0.0000
   1079.4581	      0.0000
   1079.4917	      0.0000
   1079.5254	    871.3788
   1079.5590	   3139.4468
   1079.5927	   6812.5376
   1079.6263	  10790.1152
   1079.6599	  10649.8643
   1079.6936	   6434.6973
   1079.7273	   2459.7820
   1079.7609	      0.0000
   1079.7742	      0.0000
   1079.8079	      0.0000
   1079.8416	      0.0000
   1079.8752	      0.0000
   1080.3803	      0.0000
   1080.4140	      0.0000
   1080.4477	      0.0000
   1080.4813	      0.0000
   1080.5150	    430.1565
   1080.5487	   2228.4573
   1080.5824	   4890.5439
   1080.6161	   7746.4180
   1080.6498	   7050.1348
   1080.6835	   3895.3069
   1080.7172	    985.9713
   1080.7509	      0.0000
   1080.7846	      0.0000
   1080.8183	      0.0000
   1080.8520	      0.0000
   1103.7241	      0.0000
   1103.7589	      0.0000
   1103.7937	      0.0000
   1103.8285	      0.0000
   1103.8633	    690.9885
   1103.8981	   1718.1033
   1103.9329	   2574.4082
   1103.9677	   2646.7222
   1104.0024	   1864.7690
   1104.0372	    815.3515
   1104.0721	      0.0000
   1104.1069	      0.0000
   1104.1417	      0.0000
   1104.1765	      0.0000
   1163.2432	      0.0000
   1163.2808	      0.0000
   1163.3184	      0.0000
   1163.3561	      0.0000
   1163.3937	   1559.8423
   1163.4313	   3084.4832
   1163.4690	   6100.5503
   1163.5066	   5703.7051
   1163.5443	   2763.6162
   1163.5819	   1225.9890
   1163.6196	      0.0000
   1163.6572	      0.0000
   1163.6949	      0.0000
   1163.7325	      0.0000
   1173.3183	      0.0000
   1173.3564	      0.0000
   1173.3946	      0.0000
   1173.4327	      0.0000
   1173.4708	   1239.4020
   1173.5090	   2522.9402
   1173.5471	   3330.5417
   1173.5852	   3099.9583
   1173.6234	   2056.0750
   1173.6615	    927.2050
   1173.6996	      0.0000
   1173.7378	      0.0000
   1173.7759	      0.0000
   1173.8141	      0.0000
   1173.8522	      0.0000
   1173.8904	      0.0000
   1173.9285	      0.0000
   1173.9667	   1051.2825
   1174.0048	   2364.0266
   1174.0430	   3179.8862
   1174.0811	   2915.9524
   1174.1193	   1835.6451
   1174.1575	    783.3962
   1174.1956	      0.0000
   1174.2338	      0.0000
   1174.2720	      0.0000
   1174.3101	      0.0000
   1174.8065	      0.0000
   1174.8447	      0.0000
   1174.8829	      0.0000
   1174.9211	      0.0000
   1174.9593	    958.9793
   1174.9975	   1760.4597
   1175.0357	   2290.4807
   1175.0739	   2132.4480
   1175.1121	   1363.6396
   1175.1504	      0.0000
   1175.1886	      0.0000
   1175.2268	      0.0000
   1175.2650	      0.0000
   1214.2742	      0.0000
   1214.3143	      0.0000
   1214.3545	      0.0000
   1214.3946	      0.0000
   1214.4348	   1578.7073
   1214.4749	   2147.0261
   1214.5151	   2375.6575
   1214.5552	   2127.1462
   1214.5954	   1476.3729
   1214.6355	      0.0000
   1214.6757	      0.0000
   1214.7158	      0.0000
   1214.7560	      0.0000
   1214.7961	      0.0000
   1214.8363	      0.0000
   1214.8765	      0.0000
   1214.9166	      0.0000
   1214.9568	   1398.3530
   1214.9970	   2147.1841
   1215.0371	   2285.6431
   1215.0773	   1752.7493
   1215.1175	    930.5334
   1215.1577	      0.0000
   1215.1979	      0.0000
   1215.2381	      0.0000
   1215.2783	      0.0000
   1236.2411	      0.0000
   1236.2823	      0.0000
   1236.3235	      0.0000
   1236.3648	      0.0000
   1236.4060	    903.2160
   1236.4472	   1994.3923
   1236.4885	   2902.6812
   1236.5297	   2947.2390
   1236.5710	   2084.4556
   1236.6122	    916.6765
   1236.6727	      0.0000
   1236.7140	      0.0000
   1236.7552	      0.0000
   1236.7965	      0.0000
   1247.3426	      0.0000
   1247.3844	      0.0000
   1247.4262	      0.0000
   1247.4680	      0.0000
   1247.5097	   1410.1039
   1247.5515	   3133.5793
   1247.5933	   8913.6533
   1247.6351	  17101.7598
   1247.6769	  25413.5605
   1247.7187	  23839.0020
   1247.7605	  14513.9346
   1247.8024	   5807.3286
   1247.8442	    523.0427
   1247.8885	      0.0000
   1247.9303	      0.0000
   1247.9721	      0.0000
   1248.0139	      0.0000
   1248.3485	      0.0000
   1248.3904	      0.0000
   1248.4322	      0.0000
   1248.4740	      0.0000
   1248.5159	    632.3720
   1248.5577	   1973.3643
   1248.5996	   5346.5576
   1248.6414	   9608.6904
   1248.6833	  13635.1787
   1248.7251	  12253.7637
   1248.7670	   7437.2231
   1248.8088	   2908.4670
   1248.8507	    153.4356
   1248.8901	      0.0000
   1248.9319	      0.0000
   1248.9738	      0.0000
   1249.0157	      0.0000
   1264.3114	      0.0000
   1264.3541	      0.0000
   1264.3967	      0.0000
   1264.4394	      0.0000
   1264.4820	   1159.5161
   1264.5247	   2440.4670
   1264.5673	   5385.1387
   1264.6100	  14827.5625
   1264.6526	  29718.2324
   1264.6953	  45699.7070
   1264.7379	  46044.9102
   1264.7806	  29094.2109
   1264.8233	  13067.3711
   1264.8659	   1643.0239
   1264.9092	      0.0000
   1264.9518	      0.0000
   1264.9945	      0.0000
   1265.0372	      0.0000
   1265.3360	      0.0000
   1265.3787	      0.0000
   1265.4214	      0.0000
   1265.4641	      0.0000
   1265.5068	    945.7079
   1265.5495	   2154.5078
   1265.5922	   5271.2207
   1265.6349	  14382.6357
   1265.6776	  24661.6348
   1265.7203	  32186.2695
   1265.7630	  24772.2871
   1265.8057	  13989.4346
   1265.8484	   3295.2273
   1265.8912	      0.0000
   1265.9141	      0.0000
   1265.9568	      0.0000
   1265.9996	      0.0000
   1266.0423	      0.0000
   1266.4269	      0.0000
   1266.4697	      0.0000
   1266.5124	      0.0000
   1266.5552	      0.0000
   1266.5979	   1456.3430
   1266.6407	   3956.3643
   1266.6835	   6657.4180
   1266.7262	   7197.3232
   1266.7690	   4604.0176
   1266.8118	   1924.9594
   1266.8545	    707.8912
   1266.8974	      0.0000
   1266.9402	      0.0000
   1266.9829	      0.0000
   1267.0257	      0.0000
   1347.4512	      0.0000
   1347.4981	      0.0000
   1347.5450	      0.0000
   1347.5919	      0.0000
   1347.6389	   1507.3278
   1347.6858	   2524.8672
   1347.7327	   3013.7114
   1347.7796	   2629.3811
   1347.8266	   1630.5897
   1347.8724	      0.0000
   1347.9193	      0.0000
   1347.9662	      0.0000
   1348.0132	      0.0000
   1450.3949	      0.0000
   1450.4473	      0.0000
   1450.4997	      0.0000
   1450.5521	      0.0000
   1450.6045	    988.5298
   1450.6569	   1932.0387
   1450.7093	   2691.1252
   1450.7617	   2770.2271
   1450.8141	   2074.5723
   1450.8665	   1050.8816
   1450.9399	      0.0000
   1450.9924	      0.0000
   1451.0448	      0.0000
   1451.0972	      0.0000
   1467.2752	      0.0000
   1467.3285	      0.0000
   1467.3818	      0.0000
   1467.4351	      0.0000
   1467.4885	    875.5696
   1467.5418	   3042.3696
   1467.5951	   7321.6401
   1467.6484	  19705.4316
   1467.7018	  41674.9844
   1467.7551	  66083.1719
   1467.8084	  72555.2734
   1467.8618	  49085.3320
   1467.9151	  24848.7012
   1467.9685	   5017.7881
   1468.0218	      0.0000
   1468.0795	      0.0000
   1468.1328	      0.0000
   1468.1862	      0.0000
   1468.2395	      0.0000
   1468.2929	      0.0000
   1468.3463	      0.0000
   1468.3996	      0.0000
   1468.4530	   1083.9144
   1468.5064	   2199.9666
   1468.5598	   4650.3008
   1468.6131	   8858.6250
   1468.6665	  21464.4746
   1468.7199	  41497.2852
   1468.7733	  62936.0938
   1468.8267	  62632.0000
   1468.8801	  39407.5859
   1468.9335	  17545.4707
   1468.9869	   2236.6377
   1469.0403	      0.0000
   1469.0975	      0.0000
   1469.1509	      0.0000
   1469.2043	      0.0000
   1469.2577	      0.0000
   1469.3111	      0.0000
   1469.3646	      0.0000
   1469.4180	      0.0000
   1469.4714	      0.0000
   1469.5248	    509.6933
   1469.5783	   2029.7412
   1469.6317	   3605.4226
   1469.6852	   8137.7744
   1469.7386	  14023.7910
   1469.7920	  19435.4531
   1469.8455	  16639.1973
   1469.8989	   9548.3076
   1469.9524	   3033.2886
   1470.0059	      0.0000
   1470.0303	      0.0000
   1470.0838	      0.0000
   1470.1372	      0.0000
   1470.1907	      0.0000
   1470.4581	      0.0000
   1470.5116	      0.0000
   1470.5651	      0.0000
   1470.6186	      0.0000
   1470.6721	    710.3535
   1470.7256	   1875.0934
   1470.7791	   2832.4290
   1470.8326	   2814.3665
   1470.8861	   1844.4520
   1470.9396	      0.0000
   1470.9931	      0.0000
   1471.0466	      0.0000
   1471.1001	      0.0000
   1613.3845	      0.0000
   1613.4460	      0.0000
   1613.5074	      0.0000
   1613.5689	      0.0000
   1613.6304	    740.0094
   1613.6919	   2050.0752
   1613.7534	   3496.2046
   1613.8149	   6712.7993
   1613.8764	   5051.2085
   1613.9379	   2703.8804
   1613.9994	   1238.6635
   1614.0609	      0.0000
   1614.1224	      0.0000
   1614.1839	      0.0000
   1614.2454	      0.0000
   1614.4300	      0.0000
   1614.4915	      0.0000
   1614.5531	      0.0000
   1614.6146	      0.0000
   1614.6761	   1083.3118
   1614.7377	   2124.4866
   1614.7992	   2812.1992
   1614.8608	   2665.4907
   1614.9223	   1788.2740
   1614.9839	      0.0000
   1615.0455	      0.0000
   1615.1070	      0.0000
   1615.1686	      0.0000
   2641.4418	      0.0000
   2641.5705	      0.0000
   2641.6993	      0.0000
   2641.8281	      0.0000
