# ljz_20131022_MR_Chym1_ELUTE.mzML
#
# index: 6502
# id: controllerType=0 controllerNumber=1 scan=13631
# scanNumber: 13631
# massAnalyzerType: quadrupole
# scanEvent: 2
# msLevel: 2
# retentionTime: 3241.02
# filterString: FTMS + p NSI d Full ms2 303.83@hcd28.00 [100.00-950.00]
# mzLow: 99.0036
# mzHigh: 959.668
# basePeakMZ: 111.118
# basePeakIntensity: 162245
# totalIonCurrent: 1.06842e+006
# precursorCount: 1
# precursor 0: 303.826 445987
# binary (2168): 
     99.0036	      0.0000
     99.0045	      0.0000
     99.0055	      0.0000
     99.0064	      0.0000
    100.4126	      0.0000
    100.4136	      0.0000
    100.4145	      0.0000
    100.4155	      0.0000
    100.4164	    426.6172
    100.4174	    710.4160
    100.4183	    855.1460
    100.4193	    763.7948
    100.4202	    474.6237
    100.4212	      0.0000
    100.4221	      0.0000
    100.4231	      0.0000
    100.4240	      0.0000
    101.0542	      0.0000
    101.0551	      0.0000
    101.0561	      0.0000
    101.0571	      0.0000
    101.0580	    583.3330
    101.0590	   1374.7856
    101.0599	   2145.6677
    101.0609	   2333.1091
    101.0619	   1781.3718
    101.0628	    909.4808
    101.0638	    272.0781
    101.0647	      0.0000
    101.0657	      0.0000
    101.0666	      0.0000
    101.0676	      0.0000
    105.2783	      0.0000
    105.2793	      0.0000
    105.2804	      0.0000
    105.2814	      0.0000
    105.2824	    413.6729
    105.2834	    727.6259
    105.2845	    853.6960
    105.2855	    717.4648
    105.2865	    415.9051
    105.2875	      0.0000
    105.2885	      0.0000
    105.2896	      0.0000
    105.2906	      0.0000
    107.0651	      0.0000
    107.0662	      0.0000
    107.0672	      0.0000
    107.0683	      0.0000
    107.0693	    473.7646
    107.0704	    866.9506
    107.0714	   1009.7125
    107.0725	    815.0080
    107.0735	    443.2218
    107.0746	      0.0000
    107.0756	      0.0000
    107.0767	      0.0000
    107.0777	      0.0000
    107.0788	      0.0000
    107.0798	      0.0000
    107.0809	      0.0000
    107.0819	      0.0000
    107.0830	    255.5719
    107.0841	    755.6724
    107.0851	   1351.7867
    107.0862	   1629.2335
    107.0872	   1377.3646
    107.0883	    786.6744
    107.0893	    248.3634
    107.0904	      0.0000
    107.0914	      0.0000
    107.0925	      0.0000
    107.0935	      0.0000
    107.9608	      0.0000
    107.9618	      0.0000
    107.9629	      0.0000
    107.9639	      0.0000
    107.9650	    530.5977
    107.9661	   1066.8848
    107.9671	   1403.2982
    107.9682	   1289.7615
    107.9693	    822.7462
    107.9703	    320.7991
    107.9714	      0.0000
    107.9725	      0.0000
    107.9735	      0.0000
    107.9746	      0.0000
    109.0575	      0.0000
    109.0586	      0.0000
    109.0597	      0.0000
    109.0608	      0.0000
    109.0619	    211.2232
    109.0629	    699.3298
    109.0640	   1614.5007
    109.0651	   3359.6938
    109.0662	   3697.6941
    109.0673	   2417.9121
    109.0684	    967.4966
    109.0694	    313.0103
    109.0705	      0.0000
    109.0716	      0.0000
    109.0727	      0.0000
    109.0738	      0.0000
    109.0954	      0.0000
    109.0964	      0.0000
    109.0975	      0.0000
    109.0986	      0.0000
    109.0997	    664.9259
    109.1008	   1399.0222
    109.1019	   1908.1056
    109.1029	   1790.3162
    109.1040	   1142.5591
    109.1051	    440.8796
    109.1060	      0.0000
    109.1071	      0.0000
    109.1082	      0.0000
    109.1092	      0.0000
    110.0165	      0.0000
    110.0176	      0.0000
    110.0187	      0.0000
    110.0197	      0.0000
    110.0208	    582.6788
    110.0219	   2808.2456
    110.0230	   5758.2437
    110.0241	   8630.1406
    110.0252	   7902.1118
    110.0263	   4911.0698
    110.0274	   2161.6826
    110.0285	    599.5255
    110.0298	      0.0000
    110.0309	      0.0000
    110.0320	      0.0000
    110.0331	      0.0000
    111.0384	      0.0000
    111.0395	      0.0000
    111.0406	      0.0000
    111.0417	      0.0000
    111.0428	    579.7706
    111.0439	   1059.8350
    111.0450	   1342.6096
    111.0461	   1221.7734
    111.0472	    782.2193
    111.0484	    305.1129
    111.0495	      0.0000
    111.0506	      0.0000
    111.0517	      0.0000
    111.0528	      0.0000
    111.0728	      0.0000
    111.0739	      0.0000
    111.0750	      0.0000
    111.0761	      0.0000
    111.0772	    399.0951
    111.0783	   1066.1328
    111.0794	   2693.6226
    111.0806	   4398.2876
    111.0817	   4626.0752
    111.0828	   2940.6206
    111.0839	   1226.6390
    111.0850	     39.1913
    111.0860	      0.0000
    111.0871	      0.0000
    111.0882	      0.0000
    111.0893	      0.0000
    111.1037	      0.0000
    111.1048	      0.0000
    111.1060	      0.0000
    111.1071	      0.0000
    111.1082	    395.1505
    111.1093	    953.4010
    111.1104	   2020.3657
    111.1115	   2186.0884
    111.1126	   2333.1926
    111.1137	  12391.2852
    111.1148	  49672.5938
    111.1160	 102080.9453
    111.1171	 156740.6563
    111.1182	 152855.6250
    111.1193	  98347.4219
    111.1204	  47484.7461
    111.1215	  15262.2539
    111.1226	   6316.5825
    111.1237	   4440.5059
    111.1248	   2329.6240
    111.1260	   1790.1849
    111.1271	    384.6747
    111.1283	      0.0000
    111.1294	      0.0000
    111.1305	      0.0000
    111.1317	      0.0000
    111.2139	      0.0000
    111.2150	      0.0000
    111.2162	      0.0000
    111.2173	      0.0000
    111.2184	    438.5238
    111.2195	    701.7375
    111.2206	    817.1112
    111.2217	    723.0012
    111.2228	    473.2901
    111.2239	      0.0000
    111.2250	      0.0000
    111.2262	      0.0000
    111.2273	      0.0000
    112.1138	      0.0000
    112.1149	      0.0000
    112.1160	      0.0000
    112.1172	      0.0000
    112.1183	    662.9511
    112.1194	   1491.7535
    112.1205	   2931.4536
    112.1217	   3429.8369
    112.1228	   1773.3480
    112.1239	    910.4575
    112.1251	    282.9945
    112.1262	      0.0000
    112.1273	      0.0000
    112.1284	      0.0000
    112.1296	      0.0000
    113.0520	      0.0000
    113.0531	      0.0000
    113.0543	      0.0000
    113.0554	      0.0000
    113.0565	    257.0131
    113.0577	    824.6064
    113.0588	   2413.2041
    113.0600	   3951.7063
    113.0611	   4434.3794
    113.0622	   3055.3513
    113.0634	   1579.7456
    113.0645	    508.6024
    113.0657	      0.0000
    113.0668	      0.0000
    113.0679	      0.0000
    113.0691	      0.0000
    113.0999	      0.0000
    113.1010	      0.0000
    113.1022	      0.0000
    113.1033	      0.0000
    113.1044	    364.8218
    113.1056	   2007.4467
    113.1067	   4023.9360
    113.1079	   5897.8247
    113.1090	   5123.7554
    113.1102	   3057.4988
    113.1113	   1141.2034
    113.1124	    441.6479
    113.1136	      0.0000
    113.1147	      0.0000
    113.1158	      0.0000
    113.1170	      0.0000
    115.0295	      0.0000
    115.0307	      0.0000
    115.0319	      0.0000
    115.0330	      0.0000
    115.0342	    670.9411
    115.0354	   1565.7345
    115.0366	   3424.7339
    115.0377	   3858.3328
    115.0389	   2576.1912
    115.0401	   1201.5377
    115.0412	    472.5496
    115.0421	      0.0000
    115.0433	      0.0000
    115.0445	      0.0000
    115.0456	      0.0000
    115.0679	      0.0000
    115.0690	      0.0000
    115.0702	      0.0000
    115.0714	      0.0000
    115.0726	    658.5055
    115.0737	   2987.0491
    115.0749	   5381.7197
    115.0761	   7039.7974
    115.0772	   5305.5752
    115.0784	   2925.6760
    115.0796	    864.2114
    115.0808	    461.3406
    115.0820	      0.0000
    115.0832	      0.0000
    115.0844	      0.0000
    115.0855	      0.0000
    116.0625	      0.0000
    116.0637	      0.0000
    116.0649	      0.0000
    116.0661	      0.0000
    116.0673	    426.9447
    116.0685	   2499.7502
    116.0697	   5131.1567
    116.0708	   7682.0142
    116.0720	   6924.3643
    116.0732	   4249.5923
    116.0744	   1780.0588
    116.0756	    479.5005
    116.0769	      0.0000
    116.0781	      0.0000
    116.0793	      0.0000
    116.0805	      0.0000
    119.0794	      0.0000
    119.0807	      0.0000
    119.0819	      0.0000
    119.0831	      0.0000
    119.0844	    402.8850
    119.0856	    928.8981
    119.0868	   1300.0555
    119.0881	   1226.9027
    119.0893	    769.0740
    119.0905	    270.2199
    119.0917	      0.0000
    119.0930	      0.0000
    119.0942	      0.0000
    119.0954	      0.0000
    121.0940	      0.0000
    121.0953	      0.0000
    121.0965	      0.0000
    121.0978	      0.0000
    121.0991	    619.5036
    121.1003	   1165.6001
    121.1016	   1430.7961
    121.1028	   1204.1017
    121.1041	    657.3224
    121.1054	      0.0000
    121.1066	      0.0000
    121.1079	      0.0000
    121.1092	      0.0000
    123.0358	      0.0000
    123.0371	      0.0000
    123.0384	      0.0000
    123.0396	      0.0000
    123.0409	    472.9908
    123.0422	   1064.3160
    123.0435	   1648.1025
    123.0448	   1796.5446
    123.0461	   1416.7247
    123.0474	    800.2315
    123.0487	    297.5388
    123.0497	      0.0000
    123.0510	      0.0000
    123.0523	      0.0000
    123.0536	      0.0000
    123.0717	      0.0000
    123.0730	      0.0000
    123.0743	      0.0000
    123.0756	      0.0000
    123.0769	    301.9200
    123.0782	   2139.5938
    123.0795	   4407.9463
    123.0808	   6485.1777
    123.0821	   5589.9922
    123.0834	   3319.0427
    123.0847	   1219.6758
    123.0860	    273.9351
    123.0876	      0.0000
    123.0889	      0.0000
    123.0901	      0.0000
    123.0914	      0.0000
    123.1096	      0.0000
    123.1109	      0.0000
    123.1122	      0.0000
    123.1135	      0.0000
    123.1148	    548.0118
    123.1161	   1296.0083
    123.1174	   1970.3890
    123.1187	   2107.3025
    123.1199	   1626.8354
    123.1212	    889.9654
    123.1225	    341.1407
    123.1238	      0.0000
    123.1251	      0.0000
    123.1264	      0.0000
    123.1277	      0.0000
    123.5891	      0.0000
    123.5904	      0.0000
    123.5917	      0.0000
    123.5930	      0.0000
    123.5943	    661.2569
    123.5956	    954.5781
    123.5969	    988.9550
    123.5982	    745.6305
    123.5995	    383.9536
    123.6008	      0.0000
    123.6021	      0.0000
    123.6034	      0.0000
    123.6047	      0.0000
    124.0308	      0.0000
    124.0321	      0.0000
    124.0334	      0.0000
    124.0347	      0.0000
    124.0360	    475.1163
    124.0373	   1282.7524
    124.0386	   3109.8479
    124.0399	   4203.4053
    124.0412	   3429.0168
    124.0425	   1958.2029
    124.0439	    781.8427
    124.0452	    294.9921
    124.0465	      0.0000
    124.0478	      0.0000
    124.0491	      0.0000
    124.0504	      0.0000
    125.0525	      0.0000
    125.0538	      0.0000
    125.0551	      0.0000
    125.0564	      0.0000
    125.0578	    382.2326
    125.0591	    912.4241
    125.0604	   1339.4299
    125.0617	   1308.2926
    125.0631	    837.0654
    125.0644	    288.4154
    125.0657	      0.0000
    125.0670	      0.0000
    125.0684	      0.0000
    125.0697	      0.0000
    125.0883	      0.0000
    125.0896	      0.0000
    125.0909	      0.0000
    125.0923	      0.0000
    125.0936	    504.1335
    125.0949	   1166.7018
    125.0962	   1744.2684
    125.0976	   1813.4990
    125.0989	   1325.6825
    125.1002	    634.2830
    125.1015	      0.0000
    125.1029	      0.0000
    125.1042	      0.0000
    125.1055	      0.0000
    127.0675	      0.0000
    127.0689	      0.0000
    127.0702	      0.0000
    127.0716	      0.0000
    127.0729	    299.7625
    127.0743	    899.6316
    127.0757	   1484.8735
    127.0770	   1647.7698
    127.0784	   1283.0544
    127.0797	    678.3187
    127.0811	      0.0000
    127.0824	      0.0000
    127.0838	      0.0000
    127.0851	      0.0000
    131.0371	      0.0000
    131.0385	      0.0000
    131.0399	      0.0000
    131.0414	      0.0000
    131.0428	    444.5323
    131.0442	    812.7333
    131.0456	    946.7600
    131.0471	    752.4998
    131.0485	    387.5041
    131.0496	      0.0000
    131.0510	      0.0000
    131.0524	      0.0000
    131.0538	      0.0000
    134.9824	      0.0000
    134.9839	      0.0000
    134.9853	      0.0000
    134.9868	      0.0000
    134.9883	    248.6245
    134.9898	   1396.0087
    134.9913	   3685.0747
    134.9928	   6105.3647
    134.9943	   6992.5259
    134.9958	   4900.4756
    134.9972	   2607.7056
    134.9987	    741.8890
    135.0002	    386.5026
    135.0020	      0.0000
    135.0035	      0.0000
    135.0050	      0.0000
    135.0065	      0.0000
    135.0720	      0.0000
    135.0735	      0.0000
    135.0750	      0.0000
    135.0764	      0.0000
    135.0779	    354.9516
    135.0794	    828.8639
    135.0809	   1145.4462
    135.0824	   1083.3586
    135.0839	    712.9700
    135.0854	      0.0000
    135.0869	      0.0000
    135.0884	      0.0000
    135.0898	      0.0000
    135.1092	      0.0000
    135.1107	      0.0000
    135.1122	      0.0000
    135.1137	      0.0000
    135.1152	    631.8342
    135.1167	   1061.8855
    135.1181	   1186.6666
    135.1196	    906.3510
    135.1211	    437.4436
    135.1226	      0.0000
    135.1241	      0.0000
    135.1256	      0.0000
    135.1271	      0.0000
    137.0866	      0.0000
    137.0881	      0.0000
    137.0896	      0.0000
    137.0911	      0.0000
    137.0926	    562.3995
    137.0942	   1172.0891
    137.0957	   1646.4629
    137.0972	   1635.2772
    137.0987	   1154.6290
    137.1003	    542.2958
    137.1018	      0.0000
    137.1033	      0.0000
    137.1048	      0.0000
    137.1063	      0.0000
    139.0656	      0.0000
    139.0672	      0.0000
    139.0687	      0.0000
    139.0703	      0.0000
    139.0718	    280.9200
    139.0734	    742.5400
    139.0750	   1169.8344
    139.0765	   1288.0032
    139.0781	   1008.7689
    139.0796	    533.0061
    139.0812	      0.0000
    139.0827	      0.0000
    139.0843	      0.0000
    139.0858	      0.0000
    141.0799	      0.0000
    141.0815	      0.0000
    141.0831	      0.0000
    141.0847	      0.0000
    141.0863	    633.6359
    141.0879	   1153.0592
    141.0894	   1646.1624
    141.0910	   2034.7323
    141.0926	   1961.0024
    141.0942	    985.6813
    141.0958	    304.7076
    141.0974	    788.1690
    141.0990	   3682.5520
    141.1006	   8286.1602
    141.1022	  13320.1143
    141.1037	  13933.7432
    141.1053	   9186.6758
    141.1069	   4617.8438
    141.1085	   1370.3566
    141.1101	    386.3375
    141.1118	      0.0000
    141.1133	      0.0000
    141.1149	      0.0000
    141.1165	      0.0000
    142.0963	      0.0000
    142.0979	      0.0000
    142.0995	      0.0000
    142.1012	      0.0000
    142.1028	    357.6240
    142.1044	    752.2169
    142.1060	    963.3444
    142.1076	    810.4000
    142.1092	    402.3888
    142.1108	      0.0000
    142.1124	      0.0000
    142.1140	      0.0000
    142.1156	      0.0000
    150.9735	      0.0000
    150.9752	      0.0000
    150.9770	      0.0000
    150.9788	      0.0000
    150.9805	    411.1654
    150.9823	    780.2763
    150.9840	    979.4621
    150.9858	    869.9929
    150.9875	    535.2248
    150.9893	      0.0000
    150.9911	      0.0000
    150.9928	      0.0000
    150.9946	      0.0000
    151.0650	      0.0000
    151.0668	      0.0000
    151.0685	      0.0000
    151.0703	      0.0000
    151.0721	    340.6227
    151.0738	    742.4525
    151.0756	    972.5619
    151.0773	    819.7177
    151.0791	    390.6208
    151.0808	      0.0000
    151.0826	      0.0000
    151.0844	      0.0000
    151.0861	      0.0000
    153.0786	      0.0000
    153.0804	      0.0000
    153.0822	      0.0000
    153.0840	      0.0000
    153.0857	    355.9834
    153.0875	    952.7283
    153.0893	   2109.7026
    153.0911	   3451.2188
    153.0929	   3418.0945
    153.0947	   1679.0089
    153.0965	    770.7483
    153.0983	    236.7149
    153.1001	      0.0000
    153.1019	      0.0000
    153.1037	      0.0000
    153.1055	      0.0000
    155.0960	      0.0000
    155.0978	      0.0000
    155.0997	      0.0000
    155.1015	      0.0000
    155.1033	    374.0828
    155.1052	    890.8561
    155.1070	   1170.1166
    155.1088	    983.2997
    155.1106	    508.2018
    155.1126	      0.0000
    155.1144	      0.0000
    155.1162	      0.0000
    155.1180	      0.0000
    156.0902	      0.0000
    156.0920	      0.0000
    156.0939	      0.0000
    156.0957	      0.0000
    156.0976	    583.0060
    156.0994	   1260.0547
    156.1013	   1829.4722
    156.1031	   1864.8359
    156.1050	   1339.9917
    156.1068	    640.0118
    156.1087	      0.0000
    156.1105	      0.0000
    156.1124	      0.0000
    156.1142	      0.0000
    157.0715	      0.0000
    157.0733	      0.0000
    157.0752	      0.0000
    157.0771	      0.0000
    157.0789	    365.0001
    157.0808	   1782.6144
    157.0827	   3537.3613
    157.0845	   5214.9561
    157.0864	   4746.1001
    157.0883	   2900.6465
    157.0901	   1203.0240
    157.0920	    432.6577
    157.0933	      0.0000
    157.0952	      0.0000
    157.0970	      0.0000
    157.0989	      0.0000
    166.0705	      0.0000
    166.0725	      0.0000
    166.0746	      0.0000
    166.0766	      0.0000
    166.0786	     35.7836
    166.0806	   1200.3862
    166.0827	   4308.1831
    166.0847	   7485.8062
    166.0867	   9663.3291
    166.0888	   7466.6113
    166.0908	   4345.2837
    166.0928	   1529.7523
    166.0949	    451.4415
    166.0975	      0.0000
    166.0995	      0.0000
    166.1015	      0.0000
    166.1036	      0.0000
    167.0948	      0.0000
    167.0969	      0.0000
    167.0989	      0.0000
    167.1010	      0.0000
    167.1030	    592.0212
    167.1051	   1110.2994
    167.1071	   1473.0201
    167.1092	   1403.5986
    167.1112	    954.2482
    167.1133	    422.6994
    167.1153	      0.0000
    167.1174	      0.0000
    167.1194	      0.0000
    167.1215	      0.0000
    168.9791	      0.0000
    168.9812	      0.0000
    168.9833	      0.0000
    168.9854	      0.0000
    168.9875	    229.0057
    168.9896	    762.5978
    168.9916	   1548.3784
    168.9937	   2087.6006
    168.9958	   1968.9281
    168.9979	   1287.3845
    169.0000	    543.0264
    169.0013	      0.0000
    169.0034	      0.0000
    169.0055	      0.0000
    169.0076	      0.0000
    169.0701	      0.0000
    169.0722	      0.0000
    169.0743	      0.0000
    169.0764	      0.0000
    169.0785	     65.7240
    169.0806	   1814.2400
    169.0827	   5363.2783
    169.0847	   9125.6475
    169.0868	  10530.7021
    169.0889	   7449.0283
    169.0910	   4053.2683
    169.0931	   1410.7563
    169.0952	    713.6312
    169.0979	      0.0000
    169.1000	      0.0000
    169.1021	      0.0000
    169.1042	      0.0000
    171.0864	      0.0000
    171.0885	      0.0000
    171.0906	      0.0000
    171.0927	      0.0000
    171.0949	    692.5969
    171.0970	   2397.1653
    171.0991	   4206.2090
    171.1012	   5510.5566
    171.1033	   4421.2417
    171.1055	   2618.2214
    171.1076	    834.4245
    171.1097	    279.9663
    171.1119	      0.0000
    171.1140	      0.0000
    171.1162	      0.0000
    171.1183	      0.0000
    173.1058	      0.0000
    173.1080	      0.0000
    173.1101	      0.0000
    173.1123	      0.0000
    173.1145	    519.0182
    173.1166	    939.8967
    173.1188	   1139.2235
    173.1209	    962.2700
    173.1231	    533.6912
    173.1252	      0.0000
    173.1274	      0.0000
    173.1296	      0.0000
    173.1317	      0.0000
    174.6871	      0.0000
    174.6893	      0.0000
    174.6915	      0.0000
    174.6937	      0.0000
    174.6959	    591.5531
    174.6981	    874.4706
    174.7003	    960.1247
    174.7025	    780.2023
    174.7047	    434.9554
    174.7068	      0.0000
    174.7090	      0.0000
    174.7112	      0.0000
    174.7134	      0.0000
    177.0252	      0.0000
    177.0274	      0.0000
    177.0297	      0.0000
    177.0319	      0.0000
    177.0341	    298.6829
    177.0364	    743.3454
    177.0386	   1215.1038
    177.0408	   1362.1351
    177.0431	   1062.9005
    177.0453	    525.7923
    177.0475	      0.0000
    177.0498	      0.0000
    177.0520	      0.0000
    177.0542	      0.0000
    177.0565	      0.0000
    177.0587	      0.0000
    177.0609	    135.4903
    177.0632	   1342.9888
    177.0654	   3086.6138
    177.0676	   4848.1138
    177.0699	   4643.6240
    177.0721	   2891.9119
    177.0743	   1263.9435
    177.0766	    363.5480
    177.0789	      0.0000
    177.0811	      0.0000
    177.0833	      0.0000
    177.0856	      0.0000
    183.9939	      0.0000
    183.9963	      0.0000
    183.9986	      0.0000
    184.0010	      0.0000
    184.0034	    360.6583
    184.0057	    783.5869
    184.0081	   1050.9121
    184.0105	    966.5101
    184.0128	    599.6049
    184.0152	      0.0000
    184.0176	      0.0000
    184.0199	      0.0000
    184.0223	      0.0000
    185.1020	      0.0000
    185.1044	      0.0000
    185.1068	      0.0000
    185.1092	      0.0000
    185.1116	    361.6218
    185.1140	    851.9346
    185.1164	   1382.8281
    185.1188	   1607.3044
    185.1212	   1364.6528
    185.1235	    814.0992
    185.1259	    307.1331
    185.1283	      0.0000
    185.1307	      0.0000
    185.1331	      0.0000
    185.1355	      0.0000
    191.0436	      0.0000
    191.0462	      0.0000
    191.0487	      0.0000
    191.0512	      0.0000
    191.0537	    635.2778
    191.0562	   1255.6869
    191.0587	   1706.0551
    191.0612	   1662.7695
    191.0637	   1177.7161
    191.0662	    592.1344
    191.0687	      0.0000
    191.0712	      0.0000
    191.0737	      0.0000
    191.0762	      0.0000
    191.0912	      0.0000
    191.0938	      0.0000
    191.0963	      0.0000
    191.0988	      0.0000
    191.1013	    454.1653
    191.1038	   1038.6714
    191.1063	   1447.1882
    191.1088	   1367.4417
    191.1113	    883.3641
    191.1138	    357.0828
    191.1164	      0.0000
    191.1189	      0.0000
    191.1214	      0.0000
    191.1239	      0.0000
    193.1066	      0.0000
    193.1092	      0.0000
    193.1117	      0.0000
    193.1143	      0.0000
    193.1168	    534.1708
    193.1194	   1057.2164
    193.1219	   1456.4799
    193.1244	   1455.6288
    193.1270	   1048.2246
    193.1295	    509.4193
    193.1321	      0.0000
    193.1346	      0.0000
    193.1372	      0.0000
    193.1397	      0.0000
    194.9808	      0.0000
    194.9834	      0.0000
    194.9860	      0.0000
    194.9886	      0.0000
    194.9912	    525.8301
    194.9937	    927.4640
    194.9963	   1048.0959
    194.9989	    808.1033
    195.0015	    400.7281
    195.0041	      0.0000
    195.0067	      0.0000
    195.0092	      0.0000
    195.0118	      0.0000
    195.0351	      0.0000
    195.0377	      0.0000
    195.0402	      0.0000
    195.0428	      0.0000
    195.0454	    688.1332
    195.0480	   1255.2797
    195.0506	   1594.5457
    195.0532	   1477.7084
    195.0557	    988.9703
    195.0583	    440.6007
    195.0609	      0.0000
    195.0635	      0.0000
    195.0661	      0.0000
    195.0687	      0.0000
    195.0868	      0.0000
    195.0893	      0.0000
    195.0919	      0.0000
    195.0945	      0.0000
    195.0971	    373.2381
    195.0997	    886.2566
    195.1023	   1314.0054
    195.1048	   1361.2014
    195.1074	   1004.3925
    195.1100	    504.7876
    195.1118	      0.0000
    195.1144	      0.0000
    195.1170	      0.0000
    195.1196	      0.0000
    199.1467	      0.0000
    199.1494	      0.0000
    199.1520	      0.0000
    199.1547	      0.0000
    199.1574	      0.0000
    199.1600	   1223.3445
    199.1627	   7206.3950
    199.1654	  18586.8633
    199.1680	  30746.8691
    199.1707	  34857.3867
    199.1734	  24444.5430
    199.1760	  13288.4688
    199.1787	   4536.9976
    199.1814	   1727.6963
    199.1840	    815.9899
    199.1867	    138.3223
    199.1898	      0.0000
    199.1925	      0.0000
    199.1952	      0.0000
    199.1978	      0.0000
    201.1048	      0.0000
    201.1075	      0.0000
    201.1102	      0.0000
    201.1129	      0.0000
    201.1157	    652.5251
    201.1184	   3322.6455
    201.1211	   6859.1499
    201.1238	  10264.2783
    201.1265	   9243.5830
    201.1292	   5628.7856
    201.1319	   2299.6853
    201.1346	    668.1401
    201.1376	      0.0000
    201.1403	      0.0000
    201.1430	      0.0000
    201.1457	      0.0000
    208.9965	      0.0000
    208.9993	      0.0000
    209.0022	      0.0000
    209.0051	      0.0000
    209.0079	    679.3372
    209.0108	   1067.2000
    209.0137	   1196.1776
    209.0165	    940.1434
    209.0194	    463.1328
    209.0223	      0.0000
    209.0251	      0.0000
    209.0280	      0.0000
    209.0309	      0.0000
    209.0968	      0.0000
    209.0997	      0.0000
    209.1025	      0.0000
    209.1054	      0.0000
    209.1083	    278.6798
    209.1111	    799.4651
    209.1140	   1613.3488
    209.1169	   3269.2651
    209.1197	   3574.0649
    209.1226	   1849.7524
    209.1255	   1038.8372
    209.1284	    398.5341
    209.1312	      0.0000
    209.1341	      0.0000
    209.1370	      0.0000
    209.1398	      0.0000
    209.1427	      0.0000
    209.1456	      0.0000
    209.1484	      0.0000
    209.1513	    709.4708
    209.1542	   1044.0504
    209.1570	   1057.8542
    209.1599	    751.0682
    209.1628	    340.7584
    209.1648	      0.0000
    209.1676	      0.0000
    209.1705	      0.0000
    209.1734	      0.0000
    211.0715	      0.0000
    211.0744	      0.0000
    211.0773	      0.0000
    211.0802	      0.0000
    211.0832	     87.9984
    211.0861	   2104.4541
    211.0890	   8289.5332
    211.0919	  14619.7031
    211.0948	  19025.3516
    211.0977	  14681.9873
    211.1006	   8543.4434
    211.1035	   2896.3118
    211.1064	   1172.2001
    211.1093	    947.3486
    211.1131	   1543.3962
    211.1160	   1035.2209
    211.1189	    622.7163
    211.1218	      0.0000
    211.1248	    192.2756
    211.1277	   1946.9856
    211.1306	   3703.4785
    211.1335	   4747.9258
    211.1364	   3742.7705
    211.1393	   2094.1343
    211.1422	    459.3699
    211.1451	      0.0000
    211.1480	      0.0000
    211.1509	      0.0000
    211.1539	      0.0000
    212.0795	      0.0000
    212.0824	      0.0000
    212.0853	      0.0000
    212.0883	      0.0000
    212.0912	    404.2645
    212.0941	    934.8746
    212.0971	   1463.0325
    212.1000	   1672.5651
    212.1029	   1417.6683
    212.1059	    866.7480
    212.1088	    349.5282
    212.1117	      0.0000
    212.1146	      0.0000
    212.1176	      0.0000
    212.1205	      0.0000
    213.0968	      0.0000
    213.0997	      0.0000
    213.1027	      0.0000
    213.1056	      0.0000
    213.1086	    528.5659
    213.1115	    951.5684
    213.1145	   1057.0814
    213.1174	    747.9502
    213.1204	    279.0123
    213.1234	      0.0000
    213.1264	      0.0000
    213.1293	      0.0000
    213.1323	      0.0000
    215.1056	      0.0000
    215.1086	      0.0000
    215.1116	      0.0000
    215.1146	      0.0000
    215.1176	    306.0569
    215.1206	    774.7205
    215.1236	   1719.0861
    215.1266	   3020.5720
    215.1295	   3288.1707
    215.1325	   1513.9979
    215.1355	    577.1198
    215.1385	      0.0000
    215.1415	      0.0000
    215.1445	      0.0000
    215.1475	      0.0000
    223.0960	      0.0000
    223.0992	      0.0000
    223.1023	      0.0000
    223.1055	      0.0000
    223.1087	    625.6069
    223.1118	    974.6240
    223.1150	   1059.2289
    223.1181	    817.7849
    223.1213	      0.0000
    223.1245	    343.1600
    223.1276	   1923.9994
    223.1308	   3794.8611
    223.1340	   5558.5630
    223.1371	   4834.2988
    223.1403	   2840.4514
    223.1434	   1048.1304
    223.1466	    409.5017
    223.1497	      0.0000
    223.1529	      0.0000
    223.1561	      0.0000
    223.1592	      0.0000
    227.1098	      0.0000
    227.1131	      0.0000
    227.1163	      0.0000
    227.1196	      0.0000
    227.1228	    737.4651
    227.1260	   1214.3385
    227.1293	   1384.5364
    227.1325	   1153.2999
    227.1358	    698.1589
    227.1390	      0.0000
    227.1423	      0.0000
    227.1455	      0.0000
    227.1488	      0.0000
    227.8649	      0.0000
    227.8681	      0.0000
    227.8714	      0.0000
    227.8747	      0.0000
    227.8779	    419.7549
    227.8812	    834.2659
    227.8844	   1190.4542
    227.8877	   1290.7371
    227.8910	   1090.1157
    227.8942	    714.9826
    227.8976	      0.0000
    227.9009	      0.0000
    227.9041	      0.0000
    227.9074	      0.0000
    230.8466	      0.0000
    230.8500	      0.0000
    230.8533	      0.0000
    230.8566	      0.0000
    230.8599	    552.8847
    230.8633	   1309.7838
    230.8666	   2732.6401
    230.8699	   3563.3630
    230.8732	   1961.0958
    230.8766	   1085.7118
    230.8799	    355.8351
    230.8810	      0.0000
    230.8844	      0.0000
    230.8877	      0.0000
    230.8910	      0.0000
    245.0412	      0.0000
    245.0449	      0.0000
    245.0485	      0.0000
    245.0521	      0.0000
    245.0558	      0.0000
    245.0594	   1605.1207
    245.0631	   4814.8579
    245.0667	   8125.5752
    245.0703	   9628.2998
    245.0740	   7234.7886
    245.0776	   4316.0933
    245.0812	   1785.3361
    245.0849	    483.4513
    245.0908	      0.0000
    245.0944	      0.0000
    245.0980	      0.0000
    245.1017	      0.0000
    245.8678	      0.0000
    245.8715	      0.0000
    245.8751	      0.0000
    245.8788	      0.0000
    245.8824	      0.0000
    245.8861	    785.2528
    245.8898	   2898.9980
    245.8934	   5110.1421
    245.8971	   6347.7256
    245.9007	   4626.9883
    245.9044	   2568.5757
    245.9081	    828.3370
    245.9117	    409.0905
    245.9154	      0.0000
    245.9190	      0.0000
    245.9227	      0.0000
    245.9263	      0.0000
    248.8568	      0.0000
    248.8606	      0.0000
    248.8643	      0.0000
    248.8680	      0.0000
    248.8717	    368.2865
    248.8755	    990.6285
    248.8792	   1584.3464
    248.8829	   1655.4198
    248.8866	   1139.4249
    248.8904	    461.7426
    248.8941	      0.0000
    248.8978	      0.0000
    248.9015	      0.0000
    248.9053	      0.0000
    251.1024	      0.0000
    251.1062	      0.0000
    251.1100	      0.0000
    251.1138	      0.0000
    251.1175	    274.0020
    251.1213	   1775.7391
    251.1251	   3542.6062
    251.1289	   5003.6035
    251.1326	   4072.2185
    251.1364	   2325.2900
    251.1402	    674.4868
    251.1440	      0.0000
    251.1477	      0.0000
    251.1515	      0.0000
    251.1553	    734.3586
    251.1591	   2025.1698
    251.1628	   3527.4160
    251.1666	   4494.3218
    251.1704	   3466.7048
    251.1742	   1931.0776
    251.1780	    670.0171
    251.1799	      0.0000
    251.1837	      0.0000
    251.1875	      0.0000
    251.1913	      0.0000
    261.8791	      0.0000
    261.8831	      0.0000
    261.8871	      0.0000
    261.8911	      0.0000
    261.8952	     10.6722
    261.8992	   1956.3251
    261.9032	   5615.0742
    261.9072	   9507.3994
    261.9112	  10637.8438
    261.9153	   7232.8223
    261.9193	   3746.0667
    261.9233	   1258.9191
    261.9273	    592.6267
    261.9310	      0.0000
    261.9350	      0.0000
    261.9391	      0.0000
    261.9431	      0.0000
    262.5917	      0.0000
    262.5958	      0.0000
    262.5998	      0.0000
    262.6038	      0.0000
    262.6079	      0.0000
    262.6119	   1333.1221
    262.6159	   3903.3494
    262.6200	   6634.8218
    262.6240	   7673.2651
    262.6281	   5474.1606
    262.6321	   3034.6616
    262.6361	   1070.4197
    262.6402	    352.2783
    262.6464	      0.0000
    262.6504	      0.0000
    262.6545	      0.0000
    262.6585	      0.0000
    263.0547	      0.0000
    263.0587	      0.0000
    263.0628	      0.0000
    263.0668	      0.0000
    263.0708	    464.1179
    263.0749	   1088.1477
    263.0789	   1828.8932
    263.0830	   2219.1714
    263.0870	   1991.4784
    263.0911	   1323.7490
    263.0951	    654.5152
    263.0992	      0.0000
    263.1032	      0.0000
    263.1073	      0.0000
    263.1113	      0.0000
    263.1154	    640.8148
    263.1194	   2304.2742
    263.1235	   4061.7900
    263.1275	   5060.7622
    263.1316	   3777.2285
    263.1356	   2164.0437
    263.1397	    660.0986
    263.1426	      0.0000
    263.1466	      0.0000
    263.1507	      0.0000
    263.1547	      0.0000
    263.8688	      0.0000
    263.8729	      0.0000
    263.8770	      0.0000
    263.8810	      0.0000
    263.8851	    259.2414
    263.8892	   1055.4266
    263.8932	  14634.0430
    263.8973	  57744.4375
    263.9014	 106764.6875
    263.9054	 149019.4688
    263.9095	 126111.8047
    263.9136	  77083.0781
    263.9176	  32652.9258
    263.9217	  12322.5576
    263.9258	   6154.5923
    263.9298	   3675.9341
    263.9339	    909.3233
    263.9380	      0.0000
    263.9432	      0.0000
    263.9472	      0.0000
    263.9513	      0.0000
    263.9554	      0.0000
    264.0530	      0.0000
    264.0571	      0.0000
    264.0612	      0.0000
    264.0652	      0.0000
    264.0693	    667.2982
    264.0734	   1325.6119
    264.0775	   1775.0935
    264.0815	   1657.0762
    264.0856	   1061.5461
    264.0897	    422.1053
    264.0937	      0.0000
    264.0978	      0.0000
    264.1019	      0.0000
    264.1059	      0.0000
    268.1372	      0.0000
    268.1414	      0.0000
    268.1455	      0.0000
    268.1497	      0.0000
    268.1539	    441.8024
    268.1580	   1019.9973
    268.1622	   1467.2644
    268.1664	   1410.4326
    268.1705	    888.4725
    268.1747	    306.9050
    268.1789	      0.0000
    268.1830	      0.0000
    268.1872	      0.0000
    268.1914	      0.0000
    268.9512	      0.0000
    268.9554	      0.0000
    268.9596	      0.0000
    268.9637	      0.0000
    268.9679	    520.2424
    268.9721	   1277.3792
    268.9763	   2075.4749
    268.9805	   3428.0813
    268.9847	   1917.7517
    268.9888	   1072.7108
    268.9930	    381.4800
    268.9972	      0.0000
    269.0014	      0.0000
    269.0056	      0.0000
    269.0098	      0.0000
    269.0140	      0.0000
    269.0181	      0.0000
    269.0223	      0.0000
    269.0265	    756.7225
    269.0307	   1245.0095
    269.0349	   1422.8761
    269.0391	   1165.4319
    269.0433	    667.2526
    269.0474	      0.0000
    269.0516	      0.0000
    269.0558	      0.0000
    269.0600	      0.0000
    269.1102	      0.0000
    269.1144	      0.0000
    269.1186	      0.0000
    269.1228	      0.0000
    269.1270	    345.6234
    269.1312	    858.4004
    269.1354	   1645.4879
    269.1396	   2110.9727
    269.1437	   1875.2258
    269.1479	   1150.1447
    269.1521	    464.6704
    269.1563	      0.0000
    269.1605	      0.0000
    269.1647	      0.0000
    269.1689	    724.3112
    269.1731	   1051.6295
    269.1773	   1166.3494
    269.1814	    943.6143
    269.1856	    505.1160
    269.1898	      0.0000
    269.1940	      0.0000
    269.1982	      0.0000
    269.2024	      0.0000
    274.1246	      0.0000
    274.1289	      0.0000
    274.1332	      0.0000
    274.1375	      0.0000
    274.1418	    403.2376
    274.1462	    847.0344
    274.1505	   1152.6699
    274.1548	   1097.6501
    274.1591	    726.1796
    274.1634	      0.0000
    274.1677	      0.0000
    274.1720	      0.0000
    274.1763	      0.0000
    275.1218	      0.0000
    275.1261	      0.0000
    275.1305	      0.0000
    275.1348	      0.0000
    275.1391	    507.2805
    275.1434	   1949.1478
    275.1478	   3577.9275
    275.1521	   4782.4639
    275.1564	   3737.8320
    275.1608	   2106.2939
    275.1651	    682.7494
    275.1695	      0.0000
    275.1739	      0.0000
    275.1782	      0.0000
    275.1825	      0.0000
    279.8925	      0.0000
    279.8970	      0.0000
    279.9014	      0.0000
    279.9059	      0.0000
    279.9103	    566.3500
    279.9148	   1202.5776
    279.9192	   1689.4047
    279.9236	   1647.6639
    279.9281	   1095.2533
    279.9325	    436.0694
    279.9370	      0.0000
    279.9414	      0.0000
    279.9459	      0.0000
    279.9503	      0.0000
    280.8410	      0.0000
    280.8455	      0.0000
    280.8499	      0.0000
    280.8544	      0.0000
    280.8589	    472.6112
    280.8633	    850.2639
    280.8678	   1020.0303
    280.8723	    870.1304
    280.8767	    510.0645
    280.8797	      0.0000
    280.8842	      0.0000
    280.8887	      0.0000
    280.8931	      0.0000
    281.8781	      0.0000
    281.8826	      0.0000
    281.8871	      0.0000
    281.8916	      0.0000
    281.8961	      0.0000
    281.9006	   2051.2251
    281.9051	  11699.6289
    281.9096	  26309.4766
    281.9141	  42022.7305
    281.9185	  43212.7383
    281.9230	  28526.6445
    281.9275	  14556.5957
    281.9320	   5053.7417
    281.9365	   2364.9739
    281.9410	   1714.5460
    281.9455	   1017.2889
    281.9500	    422.2268
    281.9559	      0.0000
    281.9604	      0.0000
    281.9649	      0.0000
    281.9694	      0.0000
    284.9799	      0.0000
    284.9845	      0.0000
    284.9890	      0.0000
    284.9936	      0.0000
    284.9981	    703.3755
    285.0027	   1981.6790
    285.0073	   3398.0674
    285.0118	   4171.5957
    285.0164	   2994.8354
    285.0210	   1667.0444
    285.0255	    338.8327
    285.0301	      0.0000
    285.0347	    540.0092
    285.0392	    889.8538
    285.0438	   1138.7201
    285.0484	   1049.0597
    285.0529	    652.3315
    285.0575	      0.0000
    285.0620	      0.0000
    285.0666	    744.4728
    285.0712	   1395.2089
    285.0757	   1767.4430
    285.0803	   1650.3175
    285.0849	   1183.4098
    285.0894	    657.5845
    285.0940	      0.0000
    285.0986	      0.0000
    285.1031	      0.0000
    285.1077	      0.0000
    286.1379	      0.0000
    286.1425	      0.0000
    286.1471	      0.0000
    286.1517	      0.0000
    286.1563	    357.3612
    286.1609	   1011.7676
    286.1655	   1594.8708
    286.1701	   1685.2102
    286.1746	   1264.3590
    286.1792	    700.1349
    286.1838	      0.0000
    286.1884	    594.7225
    286.1930	   1174.6799
    286.1976	   1867.2896
    286.2022	   2280.6450
    286.2068	   2124.0554
    286.2114	   1452.0461
    286.2160	    667.2990
    286.2195	      0.0000
    286.2241	      0.0000
    286.2287	      0.0000
    286.2333	      0.0000
    286.8867	      0.0000
    286.8913	      0.0000
    286.8959	      0.0000
    286.9005	      0.0000
    286.9051	    806.0378
    286.9097	   5170.3276
    286.9143	  13592.3740
    286.9190	  22688.4160
    286.9236	  25797.8066
    286.9282	  17934.4922
    286.9328	   9630.7012
    286.9374	   3096.6609
    286.9420	   1218.7893
    286.9466	   1073.2185
    286.9523	   1332.0986
    286.9569	   1433.1663
    286.9615	    649.2642
    286.9630	      0.0000
    286.9676	      0.0000
    286.9722	      0.0000
    286.9768	      0.0000
    287.0460	      0.0000
    287.0506	      0.0000
    287.0552	      0.0000
    287.0598	      0.0000
    287.0644	     95.6989
    287.0690	   1500.5752
    287.0737	   4051.1079
    287.0783	   6628.9966
    287.0829	   7393.6060
    287.0875	   5325.7959
    287.0921	   3014.0229
    287.0967	   1130.6100
    287.1013	    375.0178
    287.1092	      0.0000
    287.1138	      0.0000
    287.1184	      0.0000
    287.1231	      0.0000
    296.1301	      0.0000
    296.1349	      0.0000
    296.1398	      0.0000
    296.1446	      0.0000
    296.1494	    370.8262
    296.1543	    936.3467
    296.1591	   1536.0258
    296.1639	   1762.1449
    296.1688	   1439.1208
    296.1736	    800.1624
    296.1784	      0.0000
    296.1833	      0.0000
    296.1881	      0.0000
    296.1929	      0.0000
    297.1235	      0.0000
    297.1284	      0.0000
    297.1332	      0.0000
    297.1381	      0.0000
    297.1429	    595.1511
    297.1478	   1140.9775
    297.1526	   1447.6383
    297.1575	   1280.7660
    297.1624	    780.4625
    297.1672	      0.0000
    297.1721	      0.0000
    297.1769	      0.0000
    297.1818	      0.0000
    299.8628	      0.0000
    299.8677	      0.0000
    299.8726	      0.0000
    299.8776	      0.0000
    299.8825	    518.2760
    299.8874	    989.1102
    299.8923	   1207.6981
    299.8973	   1012.2528
    299.9022	    547.7999
    299.9071	      0.0000
    299.9120	      0.0000
    299.9170	      0.0000
    299.9219	      0.0000
    303.0250	      0.0000
    303.0300	      0.0000
    303.0350	      0.0000
    303.0400	      0.0000
    303.0450	    689.8458
    303.0500	   1314.1782
    303.0551	   1812.5754
    303.0601	   1929.8148
    303.0651	   1705.0674
    303.0701	   1309.3870
    303.0751	    867.7414
    303.0801	    493.8838
    303.0852	      0.0000
    303.0902	      0.0000
    303.0952	      0.0000
    303.1002	    567.2089
    303.1053	   5298.2183
    303.1103	  17425.0801
    303.1153	  33153.0898
    303.1203	  48918.5352
    303.1253	  46349.4609
    303.1303	  29826.5430
    303.1353	  14264.3672
    303.1403	   5366.2588
    303.1453	   3257.1538
    303.1502	   3258.4702
    303.1552	   2280.6357
    303.1602	   1245.0127
    303.1652	    716.2989
    303.1702	   1955.3910
    303.1752	   4673.9541
    303.1802	   6274.7412
    303.1852	   4253.0493
    303.1902	   1867.6497
    303.1952	    101.2165
    303.2002	      0.0000
    303.2052	   1350.2628
    303.2102	   3244.4836
    303.2153	   4958.0391
    303.2203	   4750.1577
    303.2253	   1645.3826
    303.2303	    680.4937
    303.2353	      0.0000
    303.2403	      0.0000
    303.2453	      0.0000
    303.2503	      0.0000
    303.2553	    489.0086
    303.2603	    926.6073
    303.2653	   1549.7052
    303.2703	   1884.3579
    303.2754	   1650.3066
    303.2804	   1015.6416
    303.2854	    403.9854
    303.2904	      0.0000
    303.2954	      0.0000
    303.3004	      0.0000
    303.3054	      0.0000
    304.0332	      0.0000
    304.0383	      0.0000
    304.0433	      0.0000
    304.0483	      0.0000
    304.0534	    491.9522
    304.0584	   1098.9661
    304.0634	   1776.5973
    304.0684	   2114.1582
    304.0735	   1870.0414
    304.0785	   1206.5938
    304.0835	    547.0026
    304.0886	      0.0000
    304.0936	      0.0000
    304.0986	      0.0000
    304.1036	      0.0000
    304.1087	    474.3979
    304.1137	   2597.5168
    304.1187	   5157.1680
    304.1238	   7615.2456
    304.1288	   6761.4438
    304.1338	   4115.2339
    304.1389	   1547.1724
    304.1439	    710.8614
    304.1489	   1346.6654
    304.1540	   1936.6367
    304.1590	   1874.6431
    304.1640	   1153.2551
    304.1691	    422.1881
    304.1756	      0.0000
    304.1806	      0.0000
    304.1857	      0.0000
    304.1907	      0.0000
    304.2511	      0.0000
    304.2561	      0.0000
    304.2612	      0.0000
    304.2662	      0.0000
    304.2712	    731.6875
    304.2763	   2584.6833
    304.2813	   4881.9185
    304.2863	   7014.9004
    304.2914	   6249.2847
    304.2964	   3756.7188
    304.3014	   1440.6532
    304.3065	     88.5351
    304.3100	      0.0000
    304.3150	      0.0000
    304.3201	      0.0000
    304.3251	      0.0000
    304.9303	      0.0000
    304.9353	      0.0000
    304.9404	      0.0000
    304.9454	      0.0000
    304.9505	    424.4432
    304.9555	   1921.4027
    304.9606	   3583.0261
    304.9656	   4864.0991
    304.9707	   3824.1396
    304.9757	   2150.7354
    304.9808	    594.9769
    304.9858	      0.0000
    304.9909	      0.0000
    304.9960	      0.0000
    305.0010	      0.0000
    305.0313	      0.0000
    305.0364	      0.0000
    305.0414	      0.0000
    305.0465	      0.0000
    305.0515	    599.9670
    305.0566	    845.4438
    305.0616	   1009.7344
    305.0667	   1117.9844
    305.0718	      0.0000
    305.0768	      0.0000
    305.0819	      0.0000
    305.0869	   1216.4625
    305.0920	   5200.7427
    305.0970	   9951.7305
    305.1021	  12528.1270
    305.1071	   9670.0234
    305.1122	   5086.0801
    305.1172	    962.6148
    305.1223	   1508.9044
    305.1274	   7624.7300
    305.1324	  14188.0645
    305.1375	  19989.8125
    305.1425	  16547.8867
    305.1476	  10225.2480
    305.1526	   5439.7764
    305.1577	    540.3007
    305.1628	   1351.2754
    305.1678	   3218.5605
    305.1729	   1063.8091
    305.1779	      0.0000
    305.1811	      0.0000
    305.1862	      0.0000
    305.1912	      0.0000
    305.1963	      0.0000
    319.1234	      0.0000
    319.1288	      0.0000
    319.1342	      0.0000
    319.1396	      0.0000
    319.1450	    509.7233
    319.1504	   5855.4370
    319.1558	  17965.6523
    319.1612	  30649.1680
    319.1667	  37537.5469
    319.1721	  27756.8223
    319.1775	  15877.6553
    319.1829	   5720.3916
    319.1883	   2284.0051
    319.1937	   1131.0310
    319.1991	    554.4160
    319.2046	      0.0000
    319.2100	      0.0000
    319.2155	      0.0000
    319.2209	      0.0000
    319.6270	      0.0000
    319.6324	      0.0000
    319.6378	      0.0000
    319.6433	      0.0000
    319.6487	    547.9344
    319.6541	   3597.0454
    319.6595	   8592.5732
    319.6649	  13897.4746
    319.6704	  14744.2412
    319.6758	   9885.9092
    319.6812	   5096.1860
    319.6866	   1658.3259
    319.6920	    542.6470
    319.6993	      0.0000
    319.7048	      0.0000
    319.7102	      0.0000
    319.7156	      0.0000
    320.1335	      0.0000
    320.1390	      0.0000
    320.1444	      0.0000
    320.1498	      0.0000
    320.1553	    607.9717
    320.1607	   1278.4031
    320.1661	   1838.4850
    320.1716	   1859.9740
    320.1770	   1299.0605
    320.1824	    561.4231
    320.1879	      0.0000
    320.1933	      0.0000
    320.1987	      0.0000
    320.2042	      0.0000
    321.1247	      0.0000
    321.1301	      0.0000
    321.1356	      0.0000
    321.1410	      0.0000
    321.1465	    498.6496
    321.1520	    859.1438
    321.1574	   1074.6472
    321.1629	    987.9265
    321.1683	    629.7783
    321.1738	      0.0000
    321.1793	      0.0000
    321.1847	      0.0000
    321.1902	      0.0000
    323.6338	      0.0000
    323.6393	      0.0000
    323.6448	      0.0000
    323.6503	      0.0000
    323.6558	    738.0136
    323.6614	   1294.8224
    323.6669	   1559.0543
    323.6724	   1328.5157
    323.6779	    771.1640
    323.6834	      0.0000
    323.6890	      0.0000
    323.6945	      0.0000
    323.7000	      0.0000
    332.1367	      0.0000
    332.1424	      0.0000
    332.1482	      0.0000
    332.1539	      0.0000
    332.1596	    476.8615
    332.1654	   1133.2240
    332.1711	   1646.3649
    332.1769	   1641.8828
    332.1826	   1132.8789
    332.1884	    503.8412
    332.1925	      0.0000
    332.1983	      0.0000
    332.2040	      0.0000
    332.2098	      0.0000
    341.1329	      0.0000
    341.1389	      0.0000
    341.1449	      0.0000
    341.1509	      0.0000
    341.1568	    453.1538
    341.1628	   3628.7000
    341.1688	  10582.3506
    341.1748	  17989.0879
    341.1807	  21552.9531
    341.1867	  15638.9854
    341.1927	   8749.3926
    341.1987	   3014.9612
    341.2047	   1121.7969
    341.2106	    496.9702
    341.2183	      0.0000
    341.2243	      0.0000
    341.2303	      0.0000
    341.2363	      0.0000
    341.6372	      0.0000
    341.6432	      0.0000
    341.6492	      0.0000
    341.6552	      0.0000
    341.6612	    490.7575
    341.6672	    850.5112
    341.6732	   2490.9658
    341.6792	   4261.3794
    341.6851	   4851.8545
    341.6911	   3483.5432
    341.6971	   1305.0869
    341.7031	    466.7892
    341.7091	      0.0000
    341.7151	      0.0000
    341.7211	      0.0000
    341.7271	      0.0000
    345.6433	      0.0000
    345.6493	      0.0000
    345.6554	      0.0000
    345.6615	      0.0000
    345.6676	    667.1541
    345.6737	   1141.0339
    345.6798	   1347.2104
    345.6859	   1122.9913
    345.6920	    623.5765
    345.6981	      0.0000
    345.7042	      0.0000
    345.7103	      0.0000
    345.7164	      0.0000
    346.1375	      0.0000
    346.1436	      0.0000
    346.1497	      0.0000
    346.1558	      0.0000
    346.1619	    578.8917
    346.1680	   2071.5750
    346.1742	   3611.9407
    346.1803	   4297.8613
    346.1864	   2994.6379
    346.1925	   1241.9496
    346.1986	    450.3689
    346.2047	      0.0000
    346.2108	      0.0000
    346.2169	      0.0000
    346.2230	      0.0000
    353.6361	      0.0000
    353.6424	      0.0000
    353.6487	      0.0000
    353.6550	      0.0000
    353.6614	    304.9327
    353.6677	    802.8556
    353.6740	   1297.6780
    353.6803	   1455.1436
    353.6866	   1165.6802
    353.6929	    633.0295
    353.6992	      0.0000
    353.7055	      0.0000
    353.7118	      0.0000
    353.7181	      0.0000
    358.6339	      0.0000
    358.6404	      0.0000
    358.6468	      0.0000
    358.6532	      0.0000
    358.6597	    579.5436
    358.6661	    970.2710
    358.6726	   1117.9794
    358.6790	    927.2307
    358.6855	    537.9784
    358.6919	      0.0000
    358.6983	      0.0000
    358.7048	      0.0000
    358.7112	      0.0000
    359.6475	      0.0000
    359.6539	      0.0000
    359.6604	      0.0000
    359.6669	      0.0000
    359.6734	    459.6885
    359.6798	    926.2488
    359.6863	   1171.3890
    359.6928	   1003.6201
    359.6992	    551.9272
    359.7057	      0.0000
    359.7122	      0.0000
    359.7186	      0.0000
    359.7251	      0.0000
    362.1120	      0.0000
    362.1185	      0.0000
    362.1251	      0.0000
    362.1316	      0.0000
    362.1381	    563.9891
    362.1447	    896.7238
    362.1512	   1053.4854
    362.1578	    931.8638
    362.1643	    591.7252
    362.1710	      0.0000
    362.1775	      0.0000
    362.1841	      0.0000
    362.1906	      0.0000
    368.1475	      0.0000
    368.1542	      0.0000
    368.1609	      0.0000
    368.1676	      0.0000
    368.1743	    499.8550
    368.1810	   1329.3522
    368.1877	   2910.1599
    368.1944	   3780.3647
    368.2011	   2751.9028
    368.2078	   1271.8539
    368.2145	    487.1152
    368.2212	      0.0000
    368.2279	      0.0000
    368.2346	      0.0000
    368.2413	      0.0000
    368.6438	      0.0000
    368.6505	      0.0000
    368.6572	      0.0000
    368.6640	      0.0000
    368.6707	    600.6777
    368.6774	   1345.9084
    368.6841	   2088.1729
    368.6908	   2332.2720
    368.6975	   1914.0571
    368.7043	   1136.9474
    368.7110	    465.9967
    368.7177	      0.0000
    368.7244	      0.0000
    368.7311	      0.0000
    368.7378	      0.0000
    374.6787	      0.0000
    374.6856	      0.0000
    374.6925	      0.0000
    374.6994	      0.0000
    374.7062	    645.9208
    374.7131	   1085.5635
    374.7200	   1256.2839
    374.7269	   1038.0414
    374.7338	    588.4708
    374.7406	      0.0000
    374.7475	      0.0000
    374.7544	      0.0000
    374.7613	      0.0000
    375.6644	      0.0000
    375.6713	      0.0000
    375.6782	      0.0000
    375.6851	      0.0000
    375.6920	    725.4916
    375.6989	   1414.9172
    375.7058	   1926.6702
    375.7127	   1916.5148
    375.7197	   1397.8801
    375.7266	    723.9240
    375.7335	      0.0000
    375.7404	      0.0000
    375.7473	      0.0000
    375.7542	      0.0000
    380.6375	      0.0000
    380.6446	      0.0000
    380.6516	      0.0000
    380.6587	      0.0000
    380.6657	    330.5657
    380.6727	    833.7156
    380.6798	   1280.5656
    380.6868	   1348.5631
    380.6939	    977.8894
    380.7009	    444.7423
    380.7080	      0.0000
    380.7150	      0.0000
    380.7221	      0.0000
    380.7291	      0.0000
    381.1452	      0.0000
    381.1523	      0.0000
    381.1593	      0.0000
    381.1664	      0.0000
    381.1734	    433.0152
    381.1805	   1138.7366
    381.1875	   2752.7766
    381.1946	   4169.2041
    381.2017	   4014.2813
    381.2087	   2631.6384
    381.2158	    877.9355
    381.2228	    262.5345
    381.2301	      0.0000
    381.2371	      0.0000
    381.2442	      0.0000
    381.2512	      0.0000
    419.2752	      0.0000
    419.2833	      0.0000
    419.2915	      0.0000
    419.2996	      0.0000
    419.3078	    510.1531
    419.3159	    934.7819
    419.3241	   1084.5865
    419.3322	    836.8443
    419.3404	    391.5945
    419.3485	      0.0000
    419.3566	      0.0000
    419.3648	      0.0000
    419.3729	      0.0000
    423.1454	      0.0000
    423.1537	      0.0000
    423.1620	      0.0000
    423.1702	      0.0000
    423.1785	    416.7047
    423.1867	    942.6360
    423.1950	   1294.2760
    423.2032	   1225.0793
    423.2115	    812.0942
    423.2198	    352.2720
    423.2246	      0.0000
    423.2329	      0.0000
    423.2412	      0.0000
    423.2494	      0.0000
    480.1286	      0.0000
    480.1386	      0.0000
    480.1485	      0.0000
    480.1585	      0.0000
    480.1685	      0.0000
    480.1785	   1408.6805
    480.1885	   9162.3389
    480.1985	  20950.8965
    480.2084	  33645.6523
    480.2184	  34691.7813
    480.2284	  22844.4453
    480.2384	  11606.0068
    480.2484	   4035.5823
    480.2583	   1744.7291
    480.2683	    874.6131
    480.2821	   1002.8293
    480.2921	      0.0000
    480.2978	      0.0000
    480.3077	      0.0000
    480.3177	      0.0000
    480.3277	      0.0000
    481.1376	      0.0000
    481.1476	      0.0000
    481.1576	      0.0000
    481.1676	      0.0000
    481.1776	      0.0000
    481.1876	   1438.2747
    481.1976	   4716.5161
    481.2076	   8132.4849
    481.2176	   9882.7178
    481.2277	   7185.2861
    481.2377	   3980.7793
    481.2477	   1428.4625
    481.2577	    632.9846
    481.2720	      0.0000
    481.2820	      0.0000
    481.2921	      0.0000
    481.3021	      0.0000
    482.1545	      0.0000
    482.1646	      0.0000
    482.1746	      0.0000
    482.1847	      0.0000
    482.1947	    695.2706
    482.2048	   1107.5601
    482.2148	   1234.6138
    482.2248	    974.2049
    482.2349	    503.2624
    482.2404	      0.0000
    482.2505	      0.0000
    482.2605	      0.0000
    482.2706	      0.0000
    524.1557	      0.0000
    524.1670	      0.0000
    524.1784	      0.0000
    524.1898	      0.0000
    524.2012	    400.7534
    524.2126	   2847.9402
    524.2240	   6200.2964
    524.2353	   9616.2295
    524.2467	   9315.9736
    524.2581	   6020.7466
    524.2695	   2962.2371
    524.2809	   1000.7960
    524.2923	    378.2334
    524.3084	      0.0000
    524.3198	      0.0000
    524.3312	      0.0000
    524.3426	      0.0000
    525.1750	      0.0000
    525.1864	      0.0000
    525.1978	      0.0000
    525.2092	      0.0000
    525.2206	    574.7339
    525.2320	   1142.6981
    525.2435	   1551.6439
    525.2549	   1528.6404
    525.2663	   1096.2909
    525.2777	    539.9886
    525.2892	      0.0000
    525.3006	      0.0000
    525.3120	      0.0000
    525.3235	      0.0000
    593.1991	      0.0000
    593.2128	      0.0000
    593.2265	      0.0000
    593.2402	      0.0000
    593.2539	    552.1200
    593.2676	   1286.1085
    593.2813	   2991.8022
    593.2950	   4813.8364
    593.3087	   4759.1494
    593.3224	   3026.4800
    593.3361	   1429.5763
    593.3498	    368.0973
    593.3635	      0.0000
    593.3773	      0.0000
    593.3910	      0.0000
    593.4047	      0.0000
    594.2145	      0.0000
    594.2282	      0.0000
    594.2420	      0.0000
    594.2557	      0.0000
    594.2694	    569.4531
    594.2832	   1193.1865
    594.2969	   1607.2717
    594.3107	   1490.0721
    594.3244	    931.9700
    594.3381	    340.7765
    594.3519	      0.0000
    594.3657	      0.0000
    594.3794	      0.0000
    594.3932	      0.0000
    613.6529	      0.0000
    613.6673	      0.0000
    613.6817	      0.0000
    613.6962	      0.0000
    613.7106	    390.1853
    613.7250	    850.7446
    613.7394	   1151.5597
    613.7539	   1076.4614
    613.7683	    698.3926
    613.7828	      0.0000
    613.7972	      0.0000
    613.8116	      0.0000
    613.8261	      0.0000
    694.2487	      0.0000
    694.2661	      0.0000
    694.2834	      0.0000
    694.3008	      0.0000
    694.3181	    456.4572
    694.3355	    811.8904
    694.3528	    980.2740
    694.3702	    850.9619
    694.3876	    510.9924
    694.4049	      0.0000
    694.4223	      0.0000
    694.4397	      0.0000
    694.4570	      0.0000
    720.9891	      0.0000
    721.0075	      0.0000
    721.0258	      0.0000
    721.0442	      0.0000
    721.0626	    596.0100
    721.0809	    918.0231
    721.0993	   1012.9359
    721.1177	    799.1074
    721.1360	    407.0001
    721.1544	      0.0000
    721.1728	      0.0000
    721.1912	      0.0000
    721.2095	      0.0000
    959.5837	      0.0000
    959.6119	      0.0000
    959.6401	      0.0000
    959.6683	      0.0000
