# ljz_20131022_MR_Chym1_ELUTE.mzML
#
# index: 7173
# id: controllerType=0 controllerNumber=1 scan=16366
# scanNumber: 16366
# massAnalyzerType: quadrupole
# scanEvent: 2
# msLevel: 2
# retentionTime: 4004.34
# filterString: FTMS + p NSI d Full ms2 859.72@hcd28.00 [100.00-2650.00]
# mzLow: 99.0036
# mzHigh: 2677.22
# basePeakMZ: 204.087
# basePeakIntensity: 142041
# totalIonCurrent: 1.25698e+006
# precursorCount: 1
# precursor 0: 859.382 866629
# binary (2001): 
     99.0036	      0.0000
     99.0045	      0.0000
     99.0055	      0.0000
     99.0064	      0.0000
    101.0648	      0.0000
    101.0657	      0.0000
    101.0667	      0.0000
    101.0677	      0.0000
    101.0686	    589.5673
    101.0696	   1458.2283
    101.0705	   2421.2942
    101.0715	   2863.4517
    101.0725	   2469.9692
    101.0734	   1535.4705
    101.0744	    655.6601
    101.0754	      0.0000
    101.0763	      0.0000
    101.0773	      0.0000
    101.0782	      0.0000
    102.0501	      0.0000
    102.0511	      0.0000
    102.0521	      0.0000
    102.0530	      0.0000
    102.0540	    516.7682
    102.0550	   1287.0865
    102.0560	   1736.0173
    102.0569	   1515.8590
    102.0579	    845.9376
    102.0588	      0.0000
    102.0598	      0.0000
    102.0608	      0.0000
    102.0618	      0.0000
    109.0219	      0.0000
    109.0230	      0.0000
    109.0241	      0.0000
    109.0251	      0.0000
    109.0262	    779.3870
    109.0273	   1804.7083
    109.0284	   2695.7083
    109.0295	   2817.0920
    109.0305	   2074.1611
    109.0316	   1018.1707
    109.0327	      0.0000
    109.0338	      0.0000
    109.0349	      0.0000
    109.0359	      0.0000
    110.0648	      0.0000
    110.0659	      0.0000
    110.0670	      0.0000
    110.0681	      0.0000
    110.0692	    996.1793
    110.0703	   1787.8683
    110.0714	   2228.7954
    110.0725	   1994.7028
    110.0736	   1246.5923
    110.0747	    476.5732
    110.0758	      0.0000
    110.0769	      0.0000
    110.0780	      0.0000
    110.0790	      0.0000
    111.0373	      0.0000
    111.0384	      0.0000
    111.0395	      0.0000
    111.0406	      0.0000
    111.0417	    460.1766
    111.0428	   1175.2091
    111.0439	   1685.6176
    111.0450	   1631.7169
    111.0461	   1084.0486
    111.0472	    456.4305
    111.0483	      0.0000
    111.0494	      0.0000
    111.0506	      0.0000
    111.0517	      0.0000
    113.0645	      0.0000
    113.0657	      0.0000
    113.0668	      0.0000
    113.0679	      0.0000
    113.0691	    844.1086
    113.0702	   1778.3029
    113.0714	   2371.2637
    113.0725	   2206.9648
    113.0736	   1448.4200
    113.0748	    625.9908
    113.0762	      0.0000
    113.0773	      0.0000
    113.0785	      0.0000
    113.0796	      0.0000
    115.0298	      0.0000
    115.0310	      0.0000
    115.0322	      0.0000
    115.0333	      0.0000
    115.0345	    609.4693
    115.0357	   1498.6533
    115.0368	   4792.3750
    115.0380	   9620.1377
    115.0392	  14676.0186
    115.0404	  14385.9248
    115.0415	   8933.6836
    115.0427	   3900.4216
    115.0439	    462.5822
    115.0447	      0.0000
    115.0459	      0.0000
    115.0471	      0.0000
    115.0482	      0.0000
    119.0412	      0.0000
    119.0425	      0.0000
    119.0437	      0.0000
    119.0449	      0.0000
    119.0462	    354.1962
    119.0474	   1200.5222
    119.0486	   2032.4532
    119.0499	   2177.2065
    119.0511	   1494.0974
    119.0523	    589.3124
    119.0535	      0.0000
    119.0548	      0.0000
    119.0560	      0.0000
    119.0572	      0.0000
    120.0716	      0.0000
    120.0729	      0.0000
    120.0741	      0.0000
    120.0754	      0.0000
    120.0766	    582.5845
    120.0779	   1706.9777
    120.0791	   4265.8584
    120.0804	   7078.1348
    120.0816	   8039.7354
    120.0829	   5509.6040
    120.0841	   2762.5332
    120.0854	    455.3368
    120.0866	      0.0000
    120.0878	      0.0000
    120.0891	      0.0000
    120.0903	      0.0000
    126.0398	      0.0000
    126.0412	      0.0000
    126.0425	      0.0000
    126.0439	      0.0000
    126.0452	     46.2731
    126.0466	   2427.2798
    126.0479	   1203.6216
    126.0495	   2325.1851
    126.0508	   6032.3887
    126.0521	  18492.2734
    126.0535	  39594.2695
    126.0548	  62521.6602
    126.0562	  66801.4453
    126.0575	  44643.0313
    126.0589	  22496.7422
    126.0602	   5451.0942
    126.0615	    358.8058
    126.0628	      0.0000
    126.0642	      0.0000
    126.0655	      0.0000
    126.0668	      0.0000
    127.0283	      0.0000
    127.0296	      0.0000
    127.0310	      0.0000
    127.0323	      0.0000
    127.0337	    834.1552
    127.0351	   3343.0896
    127.0364	  11018.3809
    127.0378	  20885.8379
    127.0391	  30445.1660
    127.0405	  27681.1367
    127.0419	  17159.2012
    127.0432	   7450.5078
    127.0446	   1673.2937
    127.0459	    129.9638
    127.0471	      0.0000
    127.0485	      0.0000
    127.0498	      0.0000
    127.0512	      0.0000
    127.0526	      0.0000
    127.0539	      0.0000
    127.0553	    870.3969
    127.0566	   1816.6472
    127.0580	   2541.7983
    127.0594	   2447.5967
    127.0607	   1587.2140
    127.0621	    620.0090
    127.0634	      0.0000
    127.0648	      0.0000
    127.0661	      0.0000
    127.0675	      0.0000
    128.0335	      0.0000
    128.0349	      0.0000
    128.0363	      0.0000
    128.0377	      0.0000
    128.0390	    378.8669
    128.0404	   1065.1876
    128.0418	   1684.1050
    128.0432	   1826.7826
    128.0445	   1416.4281
    128.0459	    753.6431
    128.0473	      0.0000
    128.0486	      0.0000
    128.0500	      0.0000
    128.0514	      0.0000
    129.0454	      0.0000
    129.0468	      0.0000
    129.0482	      0.0000
    129.0496	      0.0000
    129.0510	    520.9409
    129.0523	   1085.9921
    129.0537	   1501.8634
    129.0551	   1532.5704
    129.0565	   1184.9906
    129.0579	    691.1910
    129.0593	      0.0000
    129.0607	      0.0000
    129.0621	    603.1696
    129.0635	   1315.8016
    129.0649	   2115.4807
    129.0663	   2544.8501
    129.0676	   2304.6108
    129.0690	   1537.7080
    129.0704	    718.7601
    129.0722	      0.0000
    129.0736	      0.0000
    129.0750	      0.0000
    129.0764	      0.0000
    129.0917	      0.0000
    129.0930	      0.0000
    129.0944	      0.0000
    129.0958	      0.0000
    129.0972	    725.7352
    129.0986	   1302.2074
    129.1000	   4524.4883
    129.1014	   8458.1523
    129.1028	  11960.1387
    129.1042	  10096.7012
    129.1056	   5960.5825
    129.1070	   2038.4772
    129.1084	    266.5662
    129.1094	      0.0000
    129.1108	      0.0000
    129.1122	      0.0000
    129.1136	      0.0000
    130.0539	      0.0000
    130.0553	      0.0000
    130.0567	      0.0000
    130.0581	      0.0000
    130.0595	     93.5685
    130.0609	   1645.5558
    130.0623	   6317.6533
    130.0637	  12703.5381
    130.0651	  19311.4844
    130.0665	  18437.7129
    130.0680	  11624.9688
    130.0694	   5311.2246
    130.0708	   1328.8788
    130.0722	    243.2244
    130.0735	      0.0000
    130.0749	      0.0000
    130.0763	      0.0000
    130.0777	      0.0000
    131.0599	      0.0000
    131.0613	      0.0000
    131.0627	      0.0000
    131.0641	      0.0000
    131.0656	    506.8270
    131.0670	   1175.1649
    131.0684	   1809.6428
    131.0698	   2041.6461
    131.0712	   1789.7222
    131.0727	   1253.8837
    131.0741	    703.9554
    131.0755	      0.0000
    131.0769	      0.0000
    131.0784	    878.3527
    131.0798	   1683.0364
    131.0812	   2308.6938
    131.0826	   2283.0923
    131.0841	   1587.0955
    131.0855	    704.5404
    131.0869	      0.0000
    131.0883	      0.0000
    131.0897	      0.0000
    131.0912	      0.0000
    132.0704	      0.0000
    132.0719	      0.0000
    132.0733	      0.0000
    132.0748	      0.0000
    132.0762	    715.3607
    132.0776	   1836.6331
    132.0791	   4540.6470
    132.0805	   6287.0889
    132.0820	   5341.7124
    132.0834	   3163.7273
    132.0848	   1255.8782
    132.0863	    478.1772
    132.0877	      0.0000
    132.0892	      0.0000
    132.0906	      0.0000
    132.0920	      0.0000
    136.0632	      0.0000
    136.0647	      0.0000
    136.0662	      0.0000
    136.0677	      0.0000
    136.0692	    274.5154
    136.0707	   1741.7378
    136.0722	   6637.3301
    136.0737	  14699.3584
    136.0752	  23442.6387
    136.0767	  25250.7246
    136.0782	  17033.8828
    136.0797	   8758.8730
    136.0813	   2204.1411
    136.0828	     15.1063
    136.0844	      0.0000
    136.0859	      0.0000
    136.0874	      0.0000
    136.0889	      0.0000
    138.0387	      0.0000
    138.0402	      0.0000
    138.0418	      0.0000
    138.0433	      0.0000
    138.0448	    135.5361
    138.0464	   1547.5156
    138.0479	   2810.4836
    138.0494	   7002.4614
    138.0510	  21475.7383
    138.0525	  57917.7539
    138.0541	  97503.6328
    138.0556	 122104.0469
    138.0571	  91907.2813
    138.0587	  52363.7734
    138.0602	  15622.1836
    138.0618	   2952.2983
    138.0633	    669.8594
    138.0647	      0.0000
    138.0663	      0.0000
    138.0678	      0.0000
    138.0693	      0.0000
    139.0471	      0.0000
    139.0486	      0.0000
    139.0502	      0.0000
    139.0517	      0.0000
    139.0533	    728.0886
    139.0549	   3123.5735
    139.0564	   6624.0791
    139.0580	  10375.5166
    139.0595	  10560.3682
    139.0611	   6806.4092
    139.0626	   3256.1863
    139.0642	    666.1682
    139.0657	      0.0000
    139.0672	      0.0000
    139.0688	      0.0000
    139.0703	      0.0000
    142.0562	      0.0000
    142.0578	      0.0000
    142.0594	      0.0000
    142.0610	      0.0000
    142.0626	    979.3790
    142.0642	   1416.8176
    142.0658	   1469.3132
    142.0674	   1092.0402
    142.0690	    526.2808
    142.0706	      0.0000
    142.0722	      0.0000
    142.0738	      0.0000
    142.0754	      0.0000
    144.0540	      0.0000
    144.0556	      0.0000
    144.0573	      0.0000
    144.0589	      0.0000
    144.0606	    714.8494
    144.0622	   3431.4890
    144.0638	   6633.8838
    144.0655	   9504.5801
    144.0671	   8072.0396
    144.0688	   4736.8853
    144.0704	   1690.7250
    144.0720	    686.0952
    144.0740	      0.0000
    144.0757	      0.0000
    144.0773	      0.0000
    144.0789	      0.0000
    145.0368	      0.0000
    145.0384	      0.0000
    145.0401	      0.0000
    145.0417	      0.0000
    145.0434	   1045.3495
    145.0451	   3665.4631
    145.0467	  12260.2695
    145.0484	  22083.1016
    145.0500	  30155.8301
    145.0517	  24417.6602
    145.0533	  14367.7246
    145.0550	   4720.7822
    145.0567	   1229.3464
    145.0580	   1555.5996
    145.0596	   2933.3948
    145.0613	   3398.8667
    145.0629	   1783.9348
    145.0646	    527.9040
    145.0663	      0.0000
    145.0679	      0.0000
    145.0696	      0.0000
    145.0712	      0.0000
    145.0878	      0.0000
    145.0895	      0.0000
    145.0911	      0.0000
    145.0928	      0.0000
    145.0944	    924.1185
    145.0961	   1650.7756
    145.0977	   1926.7280
    145.0994	   1588.5323
    145.1011	    923.8689
    145.1027	      0.0000
    145.1044	      0.0000
    145.1060	      0.0000
    145.1077	      0.0000
    155.0703	      0.0000
    155.0722	      0.0000
    155.0740	      0.0000
    155.0758	      0.0000
    155.0777	    748.7657
    155.0795	   1548.8843
    155.0813	   2091.2041
    155.0832	   1911.2456
    155.0850	   1173.1893
    155.0868	    423.2924
    155.0887	      0.0000
    155.0905	      0.0000
    155.0923	      0.0000
    155.0942	      0.0000
    155.1070	      0.0000
    155.1088	      0.0000
    155.1107	      0.0000
    155.1125	      0.0000
    155.1143	    722.2927
    155.1161	   1269.8383
    155.1180	   1519.8320
    155.1198	   1290.3972
    155.1216	    745.9078
    155.1235	      0.0000
    155.1254	      0.0000
    155.1272	      0.0000
    155.1290	      0.0000
    157.0864	      0.0000
    157.0883	      0.0000
    157.0901	      0.0000
    157.0920	      0.0000
    157.0939	    937.3668
    157.0957	   1553.4655
    157.0976	   1872.7924
    157.0995	   1706.7308
    157.1013	   1162.8258
    157.1032	    559.2046
    157.1051	      0.0000
    157.1069	      0.0000
    157.1088	      0.0000
    157.1107	      0.0000
    159.0658	      0.0000
    159.0677	      0.0000
    159.0696	      0.0000
    159.0715	      0.0000
    159.0734	    614.8465
    159.0753	   1304.4269
    159.0772	   2254.6924
    159.0791	   2305.0896
    159.0810	   1326.2780
    159.0829	    655.2715
    159.0848	   1925.0710
    159.0867	   7636.3047
    159.0886	  19325.5488
    159.0905	  32111.0488
    159.0924	  37751.1641
    159.0943	  26927.7539
    159.0962	  14670.8145
    159.0981	   4196.7979
    159.1000	    712.7242
    159.1019	      0.0000
    159.1038	      0.0000
    159.1058	      0.0000
    159.1077	      0.0000
    160.0811	      0.0000
    160.0830	      0.0000
    160.0849	      0.0000
    160.0868	      0.0000
    160.0888	    564.8861
    160.0907	   1415.9816
    160.0926	   2476.7090
    160.0945	   3071.0537
    160.0964	   2751.1521
    160.0984	   1751.1008
    160.1003	    734.4774
    160.1022	      0.0000
    160.1041	      0.0000
    160.1060	      0.0000
    160.1080	      0.0000
    161.0809	      0.0000
    161.0828	      0.0000
    161.0848	      0.0000
    161.0867	      0.0000
    161.0887	    736.8274
    161.0906	   1267.1304
    161.0925	   1432.7272
    161.0945	   1100.6786
    161.0964	    530.9128
    161.0983	      0.0000
    161.1003	      0.0000
    161.1022	      0.0000
    161.1042	      0.0000
    163.0377	      0.0000
    163.0397	      0.0000
    163.0417	      0.0000
    163.0437	      0.0000
    163.0456	    727.1127
    163.0476	   2158.9495
    163.0496	   1296.8127
    163.0516	   1162.0563
    163.0536	   2758.3857
    163.0556	   9712.9014
    163.0575	  20718.5293
    163.0595	  32420.4805
    163.0615	  33039.7227
    163.0635	  21288.9004
    163.0654	  10152.4648
    163.0674	   2403.2405
    163.0694	    332.2218
    163.0713	      0.0000
    163.0733	      0.0000
    163.0753	      0.0000
    163.0772	      0.0000
    163.1108	      0.0000
    163.1128	      0.0000
    163.1148	      0.0000
    163.1168	      0.0000
    163.1187	    549.8962
    163.1207	   1056.8231
    163.1227	   1315.1171
    163.1247	   1166.0358
    163.1266	    728.2991
    163.1288	      0.0000
    163.1308	      0.0000
    163.1328	      0.0000
    163.1348	      0.0000
    168.0456	      0.0000
    168.0477	      0.0000
    168.0498	      0.0000
    168.0518	      0.0000
    168.0539	    766.1514
    168.0560	   1302.4269
    168.0580	   3789.1931
    168.0601	  12940.0996
    168.0622	  33760.4023
    168.0642	  56466.3398
    168.0663	  68700.0469
    168.0684	  50390.8789
    168.0704	  28085.6738
    168.0725	   8193.1436
    168.0746	   1593.7485
    168.0766	    492.6825
    168.0785	      0.0000
    168.0805	      0.0000
    168.0826	      0.0000
    168.0847	      0.0000
    171.0609	      0.0000
    171.0630	      0.0000
    171.0651	      0.0000
    171.0673	      0.0000
    171.0694	    437.0491
    171.0715	   1218.2067
    171.0736	   2231.9932
    171.0758	   2873.3257
    171.0779	   2675.5486
    171.0800	   1767.9294
    171.0821	    771.5421
    171.0843	      0.0000
    171.0864	      0.0000
    171.0886	      0.0000
    171.0907	      0.0000
    173.0799	      0.0000
    173.0821	      0.0000
    173.0842	      0.0000
    173.0864	      0.0000
    173.0885	    798.3173
    173.0907	   1559.4213
    173.0929	   2011.3840
    173.0950	   1847.5137
    173.0972	   1190.3467
    173.0993	    483.8772
    173.1015	      0.0000
    173.1037	      0.0000
    173.1058	      0.0000
    173.1080	      0.0000
    182.3199	      0.0000
    182.3222	      0.0000
    182.3245	      0.0000
    182.3269	      0.0000
    182.3292	    755.7605
    182.3315	   1175.8024
    182.3339	   1320.5967
    182.3362	   1066.0181
    182.3385	    561.5851
    182.3409	      0.0000
    182.3432	      0.0000
    182.3455	      0.0000
    182.3479	      0.0000
    183.0623	      0.0000
    183.0647	      0.0000
    183.0670	      0.0000
    183.0694	      0.0000
    183.0717	    402.5677
    183.0741	   1076.0430
    183.0764	   1536.7803
    183.0788	   1362.6018
    183.0811	    709.3895
    183.0835	      0.0000
    183.0858	      0.0000
    183.0882	      0.0000
    183.0905	      0.0000
    185.0782	      0.0000
    185.0805	      0.0000
    185.0829	      0.0000
    185.0853	      0.0000
    185.0877	    775.7860
    185.0901	   1754.5490
    185.0925	   2364.6597
    185.0949	   2135.7976
    185.0973	   1289.7512
    185.0997	    485.9918
    185.1020	      0.0000
    185.1044	      0.0000
    185.1068	      0.0000
    185.1092	      0.0000
    186.0564	      0.0000
    186.0588	      0.0000
    186.0612	      0.0000
    186.0636	      0.0000
    186.0660	    662.2354
    186.0684	   3098.0930
    186.0708	  11257.9658
    186.0733	  22192.0566
    186.0757	  33063.0938
    186.0781	  30438.4570
    186.0805	  18990.9492
    186.0829	   8413.1748
    186.0853	   2751.7258
    186.0877	   1460.8114
    186.0902	   2007.4581
    186.0926	    724.0033
    186.0950	      0.0000
    186.0974	      0.0000
    186.0998	      0.0000
    186.1022	      0.0000
    187.1299	      0.0000
    187.1323	      0.0000
    187.1347	      0.0000
    187.1372	      0.0000
    187.1396	   1017.9153
    187.1420	   1632.0317
    187.1445	   1894.0063
    187.1469	   1592.9556
    187.1493	    903.7922
    187.1518	      0.0000
    187.1542	      0.0000
    187.1566	      0.0000
    187.1590	      0.0000
    201.0699	      0.0000
    201.0726	      0.0000
    201.0754	      0.0000
    201.0781	      0.0000
    201.0808	    855.5533
    201.0835	   1908.6360
    201.0862	   2724.6384
    201.0889	   2685.4761
    201.0916	   1820.5328
    201.0943	    780.0403
    201.0970	      0.0000
    201.0997	      0.0000
    201.1024	      0.0000
    201.1051	      0.0000
    201.1078	      0.0000
    201.1105	      0.0000
    201.1132	      0.0000
    201.1159	      0.0000
    201.1186	    736.5175
    201.1213	   1142.5592
    201.1240	   1421.7402
    201.1268	   1359.1217
    201.1295	    958.9576
    201.1322	      0.0000
    201.1349	      0.0000
    201.1377	      0.0000
    201.1404	      0.0000
    204.0423	      0.0000
    204.0451	      0.0000
    204.0478	      0.0000
    204.0506	      0.0000
    204.0534	      0.0000
    204.0561	      0.0000
    204.0589	      0.0000
    204.0617	      0.0000
    204.0644	      0.0000
    204.0672	      0.0000
    204.0700	      0.0000
    204.0731	   3125.6472
    204.0758	   6126.0586
    204.0786	  18235.6543
    204.0814	  55806.0898
    204.0841	 101205.4219
    204.0869	 141277.5469
    204.0897	 120483.8750
    204.0924	  72562.4297
    204.0952	  27997.4844
    204.0980	   6659.7344
    204.1007	   1748.4679
    204.1031	   1808.7722
    204.1059	    503.3934
    204.1087	      0.0000
    204.1114	      0.0000
    204.1142	      0.0000
    204.1170	      0.0000
    205.0691	      0.0000
    205.0719	      0.0000
    205.0746	      0.0000
    205.0774	      0.0000
    205.0802	    655.0870
    205.0830	   1908.7833
    205.0858	   4723.4629
    205.0886	   7744.0796
    205.0914	   8304.8721
    205.0941	   5391.8564
    205.0969	   2496.9316
    205.0997	    422.2040
    205.1026	      0.0000
    205.1053	      0.0000
    205.1081	      0.0000
    205.1109	      0.0000
    215.1176	      0.0000
    215.1206	      0.0000
    215.1236	      0.0000
    215.1266	      0.0000
    215.1295	    514.0761
    215.1325	   1309.6287
    215.1355	   2234.2590
    215.1385	   2760.0552
    215.1415	   2489.7837
    215.1445	   1585.8872
    215.1475	    672.2284
    215.1505	      0.0000
    215.1535	      0.0000
    215.1565	      0.0000
    215.1594	      0.0000
    222.0754	      0.0000
    222.0786	      0.0000
    222.0817	      0.0000
    222.0849	      0.0000
    222.0880	    574.9763
    222.0911	   1378.2501
    222.0943	   2222.8313
    222.0974	   2454.4680
    222.1006	   1865.4973
    222.1037	    882.9401
    222.1069	      0.0000
    222.1101	      0.0000
    222.1132	      0.0000
    222.1163	      0.0000
    230.0900	      0.0000
    230.0933	      0.0000
    230.0966	      0.0000
    230.0999	      0.0000
    230.1032	    375.8293
    230.1065	   1126.2036
    230.1098	   2208.2100
    230.1131	   2921.0583
    230.1164	   2716.4504
    230.1198	   1743.9066
    230.1231	    691.8009
    230.1264	      0.0000
    230.1297	      0.0000
    230.1330	      0.0000
    230.1363	      0.0000
    233.1257	      0.0000
    233.1290	      0.0000
    233.1324	      0.0000
    233.1358	      0.0000
    233.1392	    346.4894
    233.1425	   1149.5007
    233.1459	   2308.8511
    233.1493	   3024.1919
    233.1527	   2766.3757
    233.1560	   1778.6460
    233.1594	    766.5621
    233.1628	      0.0000
    233.1662	      0.0000
    233.1695	      0.0000
    233.1729	      0.0000
    235.1237	      0.0000
    235.1271	      0.0000
    235.1305	      0.0000
    235.1339	      0.0000
    235.1373	   1109.5428
    235.1408	   1699.3159
    235.1442	   1919.0316
    235.1476	   1627.0413
    235.1510	   1017.4015
    235.1544	      0.0000
    235.1578	      0.0000
    235.1613	      0.0000
    235.1647	      0.0000
    242.0940	      0.0000
    242.0975	      0.0000
    242.1011	      0.0000
    242.1047	      0.0000
    242.1083	   1048.9916
    242.1118	   1605.0112
    242.1154	   1695.2483
    242.1190	   1236.0919
    242.1225	    572.1871
    242.1262	      0.0000
    242.1298	      0.0000
    242.1334	      0.0000
    242.1370	      0.0000
    243.0868	      0.0000
    243.0904	      0.0000
    243.0940	      0.0000
    243.0976	      0.0000
    243.1012	    686.7043
    243.1048	   1318.8646
    243.1084	   1673.1558
    243.1120	   1518.5111
    243.1156	    991.9852
    243.1192	      0.0000
    243.1228	      0.0000
    243.1264	      0.0000
    243.1300	      0.0000
    244.0676	      0.0000
    244.0712	      0.0000
    244.0749	      0.0000
    244.0785	      0.0000
    244.0821	    661.1551
    244.0857	   1619.7034
    244.0893	   2527.2290
    244.0929	   2734.3630
    244.0966	   2039.2579
    244.1002	    941.4977
    244.1038	      0.0000
    244.1074	      0.0000
    244.1110	      0.0000
    244.1146	      0.0000
    246.0874	      0.0000
    246.0910	      0.0000
    246.0947	      0.0000
    246.0984	      0.0000
    246.1020	    606.9266
    246.1057	   1327.7556
    246.1094	   1714.7938
    246.1130	   1463.6161
    246.1167	    803.4524
    246.1203	      0.0000
    246.1240	      0.0000
    246.1276	      0.0000
    246.1313	      0.0000
    257.1033	      0.0000
    257.1072	      0.0000
    257.1111	      0.0000
    257.1150	      0.0000
    257.1189	   1049.0297
    257.1228	   1791.3856
    257.1268	   2146.9971
    257.1307	   1900.7281
    257.1346	   1255.7018
    257.1385	    626.3328
    257.1424	      0.0000
    257.1463	      0.0000
    257.1502	    636.1556
    257.1541	   1204.9480
    257.1580	   1791.0521
    257.1620	   2029.1580
    257.1659	   1701.3455
    257.1698	    988.9476
    257.1738	      0.0000
    257.1777	      0.0000
    257.1816	      0.0000
    257.1855	      0.0000
    266.0875	      0.0000
    266.0916	      0.0000
    266.0957	      0.0000
    266.0998	      0.0000
    266.1040	    656.5728
    266.1081	   1194.0587
    266.1122	   1464.8716
    266.1163	   1312.8170
    266.1204	    869.2446
    266.1248	      0.0000
    266.1289	      0.0000
    266.1330	      0.0000
    266.1372	      0.0000
    327.1356	      0.0000
    327.1412	      0.0000
    327.1468	      0.0000
    327.1524	      0.0000
    327.1580	    960.7228
    327.1636	   1428.6691
    327.1692	   1547.9321
    327.1749	   1207.2291
    327.1805	    617.9010
    327.1862	      0.0000
    327.1918	      0.0000
    327.1974	      0.0000
    327.2030	      0.0000
    353.4722	      0.0000
    353.4785	      0.0000
    353.4848	      0.0000
    353.4911	      0.0000
    353.4974	    675.4938
    353.5037	   1204.4856
    353.5100	   1406.9563
    353.5163	   1108.4290
    353.5226	    526.0192
    353.5289	      0.0000
    353.5352	      0.0000
    353.5415	      0.0000
    353.5478	      0.0000
    354.1413	      0.0000
    354.1476	      0.0000
    354.1539	      0.0000
    354.1603	      0.0000
    354.1666	    686.5386
    354.1729	   1337.7246
    354.1792	   1593.5085
    354.1856	   1246.6793
    354.1919	    568.4987
    354.1982	      0.0000
    354.2045	      0.0000
    354.2108	      0.0000
    354.2172	      0.0000
    364.1533	      0.0000
    364.1599	      0.0000
    364.1665	      0.0000
    364.1731	      0.0000
    364.1797	    910.2158
    364.1863	   1597.6798
    364.1929	   1848.4332
    364.1995	   1488.3911
    364.2061	    786.1615
    364.2137	      0.0000
    364.2203	      0.0000
    364.2269	      0.0000
    364.2335	      0.0000
    366.0868	      0.0000
    366.0934	      0.0000
    366.1000	      0.0000
    366.1067	      0.0000
    366.1133	    516.1309
    366.1200	   3224.2375
    366.1266	  10302.8936
    366.1333	  18429.1504
    366.1399	  25146.0117
    366.1466	  20689.4023
    366.1532	  12284.0898
    366.1599	   4362.0327
    366.1665	    943.8909
    366.1722	      0.0000
    366.1789	      0.0000
    366.1855	      0.0000
    366.1922	      0.0000
    367.0978	      0.0000
    367.1045	      0.0000
    367.1112	      0.0000
    367.1178	      0.0000
    367.1245	    536.2918
    367.1312	   1394.9902
    367.1379	   2335.1973
    367.1445	   2779.6721
    367.1512	   2416.2710
    367.1579	   1509.4905
    367.1646	    654.4828
    367.1716	      0.0000
    367.1782	      0.0000
    367.1849	      0.0000
    367.1916	      0.0000
    432.1543	      0.0000
    432.1628	      0.0000
    432.1714	      0.0000
    432.1799	      0.0000
    432.1884	   1031.2604
    432.1969	   2214.9441
    432.2054	   3118.3201
    432.2140	   3089.5986
    432.2225	   2176.3813
    432.2310	   1063.4521
    432.2398	      0.0000
    432.2483	      0.0000
    432.2568	      0.0000
    432.2653	      0.0000
    484.2299	      0.0000
    484.2400	      0.0000
    484.2501	      0.0000
    484.2603	      0.0000
    484.2704	    957.0133
    484.2805	   1671.2484
    484.2906	   1916.9095
    484.3007	   1521.9531
    484.3108	    807.7795
    484.3212	      0.0000
    484.3313	      0.0000
    484.3414	      0.0000
    484.3515	      0.0000
    528.1097	      0.0000
    528.1212	      0.0000
    528.1327	      0.0000
    528.1442	      0.0000
    528.1557	    525.0759
    528.1672	   1527.6147
    528.1787	   2830.9294
    528.1903	   5408.9619
    528.2018	   4657.1978
    528.2133	   2268.6816
    528.2248	   1052.7083
    528.2363	      0.0000
    528.2478	      0.0000
    528.2594	      0.0000
    528.2709	      0.0000
    529.2743	      0.0000
    529.2858	      0.0000
    529.2974	      0.0000
    529.3089	      0.0000
    529.3205	    485.4059
    529.3320	   1199.5118
    529.3436	   1664.8009
    529.3551	   1558.0199
    529.3667	   1013.5215
    529.3782	      0.0000
    529.3898	      0.0000
    529.4014	      0.0000
    529.4129	      0.0000
    532.2085	      0.0000
    532.2202	      0.0000
    532.2318	      0.0000
    532.2435	      0.0000
    532.2551	    465.0312
    532.2668	   1206.2136
    532.2784	   1604.8822
    532.2901	   1334.3231
    532.3017	    650.9694
    532.3134	      0.0000
    532.3250	      0.0000
    532.3367	      0.0000
    532.3483	      0.0000
    556.2258	      0.0000
    556.2382	      0.0000
    556.2506	      0.0000
    556.2631	      0.0000
    556.2755	   1083.1233
    556.2880	   1811.0337
    556.3004	   2021.4580
    556.3129	   1550.4355
    556.3253	    765.1251
    556.3378	      0.0000
    556.3502	      0.0000
    556.3627	      0.0000
    556.3751	      0.0000
    560.2290	      0.0000
    560.2416	      0.0000
    560.2542	      0.0000
    560.2668	      0.0000
    560.2794	    647.4195
    560.2919	   1246.0929
    560.3045	   1617.2836
    560.3171	   1474.0430
    560.3297	    897.7618
    560.3423	      0.0000
    560.3548	      0.0000
    560.3674	      0.0000
    560.3800	      0.0000
    568.2122	      0.0000
    568.2250	      0.0000
    568.2379	      0.0000
    568.2507	      0.0000
    568.2636	    814.8148
    568.2764	   1442.2693
    568.2893	   1920.8951
    568.3021	   2012.2909
    568.3150	   1656.4915
    568.3278	   1049.9104
    568.3407	      0.0000
    568.3535	      0.0000
    568.3664	      0.0000
    568.3792	      0.0000
    589.1905	      0.0000
    589.2040	      0.0000
    589.2176	      0.0000
    589.2312	      0.0000
    589.2447	   1055.3607
    589.2583	   1484.2880
    589.2719	   1670.3916
    589.2854	   1474.7902
    589.2990	    972.2233
    589.3126	      0.0000
    589.3262	      0.0000
    589.3398	      0.0000
    589.3533	      0.0000
    622.2347	      0.0000
    622.2495	      0.0000
    622.2642	      0.0000
    622.2789	      0.0000
    622.2936	    805.5861
    622.3084	   1485.4954
    622.3231	   1715.4346
    622.3378	   1347.4456
    622.3525	    688.2636
    622.3673	      0.0000
    622.3820	      0.0000
    622.3967	      0.0000
    622.4114	      0.0000
    622.7061	      0.0000
    622.7209	      0.0000
    622.7356	      0.0000
    622.7503	      0.0000
    622.7651	    604.1473
    622.7798	   1614.8413
    622.7946	   2868.1794
    622.8093	   5098.9961
    622.8241	   3121.7310
    622.8388	   1889.3560
    622.8535	    712.1205
    622.8683	      0.0000
    622.8831	      0.0000
    622.8978	      0.0000
    622.9125	      0.0000
    642.2261	      0.0000
    642.2415	      0.0000
    642.2570	      0.0000
    642.2724	      0.0000
    642.2879	    834.4038
    642.3033	   1919.8059
    642.3187	   2883.1934
    642.3342	   3071.6501
    642.3496	   2371.1807
    642.3651	   1302.0568
    642.3805	    471.4512
    642.3959	      0.0000
    642.4114	      0.0000
    642.4268	      0.0000
    642.4423	      0.0000
    642.7358	      0.0000
    642.7513	      0.0000
    642.7668	      0.0000
    642.7822	      0.0000
    642.7977	    630.3749
    642.8131	   1389.3821
    642.8286	   1837.1833
    642.8441	   1600.6006
    642.8595	    872.8005
    642.8750	      0.0000
    642.8904	      0.0000
    642.9059	      0.0000
    642.9214	      0.0000
    643.2307	      0.0000
    643.2462	      0.0000
    643.2617	      0.0000
    643.2772	      0.0000
    643.2926	    823.0711
    643.3081	   1463.5778
    643.3236	   1647.2866
    643.3391	   1260.5398
    643.3545	    621.2562
    643.3753	      0.0000
    643.3908	      0.0000
    643.4062	      0.0000
    643.4217	      0.0000
    650.7126	      0.0000
    650.7284	      0.0000
    650.7441	      0.0000
    650.7598	      0.0000
    650.7756	    188.6330
    650.7913	   1357.9017
    650.8071	   4616.5869
    650.8228	   8861.4072
    650.8386	  13034.9199
    650.8543	  11986.6836
    650.8701	   7343.3184
    650.8858	   2957.5715
    650.9016	    355.8689
    650.9161	      0.0000
    650.9319	      0.0000
    650.9476	      0.0000
    650.9634	      0.0000
    651.2155	      0.0000
    651.2313	      0.0000
    651.2470	      0.0000
    651.2628	      0.0000
    651.2786	    663.0106
    651.2943	   1239.0200
    651.3101	   4450.6831
    651.3259	   8121.2500
    651.3416	  11067.1553
    651.3574	   8895.8633
    651.3732	   5109.7422
    651.3889	   1429.0128
    651.4047	    178.6541
    651.4164	      0.0000
    651.4322	      0.0000
    651.4480	      0.0000
    651.4638	      0.0000
    651.7320	      0.0000
    651.7477	      0.0000
    651.7635	      0.0000
    651.7793	      0.0000
    651.7951	    700.1537
    651.8109	   1514.6782
    651.8267	   2190.2705
    651.8424	   2286.1086
    651.8582	   1739.9978
    651.8740	    909.2712
    651.8899	      0.0000
    651.9056	      0.0000
    651.9214	      0.0000
    651.9372	      0.0000
    678.2217	      0.0000
    678.2384	      0.0000
    678.2552	      0.0000
    678.2719	      0.0000
    678.2887	    747.1638
    678.3054	   1583.3505
    678.3222	   2281.9087
    678.3390	   2353.4797
    678.3557	   1708.4371
    678.3725	    797.1873
    678.3892	      0.0000
    678.4060	      0.0000
    678.4228	      0.0000
    678.4395	      0.0000
    686.7280	      0.0000
    686.7450	      0.0000
    686.7621	      0.0000
    686.7792	      0.0000
    686.7963	    979.3290
    686.8133	   2126.4895
    686.8304	   2999.6345
    686.8475	   2968.1733
    686.8646	   2069.1257
    686.8816	    971.2308
    686.8987	      0.0000
    686.9158	      0.0000
    686.9329	      0.0000
    686.9499	      0.0000
    687.2233	      0.0000
    687.2404	      0.0000
    687.2575	      0.0000
    687.2745	      0.0000
    687.2916	   1170.0551
    687.3087	   2143.8687
    687.3258	   2764.7532
    687.3429	   2629.0271
    687.3600	   1822.2058
    687.3771	    857.3236
    687.3942	      0.0000
    687.4113	      0.0000
    687.4284	      0.0000
    687.4455	      0.0000
    689.7422	      0.0000
    689.7593	      0.0000
    689.7765	      0.0000
    689.7937	      0.0000
    689.8109	   1197.9309
    689.8281	   1940.7471
    689.8453	   2162.1626
    689.8625	   1700.6385
    689.8796	    896.7379
    689.8968	      0.0000
    689.9140	      0.0000
    689.9312	      0.0000
    689.9484	      0.0000
    692.2404	      0.0000
    692.2577	      0.0000
    692.2749	      0.0000
    692.2922	      0.0000
    692.3095	    828.9855
    692.3268	   2004.5460
    692.3440	   4435.6714
    692.3613	   5426.0664
    692.3786	   3855.2590
    692.3959	   1753.0870
    692.4132	    676.0178
    692.4305	      0.0000
    692.4477	      0.0000
    692.4650	      0.0000
    692.4823	      0.0000
    692.7417	      0.0000
    692.7589	      0.0000
    692.7762	      0.0000
    692.7935	      0.0000
    692.8108	    561.1432
    692.8281	   1330.7498
    692.8454	   1994.5009
    692.8627	   2082.1323
    692.8800	   1510.0499
    692.8973	    680.6652
    692.9146	      0.0000
    692.9319	      0.0000
    692.9492	      0.0000
    692.9665	      0.0000
    697.2428	      0.0000
    697.2602	      0.0000
    697.2777	      0.0000
    697.2952	      0.0000
    697.3126	   1106.1394
    697.3301	   1806.8514
    697.3476	   2081.4211
    697.3650	   1719.6176
    697.3825	    961.9270
    697.4000	      0.0000
    697.4174	      0.0000
    697.4349	      0.0000
    697.4524	      0.0000
    702.7235	      0.0000
    702.7411	      0.0000
    702.7588	      0.0000
    702.7765	      0.0000
    702.7941	    605.1411
    702.8118	   1321.3665
    702.8295	   1914.6719
    702.8472	   1985.3234
    702.8648	   1453.8602
    702.8825	    675.2531
    702.9002	      0.0000
    702.9179	      0.0000
    702.9355	      0.0000
    702.9532	      0.0000
    704.2278	      0.0000
    704.2455	      0.0000
    704.2633	      0.0000
    704.2810	      0.0000
    704.2987	    521.8607
    704.3164	   1351.1622
    704.3342	   2378.2688
    704.3519	   3055.1978
    704.3696	   2898.7622
    704.3874	   1987.6654
    704.4051	    921.7413
    704.4228	      0.0000
    704.4406	      0.0000
    704.4583	      0.0000
    704.4760	      0.0000
    704.7422	      0.0000
    704.7599	      0.0000
    704.7776	      0.0000
    704.7954	      0.0000
    704.8131	   1103.5985
    704.8309	   2172.7720
    704.8486	   2770.8442
    704.8664	   2455.9673
    704.8841	   1493.0195
    704.9019	    557.1775
    704.9196	      0.0000
    704.9374	      0.0000
    704.9552	      0.0000
    704.9729	      0.0000
    705.2215	      0.0000
    705.2393	      0.0000
    705.2571	      0.0000
    705.2748	      0.0000
    705.2926	    370.0046
    705.3104	   1260.1841
    705.3281	   2497.1313
    705.3459	   3443.2930
    705.3637	   4905.9443
    705.3814	   2899.8364
    705.3992	   1320.8279
    705.4170	    505.3484
    705.4348	      0.0000
    705.4525	      0.0000
    705.4703	      0.0000
    705.4881	      0.0000
    716.2383	      0.0000
    716.2565	      0.0000
    716.2747	      0.0000
    716.2929	      0.0000
    716.3111	    978.0256
    716.3292	   2016.9055
    716.3474	   2604.8711
    716.3656	   2237.1655
    716.3838	   1212.4227
    716.4020	      0.0000
    716.4202	      0.0000
    716.4384	      0.0000
    716.4566	      0.0000
    725.2498	      0.0000
    725.2683	      0.0000
    725.2869	      0.0000
    725.3054	      0.0000
    725.3239	    700.6854
    725.3424	   1522.0796
    725.3610	   2163.4541
    725.3795	   2144.5911
    725.3980	   1485.2611
    725.4166	    665.6193
    725.4351	      0.0000
    725.4536	      0.0000
    725.4722	      0.0000
    725.4907	      0.0000
    725.7317	      0.0000
    725.7503	      0.0000
    725.7688	      0.0000
    725.7874	      0.0000
    725.8059	    635.2232
    725.8245	   1281.6978
    725.8430	   1820.4402
    725.8616	   1953.0431
    725.8801	   1575.8895
    725.8987	    904.9508
    725.9172	      0.0000
    725.9358	      0.0000
    725.9543	      0.0000
    725.9729	      0.0000
    744.2526	      0.0000
    744.2718	      0.0000
    744.2911	      0.0000
    744.3103	      0.0000
    744.3296	    782.6489
    744.3489	   1721.3495
    744.3681	   2504.9585
    744.3874	   2618.4612
    744.4067	   1990.2273
    744.4259	   1060.0348
    744.4512	      0.0000
    744.4705	      0.0000
    744.4897	      0.0000
    744.5090	      0.0000
    752.1985	      0.0000
    752.2180	      0.0000
    752.2376	      0.0000
    752.2572	      0.0000
    752.2768	    656.3237
    752.2963	   1828.1353
    752.3159	   4855.8521
    752.3355	  14726.3105
    752.3550	  29417.7480
    752.3746	  44944.1289
    752.3942	  44012.3672
    752.4138	  27734.5879
    752.4333	  12465.4395
    752.4529	   2429.0579
    752.4725	    210.1657
    752.4925	      0.0000
    752.5121	      0.0000
    752.5317	      0.0000
    752.5512	      0.0000
    752.7079	      0.0000
    752.7275	      0.0000
    752.7471	      0.0000
    752.7667	      0.0000
    752.7863	    822.4624
    752.8059	   2191.1870
    752.8255	   6029.3125
    752.8450	  16951.9102
    752.8646	  29639.8848
    752.8842	  39908.3203
    752.9038	  32376.0762
    752.9234	  18978.9434
    752.9430	   6131.6401
    752.9626	    671.0317
    752.9786	      0.0000
    752.9982	      0.0000
    753.0178	      0.0000
    753.0374	      0.0000
    753.2334	      0.0000
    753.2530	      0.0000
    753.2726	      0.0000
    753.2922	      0.0000
    753.3118	   1060.6313
    753.3315	   3497.4792
    753.3511	   8568.1250
    753.3707	  14095.2969
    753.3903	  15930.0537
    753.4099	  10767.2197
    753.4295	   5284.3389
    753.4491	   1028.2256
    753.4660	      0.0000
    753.4857	      0.0000
    753.5053	      0.0000
    753.5249	      0.0000
    753.7604	      0.0000
    753.7800	      0.0000
    753.7997	      0.0000
    753.8193	      0.0000
    753.8389	   1046.8738
    753.8585	   1827.2949
    753.8782	   2212.4312
    753.8978	   1885.3280
    753.9175	   1059.4447
    753.9371	      0.0000
    753.9567	      0.0000
    753.9764	      0.0000
    753.9960	      0.0000
    762.9716	      0.0000
    762.9916	      0.0000
    763.0115	      0.0000
    763.0315	      0.0000
    763.0515	    647.1869
    763.0715	   1275.3698
    763.0915	   1582.3921
    763.1115	   1331.8406
    763.1315	    717.0156
    763.1515	      0.0000
    763.1715	      0.0000
    763.1915	      0.0000
    763.2115	      0.0000
    773.7594	      0.0000
    773.7798	      0.0000
    773.8002	      0.0000
    773.8206	      0.0000
    773.8410	    828.5128
    773.8615	   1398.7535
    773.8819	   1656.3212
    773.9023	   1415.3655
    773.9227	    827.1851
    773.9432	      0.0000
    773.9636	      0.0000
    773.9840	      0.0000
    774.0044	      0.0000
    798.7453	      0.0000
    798.7668	      0.0000
    798.7882	      0.0000
    798.8096	      0.0000
    798.8310	    928.2466
    798.8524	   2280.9194
    798.8738	   5530.3501
    798.8952	   6572.1563
    798.9167	   4861.9531
    798.9381	   1903.7321
    798.9595	    691.8943
    798.9809	      0.0000
    799.0024	      0.0000
    799.0238	      0.0000
    799.0452	      0.0000
    799.2595	      0.0000
    799.2809	      0.0000
    799.3024	      0.0000
    799.3238	      0.0000
    799.3452	    970.7707
    799.3667	   1683.7347
    799.3881	   2145.5332
    799.4095	   2034.0884
    799.4310	   1387.9380
    799.4524	    629.1504
    799.4739	      0.0000
    799.4953	      0.0000
    799.5168	      0.0000
    799.5382	      0.0000
    817.2396	      0.0000
    817.2618	      0.0000
    817.2839	      0.0000
    817.3061	      0.0000
    817.3282	   1175.5392
    817.3504	   4019.2808
    817.3726	   6734.8237
    817.3947	   7814.3159
    817.4169	   5226.8101
    817.4391	   2433.5876
    817.4612	    122.1309
    817.4834	      0.0000
    817.5056	      0.0000
    817.5278	      0.0000
    817.5499	      0.0000
    827.3038	      0.0000
    827.3264	      0.0000
    827.3489	      0.0000
    827.3715	      0.0000
    827.3941	    780.4024
    827.4167	   1717.5608
    827.4392	   2276.7444
    827.4618	   2059.6414
    827.4844	   1269.5984
    827.5070	      0.0000
    827.5296	      0.0000
    827.5522	      0.0000
    827.5748	      0.0000
    850.2512	      0.0000
    850.2747	      0.0000
    850.2982	      0.0000
    850.3217	      0.0000
    850.3453	   1004.4369
    850.3688	   1423.7743
    850.3923	   1597.6169
    850.4158	   1382.5028
    850.4393	    867.1310
    850.4702	      0.0000
    850.4937	      0.0000
    850.5172	      0.0000
    850.5408	      0.0000
    853.7497	      0.0000
    853.7733	      0.0000
    853.7970	      0.0000
    853.8206	      0.0000
    853.8443	   1214.3799
    853.8680	   3728.8284
    853.8916	   6910.0562
    853.9153	  10077.7227
    853.9390	   9219.5264
    853.9626	   5551.0137
    853.9863	   2176.1362
    854.0100	     20.1087
    854.0390	      0.0000
    854.0627	      0.0000
    854.0864	      0.0000
    854.1101	      0.0000
    854.2521	      0.0000
    854.2758	      0.0000
    854.2995	      0.0000
    854.3232	      0.0000
    854.3469	    804.4501
    854.3706	   2682.7019
    854.3943	   5857.7461
    854.4179	   9295.9893
    854.4416	   9637.9033
    854.4653	   6056.1265
    854.4890	   2622.3149
    854.5127	     76.9679
    854.5237	      0.0000
    854.5474	      0.0000
    854.5711	      0.0000
    854.5948	      0.0000
    854.7844	      0.0000
    854.8081	      0.0000
    854.8318	      0.0000
    854.8555	      0.0000
    854.8792	   1213.5260
    854.9029	   2150.2415
    854.9267	   2589.2080
    854.9504	   2215.5605
    854.9741	   1305.4907
    854.9978	      0.0000
    855.0215	      0.0000
    855.0452	      0.0000
    855.0690	      0.0000
    871.2566	      0.0000
    871.2810	      0.0000
    871.3054	      0.0000
    871.3298	      0.0000
    871.3542	    823.3726
    871.3786	   1461.9464
    871.4030	   1788.3702
    871.4274	   1567.5712
    871.4518	    931.2124
    871.4762	      0.0000
    871.5006	      0.0000
    871.5250	      0.0000
    871.5494	      0.0000
    923.8207	      0.0000
    923.8474	      0.0000
    923.8740	      0.0000
    923.9006	      0.0000
    923.9273	    682.6373
    923.9539	   1418.3885
    923.9806	   1932.0868
    924.0072	   1865.6470
    924.0338	   1282.3303
    924.0605	      0.0000
    924.0871	      0.0000
    924.1138	      0.0000
    924.1404	      0.0000
    930.2731	      0.0000
    930.3000	      0.0000
    930.3269	      0.0000
    930.3539	      0.0000
    930.3808	    485.4162
    930.4077	   1363.2887
    930.4346	   2518.1091
    930.4615	   3349.6589
    930.4885	   3282.7236
    930.5154	   2340.5447
    930.5423	   1151.5587
    930.5693	      0.0000
    930.5963	      0.0000
    930.6232	      0.0000
    930.6501	      0.0000
    998.2722	      0.0000
    998.3021	      0.0000
    998.3320	      0.0000
    998.3620	      0.0000
    998.3919	    495.3795
    998.4218	   1534.4872
    998.4517	   3946.9143
    998.4817	   5750.3730
    998.5116	   4886.3447
    998.5415	   2634.1685
    998.5714	    533.1395
    998.6014	      0.0000
    998.6313	      0.0000
    998.6612	      0.0000
    998.6912	      0.0000
    999.2902	      0.0000
    999.3201	      0.0000
    999.3501	      0.0000
    999.3801	      0.0000
    999.4100	   1098.8700
    999.4400	   2256.2627
    999.4700	   3227.6650
    999.5000	   3334.0918
    999.5299	   2470.0117
    999.5599	   1256.4502
    999.5899	      0.0000
    999.6199	      0.0000
    999.6499	      0.0000
    999.6799	      0.0000
   1044.3241	      0.0000
   1044.3561	      0.0000
   1044.3882	      0.0000
   1044.4202	      0.0000
   1044.4522	    710.6746
   1044.4842	   1484.8221
   1044.5162	   1999.3575
   1044.5482	   1879.0098
   1044.5803	   1219.4689
   1044.6123	      0.0000
   1044.6443	      0.0000
   1044.6763	      0.0000
   1044.7084	      0.0000
   1045.3172	      0.0000
   1045.3493	      0.0000
   1045.3813	      0.0000
   1045.4134	      0.0000
   1045.4454	    910.7823
   1045.4775	   1826.2896
   1045.5096	   2415.5781
   1045.5416	   2300.5598
   1045.5737	   1571.0364
   1045.6058	    717.6158
   1045.6379	      0.0000
   1045.6699	      0.0000
   1045.7020	      0.0000
   1045.7341	      0.0000
   1064.2931	      0.0000
   1064.3261	      0.0000
   1064.3590	      0.0000
   1064.3919	      0.0000
   1064.4249	    790.4216
   1064.4578	   1753.8685
   1064.4908	   2563.3232
   1064.5237	   2680.3196
   1064.5567	   2022.5231
   1064.5896	   1063.0332
   1064.6226	      0.0000
   1064.6556	      0.0000
   1064.6885	      0.0000
   1064.7215	      0.0000
   1112.3305	      0.0000
   1112.3657	      0.0000
   1112.4009	      0.0000
   1112.4361	      0.0000
   1112.4713	   1397.1978
   1112.5065	   2207.5261
   1112.5417	   2504.1787
   1112.5769	   2082.8557
   1112.6121	   1238.5111
   1112.6473	      0.0000
   1112.6825	      0.0000
   1112.7177	      0.0000
   1112.7529	      0.0000
   1170.3126	      0.0000
   1170.3506	      0.0000
   1170.3886	      0.0000
   1170.4266	      0.0000
   1170.4645	   1001.3400
   1170.5025	   1691.4617
   1170.5405	   2146.4146
   1170.5785	   2112.1277
   1170.6165	   1603.9521
   1170.6545	    895.9998
   1170.6925	      0.0000
   1170.7305	      0.0000
   1170.7685	      0.0000
   1170.8065	      0.0000
   1173.3566	      0.0000
   1173.3947	      0.0000
   1173.4329	      0.0000
   1173.4710	      0.0000
   1173.5091	   1095.9249
   1173.5473	   1803.4296
   1173.5854	   2116.8284
   1173.6235	   1837.0270
   1173.6617	   1159.3625
   1173.6999	      0.0000
   1173.7381	      0.0000
   1173.7762	      0.0000
   1173.8144	      0.0000
   1248.3270	      0.0000
   1248.3688	      0.0000
   1248.4106	      0.0000
   1248.4525	      0.0000
   1248.4943	    771.4737
   1248.5362	   1561.3739
   1248.5780	   2055.8979
   1248.6199	   1916.4960
   1248.6617	   1248.9060
   1248.7036	      0.0000
   1248.7455	      0.0000
   1248.7873	      0.0000
   1248.8292	      0.0000
   1283.3961	      0.0000
   1283.4397	      0.0000
   1283.4833	      0.0000
   1283.5269	      0.0000
   1283.5705	   1421.7408
   1283.6142	   2180.4104
   1283.6578	   2220.7949
   1283.7014	   1507.8055
   1283.7450	    630.4440
   1283.7887	      0.0000
   1283.8323	      0.0000
   1283.8759	      0.0000
   1283.9196	      0.0000
   1284.3561	      0.0000
   1284.3997	      0.0000
   1284.4434	      0.0000
   1284.4870	      0.0000
   1284.5307	   1205.4838
   1284.5744	   2304.5610
   1284.6181	   3171.0664
   1284.6617	   3216.0583
   1284.7054	   2368.6633
   1284.7491	   1209.7014
   1284.8062	      0.0000
   1284.8499	      0.0000
   1284.8936	      0.0000
   1284.9373	      0.0000
   1300.3214	      0.0000
   1300.3659	      0.0000
   1300.4104	      0.0000
   1300.4549	      0.0000
   1300.4993	    987.1371
   1300.5438	   3318.3901
   1300.5883	   8861.1357
   1300.6328	  15011.6367
   1300.6773	  19065.7422
   1300.7218	  14493.5020
   1300.7663	   8153.1865
   1300.8108	   2170.5371
   1300.8553	      0.0000
   1300.9056	      0.0000
   1300.9501	      0.0000
   1300.9946	      0.0000
   1301.0391	      0.0000
   1301.3062	      0.0000
   1301.3508	      0.0000
   1301.3953	      0.0000
   1301.4398	      0.0000
   1301.4843	    349.4104
   1301.5289	   1720.5338
   1301.5734	   5176.3291
   1301.6180	   9710.1611
   1301.6625	  14179.9668
   1301.7071	  13199.3262
   1301.7516	   8205.5859
   1301.7961	   3421.2192
   1301.8407	    366.3201
   1301.8660	      0.0000
   1301.9106	      0.0000
   1301.9552	      0.0000
   1301.9997	      0.0000
   1302.4009	      0.0000
   1302.4455	      0.0000
   1302.4901	      0.0000
   1302.5346	      0.0000
   1302.5792	   1195.5957
   1302.6238	   2431.8308
   1302.6684	   3124.2883
   1302.7130	   2706.5396
   1302.7576	   1543.8916
   1302.8022	    612.5864
   1302.8469	      0.0000
   1302.8915	      0.0000
   1302.9361	      0.0000
   1302.9807	      0.0000
   1372.3279	      0.0000
   1372.3761	      0.0000
   1372.4243	      0.0000
   1372.4725	      0.0000
   1372.5208	    851.4765
   1372.5690	   1675.9734
   1372.6172	   2317.4431
   1372.6655	   2334.8757
   1372.7137	   1683.2786
   1372.7619	    794.5585
   1372.8102	      0.0000
   1372.8585	      0.0000
   1372.9067	      0.0000
   1372.9550	      0.0000
   1393.3992	      0.0000
   1393.4485	      0.0000
   1393.4978	      0.0000
   1393.5472	      0.0000
   1393.5965	    891.7953
   1393.6459	   1901.9742
   1393.6952	   2534.7117
   1393.7446	   2328.8411
   1393.7939	   1457.7281
   1393.8421	      0.0000
   1393.8915	      0.0000
   1393.9408	      0.0000
   1393.9902	      0.0000
   1485.3864	      0.0000
   1485.4407	      0.0000
   1485.4950	      0.0000
   1485.5494	      0.0000
   1485.6037	   1373.3900
   1485.6580	   2567.7441
   1485.7123	   3243.7456
   1485.7666	   2897.5193
   1485.8209	   1799.2836
   1485.8753	    731.9055
   1485.9551	      0.0000
   1486.0094	      0.0000
   1486.0638	      0.0000
   1486.1181	      0.0000
   1503.1632	      0.0000
   1503.2185	      0.0000
   1503.2738	      0.0000
   1503.3291	      0.0000
   1503.3844	    830.0431
   1503.4397	   1807.9789
   1503.4950	   1902.8733
   1503.5503	   3534.0359
   1503.6056	   8694.6914
   1503.6609	  19432.1855
   1503.7162	  31377.9746
   1503.7715	  35777.5586
   1503.8268	  24570.9414
   1503.8821	  12401.3057
   1503.9374	   2195.1143
   1503.9928	      0.0000
   1504.0456	      0.0000
   1504.1009	      0.0000
   1504.1562	      0.0000
   1504.2116	      0.0000
   1504.2669	      0.0000
   1504.3222	      0.0000
   1504.3776	      0.0000
   1504.4329	      0.0000
   1504.4883	   1127.6552
   1504.5436	   2786.7642
   1504.5990	   6740.7339
   1504.6543	  15736.6738
   1504.7097	  25960.1660
   1504.7651	  31850.3828
   1504.8204	  23570.1992
   1504.8758	  13042.8154
   1504.9312	   3082.1584
   1504.9866	      0.0000
   1505.0190	      0.0000
   1505.0743	      0.0000
   1505.1297	      0.0000
   1505.1851	      0.0000
   1505.3513	      0.0000
   1505.4067	      0.0000
   1505.4621	      0.0000
   1505.5175	      0.0000
   1505.5729	    852.9171
   1505.6283	   4231.1484
   1505.6838	   6870.5537
   1505.7392	   8640.6670
   1505.7946	   6533.3354
   1505.8500	   3523.8865
   1505.9055	    602.1303
   1505.9609	      0.0000
   1506.0163	      0.0000
   1506.0718	      0.0000
   1506.1272	      0.0000
   1506.4045	      0.0000
   1506.4599	      0.0000
   1506.5154	      0.0000
   1506.5708	      0.0000
   1506.6263	   1063.9187
   1506.6818	   1951.7815
   1506.7373	   2484.5154
   1506.7927	   2246.2854
   1506.8482	   1370.8986
   1506.9090	      0.0000
   1506.9645	      0.0000
   1507.0200	      0.0000
   1507.0755	      0.0000
   1596.3152	      0.0000
   1596.3757	      0.0000
   1596.4362	      0.0000
   1596.4967	      0.0000
   1596.5572	    621.8181
   1596.6177	   3229.0330
   1596.6782	   8009.2661
   1596.7388	  13205.9238
   1596.7993	  14207.4834
   1596.8598	   9124.0186
   1596.9203	   4160.6577
   1596.9809	    571.1993
   1597.0414	      0.0000
   1597.1020	      0.0000
   1597.1625	      0.0000
   1597.2230	      0.0000
   2676.8246	      0.0000
   2676.9559	      0.0000
   2677.0873	      0.0000
   2677.2187	      0.0000
