# ljz_20131022_MR_Chym1_ELUTE.mzML
#
# index: 6429
# id: controllerType=0 controllerNumber=1 scan=13451
# scanNumber: 13451
# massAnalyzerType: quadrupole
# scanEvent: 2
# msLevel: 2
# retentionTime: 3195.68
# filterString: FTMS + p NSI d Full ms2 904.87@hcd28.00 [100.00-1865.00]
# mzLow: 99.0035
# mzHigh: 1884.07
# basePeakMZ: 204.087
# basePeakIntensity: 50638.9
# totalIonCurrent: 283964
# precursorCount: 1
# precursor 0: 904.874 191292
# binary (585): 
     99.0035	      0.0000
     99.0045	      0.0000
     99.0054	      0.0000
     99.0063	      0.0000
    126.0440	      0.0000
    126.0454	      0.0000
    126.0467	      0.0000
    126.0481	      0.0000
    126.0494	    535.3938
    126.0508	   1497.2836
    126.0521	   4809.6982
    126.0534	  10310.1025
    126.0548	  16240.7002
    126.0561	  17227.2695
    126.0575	  11396.6523
    126.0588	   5631.3604
    126.0601	   1241.3959
    126.0615	      0.0000
    126.0627	      0.0000
    126.0640	      0.0000
    126.0654	      0.0000
    126.0667	      0.0000
    127.0308	      0.0000
    127.0322	      0.0000
    127.0336	      0.0000
    127.0349	      0.0000
    127.0363	    773.6369
    127.0376	   1685.0446
    127.0390	   2443.9832
    127.0403	   2539.9111
    127.0417	   1903.4214
    127.0431	    992.5195
    127.0444	    367.5002
    127.0461	      0.0000
    127.0474	      0.0000
    127.0488	      0.0000
    127.0501	      0.0000
    138.0404	      0.0000
    138.0419	      0.0000
    138.0435	      0.0000
    138.0450	      0.0000
    138.0465	    641.0726
    138.0481	   1096.0154
    138.0496	   2282.6672
    138.0512	   6459.9731
    138.0527	  16839.6133
    138.0542	  28192.6445
    138.0558	  34691.4609
    138.0573	  25469.5117
    138.0588	  14009.2881
    138.0604	   3591.1143
    138.0619	    234.3964
    138.0631	      0.0000
    138.0646	      0.0000
    138.0662	      0.0000
    138.0677	      0.0000
    144.0557	      0.0000
    144.0573	      0.0000
    144.0589	      0.0000
    144.0606	      0.0000
    144.0622	    726.8387
    144.0639	   1513.7922
    144.0655	   2064.8970
    144.0671	   1995.7830
    144.0688	   1386.8163
    144.0704	    669.4096
    144.0720	      0.0000
    144.0737	      0.0000
    144.0753	      0.0000
    144.0770	      0.0000
    145.0398	      0.0000
    145.0414	      0.0000
    145.0431	      0.0000
    145.0447	      0.0000
    145.0464	    794.2193
    145.0480	   1624.5918
    145.0497	   2185.5427
    145.0514	   2071.4097
    145.0530	   1371.6350
    145.0547	    572.9836
    145.0563	      0.0000
    145.0580	      0.0000
    145.0596	      0.0000
    145.0613	      0.0000
    145.8400	      0.0000
    145.8417	      0.0000
    145.8433	      0.0000
    145.8450	      0.0000
    145.8467	    582.2476
    145.8484	   1106.9413
    145.8500	   1411.8149
    145.8517	   1272.0548
    145.8534	    785.2076
    145.8551	      0.0000
    145.8568	      0.0000
    145.8584	      0.0000
    145.8601	      0.0000
    156.8048	      0.0000
    156.8067	      0.0000
    156.8085	      0.0000
    156.8104	      0.0000
    156.8122	    638.3511
    156.8141	   1100.2346
    156.8160	   1355.5947
    156.8178	   1224.0781
    156.8197	    771.9197
    156.8218	      0.0000
    156.8236	      0.0000
    156.8255	      0.0000
    156.8273	      0.0000
    163.0439	      0.0000
    163.0459	      0.0000
    163.0479	      0.0000
    163.0499	      0.0000
    163.0518	    668.6942
    163.0538	   1101.1730
    163.0558	   3558.4207
    163.0578	   7295.9014
    163.0597	  11228.9707
    163.0617	  11329.1934
    163.0637	   7277.6016
    163.0657	   3434.1855
    163.0676	    678.2740
    163.0697	      0.0000
    163.0717	      0.0000
    163.0737	      0.0000
    163.0756	      0.0000
    168.0478	      0.0000
    168.0499	      0.0000
    168.0520	      0.0000
    168.0540	      0.0000
    168.0561	    613.5502
    168.0582	   1025.1395
    168.0602	   3144.2634
    168.0623	   8732.2227
    168.0644	  14832.9854
    168.0664	  18355.9141
    168.0685	  13446.7998
    168.0706	   7370.2798
    168.0726	   1847.6759
    168.0747	     79.2261
    168.0765	      0.0000
    168.0785	      0.0000
    168.0806	      0.0000
    168.0827	      0.0000
    176.9002	      0.0000
    176.9024	      0.0000
    176.9046	      0.0000
    176.9069	      0.0000
    176.9091	    488.2723
    176.9113	   1006.2463
    176.9136	   1312.5913
    176.9158	   1206.2465
    176.9180	    767.9836
    176.9205	      0.0000
    176.9227	      0.0000
    176.9250	      0.0000
    176.9272	      0.0000
    186.0591	      0.0000
    186.0615	      0.0000
    186.0639	      0.0000
    186.0663	      0.0000
    186.0687	    771.0200
    186.0711	   3115.9160
    186.0735	   6212.2549
    186.0759	   9295.9688
    186.0784	   8707.4414
    186.0808	   5444.4136
    186.0832	   2377.9417
    186.0856	    498.1840
    186.0882	      0.0000
    186.0906	      0.0000
    186.0930	      0.0000
    186.0954	      0.0000
    204.0593	      0.0000
    204.0620	      0.0000
    204.0648	      0.0000
    204.0676	      0.0000
    204.0703	    531.6912
    204.0731	   1056.5900
    204.0759	   2176.8125
    204.0786	   6760.2349
    204.0814	  20778.9668
    204.0842	  37043.3711
    204.0869	  50528.8906
    204.0897	  41494.8750
    204.0925	  24513.5020
    204.0952	   8628.7842
    204.0980	   1926.6493
    204.1008	    497.8628
    204.1035	      0.0000
    204.1063	      0.0000
    204.1090	      0.0000
    204.1118	      0.0000
    211.0699	      0.0000
    211.0728	      0.0000
    211.0757	      0.0000
    211.0786	      0.0000
    211.0815	    497.8651
    211.0844	   2093.9197
    211.0873	   7396.0757
    211.0903	  15633.5674
    211.0932	  24530.8789
    211.0961	  25218.2715
    211.0990	  16365.0596
    211.1019	   7879.9585
    211.1048	   1715.2621
    211.1077	      0.0000
    211.1102	      0.0000
    211.1131	      0.0000
    211.1160	      0.0000
    211.1190	      0.0000
    212.0824	      0.0000
    212.0854	      0.0000
    212.0883	      0.0000
    212.0912	      0.0000
    212.0942	    879.4243
    212.0971	   1435.3948
    212.1000	   1493.0403
    212.1030	   1006.5607
    212.1059	    361.0685
    212.1090	      0.0000
    212.1119	      0.0000
    212.1149	      0.0000
    212.1178	      0.0000
    243.0869	      0.0000
    243.0905	      0.0000
    243.0941	      0.0000
    243.0977	      0.0000
    243.1012	   1041.4818
    243.1048	   1923.0031
    243.1084	   2454.8708
    243.1120	   2250.7839
    243.1156	   1458.1715
    243.1192	    627.4004
    243.1228	      0.0000
    243.1264	      0.0000
    243.1300	      0.0000
    243.1336	      0.0000
    252.9621	      0.0000
    252.9659	      0.0000
    252.9698	      0.0000
    252.9736	      0.0000
    252.9774	    494.5827
    252.9812	   1310.8020
    252.9850	   3423.5349
    252.9888	   5669.7598
    252.9927	   6194.9473
    252.9965	   4107.6533
    253.0003	   1996.2365
    253.0041	    617.8340
    253.0083	      0.0000
    253.0121	      0.0000
    253.0159	      0.0000
    253.0197	      0.0000
    328.1595	      0.0000
    328.1651	      0.0000
    328.1707	      0.0000
    328.1764	      0.0000
    328.1820	    925.4579
    328.1877	   2262.9570
    328.1933	   4046.0901
    328.1989	   5393.4106
    328.2046	   2903.1892
    328.2102	   1701.0280
    328.2159	    678.5047
    328.2232	      0.0000
    328.2288	      0.0000
    328.2344	      0.0000
    328.2401	      0.0000
    356.1426	      0.0000
    356.1490	      0.0000
    356.1553	      0.0000
    356.1617	      0.0000
    356.1681	    672.9813
    356.1745	   2864.4941
    356.1808	   8850.1211
    356.1872	  15928.8945
    356.1936	  21948.5625
    356.2000	  18349.8574
    356.2063	  10917.4678
    356.2127	   3857.3191
    356.2191	    574.5984
    356.2239	      0.0000
    356.2303	      0.0000
    356.2367	      0.0000
    356.2431	      0.0000
    357.1504	      0.0000
    357.1568	      0.0000
    357.1632	      0.0000
    357.1697	      0.0000
    357.1761	    677.3470
    357.1825	   1576.5614
    357.1889	   2600.5283
    357.1953	   3164.4717
    357.2017	   2878.3433
    357.2081	   1926.1337
    357.2145	    922.4006
    357.2210	      0.0000
    357.2274	      0.0000
    357.2338	      0.0000
    357.2403	      0.0000
    366.0925	      0.0000
    366.0992	      0.0000
    366.1058	      0.0000
    366.1125	      0.0000
    366.1191	    844.7961
    366.1258	   2878.8857
    366.1324	   5118.0161
    366.1391	   6828.9648
    366.1457	   5303.7471
    366.1524	   2960.6450
    366.1590	    701.0308
    366.1656	      0.0000
    366.1723	      0.0000
    366.1789	      0.0000
    366.1856	      0.0000
    375.6921	      0.0000
    375.6990	      0.0000
    375.7059	      0.0000
    375.7128	      0.0000
    375.7197	    599.8264
    375.7266	   1136.4315
    375.7335	   1439.0859
    375.7404	   1275.0577
    375.7473	    752.0400
    375.7546	      0.0000
    375.7615	      0.0000
    375.7684	      0.0000
    375.7753	      0.0000
    439.1752	      0.0000
    439.1839	      0.0000
    439.1927	      0.0000
    439.2014	      0.0000
    439.2101	    856.9632
    439.2189	   1807.0730
    439.2276	   2595.8757
    439.2363	   2651.1128
    439.2451	   1912.6503
    439.2538	    923.0902
    439.2625	      0.0000
    439.2713	      0.0000
    439.2800	      0.0000
    439.2887	      0.0000
    440.1546	      0.0000
    440.1634	      0.0000
    440.1721	      0.0000
    440.1809	      0.0000
    440.1896	    742.4071
    440.1984	   1684.5844
    440.2072	   2667.0493
    440.2159	   3050.8679
    440.2247	   2598.3481
    440.2334	   1654.3186
    440.2422	    765.7544
    440.2510	      0.0000
    440.2597	      0.0000
    440.2685	      0.0000
    440.2772	      0.0000
    446.1271	      0.0000
    446.1361	      0.0000
    446.1450	      0.0000
    446.1539	      0.0000
    446.1629	    914.7988
    446.1718	   2575.6807
    446.1808	   4559.8057
    446.1897	   5667.4717
    446.1986	   3973.3452
    446.2076	   1966.9056
    446.2165	    750.4461
    446.2255	      0.0000
    446.2344	      0.0000
    446.2433	      0.0000
    446.2523	      0.0000
    457.1791	      0.0000
    457.1883	      0.0000
    457.1976	      0.0000
    457.2069	      0.0000
    457.2162	   1024.5933
    457.2254	   2267.0811
    457.2347	   4752.6812
    457.2440	   5187.3623
    457.2533	   3402.3357
    457.2625	   1418.4512
    457.2718	    487.3492
    457.2813	      0.0000
    457.2906	      0.0000
    457.2999	      0.0000
    457.3091	      0.0000
    481.0518	      0.0000
    481.0619	      0.0000
    481.0719	      0.0000
    481.0819	      0.0000
    481.0919	   1036.9969
    481.1019	   1794.4344
    481.1119	   2002.9897
    481.1219	   1512.0914
    481.1319	    729.3077
    481.1419	      0.0000
    481.1519	      0.0000
    481.1620	      0.0000
    481.1720	      0.0000
    484.9991	      0.0000
    485.0092	      0.0000
    485.0193	      0.0000
    485.0295	      0.0000
    485.0396	   1007.6155
    485.0497	   1750.3829
    485.0598	   2015.3092
    485.0700	   1577.5404
    485.0801	    779.8983
    485.0906	      0.0000
    485.1007	      0.0000
    485.1108	      0.0000
    485.1210	      0.0000
    559.1866	      0.0000
    559.1992	      0.0000
    559.2117	      0.0000
    559.2243	      0.0000
    559.2368	    758.4183
    559.2493	   2781.0583
    559.2619	   4750.3853
    559.2744	   5787.6465
    559.2870	   4109.9102
    559.2995	   2048.3340
    559.3121	    753.0325
    559.3247	      0.0000
    559.3372	      0.0000
    559.3498	      0.0000
    559.3623	      0.0000
    621.1908	      0.0000
    621.2055	      0.0000
    621.2202	      0.0000
    621.2349	      0.0000
    621.2496	    990.1537
    621.2643	   2080.8320
    621.2789	   2864.7151
    621.2936	   2757.1301
    621.3083	   1850.1117
    621.3230	    805.0612
    621.3377	      0.0000
    621.3524	      0.0000
    621.3671	      0.0000
    621.3818	      0.0000
    638.2158	      0.0000
    638.2311	      0.0000
    638.2464	      0.0000
    638.2617	      0.0000
    638.2770	   1024.1136
    638.2923	   2147.4326
    638.3076	   2957.4478
    638.3229	   2841.6936
    638.3382	   1878.9722
    638.3535	    779.2632
    638.3688	      0.0000
    638.3841	      0.0000
    638.3994	      0.0000
    638.4147	      0.0000
    644.3464	      0.0000
    644.3619	      0.0000
    644.3774	      0.0000
    644.3929	      0.0000
    644.4085	    866.9067
    644.4240	   1381.4116
    644.4395	   1510.6932
    644.4550	   1168.5922
    644.4705	    598.0806
    644.4861	      0.0000
    644.5016	      0.0000
    644.5171	      0.0000
    644.5326	      0.0000
    660.2098	      0.0000
    660.2259	      0.0000
    660.2420	      0.0000
    660.2581	      0.0000
    660.2742	    345.1957
    660.2903	   1198.6046
    660.3064	   2184.1638
    660.3224	   2635.3010
    660.3385	   2252.7927
    660.3546	   1359.6139
    660.3707	    549.6622
    660.3868	      0.0000
    660.4029	      0.0000
    660.4190	      0.0000
    660.4351	      0.0000
    669.1002	      0.0000
    669.1167	      0.0000
    669.1331	      0.0000
    669.1495	      0.0000
    669.1659	    594.7043
    669.1823	   1106.4156
    669.1987	   1381.2167
    669.2152	   1222.4324
    669.2316	    741.1179
    669.2481	      0.0000
    669.2645	      0.0000
    669.2809	      0.0000
    669.2974	      0.0000
    743.3675	      0.0000
    743.3868	      0.0000
    743.4060	      0.0000
    743.4252	      0.0000
    743.4444	    541.6420
    743.4637	   1179.2430
    743.4829	   1558.0580
    743.5021	   1408.8928
    743.5214	    851.1429
    743.5406	      0.0000
    743.5599	      0.0000
    743.5791	      0.0000
    743.5983	      0.0000
    765.6976	      0.0000
    765.7177	      0.0000
    765.7378	      0.0000
    765.7579	      0.0000
    765.7780	    741.6909
    765.7981	   1253.7631
    765.8182	   1405.9630
    765.8383	   1069.8387
    765.8584	    489.9956
    765.8786	      0.0000
    765.8987	      0.0000
    765.9188	      0.0000
    765.9389	      0.0000
    841.2229	      0.0000
    841.2460	      0.0000
    841.2692	      0.0000
    841.2923	      0.0000
    841.3155	    693.8147
    841.3386	   2883.9873
    841.3618	   5669.9390
    841.3849	   8317.3789
    841.4081	   7363.4736
    841.4312	   4289.7114
    841.4544	   1472.2306
    841.4775	      0.0000
    841.5007	      0.0000
    841.5238	      0.0000
    841.5470	      0.0000
    841.5702	      0.0000
    842.2421	      0.0000
    842.2653	      0.0000
    842.2885	      0.0000
    842.3117	      0.0000
    842.3349	    497.2074
    842.3581	   1342.5243
    842.3812	   2122.2949
    842.4044	   2277.8474
    842.4276	   1703.8270
    842.4508	    846.1148
    842.4735	      0.0000
    842.4967	      0.0000
    842.5199	      0.0000
    842.5431	      0.0000
   1516.5490	      0.0000
   1516.6050	      0.0000
   1516.6611	      0.0000
   1516.7171	      0.0000
   1516.7731	    889.0225
   1516.8292	   1202.3459
   1516.8852	   1307.6088
   1516.9412	   1221.5259
   1516.9973	   1001.6431
   1517.0533	      0.0000
   1517.1094	      0.0000
   1517.1654	      0.0000
   1517.2215	      0.0000
   1609.8869	      0.0000
   1609.9481	      0.0000
   1610.0094	      0.0000
   1610.0707	      0.0000
   1610.1320	   1002.0287
   1610.1933	   1612.2067
   1610.2546	   1748.9333
   1610.3158	   1327.6541
   1610.3771	    670.4759
   1610.4384	      0.0000
   1610.4997	      0.0000
   1610.5611	      0.0000
   1610.6224	      0.0000
   1883.8351	      0.0000
   1883.9127	      0.0000
   1883.9902	      0.0000
   1884.0678	      0.0000
