# ljz_20131022_MR_Chym1_ELUTE.mzML
#
# index: 722
# id: controllerType=0 controllerNumber=1 scan=5805
# scanNumber: 5805
# massAnalyzerType: quadrupole
# scanEvent: 2
# msLevel: 2
# retentionTime: 1759.91
# filterString: FTMS + p NSI d Full ms2 320.18@hcd28.00 [100.00-675.00]
# mzLow: 99.0036
# mzHigh: 681.855
# basePeakMZ: 185.115
# basePeakIntensity: 18463.1
# totalIonCurrent: 302632
# precursorCount: 1
# precursor 0: 320.172 0
# binary (1219): 
     99.0036	      0.0000
     99.0045	      0.0000
     99.0055	      0.0000
     99.0064	      0.0000
    101.0002	      0.0000
    101.0012	      0.0000
    101.0022	      0.0000
    101.0031	      0.0000
    101.0041	    356.0635
    101.0051	    719.3544
    101.0060	    885.9141
    101.0070	    716.8412
    101.0079	    345.5863
    101.0089	      0.0000
    101.0098	      0.0000
    101.0108	      0.0000
    101.0118	      0.0000
    104.0645	      0.0000
    104.0655	      0.0000
    104.0665	      0.0000
    104.0675	      0.0000
    104.0685	    357.1331
    104.0695	    778.0565
    104.0705	   1094.4219
    104.0715	   1080.9866
    104.0726	    753.2610
    104.0736	    337.3455
    104.0745	      0.0000
    104.0755	      0.0000
    104.0765	      0.0000
    104.0775	      0.0000
    109.0943	      0.0000
    109.0954	      0.0000
    109.0965	      0.0000
    109.0975	      0.0000
    109.0986	    550.0311
    109.0997	   1234.2858
    109.1008	   1863.6210
    109.1019	   1986.6527
    109.1030	   1491.0292
    109.1040	    738.0129
    109.1051	    211.9961
    109.1062	      0.0000
    109.1073	      0.0000
    109.1084	      0.0000
    109.1095	      0.0000
    110.0627	      0.0000
    110.0638	      0.0000
    110.0649	      0.0000
    110.0660	      0.0000
    110.0671	    400.5218
    110.0682	   1391.7988
    110.0693	   5307.2085
    110.0704	  10678.1133
    110.0715	  16112.2012
    110.0726	  15049.8018
    110.0736	   9335.9443
    110.0747	   4025.0769
    110.0758	   1002.2056
    110.0769	    341.8954
    110.0780	      0.0000
    110.0791	      0.0000
    110.0802	      0.0000
    110.0813	      0.0000
    111.0384	      0.0000
    111.0395	      0.0000
    111.0406	      0.0000
    111.0417	      0.0000
    111.0428	    569.5344
    111.0439	   1002.7206
    111.0450	   1160.6815
    111.0462	    936.9647
    111.0473	    505.7640
    111.0484	      0.0000
    111.0495	      0.0000
    111.0506	      0.0000
    111.0517	      0.0000
    111.1094	      0.0000
    111.1106	      0.0000
    111.1117	      0.0000
    111.1128	      0.0000
    111.1139	    597.1021
    111.1150	   1737.8737
    111.1161	   3229.1926
    111.1172	   4327.8765
    111.1183	   3335.1675
    111.1194	   1846.4438
    111.1206	    452.0005
    111.1216	      0.0000
    111.1228	      0.0000
    111.1239	      0.0000
    111.1250	      0.0000
    113.6461	      0.0000
    113.6472	      0.0000
    113.6484	      0.0000
    113.6495	      0.0000
    113.6507	    355.2568
    113.6518	    636.6507
    113.6530	    760.1550
    113.6541	    637.1698
    113.6553	    353.4251
    113.6564	      0.0000
    113.6576	      0.0000
    113.6587	      0.0000
    113.6599	      0.0000
    115.0787	      0.0000
    115.0799	      0.0000
    115.0811	      0.0000
    115.0822	      0.0000
    115.0834	    195.8313
    115.0846	    672.3767
    115.0857	   1268.9368
    115.0869	   1614.1375
    115.0881	   1460.9076
    115.0893	    932.8071
    115.0904	    393.6394
    115.0916	      0.0000
    115.0927	      0.0000
    115.0939	      0.0000
    115.0951	      0.0000
    120.0729	      0.0000
    120.0742	      0.0000
    120.0754	      0.0000
    120.0767	      0.0000
    120.0779	    313.7840
    120.0791	    732.6357
    120.0804	   1123.6523
    120.0816	   1227.2646
    120.0829	    950.8679
    120.0841	    474.4230
    120.0854	      0.0000
    120.0866	      0.0000
    120.0879	      0.0000
    120.0891	      0.0000
    123.1096	      0.0000
    123.1109	      0.0000
    123.1122	      0.0000
    123.1135	      0.0000
    123.1148	    478.1344
    123.1161	    932.3568
    123.1174	   1165.1252
    123.1187	    999.3697
    123.1200	    566.2502
    123.1215	      0.0000
    123.1228	      0.0000
    123.1241	      0.0000
    123.1254	      0.0000
    129.0916	      0.0000
    129.0930	      0.0000
    129.0944	      0.0000
    129.0958	      0.0000
    129.0972	    321.5731
    129.0986	   1364.0280
    129.1000	   4522.9805
    129.1014	   8166.2412
    129.1027	  11169.1865
    129.1041	   9092.8857
    129.1055	   5290.8540
    129.1069	   1693.7531
    129.1083	    140.4668
    129.1094	      0.0000
    129.1108	      0.0000
    129.1122	      0.0000
    129.1135	      0.0000
    132.2679	      0.0000
    132.2694	      0.0000
    132.2708	      0.0000
    132.2722	      0.0000
    132.2737	    548.8231
    132.2751	    811.0243
    132.2766	    886.6292
    132.2780	    711.8333
    132.2795	    387.3958
    132.2809	      0.0000
    132.2823	      0.0000
    132.2837	      0.0000
    132.2852	      0.0000
    137.0881	      0.0000
    137.0896	      0.0000
    137.0911	      0.0000
    137.0927	      0.0000
    137.0942	    643.4584
    137.0957	   1031.1620
    137.0972	   1121.7144
    137.0988	    836.5295
    137.1003	    386.3716
    137.1018	      0.0000
    137.1033	      0.0000
    137.1049	      0.0000
    137.1064	      0.0000
    143.0702	      0.0000
    143.0718	      0.0000
    143.0734	      0.0000
    143.0750	      0.0000
    143.0767	    225.0324
    143.0783	    735.6488
    143.0799	   1344.5804
    143.0815	   1642.0668
    143.0832	   1410.0959
    143.0848	    833.7939
    143.0864	    306.9691
    143.0880	      0.0000
    143.0896	      0.0000
    143.0913	      0.0000
    143.0929	      0.0000
    145.0050	      0.0000
    145.0066	      0.0000
    145.0083	      0.0000
    145.0099	      0.0000
    145.0116	    448.6273
    145.0133	   1338.9929
    145.0149	   3119.0769
    145.0166	   5038.8750
    145.0182	   5181.4634
    145.0199	   3318.4312
    145.0215	   1508.1580
    145.0232	    312.5597
    145.0249	      0.0000
    145.0265	      0.0000
    145.0282	      0.0000
    145.0299	      0.0000
    149.0029	      0.0000
    149.0047	      0.0000
    149.0064	      0.0000
    149.0081	      0.0000
    149.0098	    551.7132
    149.0116	   1161.1388
    149.0133	   1448.2889
    149.0150	    882.0927
    149.0167	    288.2760
    149.0180	    571.9278
    149.0197	   2618.1516
    149.0214	   4974.5547
    149.0232	   6829.6929
    149.0249	   5423.4824
    149.0266	   3074.1453
    149.0283	    873.2100
    149.0301	    144.6745
    149.0322	      0.0000
    149.0339	      0.0000
    149.0357	      0.0000
    149.0374	      0.0000
    155.1070	      0.0000
    155.1088	      0.0000
    155.1107	      0.0000
    155.1125	      0.0000
    155.1143	    520.8720
    155.1162	    834.4694
    155.1180	    998.4976
    155.1198	    895.5063
    155.1217	    589.7293
    155.1236	      0.0000
    155.1254	      0.0000
    155.1272	      0.0000
    155.1291	      0.0000
    156.0643	      0.0000
    156.0662	      0.0000
    156.0680	      0.0000
    156.0699	      0.0000
    156.0717	    488.9325
    156.0735	   1245.9347
    156.0754	   2975.3694
    156.0772	   3617.5256
    156.0791	   2656.6436
    156.0809	   1183.8625
    156.0828	    495.3595
    156.0851	      0.0000
    156.0870	      0.0000
    156.0888	      0.0000
    156.0907	      0.0000
    157.0682	      0.0000
    157.0701	      0.0000
    157.0720	      0.0000
    157.0738	      0.0000
    157.0757	    142.2670
    157.0776	    888.9198
    157.0794	   3073.0491
    157.0813	   6244.9282
    157.0832	   9625.4648
    157.0850	   9693.5283
    157.0869	   6246.3770
    157.0888	   2974.8687
    157.0906	    609.5202
    157.0920	      0.0000
    157.0939	      0.0000
    157.0958	      0.0000
    157.0976	      0.0000
    157.1219	      0.0000
    157.1238	      0.0000
    157.1256	      0.0000
    157.1275	      0.0000
    157.1294	    307.2171
    157.1312	    710.1244
    157.1331	    968.8734
    157.1350	    897.1297
    157.1369	    561.4186
    157.1388	      0.0000
    157.1407	      0.0000
    157.1425	      0.0000
    157.1444	      0.0000
    163.0122	      0.0000
    163.0142	      0.0000
    163.0162	      0.0000
    163.0182	      0.0000
    163.0201	    491.7833
    163.0221	   1860.1877
    163.0241	   6232.1958
    163.0261	  11222.6807
    163.0280	  15330.3750
    163.0300	  12513.6602
    163.0320	   7353.1260
    163.0340	   2492.2974
    163.0359	    484.4904
    163.0378	      0.0000
    163.0398	      0.0000
    163.0417	      0.0000
    163.0437	      0.0000
    171.0864	      0.0000
    171.0885	      0.0000
    171.0906	      0.0000
    171.0928	      0.0000
    171.0949	    627.3078
    171.0970	   1131.5917
    171.0991	   1410.8064
    171.1013	   1264.1298
    171.1034	    794.5582
    171.1055	    307.1414
    171.1077	      0.0000
    171.1098	      0.0000
    171.1119	      0.0000
    171.1140	      0.0000
    174.9920	      0.0000
    174.9942	      0.0000
    174.9964	      0.0000
    174.9986	      0.0000
    175.0008	    360.9462
    175.0029	    712.2778
    175.0051	    878.0208
    175.0073	    756.8721
    175.0095	    467.2070
    175.0117	      0.0000
    175.0139	      0.0000
    175.0161	      0.0000
    175.0183	      0.0000
    181.0214	      0.0000
    181.0238	      0.0000
    181.0261	      0.0000
    181.0284	      0.0000
    181.0307	    202.2155
    181.0330	    698.2404
    181.0353	   1418.4417
    181.0376	   1962.2474
    181.0399	   1932.2413
    181.0422	   1335.9348
    181.0446	    601.8514
    181.0464	      0.0000
    181.0488	      0.0000
    181.0511	      0.0000
    181.0534	      0.0000
    183.0948	      0.0000
    183.0971	      0.0000
    183.0995	      0.0000
    183.1018	      0.0000
    183.1042	    153.3432
    183.1065	   1180.1497
    183.1089	   3277.4138
    183.1112	   5487.9404
    183.1136	   6252.6968
    183.1159	   4322.4238
    183.1183	   2255.1265
    183.1206	    598.6290
    183.1235	      0.0000
    183.1259	      0.0000
    183.1282	      0.0000
    183.1306	      0.0000
    185.0950	      0.0000
    185.0974	      0.0000
    185.0998	      0.0000
    185.1021	      0.0000
    185.1045	    475.1950
    185.1069	   1238.4177
    185.1093	   4852.9561
    185.1117	  10860.7754
    185.1141	  17314.1680
    185.1165	  17859.2754
    185.1189	  11567.4170
    185.1213	   5485.2773
    185.1236	   1475.5903
    185.1260	    735.6016
    185.1284	   1057.0377
    185.1307	   1492.2092
    185.1331	    602.0873
    185.1355	      0.0000
    185.1379	      0.0000
    185.1403	      0.0000
    185.1427	      0.0000
    186.1022	      0.0000
    186.1046	      0.0000
    186.1070	      0.0000
    186.1094	      0.0000
    186.1119	    284.4743
    186.1143	    665.0373
    186.1167	   1069.5244
    186.1191	   1245.7714
    186.1215	   1035.9154
    186.1239	    564.4528
    186.1263	      0.0000
    186.1287	      0.0000
    186.1311	      0.0000
    186.1335	      0.0000
    191.0086	      0.0000
    191.0111	      0.0000
    191.0136	      0.0000
    191.0161	      0.0000
    191.0186	    454.2627
    191.0211	    753.6262
    191.0236	    877.1395
    191.0261	    724.2949
    191.0287	    395.5467
    191.0312	      0.0000
    191.0337	      0.0000
    191.0362	      0.0000
    191.0387	      0.0000
    199.9926	      0.0000
    199.9952	      0.0000
    199.9979	      0.0000
    200.0006	      0.0000
    200.0033	    516.9093
    200.0060	    819.4100
    200.0087	    900.0214
    200.0113	    704.8792
    200.0140	    373.2067
    200.0167	      0.0000
    200.0194	      0.0000
    200.0221	      0.0000
    200.0247	      0.0000
    200.1187	      0.0000
    200.1214	      0.0000
    200.1241	      0.0000
    200.1268	      0.0000
    200.1294	    252.1897
    200.1321	    669.3319
    200.1348	   1905.0244
    200.1375	   3248.1223
    200.1402	   3713.3647
    200.1429	   2444.3560
    200.1456	   1097.4165
    200.1482	    459.4995
    200.1509	      0.0000
    200.1536	      0.0000
    200.1563	      0.0000
    200.1590	      0.0000
    201.1051	      0.0000
    201.1078	      0.0000
    201.1105	      0.0000
    201.1133	      0.0000
    201.1160	    419.8663
    201.1187	    920.1564
    201.1214	   1345.7462
    201.1241	   1405.2649
    201.1268	   1056.0040
    201.1295	    547.0512
    201.1322	      0.0000
    201.1349	      0.0000
    201.1376	      0.0000
    201.1403	      0.0000
    203.0424	      0.0000
    203.0451	      0.0000
    203.0479	      0.0000
    203.0506	      0.0000
    203.0534	    496.1251
    203.0561	   1008.9202
    203.0588	   1405.8961
    203.0616	   1432.8589
    203.0643	   1086.2090
    203.0671	    603.6872
    203.0699	      0.0000
    203.0726	      0.0000
    203.0754	      0.0000
    203.0781	      0.0000
    213.0614	      0.0000
    213.0643	      0.0000
    213.0673	      0.0000
    213.0702	      0.0000
    213.0732	    346.7046
    213.0761	    679.2426
    213.0791	    854.2850
    213.0820	    745.1733
    213.0850	    456.1425
    213.0880	      0.0000
    213.0910	      0.0000
    213.0939	      0.0000
    213.0969	      0.0000
    219.9314	      0.0000
    219.9345	      0.0000
    219.9376	      0.0000
    219.9407	      0.0000
    219.9438	    539.9339
    219.9469	    890.6522
    219.9500	    982.9520
    219.9531	    746.8776
    219.9562	    358.1423
    219.9592	      0.0000
    219.9623	      0.0000
    219.9654	      0.0000
    219.9685	      0.0000
    225.0815	      0.0000
    225.0847	      0.0000
    225.0879	      0.0000
    225.0911	      0.0000
    225.0943	    550.7751
    225.0975	    922.5743
    225.1007	    975.8209
    225.1039	    655.5892
    225.1072	    229.4499
    225.1104	      0.0000
    225.1136	      0.0000
    225.1168	      0.0000
    225.1200	      0.0000
    225.4889	      0.0000
    225.4921	      0.0000
    225.4953	      0.0000
    225.4985	      0.0000
    225.5017	    551.5883
    225.5049	    812.5056
    225.5081	    853.6769
    225.5113	    648.7059
    225.5146	    320.3720
    225.5179	      0.0000
    225.5211	      0.0000
    225.5243	      0.0000
    225.5275	      0.0000
    230.1297	      0.0000
    230.1330	      0.0000
    230.1363	      0.0000
    230.1397	      0.0000
    230.1430	    562.8330
    230.1463	   1011.1395
    230.1496	   1205.0107
    230.1529	    997.2329
    230.1562	    537.6858
    230.1595	      0.0000
    230.1628	      0.0000
    230.1662	      0.0000
    230.1695	      0.0000
    231.0664	      0.0000
    231.0697	      0.0000
    231.0731	      0.0000
    231.0764	      0.0000
    231.0797	    495.6247
    231.0831	   1923.2384
    231.0864	   3676.7307
    231.0897	   5345.7334
    231.0930	   4849.4946
    231.0964	   2943.8052
    231.0997	   1169.5468
    231.1030	    520.6707
    231.1064	      0.0000
    231.1097	      0.0000
    231.1130	      0.0000
    231.1164	      0.0000
    232.6268	      0.0000
    232.6302	      0.0000
    232.6335	      0.0000
    232.6369	      0.0000
    232.6403	    301.0852
    232.6436	    669.2946
    232.6470	    894.3823
    232.6504	    783.7346
    232.6537	    420.1878
    232.6572	      0.0000
    232.6605	      0.0000
    232.6639	      0.0000
    232.6673	      0.0000
    243.0869	      0.0000
    243.0905	      0.0000
    243.0941	      0.0000
    243.0977	      0.0000
    243.1013	    307.8842
    243.1048	    778.8084
    243.1084	   1173.9373
    243.1120	   1209.3188
    243.1156	    864.8626
    243.1192	    398.2091
    243.1228	      0.0000
    243.1264	      0.0000
    243.1300	      0.0000
    243.1336	      0.0000
    245.0107	      0.0000
    245.0144	      0.0000
    245.0180	      0.0000
    245.0217	      0.0000
    245.0253	    359.3870
    245.0289	    818.5581
    245.0326	   1118.0942
    245.0362	   1070.1389
    245.0399	    740.5704
    245.0435	    351.6645
    245.0471	      0.0000
    245.0508	      0.0000
    245.0544	      0.0000
    245.0580	      0.0000
    245.0617	      0.0000
    245.0653	    435.2900
    245.0690	   1600.6841
    245.0726	   3303.7026
    245.0762	   5115.2168
    245.0799	   5421.3184
    245.0835	   3607.6687
    245.0872	   1750.7554
    245.0908	    209.0817
    245.0944	      0.0000
    245.0981	      0.0000
    245.1017	      0.0000
    245.1054	      0.0000
    246.6229	      0.0000
    246.6266	      0.0000
    246.6303	      0.0000
    246.6339	      0.0000
    246.6376	    319.6260
    246.6413	    921.2282
    246.6449	   2352.1924
    246.6486	   3652.9312
    246.6523	   3564.7163
    246.6560	   2186.3311
    246.6596	    955.8697
    246.6633	    368.3039
    246.6670	      0.0000
    246.6707	      0.0000
    246.6743	      0.0000
    246.6780	      0.0000
    248.0916	      0.0000
    248.0953	      0.0000
    248.0990	      0.0000
    248.1027	      0.0000
    248.1064	    273.8192
    248.1101	    669.3144
    248.1138	    920.6951
    248.1175	    781.5450
    248.1212	    392.5555
    248.1249	      0.0000
    248.1286	    586.7164
    248.1323	   1339.1373
    248.1361	   1914.3068
    248.1398	   1879.2979
    248.1435	   1306.6793
    248.1472	    638.2980
    248.1509	      0.0000
    248.1546	      0.0000
    248.1583	      0.0000
    248.1620	      0.0000
    250.9327	      0.0000
    250.9365	      0.0000
    250.9403	      0.0000
    250.9440	      0.0000
    250.9478	    541.6876
    250.9516	    862.5864
    250.9554	    948.0425
    250.9591	    757.9243
    250.9629	    433.3474
    250.9667	      0.0000
    250.9704	      0.0000
    250.9742	      0.0000
    250.9780	      0.0000
    252.9316	      0.0000
    252.9354	      0.0000
    252.9392	      0.0000
    252.9431	      0.0000
    252.9469	    674.8741
    252.9507	   2113.3186
    252.9545	   3508.1384
    252.9583	   4065.7625
    252.9621	   2870.6313
    252.9660	   1114.0825
    252.9698	    364.7465
    252.9736	      0.0000
    252.9774	      0.0000
    252.9812	      0.0000
    252.9850	      0.0000
    253.0499	      0.0000
    253.0538	      0.0000
    253.0576	      0.0000
    253.0614	      0.0000
    253.0652	    543.2252
    253.0690	   1180.6908
    253.0728	   1715.6724
    253.0767	   1751.3052
    253.0805	   1233.5448
    253.0843	    550.3254
    253.0881	      0.0000
    253.0919	      0.0000
    253.0958	      0.0000
    253.0996	      0.0000
    255.0974	      0.0000
    255.1013	      0.0000
    255.1051	      0.0000
    255.1090	      0.0000
    255.1129	    466.2530
    255.1167	   1362.2833
    255.1206	   3168.4792
    255.1245	   5166.8452
    255.1283	   5875.0967
    255.1322	   4134.2896
    255.1361	   2234.2971
    255.1399	    655.8137
    255.1439	      0.0000
    255.1478	      0.0000
    255.1516	      0.0000
    255.1555	      0.0000
    259.0857	      0.0000
    259.0896	      0.0000
    259.0936	      0.0000
    259.0975	      0.0000
    259.1015	    432.4818
    259.1054	    830.0834
    259.1094	   2360.4036
    259.1133	   3991.8904
    259.1173	   4435.1001
    259.1213	   2935.7390
    259.1252	   1421.7174
    259.1292	    513.0758
    259.1331	      0.0000
    259.1371	      0.0000
    259.1410	      0.0000
    259.1450	      0.0000
    259.2162	      0.0000
    259.2202	      0.0000
    259.2242	      0.0000
    259.2281	      0.0000
    259.2321	    365.0818
    259.2360	    889.8037
    259.2400	   1391.2422
    259.2440	   1485.1987
    259.2479	   1086.1107
    259.2519	    498.0904
    259.2558	      0.0000
    259.2598	      0.0000
    259.2637	      0.0000
    259.2677	      0.0000
    266.0958	      0.0000
    266.0999	      0.0000
    266.1040	      0.0000
    266.1081	      0.0000
    266.1122	    353.4021
    266.1164	    968.4639
    266.1205	   1740.3994
    266.1246	   3227.3516
    266.1287	   1958.5118
    266.1328	   1269.1888
    266.1369	    566.9839
    266.1416	      0.0000
    266.1457	      0.0000
    266.1498	      0.0000
    266.1539	      0.0000
    273.1035	      0.0000
    273.1078	      0.0000
    273.1120	      0.0000
    273.1163	      0.0000
    273.1206	    440.9971
    273.1249	   1952.7670
    273.1292	   6085.0635
    273.1335	  10683.8145
    273.1377	  14297.4727
    273.1420	  11508.5986
    273.1463	   6790.6699
    273.1506	   2314.5371
    273.1549	    443.1700
    273.1586	      0.0000
    273.1629	      0.0000
    273.1672	      0.0000
    273.1714	      0.0000
    274.1161	      0.0000
    274.1204	      0.0000
    274.1247	      0.0000
    274.1290	      0.0000
    274.1333	    597.3799
    274.1376	   1057.6190
    274.1419	   1211.9929
    274.1462	    908.5275
    274.1505	    382.4457
    274.1549	      0.0000
    274.1592	      0.0000
    274.1635	      0.0000
    274.1678	      0.0000
    279.0241	      0.0000
    279.0285	      0.0000
    279.0329	      0.0000
    279.0373	      0.0000
    279.0417	    614.6196
    279.0462	   1483.8918
    279.0506	   2807.6672
    279.0550	   3788.2671
    279.0594	   2977.3564
    279.0639	   1372.7273
    279.0683	    595.9381
    279.0727	      0.0000
    279.0771	      0.0000
    279.0815	      0.0000
    279.0859	      0.0000
    291.1191	      0.0000
    291.1239	      0.0000
    291.1286	      0.0000
    291.1333	      0.0000
    291.1380	    477.4008
    291.1427	    932.5950
    291.1474	   1177.1810
    291.1521	   1035.9078
    291.1568	    612.8885
    291.1617	      0.0000
    291.1664	      0.0000
    291.1711	      0.0000
    291.1758	      0.0000
    297.0264	      0.0000
    297.0313	      0.0000
    297.0361	      0.0000
    297.0410	      0.0000
    297.0458	    265.3932
    297.0507	    752.1095
    297.0555	   2066.0146
    297.0604	   3462.2158
    297.0653	   4000.0078
    297.0701	   2785.0957
    297.0750	   1395.4801
    297.0798	    466.8648
    297.0847	      0.0000
    297.0896	      0.0000
    297.0944	      0.0000
    297.0993	      0.0000
    301.0237	      0.0000
    301.0287	      0.0000
    301.0336	      0.0000
    301.0386	      0.0000
    301.0435	    540.1899
    301.0485	   2539.7195
    301.0534	   5437.2432
    301.0584	   8477.2002
    301.0633	   8103.7920
    301.0683	   5062.5273
    301.0733	   2291.5122
    301.0782	    473.2393
    301.0832	      0.0000
    301.0881	      0.0000
    301.0931	      0.0000
    301.0980	      0.0000
    301.1030	      0.0000
    301.1079	      0.0000
    301.1129	    522.2021
    301.1178	   2752.6096
    301.1228	   8038.1450
    301.1278	  13646.3711
    301.1327	  17833.8926
    301.1377	  14244.9238
    301.1426	   8460.0498
    301.1476	   3087.3618
    301.1525	    649.2747
    301.1574	      0.0000
    301.1624	      0.0000
    301.1674	      0.0000
    301.1723	      0.0000
    301.8925	      0.0000
    301.8974	      0.0000
    301.9024	      0.0000
    301.9074	      0.0000
    301.9124	    517.8556
    301.9174	    932.2330
    301.9223	   1085.4194
    301.9273	    879.3246
    301.9323	    481.3441
    301.9373	      0.0000
    301.9422	      0.0000
    301.9472	      0.0000
    301.9522	      0.0000
    302.0318	      0.0000
    302.0368	      0.0000
    302.0418	      0.0000
    302.0468	      0.0000
    302.0517	    337.0220
    302.0567	    816.8170
    302.0617	   1223.6694
    302.0667	   1272.2709
    302.0717	    927.8359
    302.0766	    446.1999
    302.0816	      0.0000
    302.0866	      0.0000
    302.0916	      0.0000
    302.0966	      0.0000
    302.1015	      0.0000
    302.1065	      0.0000
    302.1115	      0.0000
    302.1165	      0.0000
    302.1215	    534.4982
    302.1265	   1299.3224
    302.1314	   3043.7119
    302.1364	   3975.2634
    302.1414	   3207.9402
    302.1464	   1843.6608
    302.1514	    707.8381
    302.1563	    259.5219
    302.1613	      0.0000
    302.1663	      0.0000
    302.1713	      0.0000
    302.1763	      0.0000
    303.1051	      0.0000
    303.1102	      0.0000
    303.1152	      0.0000
    303.1202	      0.0000
    303.1252	    484.2549
    303.1302	   1739.5757
    303.1352	   3226.0046
    303.1402	   4556.3340
    303.1452	   3995.0327
    303.1502	   2411.5515
    303.1552	    933.2446
    303.1602	    297.2680
    303.1653	      0.0000
    303.1703	      0.0000
    303.1753	      0.0000
    303.1804	      0.0000
    319.0659	      0.0000
    319.0713	      0.0000
    319.0768	      0.0000
    319.0822	      0.0000
    319.0876	    337.5815
    319.0930	    913.1423
    319.0984	   1758.5330
    319.1038	   2305.7090
    319.1092	   1598.7292
    319.1146	    784.5352
    319.1200	    934.7755
    319.1254	   3213.6489
    319.1308	   7873.1226
    319.1362	  12749.7451
    319.1416	  15059.0908
    319.1470	  11018.5684
    319.1525	   6160.5767
    319.1579	   2094.2813
    319.1633	    899.0452
    319.1687	    883.0643
    319.1741	   1254.9203
    319.1795	    811.5343
    319.1849	    334.4421
    319.1903	      0.0000
    319.1957	      0.0000
    319.2011	      0.0000
    319.2065	      0.0000
    319.2120	    547.5294
    319.2174	   1134.7054
    319.2228	   1573.4293
    319.2282	   1539.8020
    319.2336	   1071.0919
    319.2390	    509.0927
    319.2444	      0.0000
    319.2498	      0.0000
    319.2552	      0.0000
    319.2606	      0.0000
    320.0304	      0.0000
    320.0358	      0.0000
    320.0412	      0.0000
    320.0467	      0.0000
    320.0521	    555.4113
    320.0575	    870.1487
    320.0630	   1001.6683
    320.0684	    852.2313
    320.0738	    504.6206
    320.0793	      0.0000
    320.0847	      0.0000
    320.0901	      0.0000
    320.0956	      0.0000
    320.1064	      0.0000
    320.1119	      0.0000
    320.1173	      0.0000
    320.1227	      0.0000
    320.1282	    274.7599
    320.1336	    745.9186
    320.1390	   1360.6980
    320.1445	   1784.2660
    320.1499	   1693.6495
    320.1553	   1114.4705
    320.1608	    453.1932
    320.1662	      0.0000
    320.1716	      0.0000
    320.1771	      0.0000
    320.1825	      0.0000
    321.1083	      0.0000
    321.1138	      0.0000
    321.1193	      0.0000
    321.1247	      0.0000
    321.1302	    364.1607
    321.1356	    889.0547
    321.1411	   2417.8606
    321.1466	   4093.5874
    321.1520	   4611.5728
    321.1575	   3152.7205
    321.1629	   1593.4775
    321.1684	    416.1886
    321.1738	      0.0000
    321.1793	      0.0000
    321.1848	      0.0000
    321.1902	      0.0000
    321.2066	      0.0000
    321.2121	      0.0000
    321.2175	      0.0000
    321.2230	      0.0000
    321.2285	    581.2048
    321.2339	   1028.5188
    321.2394	   1282.5719
    321.2448	   1161.3473
    321.2503	    750.7319
    321.2558	    370.9387
    321.2612	    342.3892
    321.2667	    737.5168
    321.2721	   1314.4512
    321.2776	   1687.8037
    321.2831	   1608.9009
    321.2885	   1136.4608
    321.2940	    562.2384
    321.2996	      0.0000
    321.3050	      0.0000
    321.3105	      0.0000
    321.3159	      0.0000
    353.1132	      0.0000
    353.1195	      0.0000
    353.1258	      0.0000
    353.1321	      0.0000
    353.1384	    426.5550
    353.1447	   1171.8104
    353.1510	   2813.2524
    353.1573	   3493.7996
    353.1636	   2508.2444
    353.1698	   1248.9231
    353.1761	    520.3301
    353.1826	      0.0000
    353.1889	      0.0000
    353.1952	      0.0000
    353.2015	      0.0000
    365.1774	      0.0000
    365.1840	      0.0000
    365.1906	      0.0000
    365.1972	      0.0000
    365.2039	    600.6322
    365.2105	   1077.8986
    365.2171	   1353.7938
    365.2237	   1234.2163
    365.2303	    798.1852
    365.2370	    329.6860
    365.2437	      0.0000
    365.2503	      0.0000
    365.2570	      0.0000
    365.2636	      0.0000
    407.1506	      0.0000
    407.1584	      0.0000
    407.1662	      0.0000
    407.1739	      0.0000
    407.1817	    494.9290
    407.1895	    941.6931
    407.1973	   1288.5988
    407.2051	   1300.9760
    407.2129	    946.7512
    407.2207	    451.4615
    407.2287	      0.0000
    407.2365	      0.0000
    407.2443	      0.0000
    407.2521	      0.0000
    448.1720	      0.0000
    448.1810	      0.0000
    448.1900	      0.0000
    448.1990	      0.0000
    448.2080	    361.5545
    448.2170	    750.3564
    448.2260	    999.6083
    448.2350	    912.0197
    448.2440	    542.4433
    448.2532	      0.0000
    448.2622	      0.0000
    448.2712	      0.0000
    448.2802	      0.0000
    475.2306	      0.0000
    475.2404	      0.0000
    475.2503	      0.0000
    475.2601	      0.0000
    475.2699	    257.1028
    475.2797	    759.0063
    475.2896	   1380.6875
    475.2994	   1750.0453
    475.3092	   1621.6571
    475.3191	   1099.3551
    475.3289	    522.9013
    475.3387	      0.0000
    475.3486	      0.0000
    475.3584	      0.0000
    475.3682	      0.0000
    495.1972	      0.0000
    495.2077	      0.0000
    495.2181	      0.0000
    495.2286	      0.0000
    495.2391	    350.3216
    495.2495	    910.9341
    495.2600	   1442.3922
    495.2704	   1580.9338
    495.2809	   1228.5894
    495.2913	    650.8995
    495.3018	      0.0000
    495.3122	      0.0000
    495.3227	      0.0000
    495.3332	      0.0000
    505.1815	      0.0000
    505.1923	      0.0000
    505.2031	      0.0000
    505.2139	      0.0000
    505.2246	    496.4965
    505.2354	   1216.5372
    505.2462	   1897.2977
    505.2569	   2057.3210
    505.2677	   1560.3051
    505.2785	    779.6603
    505.2893	    226.4898
    505.3012	      0.0000
    505.3120	      0.0000
    505.3227	      0.0000
    505.3335	      0.0000
    523.1725	      0.0000
    523.1839	      0.0000
    523.1952	      0.0000
    523.2066	      0.0000
    523.2179	     63.3947
    523.2293	    919.1814
    523.2406	   3093.3970
    523.2520	   5453.3018
    523.2633	   7251.1401
    523.2747	   5792.6807
    523.2860	   3348.1267
    523.2974	   1051.8010
    523.3087	      0.4633
    523.3192	      0.0000
    523.3305	      0.0000
    523.3419	      0.0000
    523.3533	      0.0000
    528.9973	      0.0000
    529.0088	      0.0000
    529.0204	      0.0000
    529.0319	      0.0000
    529.0434	    351.0914
    529.0550	    803.6612
    529.0665	   1332.9415
    529.0781	   1750.6066
    529.0896	   1830.5579
    529.1012	   1474.9912
    529.1127	    873.6669
    529.1242	    434.0947
    529.1358	    443.5505
    529.1473	    778.7965
    529.1589	   1017.6302
    529.1704	    868.9448
    529.1820	    441.0405
    529.1935	      0.0000
    529.2051	      0.0000
    529.2166	      0.0000
    529.2282	      0.0000
    546.2459	      0.0000
    546.2580	      0.0000
    546.2701	      0.0000
    546.2822	      0.0000
    546.2943	    393.9027
    546.3064	   1425.2762
    546.3185	   2893.3689
    546.3307	   4371.3047
    546.3428	   4062.3535
    546.3549	   2476.5916
    546.3670	    893.2081
    546.3791	    276.9825
    546.3912	      0.0000
    546.4033	      0.0000
    546.4155	      0.0000
    546.4276	      0.0000
    547.2645	      0.0000
    547.2767	      0.0000
    547.2888	      0.0000
    547.3009	      0.0000
    547.3131	    434.4174
    547.3252	    874.6109
    547.3374	   1152.7784
    547.3495	   1069.5573
    547.3617	    679.1638
    547.3739	      0.0000
    547.3860	      0.0000
    547.3982	      0.0000
    547.4103	      0.0000
    566.8657	      0.0000
    566.8785	      0.0000
    566.8913	      0.0000
    566.9041	      0.0000
    566.9169	    592.6539
    566.9297	    849.4671
    566.9425	    932.6788
    566.9553	    773.8995
    566.9681	    451.6719
    566.9810	      0.0000
    566.9938	      0.0000
    567.0066	      0.0000
    567.0194	      0.0000
    617.2737	      0.0000
    617.2883	      0.0000
    617.3028	      0.0000
    617.3174	      0.0000
    617.3319	    210.0050
    617.3465	    764.7140
    617.3610	   1483.9320
    617.3756	   1872.7574
    617.3901	   1630.0637
    617.4047	    959.1075
    617.4192	    345.7990
    617.4338	      0.0000
    617.4483	      0.0000
    617.4629	      0.0000
    617.4774	      0.0000
    681.8044	      0.0000
    681.8213	      0.0000
    681.8381	      0.0000
    681.8550	      0.0000
