# ljz_20131022_MR_Chym1_ELUTE.mzML
#
# index: 6430
# id: controllerType=0 controllerNumber=1 scan=13454
# scanNumber: 13454
# massAnalyzerType: quadrupole
# scanEvent: 2
# msLevel: 2
# retentionTime: 3196.46
# filterString: FTMS + p NSI d Full ms2 1018.44@hcd28.00 [100.00-3140.00]
# mzLow: 99.0035
# mzHigh: 3172.35
# basePeakMZ: 204.087
# basePeakIntensity: 80690.7
# totalIonCurrent: 370287
# precursorCount: 1
# precursor 0: 1017.77 430206
# binary (550): 
     99.0035	      0.0000
     99.0044	      0.0000
     99.0054	      0.0000
     99.0063	      0.0000
    110.9973	      0.0000
    110.9984	      0.0000
    110.9995	      0.0000
    111.0007	      0.0000
    111.0018	    718.7963
    111.0029	   1189.4199
    111.0040	   1354.1498
    111.0051	   1077.3710
    111.0062	    540.2548
    111.0073	      0.0000
    111.0084	      0.0000
    111.0095	      0.0000
    111.0106	      0.0000
    115.0307	      0.0000
    115.0319	      0.0000
    115.0331	      0.0000
    115.0342	      0.0000
    115.0354	    918.6674
    115.0366	   1914.4868
    115.0377	   2834.8323
    115.0389	   3141.4854
    115.0401	   2614.0918
    115.0413	   1583.2966
    115.0424	    677.7448
    115.0437	      0.0000
    115.0449	      0.0000
    115.0461	      0.0000
    115.0472	      0.0000
    126.0428	      0.0000
    126.0441	      0.0000
    126.0455	      0.0000
    126.0468	      0.0000
    126.0482	    544.5167
    126.0495	   1120.2491
    126.0508	   3281.3804
    126.0522	  10523.1230
    126.0535	  22034.2930
    126.0549	  34406.1680
    126.0562	  35422.7813
    126.0576	  23056.8613
    126.0589	  11133.1768
    126.0602	   2448.5354
    126.0616	    125.4174
    126.0626	      0.0000
    126.0640	      0.0000
    126.0653	      0.0000
    126.0666	      0.0000
    127.0294	      0.0000
    127.0308	      0.0000
    127.0321	      0.0000
    127.0335	      0.0000
    127.0349	    918.4492
    127.0362	   3358.1980
    127.0376	   6698.5083
    127.0389	   9950.5918
    127.0403	   9494.2920
    127.0417	   6022.4287
    127.0430	   2742.0264
    127.0444	    523.8461
    127.0457	      0.0000
    127.0470	      0.0000
    127.0484	      0.0000
    127.0498	      0.0000
    138.0369	      0.0000
    138.0385	      0.0000
    138.0400	      0.0000
    138.0415	      0.0000
    138.0431	     89.1161
    138.0446	   2264.3518
    138.0462	   1229.7836
    138.0479	   1718.9746
    138.0495	   3851.7959
    138.0510	  11703.0234
    138.0526	  30689.1406
    138.0541	  51377.8750
    138.0556	  63528.3633
    138.0572	  47183.3438
    138.0587	  26586.4551
    138.0603	   7659.5474
    138.0618	   1131.2449
    138.0633	    141.1997
    138.0646	      0.0000
    138.0662	      0.0000
    138.0677	      0.0000
    138.0692	      0.0000
    139.0470	      0.0000
    139.0485	      0.0000
    139.0501	      0.0000
    139.0516	      0.0000
    139.0532	    272.9565
    139.0547	   1037.1957
    139.0563	   2265.4651
    139.0579	   3236.9893
    139.0594	   3219.9138
    139.0610	   2223.6870
    139.0625	   1006.4329
    139.0641	      0.0000
    139.0657	      0.0000
    139.0672	      0.0000
    139.0688	      0.0000
    144.0540	      0.0000
    144.0556	      0.0000
    144.0573	      0.0000
    144.0589	      0.0000
    144.0606	    484.3521
    144.0622	   1377.3842
    144.0639	   2536.7900
    144.0655	   3082.3496
    144.0671	   2576.8486
    144.0688	   1441.6726
    144.0704	    494.0750
    144.0720	      0.0000
    144.0737	      0.0000
    144.0753	      0.0000
    144.0770	      0.0000
    145.0381	      0.0000
    145.0398	      0.0000
    145.0414	      0.0000
    145.0431	      0.0000
    145.0447	    655.6085
    145.0464	   1820.4851
    145.0480	   4411.4888
    145.0497	   5700.3853
    145.0514	   4210.6553
    145.0530	   2164.8530
    145.0547	   1012.1450
    145.0563	      0.0000
    145.0580	      0.0000
    145.0596	      0.0000
    145.0613	      0.0000
    146.9506	      0.0000
    146.9523	      0.0000
    146.9539	      0.0000
    146.9556	      0.0000
    146.9573	    748.6942
    146.9590	   1270.9878
    146.9607	   1511.4415
    146.9624	   1315.6652
    146.9641	    817.3292
    146.9658	      0.0000
    146.9675	      0.0000
    146.9692	      0.0000
    146.9709	      0.0000
    159.0639	      0.0000
    159.0658	      0.0000
    159.0677	      0.0000
    159.0696	      0.0000
    159.0715	    790.4899
    159.0734	   1810.8607
    159.0753	   2872.3542
    159.0772	   3224.5579
    159.0791	   2588.1853
    159.0810	   1424.9039
    159.0829	    485.6324
    159.0843	      0.0000
    159.0862	      0.0000
    159.0881	      0.0000
    159.0900	      0.0000
    163.0451	      0.0000
    163.0471	      0.0000
    163.0491	      0.0000
    163.0510	      0.0000
    163.0530	    530.5610
    163.0550	   3587.6807
    163.0570	   7856.5190
    163.0589	  12343.8164
    163.0609	  11980.4834
    163.0629	   7623.2563
    163.0649	   3546.9622
    163.0668	   1154.5992
    163.0688	    599.4113
    163.0717	      0.0000
    163.0737	      0.0000
    163.0756	      0.0000
    163.0776	      0.0000
    168.0478	      0.0000
    168.0499	      0.0000
    168.0520	      0.0000
    168.0540	      0.0000
    168.0561	    552.4953
    168.0582	   1651.9667
    168.0602	   5362.3984
    168.0623	  13847.4844
    168.0644	  23199.9883
    168.0664	  28183.4746
    168.0685	  20575.8887
    168.0706	  11352.2676
    168.0726	   3100.6367
    168.0747	    322.3013
    168.0765	      0.0000
    168.0786	      0.0000
    168.0806	      0.0000
    168.0827	      0.0000
    173.5582	      0.0000
    173.5604	      0.0000
    173.5626	      0.0000
    173.5647	      0.0000
    173.5669	    597.1208
    173.5691	   1156.0363
    173.5712	   1406.5103
    173.5734	   1173.4196
    173.5756	    636.4874
    173.5778	      0.0000
    173.5799	      0.0000
    173.5821	      0.0000
    173.5843	      0.0000
    185.1666	      0.0000
    185.1690	      0.0000
    185.1714	      0.0000
    185.1738	      0.0000
    185.1761	    682.8076
    185.1785	   1115.4813
    185.1809	   1279.6110
    185.1833	   1066.4150
    185.1857	    611.3898
    185.1882	      0.0000
    185.1906	      0.0000
    185.1930	      0.0000
    185.1954	      0.0000
    186.0566	      0.0000
    186.0590	      0.0000
    186.0614	      0.0000
    186.0638	      0.0000
    186.0662	    412.1678
    186.0686	   1898.9603
    186.0710	   6625.6074
    186.0734	  12505.0625
    186.0758	  18068.2285
    186.0783	  16099.4473
    186.0807	   9826.6855
    186.0831	   4002.9238
    186.0855	    945.0291
    186.0878	      0.0000
    186.0902	      0.0000
    186.0926	      0.0000
    186.0950	      0.0000
    202.0662	      0.0000
    202.0689	      0.0000
    202.0716	      0.0000
    202.0744	      0.0000
    202.0771	    897.2411
    202.0798	   1709.1602
    202.0825	   2332.9448
    202.0853	   2376.2595
    202.0880	   1814.1216
    202.0907	   1014.8097
    202.0940	      0.0000
    202.0967	      0.0000
    202.0994	      0.0000
    202.1022	      0.0000
    204.0594	      0.0000
    204.0621	      0.0000
    204.0649	      0.0000
    204.0677	      0.0000
    204.0704	    757.1254
    204.0732	   1563.1099
    204.0760	   3502.7131
    204.0787	  10723.9561
    204.0815	  32633.3379
    204.0843	  58394.0977
    204.0870	  80414.5703
    204.0898	  67214.1172
    204.0926	  40074.3359
    204.0953	  14664.2471
    204.0981	   3077.8972
    204.1009	    680.4333
    204.1032	      0.0000
    204.1059	      0.0000
    204.1087	      0.0000
    204.1115	      0.0000
    205.0691	      0.0000
    205.0719	      0.0000
    205.0747	      0.0000
    205.0775	      0.0000
    205.0802	    448.1037
    205.0830	   1180.2813
    205.0858	   2036.5194
    205.0886	   2510.8208
    205.0914	   2258.6335
    205.0942	   1442.8964
    205.0970	    587.0229
    205.0997	      0.0000
    205.1025	      0.0000
    205.1052	      0.0000
    205.1080	      0.0000
    211.0695	      0.0000
    211.0724	      0.0000
    211.0753	      0.0000
    211.0782	      0.0000
    211.0811	    532.4419
    211.0840	   1834.4518
    211.0869	   7051.8252
    211.0898	  15632.2773
    211.0927	  24842.1875
    211.0957	  26053.3691
    211.0986	  17144.6289
    211.1015	   8444.5889
    211.1044	   2178.7036
    211.1073	    419.6194
    211.1102	      0.0000
    211.1131	      0.0000
    211.1160	      0.0000
    211.1190	      0.0000
    212.0766	      0.0000
    212.0795	      0.0000
    212.0824	      0.0000
    212.0854	      0.0000
    212.0883	    655.3947
    212.0912	   1670.5658
    212.0942	   3469.1240
    212.0971	   5315.8477
    212.1000	   3272.9314
    212.1030	   1990.2256
    212.1059	    740.1744
    212.1088	      0.0000
    212.1117	      0.0000
    212.1147	      0.0000
    212.1176	      0.0000
    252.9620	      0.0000
    252.9658	      0.0000
    252.9696	      0.0000
    252.9734	      0.0000
    252.9773	    534.5939
    252.9811	   2726.7246
    252.9849	   6648.6167
    252.9887	  10859.4814
    252.9925	  11351.3350
    252.9963	   7317.4355
    253.0002	   3422.2056
    253.0040	    764.9971
    253.0079	      0.0000
    253.0117	      0.0000
    253.0156	      0.0000
    253.0194	      0.0000
    253.9688	      0.0000
    253.9726	      0.0000
    253.9765	      0.0000
    253.9803	      0.0000
    253.9842	    754.0281
    253.9880	   1545.1401
    253.9918	   2133.5713
    253.9957	   2057.7917
    253.9995	   1332.8433
    254.0034	    483.3674
    254.0072	      0.0000
    254.0110	      0.0000
    254.0149	      0.0000
    254.0187	      0.0000
    256.0663	      0.0000
    256.0702	      0.0000
    256.0741	      0.0000
    256.0780	      0.0000
    256.0819	    462.9413
    256.0857	   1134.3634
    256.0896	   1652.5284
    256.0935	   1656.8315
    256.0974	   1160.3706
    256.1013	    526.3196
    256.1052	      0.0000
    256.1091	      0.0000
    256.1130	      0.0000
    256.1169	      0.0000
    273.0944	      0.0000
    273.0986	      0.0000
    273.1029	      0.0000
    273.1072	      0.0000
    273.1115	    890.0200
    273.1158	   1520.8672
    273.1201	   1731.6921
    273.1243	   1344.6281
    273.1286	    644.4615
    273.1367	      0.0000
    273.1410	      0.0000
    273.1453	      0.0000
    273.1496	      0.0000
    366.0892	      0.0000
    366.0958	      0.0000
    366.1025	      0.0000
    366.1091	      0.0000
    366.1157	    492.1092
    366.1224	   1714.5079
    366.1290	   4765.0420
    366.1357	   8266.3721
    366.1423	  11076.7197
    366.1490	   8937.1016
    366.1556	   5095.3550
    366.1623	   1402.4398
    366.1689	      0.0000
    366.1723	      0.0000
    366.1789	      0.0000
    366.1856	      0.0000
    366.1922	      0.0000
    367.1045	      0.0000
    367.1112	      0.0000
    367.1179	      0.0000
    367.1246	      0.0000
    367.1312	    824.6257
    367.1379	   1511.7897
    367.1446	   1821.8341
    367.1513	   1480.8521
    367.1579	    742.6652
    367.1646	      0.0000
    367.1713	      0.0000
    367.1779	      0.0000
    367.1846	      0.0000
    378.1143	      0.0000
    378.1213	      0.0000
    378.1283	      0.0000
    378.1353	      0.0000
    378.1422	    518.7603
    378.1492	   1171.8665
    378.1562	   1787.5278
    378.1632	   1969.8745
    378.1701	   1587.9291
    378.1771	    905.0576
    378.1844	      0.0000
    378.1914	      0.0000
    378.1984	      0.0000
    378.2054	      0.0000
    445.0832	      0.0000
    445.0921	      0.0000
    445.1010	      0.0000
    445.1099	      0.0000
    445.1188	    435.1523
    445.1277	   1070.9532
    445.1366	   1519.8544
    445.1456	   1450.6343
    445.1545	    951.3538
    445.1636	      0.0000
    445.1725	      0.0000
    445.1814	      0.0000
    445.1903	      0.0000
    477.1625	      0.0000
    477.1724	      0.0000
    477.1823	      0.0000
    477.1922	      0.0000
    477.2021	    441.8594
    477.2119	   1326.7466
    477.2218	   2262.4182
    477.2317	   2630.6768
    477.2416	   2145.4321
    477.2515	   1175.7437
    477.2614	    402.1309
    477.2713	      0.0000
    477.2812	      0.0000
    477.2911	      0.0000
    477.3010	      0.0000
    482.9187	      0.0000
    482.9288	      0.0000
    482.9389	      0.0000
    482.9489	      0.0000
    482.9590	    885.2014
    482.9691	   2634.9883
    482.9791	   5113.9463
    482.9892	   7487.7002
    482.9993	   6747.6509
    483.0093	   4169.4692
    483.0194	   1801.5846
    483.0295	    527.6299
    483.0398	      0.0000
    483.0499	      0.0000
    483.0599	      0.0000
    483.0700	      0.0000
    528.1212	      0.0000
    528.1328	      0.0000
    528.1443	      0.0000
    528.1558	      0.0000
    528.1673	    466.5375
    528.1788	   1139.4508
    528.1903	   1547.4191
    528.2018	   1376.0114
    528.2134	    777.8881
    528.2250	      0.0000
    528.2365	      0.0000
    528.2480	      0.0000
    528.2596	      0.0000
    644.1913	      0.0000
    644.2068	      0.0000
    644.2223	      0.0000
    644.2378	      0.0000
    644.2533	    690.1802
    644.2688	   1225.5443
    644.2843	   1502.7587
    644.2998	   1369.3344
    644.3154	    920.1288
    644.3309	      0.0000
    644.3465	      0.0000
    644.3620	      0.0000
    644.3775	      0.0000
    696.8937	      0.0000
    696.9112	      0.0000
    696.9286	      0.0000
    696.9461	      0.0000
    696.9635	   1025.2499
    696.9810	   1734.0674
    696.9984	   2101.4829
    697.0159	   1837.8500
    697.0333	   1086.8842
    697.0509	      0.0000
    697.0684	      0.0000
    697.0858	      0.0000
    697.1033	      0.0000
    804.7315	      0.0000
    804.7532	      0.0000
    804.7748	      0.0000
    804.7965	      0.0000
    804.8182	    821.9186
    804.8398	   1772.7225
    804.8615	   2538.9780
    804.8831	   2629.8218
    804.9048	   1988.0822
    804.9265	   1056.7228
    804.9476	      0.0000
    804.9693	      0.0000
    804.9910	      0.0000
    805.0126	      0.0000
   1607.3777	      0.0000
   1607.4389	      0.0000
   1607.5000	      0.0000
   1607.5611	      0.0000
   1607.6223	   1400.9456
   1607.6834	   2376.7783
   1607.7445	   2649.7781
   1607.8057	   2014.9447
   1607.8669	    986.5900
   1607.9280	      0.0000
   1607.9891	      0.0000
   1608.0503	      0.0000
   1608.1115	      0.0000
   2475.4704	      0.0000
   2475.5873	      0.0000
   2475.7041	      0.0000
   2475.8210	      0.0000
   2475.9378	    814.1001
   2476.0547	   1516.5455
   2476.1715	   1856.8717
   2476.2884	   1633.3644
   2476.4053	   1019.1480
   2476.5222	      0.0000
   2476.6391	      0.0000
   2476.7560	      0.0000
   2476.8730	      0.0000
   3171.8465	      0.0000
   3172.0159	      0.0000
   3172.1854	      0.0000
   3172.3549	      0.0000
