# ljz_20131022_MR_Chym1_ELUTE.mzML
#
# index: 3087
# id: controllerType=0 controllerNumber=1 scan=8843
# scanNumber: 8843
# massAnalyzerType: quadrupole
# scanEvent: 2
# msLevel: 2
# retentionTime: 2310.1
# filterString: FTMS + p NSI d Full ms2 359.68@hcd28.00 [100.00-755.00]
# mzLow: 99.0035
# mzHigh: 762.671
# basePeakMZ: 332.161
# basePeakIntensity: 1.65605e+006
# totalIonCurrent: 9.0398e+006
# precursorCount: 1
# precursor 0: 359.681 3.60913e+006
# binary (2652): 
     99.0035	      0.0000
     99.0045	      0.0000
     99.0054	      0.0000
     99.0064	      0.0000
    101.0002	      0.0000
    101.0011	      0.0000
    101.0021	      0.0000
    101.0031	      0.0000
    101.0040	   1217.2539
    101.0050	   2061.5657
    101.0060	   2597.3926
    101.0069	   2413.5076
    101.0079	   1552.9037
    101.0088	    583.1252
    101.0098	      0.0000
    101.0108	      0.0000
    101.0117	      0.0000
    101.0127	      0.0000
    101.0647	      0.0000
    101.0657	      0.0000
    101.0666	      0.0000
    101.0676	      0.0000
    101.0686	    837.6770
    101.0695	   2062.7341
    101.0705	   3422.2451
    101.0715	   3945.5793
    101.0724	   3174.0408
    101.0734	   1671.2043
    101.0744	    499.6977
    101.0757	      0.0000
    101.0767	      0.0000
    101.0776	      0.0000
    101.0786	      0.0000
    103.0324	      0.0000
    103.0334	      0.0000
    103.0344	      0.0000
    103.0354	      0.0000
    103.0364	    939.4648
    103.0374	   3103.0552
    103.0384	   7198.7993
    103.0394	  11760.7607
    103.0403	  13372.3232
    103.0413	   8946.4395
    103.0423	   4157.2266
    103.0433	    308.4758
    103.0439	      0.0000
    103.0449	      0.0000
    103.0459	      0.0000
    103.0469	      0.0000
    103.0479	      0.0000
    103.0489	      0.0000
    103.0499	      0.0000
    103.0508	      0.0000
    103.0518	   1142.7144
    103.0528	   4021.9487
    103.0538	   7752.1899
    103.0548	  11178.6035
    103.0558	   9533.7051
    103.0568	   5453.0732
    103.0578	   1705.7604
    103.0588	    887.5023
    103.0598	      0.0000
    103.0608	      0.0000
    103.0618	      0.0000
    103.0627	      0.0000
    104.0654	      0.0000
    104.0664	      0.0000
    104.0675	      0.0000
    104.0685	      0.0000
    104.0695	    754.6373
    104.0705	   1566.9119
    104.0715	   1913.7932
    104.0725	   1502.3969
    104.0735	    692.2294
    104.0745	      0.0000
    104.0755	      0.0000
    104.0765	      0.0000
    104.0775	      0.0000
    105.0644	      0.0000
    105.0655	      0.0000
    105.0665	      0.0000
    105.0675	      0.0000
    105.0685	    645.7469
    105.0695	   1389.8541
    105.0706	   1877.2212
    105.0716	   1743.8800
    105.0726	   1084.9429
    105.0736	      0.0000
    105.0746	      0.0000
    105.0756	      0.0000
    105.0767	      0.0000
    110.0582	      0.0000
    110.0593	      0.0000
    110.0604	      0.0000
    110.0615	      0.0000
    110.0626	      0.0000
    110.0637	      0.0000
    110.0648	      0.0000
    110.0659	   6127.1978
    110.0670	   8881.6533
    110.0681	  25675.1191
    110.0692	  86370.2109
    110.0703	 177546.4219
    110.0714	 274871.4063
    110.0725	 275964.7188
    110.0736	 178030.0000
    110.0747	  85739.9141
    110.0758	  22826.9238
    110.0769	   6171.1572
    110.0780	   5434.1577
    110.0791	   4228.9512
    110.0802	   1797.8585
    110.0813	    523.0420
    110.0823	      0.0000
    110.0834	      0.0000
    110.0845	      0.0000
    110.0856	      0.0000
    111.0616	      0.0000
    111.0627	      0.0000
    111.0638	      0.0000
    111.0650	      0.0000
    111.0661	    621.7025
    111.0672	   1645.0693
    111.0683	   2495.1335
    111.0694	   2389.1226
    111.0705	   1570.0431
    111.0716	   1342.0151
    111.0726	   4495.4917
    111.0737	   9566.5771
    111.0748	  14657.7910
    111.0759	  13734.4922
    111.0770	   8434.2021
    111.0782	   3476.5725
    111.0793	    958.4717
    111.0805	      0.0000
    111.0816	      0.0000
    111.0827	      0.0000
    111.0838	      0.0000
    112.0800	      0.0000
    112.0811	      0.0000
    112.0822	      0.0000
    112.0833	      0.0000
    112.0845	    726.2076
    112.0856	   1940.4178
    112.0867	   3064.4204
    112.0878	   3358.6611
    112.0890	   2610.0051
    112.0901	   1374.6842
    112.0912	    442.1012
    112.0923	      0.0000
    112.0935	      0.0000
    112.0946	      0.0000
    112.0957	      0.0000
    113.2357	      0.0000
    113.2369	      0.0000
    113.2380	      0.0000
    113.2391	      0.0000
    113.2403	   1060.4060
    113.2414	   1658.9111
    113.2426	   1837.3696
    113.2437	   1490.5958
    113.2449	    846.5670
    113.2460	      0.0000
    113.2471	      0.0000
    113.2483	      0.0000
    113.2494	      0.0000
    115.0131	      0.0000
    115.0143	      0.0000
    115.0154	      0.0000
    115.0166	      0.0000
    115.0178	   1105.3489
    115.0190	   3856.8965
    115.0201	   8065.4976
    115.0213	  12524.4414
    115.0225	  12170.2803
    115.0236	   7536.9023
    115.0248	   3198.7861
    115.0260	    492.8520
    115.0271	      0.0000
    115.0283	      0.0000
    115.0295	      0.0000
    115.0306	      0.0000
    120.0654	      0.0000
    120.0666	      0.0000
    120.0679	      0.0000
    120.0691	      0.0000
    120.0704	      0.0000
    120.0716	   1812.5461
    120.0729	   3653.0010
    120.0741	   8770.3691
    120.0754	  10868.2539
    120.0766	  27182.1289
    120.0778	  92490.5781
    120.0791	 229320.2969
    120.0803	 377706.1563
    120.0816	 441602.7500
    120.0828	 315055.8750
    120.0841	 171963.1094
    120.0853	  51349.9766
    120.0866	  13133.9150
    120.0878	   6694.1655
    120.0891	   5789.2695
    120.0903	   1910.3003
    120.0916	    127.8596
    120.0928	      0.0000
    120.0941	      0.0000
    120.0953	      0.0000
    120.0966	      0.0000
    120.1090	      0.0000
    120.1103	      0.0000
    120.1115	      0.0000
    120.1128	      0.0000
    120.1140	      0.0000
    120.1153	      0.0000
    120.1165	      0.0000
    120.1178	      0.0000
    120.1190	      0.0000
    120.1203	      0.0000
    120.1215	      0.0000
    120.1228	      0.0000
    120.1240	      0.0000
    120.1253	      0.0000
    121.0712	      0.0000
    121.0725	      0.0000
    121.0737	      0.0000
    121.0750	      0.0000
    121.0763	    646.6154
    121.0775	   1869.0033
    121.0788	   1552.1611
    121.0803	   2982.9492
    121.0816	   8236.2451
    121.0828	  18904.0430
    121.0841	  30677.5156
    121.0854	  34579.1992
    121.0866	  23618.4668
    121.0879	  12071.7012
    121.0892	   2631.5889
    121.0904	      0.0000
    121.0916	      0.0000
    121.0929	      0.0000
    121.0941	      0.0000
    121.0954	      0.0000
    129.0915	      0.0000
    129.0929	      0.0000
    129.0943	      0.0000
    129.0957	      0.0000
    129.0971	   1057.5723
    129.0984	   3662.6208
    129.0998	  11396.9063
    129.1012	  21133.3945
    129.1026	  30394.5625
    129.1040	  27230.1699
    129.1054	  16578.9902
    129.1068	   6838.7041
    129.1082	   1079.5304
    129.1093	      0.0000
    129.1107	      0.0000
    129.1121	      0.0000
    129.1135	      0.0000
    130.9148	      0.0000
    130.9162	      0.0000
    130.9176	      0.0000
    130.9190	      0.0000
    130.9204	    826.7858
    130.9219	   1577.8013
    130.9233	   1852.2737
    130.9247	   1409.6232
    130.9261	    617.7164
    130.9275	      0.0000
    130.9290	      0.0000
    130.9304	      0.0000
    130.9318	      0.0000
    132.0934	      0.0000
    132.0948	      0.0000
    132.0963	      0.0000
    132.0977	      0.0000
    132.0992	   1169.9014
    132.1006	   2620.3748
    132.1020	   3824.3213
    132.1035	   3938.7190
    132.1049	   2903.7798
    132.1064	   1497.3741
    132.1078	    580.5955
    132.1092	      0.0000
    132.1107	      0.0000
    132.1121	      0.0000
    132.1136	      0.0000
    133.0752	      0.0000
    133.0767	      0.0000
    133.0781	      0.0000
    133.0796	      0.0000
    133.0810	    814.7231
    133.0825	   2804.4910
    133.0839	   5860.1040
    133.0854	   9126.0078
    133.0869	   9781.0000
    133.0883	   6518.0742
    133.0898	   3138.8875
    133.0912	   1000.4409
    133.0927	      0.0000
    133.0941	      0.0000
    133.0956	      0.0000
    133.0970	      0.0000
    134.0886	      0.0000
    134.0901	      0.0000
    134.0915	      0.0000
    134.0930	      0.0000
    134.0945	   1069.8297
    134.0960	   2014.6821
    134.0974	   2372.6555
    134.0989	   1871.3574
    134.1004	    922.5848
    134.1018	      0.0000
    134.1033	      0.0000
    134.1048	      0.0000
    134.1062	      0.0000
    138.0569	      0.0000
    138.0584	      0.0000
    138.0599	      0.0000
    138.0615	      0.0000
    138.0630	    863.7267
    138.0645	   1999.5432
    138.0661	   3023.6550
    138.0676	   3180.5815
    138.0692	   2352.7324
    138.0707	   1138.7822
    138.0723	      0.0000
    138.0738	      0.0000
    138.0753	      0.0000
    138.0769	      0.0000
    143.1090	      0.0000
    143.1107	      0.0000
    143.1123	      0.0000
    143.1139	      0.0000
    143.1155	   1455.0439
    143.1172	   2634.9631
    143.1188	   3151.7776
    143.1204	   2656.3159
    143.1220	   1565.6332
    143.1237	    582.4206
    143.1252	      0.0000
    143.1268	      0.0000
    143.1284	      0.0000
    143.1300	      0.0000
    144.0669	      0.0000
    144.0686	      0.0000
    144.0702	      0.0000
    144.0719	      0.0000
    144.0735	   1004.5990
    144.0751	   3384.0242
    144.0768	  13851.7734
    144.0784	  32185.4375
    144.0801	  51950.9297
    144.0817	  56228.0781
    144.0833	  37864.8125
    144.0850	  19298.0039
    144.0866	   5463.6157
    144.0883	   1661.2402
    144.0899	   1279.6830
    144.0915	      0.0000
    144.0931	      0.0000
    144.0948	      0.0000
    144.0964	      0.0000
    145.0478	      0.0000
    145.0495	      0.0000
    145.0511	      0.0000
    145.0528	      0.0000
    145.0544	    555.6354
    145.0561	   2331.2273
    145.0578	   8009.4775
    145.0594	  14335.6006
    145.0611	  19419.3594
    145.0627	  15913.8350
    145.0644	   9269.3916
    145.0660	   3274.9893
    145.0677	    191.2346
    145.0695	      0.0000
    145.0712	      0.0000
    145.0728	      0.0000
    145.0745	      0.0000
    145.0761	      0.0000
    145.0778	      0.0000
    145.0794	      0.0000
    145.0811	    671.2379
    145.0828	   1804.5120
    145.0844	   2628.8142
    145.0861	   2461.8835
    145.0877	   1456.2119
    145.0894	    472.8976
    145.0910	      0.0000
    145.0927	      0.0000
    145.0944	      0.0000
    145.0960	      0.0000
    146.0858	      0.0000
    146.0875	      0.0000
    146.0892	      0.0000
    146.0908	      0.0000
    146.0925	    730.7028
    146.0942	   1803.0150
    146.0959	   2681.5208
    146.0975	   2681.8486
    146.0992	   1748.4253
    146.1009	    640.3596
    146.1025	      0.0000
    146.1042	      0.0000
    146.1059	      0.0000
    146.1076	      0.0000
    147.0671	      0.0000
    147.0688	      0.0000
    147.0705	      0.0000
    147.0722	      0.0000
    147.0739	    946.2871
    147.0756	   1852.2513
    147.0773	   2142.7205
    147.0790	   1647.3710
    147.0807	    821.0521
    147.0830	      0.0000
    147.0847	      0.0000
    147.0864	      0.0000
    147.0881	      0.0000
    151.0726	      0.0000
    151.0743	      0.0000
    151.0761	      0.0000
    151.0778	      0.0000
    151.0796	    415.7553
    151.0814	   1657.5170
    151.0831	   5883.0566
    151.0849	  11909.1416
    151.0867	  18220.4434
    151.0884	  17469.8730
    151.0902	  10746.7285
    151.0919	   4405.1060
    151.0937	    590.2865
    151.0949	      0.0000
    151.0966	      0.0000
    151.0984	      0.0000
    151.1001	      0.0000
    155.0703	      0.0000
    155.0721	      0.0000
    155.0739	      0.0000
    155.0758	      0.0000
    155.0776	    727.7980
    155.0794	   1518.9684
    155.0813	   2028.2495
    155.0831	   1857.8909
    155.0849	   1084.0731
    155.0868	      0.0000
    155.0886	      0.0000
    155.0904	      0.0000
    155.0922	      0.0000
    156.0179	      0.0000
    156.0198	      0.0000
    156.0216	      0.0000
    156.0235	      0.0000
    156.0253	      0.0000
    156.0271	      0.0000
    156.0290	      0.0000
    156.0308	      0.0000
    156.0327	      0.0000
    156.0347	      0.0000
    156.0365	      0.0000
    156.0384	      0.0000
    156.0402	      0.0000
    156.0550	      0.0000
    156.0569	      0.0000
    156.0587	      0.0000
    156.0606	      0.0000
    156.0624	      0.0000
    156.0643	   1554.8407
    156.0661	  10949.7324
    156.0680	  15425.8105
    156.0698	  38860.0586
    156.0717	 133394.5156
    156.0735	 406110.0313
    156.0754	 704733.3125
    156.0772	 932366.7500
    156.0791	 741633.8750
    156.0809	 437421.9375
    156.0828	 152348.8438
    156.0846	  40073.9063
    156.0865	  12817.9033
    156.0883	  11429.7002
    156.0902	   3332.2083
    156.0920	   2184.7781
    156.0939	      0.0000
    156.0956	      0.0000
    156.0975	      0.0000
    156.0993	      0.0000
    156.1012	      0.0000
    156.1178	      0.0000
    156.1197	      0.0000
    156.1215	      0.0000
    156.1234	      0.0000
    156.1253	      0.0000
    156.1271	      0.0000
    156.1290	      0.0000
    156.1308	      0.0000
    156.1327	      0.0000
    156.1345	      0.0000
    156.1370	      0.0000
    156.1388	      0.0000
    156.1407	      0.0000
    156.1425	      0.0000
    157.0645	      0.0000
    157.0664	      0.0000
    157.0683	      0.0000
    157.0701	      0.0000
    157.0720	    851.6170
    157.0739	   4555.1226
    157.0757	  11866.9170
    157.0776	  27763.8359
    157.0795	  45567.3867
    157.0813	  56403.5508
    157.0832	  42784.4219
    157.0851	  24656.3477
    157.0869	   7458.6733
    157.0888	    867.4100
    157.0900	      0.0000
    157.0919	      0.0000
    157.0938	      0.0000
    157.0956	      0.0000
    160.0291	      0.0000
    160.0311	      0.0000
    160.0330	      0.0000
    160.0349	      0.0000
    160.0368	   1228.2131
    160.0387	   3540.8054
    160.0407	   6974.7378
    160.0426	  10343.4023
    160.0445	   9149.7080
    160.0464	   5389.9204
    160.0483	   2000.2836
    160.0503	    837.6695
    160.0522	      0.0000
    160.0541	      0.0000
    160.0560	      0.0000
    160.0579	      0.0000
    160.0618	      0.0000
    160.0637	      0.0000
    160.0656	      0.0000
    160.0676	      0.0000
    160.0695	    599.6642
    160.0714	   1655.4261
    160.0733	   3098.2356
    160.0752	   4024.9800
    160.0772	   3701.5066
    160.0791	   2359.0947
    160.0810	    946.3201
    160.0829	      0.0000
    160.0848	      0.0000
    160.0868	      0.0000
    160.0887	      0.0000
    160.0906	      0.0000
    160.0925	      0.0000
    160.0944	   1318.2080
    160.0964	   2180.2368
    160.0983	   2393.1785
    160.1002	   1809.8553
    160.1021	    892.9065
    160.1040	      0.0000
    160.1060	      0.0000
    160.1079	      0.0000
    160.1098	      0.0000
    161.0808	      0.0000
    161.0828	      0.0000
    161.0847	      0.0000
    161.0866	      0.0000
    161.0886	   1373.0466
    161.0905	   2872.8115
    161.0925	   4059.6023
    161.0944	   4080.4185
    161.0963	   2920.5955
    161.0983	   1428.8527
    161.1002	      0.0000
    161.1021	      0.0000
    161.1041	      0.0000
    161.1060	      0.0000
    162.0705	      0.0000
    162.0724	      0.0000
    162.0744	      0.0000
    162.0763	      0.0000
    162.0783	    634.6263
    162.0802	   1813.3986
    162.0822	   2162.3545
    162.0842	   6644.1543
    162.0861	  25098.6953
    162.0881	  69697.0313
    162.0900	 117728.7656
    162.0920	 145425.7813
    162.0939	 107926.1172
    162.0959	  60951.0469
    162.0979	  19094.2910
    162.0998	   5277.0283
    162.1018	   2666.8604
    162.1037	   2544.4780
    162.1057	   1117.1016
    162.1079	      0.0000
    162.1098	      0.0000
    162.1118	      0.0000
    162.1137	      0.0000
    163.0793	      0.0000
    163.0813	      0.0000
    163.0833	      0.0000
    163.0853	      0.0000
    163.0872	    274.0524
    163.0892	   2501.3281
    163.0912	   8034.3052
    163.0932	  14105.4248
    163.0951	  19118.3535
    163.0971	  16006.7266
    163.0991	   9554.9229
    163.1011	   3480.9568
    163.1030	    363.9567
    163.1048	      0.0000
    163.1068	      0.0000
    163.1088	      0.0000
    163.1107	      0.0000
    164.0574	      0.0000
    164.0594	      0.0000
    164.0614	      0.0000
    164.0634	      0.0000
    164.0654	   1202.1218
    164.0674	   2777.2107
    164.0693	   4234.7783
    164.0713	   4593.8442
    164.0733	   3573.1294
    164.0753	   1882.7987
    164.0773	    635.3331
    164.0795	      0.0000
    164.0815	      0.0000
    164.0835	      0.0000
    164.0855	      0.0000
    166.0712	      0.0000
    166.0732	      0.0000
    166.0752	      0.0000
    166.0773	      0.0000
    166.0793	   1141.6274
    166.0813	   4849.6904
    166.0833	  11808.5625
    166.0854	  19518.5273
    166.0874	  21390.5098
    166.0894	  14116.6826
    166.0915	   6828.5518
    166.0935	   1392.5061
    166.0954	      0.0000
    166.0974	      0.0000
    166.0994	      0.0000
    166.1014	      0.0000
    166.9514	      0.0000
    166.9535	      0.0000
    166.9555	      0.0000
    166.9576	      0.0000
    166.9596	    880.4610
    166.9617	   2324.1523
    166.9637	   4056.9456
    166.9658	   7263.4902
    166.9678	   4261.9453
    166.9699	   2503.3501
    166.9719	    916.3207
    166.9739	      0.0000
    166.9760	      0.0000
    166.9780	      0.0000
    166.9801	      0.0000
    169.0833	      0.0000
    169.0854	      0.0000
    169.0875	      0.0000
    169.0895	      0.0000
    169.0916	    989.7808
    169.0937	   2593.2788
    169.0958	   4242.7739
    169.0979	   7272.6660
    169.1000	   5012.1812
    169.1021	   2185.9104
    169.1041	    798.8304
    169.1062	      0.0000
    169.1083	      0.0000
    169.1104	      0.0000
    169.1125	      0.0000
    170.0488	      0.0000
    170.0509	      0.0000
    170.0530	      0.0000
    170.0551	      0.0000
    170.0572	    926.9459
    170.0593	   1643.6215
    170.0614	   2067.5364
    170.0635	   1863.8276
    170.0656	   1112.6864
    170.0677	      0.0000
    170.0698	      0.0000
    170.0719	      0.0000
    170.0740	      0.0000
    171.0629	      0.0000
    171.0651	      0.0000
    171.0672	      0.0000
    171.0693	      0.0000
    171.0714	    946.8421
    171.0736	   2141.8889
    171.0757	   3158.6494
    171.0778	   3159.4514
    171.0799	   2062.1028
    171.0820	    735.1184
    171.0842	      0.0000
    171.0863	      0.0000
    171.0884	      0.0000
    171.0905	      0.0000
    171.0927	      0.0000
    171.0948	    577.1757
    171.0969	   1623.1141
    171.0990	   2440.9697
    171.1011	   2407.8174
    171.1033	   1539.6498
    171.1054	    516.3784
    171.1076	      0.0000
    171.1098	      0.0000
    171.1119	      0.0000
    171.1140	      0.0000
    173.1123	      0.0000
    173.1144	      0.0000
    173.1166	      0.0000
    173.1187	      0.0000
    173.1209	    358.3607
    173.1231	   2569.3423
    173.1252	   7290.5273
    173.1274	  12352.4922
    173.1295	  14935.3838
    173.1317	  10963.2852
    173.1339	   6089.9912
    173.1360	   1643.7164
    173.1382	     42.5325
    173.1403	      0.0000
    173.1424	      0.0000
    173.1446	      0.0000
    173.1468	      0.0000
    175.0841	      0.0000
    175.0863	      0.0000
    175.0885	      0.0000
    175.0907	      0.0000
    175.0929	    987.8452
    175.0951	   1924.0503
    175.0973	   2262.1060
    175.0995	   1781.1700
    175.1017	    936.5529
    175.1039	      0.0000
    175.1061	      0.0000
    175.1083	      0.0000
    175.1105	      0.0000
    177.5962	      0.0000
    177.5984	      0.0000
    177.6007	      0.0000
    177.6029	      0.0000
    177.6052	    606.7748
    177.6074	   1604.5846
    177.6096	   2593.8354
    177.6119	   2871.8740
    177.6141	   2215.9304
    177.6164	   1145.2340
    177.6186	      0.0000
    177.6209	      0.0000
    177.6231	      0.0000
    177.6254	      0.0000
    178.1182	      0.0000
    178.1204	      0.0000
    178.1227	      0.0000
    178.1249	      0.0000
    178.1272	    677.9709
    178.1294	   4033.4033
    178.1317	   8624.2354
    178.1339	  12987.0840
    178.1362	  11324.7422
    178.1384	   6701.3120
    178.1407	   2562.9189
    178.1430	    962.3204
    178.1452	      0.0000
    178.1474	      0.0000
    178.1497	      0.0000
    178.1520	      0.0000
    181.0953	      0.0000
    181.0976	      0.0000
    181.0999	      0.0000
    181.1022	      0.0000
    181.1045	    738.4754
    181.1068	   2028.2555
    181.1092	   2890.3413
    181.1115	   2570.5801
    181.1138	   1416.4087
    181.1162	      0.0000
    181.1185	      0.0000
    181.1208	      0.0000
    181.1231	      0.0000
    183.0952	      0.0000
    183.0975	      0.0000
    183.0999	      0.0000
    183.1022	      0.0000
    183.1046	    649.1528
    183.1069	   1652.8160
    183.1093	   4199.9492
    183.1116	   7300.6084
    183.1140	   8636.0303
    183.1163	   5971.8999
    183.1187	   2214.3914
    183.1210	    650.8690
    183.1233	      0.0000
    183.1257	      0.0000
    183.1280	      0.0000
    183.1304	      0.0000
    189.0851	      0.0000
    189.0875	      0.0000
    189.0900	      0.0000
    189.0925	      0.0000
    189.0949	    774.3012
    189.0974	   2136.0310
    189.0999	   3776.2932
    189.1023	   4741.9365
    189.1048	   4375.0127
    189.1073	   2918.4680
    189.1097	   1320.2047
    189.1122	      0.0000
    189.1146	      0.0000
    189.1171	      0.0000
    189.1196	      0.0000
    190.0730	      0.0000
    190.0754	      0.0000
    190.0779	      0.0000
    190.0804	      0.0000
    190.0829	   1464.0128
    190.0854	   2577.9592
    190.0879	   2916.9507
    190.0904	   2187.2100
    190.0928	   1008.9178
    190.0953	      0.0000
    190.0978	      0.0000
    190.1003	      0.0000
    190.1028	      0.0000
    191.9989	      0.0000
    192.0014	      0.0000
    192.0040	      0.0000
    192.0065	      0.0000
    192.0090	   1092.1726
    192.0115	   1965.7640
    192.0141	   2398.5313
    192.0166	   2147.9810
    192.0191	   1427.0681
    192.0217	      0.0000
    192.0242	      0.0000
    192.0267	      0.0000
    192.0293	      0.0000
    198.0721	      0.0000
    198.0748	      0.0000
    198.0774	      0.0000
    198.0801	      0.0000
    198.0827	   1234.2247
    198.0854	   1923.7949
    198.0880	   2101.7852
    198.0906	   1520.6023
    198.0933	    580.5228
    198.0959	      0.0000
    198.0986	      0.0000
    198.1012	      0.0000
    198.1039	      0.0000
    200.0864	      0.0000
    200.0890	      0.0000
    200.0917	      0.0000
    200.0944	      0.0000
    200.0971	    786.7174
    200.0998	   1776.2633
    200.1025	   2541.3225
    200.1052	   2482.3408
    200.1078	   1669.6642
    200.1105	    710.6440
    200.1140	      0.0000
    200.1166	      0.0000
    200.1193	      0.0000
    200.1220	      0.0000
    201.1031	      0.0000
    201.1058	      0.0000
    201.1085	      0.0000
    201.1112	      0.0000
    201.1139	   1000.2490
    201.1166	   2804.4773
    201.1193	   7520.4355
    201.1220	  12575.4902
    201.1247	  15956.3428
    201.1274	  12230.1152
    201.1301	   6914.3267
    201.1328	   1740.0565
    201.1355	      0.0000
    201.1375	      0.0000
    201.1402	      0.0000
    201.1429	      0.0000
    201.1456	      0.0000
    202.1287	      0.0000
    202.1315	      0.0000
    202.1342	      0.0000
    202.1369	      0.0000
    202.1396	   1002.3241
    202.1424	   1892.3291
    202.1451	   2244.8601
    202.1478	   1885.5891
    202.1505	   1104.2350
    202.1534	      0.0000
    202.1561	      0.0000
    202.1588	      0.0000
    202.1615	      0.0000
    205.0885	      0.0000
    205.0913	      0.0000
    205.0940	      0.0000
    205.0968	      0.0000
    205.0996	    491.7363
    205.1024	   1713.1371
    205.1052	   4947.0361
    205.1080	   7802.0967
    205.1108	   8134.3540
    205.1136	   5297.8745
    205.1163	   2315.1638
    205.1191	    891.0680
    205.1219	      0.0000
    205.1247	      0.0000
    205.1275	      0.0000
    205.1303	      0.0000
    206.1119	      0.0000
    206.1147	      0.0000
    206.1175	      0.0000
    206.1204	      0.0000
    206.1232	   1489.6775
    206.1260	   3020.8879
    206.1288	   4109.8301
    206.1316	   3925.1626
    206.1344	   2581.6377
    206.1372	   1078.4098
    206.1400	      0.0000
    206.1428	      0.0000
    206.1456	      0.0000
    206.1484	      0.0000
    207.0074	      0.0000
    207.0102	      0.0000
    207.0131	      0.0000
    207.0159	      0.0000
    207.0187	      0.0000
    207.0215	      0.0000
    207.0244	      0.0000
    207.0272	      0.0000
    207.0300	      0.0000
    207.0328	      0.0000
    207.0357	      0.0000
    207.0385	      0.0000
    207.0413	      0.0000
    207.0441	      0.0000
    207.0470	   1865.4872
    207.0498	   1748.6049
    207.0526	    975.2051
    207.0554	      0.0000
    207.0583	      0.0000
    207.0611	      0.0000
    207.0639	      0.0000
    207.0667	      0.0000
    207.0696	      0.0000
    207.0724	      0.0000
    207.0752	      0.0000
    207.0780	      0.0000
    207.0809	      0.0000
    207.0837	      0.0000
    207.0866	      0.0000
    207.0894	   1874.8574
    207.0922	   6956.7515
    207.0950	  18655.7930
    207.0979	  30289.4727
    207.1007	  39279.0313
    207.1035	 114398.6328
    207.1064	 393990.7813
    207.1092	 813461.2500
    207.1120	1261147.7500
    207.1148	1265834.7500
    207.1177	 818138.6250
    207.1205	 397189.3438
    207.1233	 112161.1953
    207.1261	  35578.4336
    207.1290	  28434.2734
    207.1318	  18907.2129
    207.1346	   7424.1641
    207.1375	   3362.3479
    207.1403	      0.0000
    207.1431	      0.0000
    207.1459	      0.0000
    207.1487	      0.0000
    207.1516	      0.0000
    207.1742	      0.0000
    207.1770	      0.0000
    207.1798	      0.0000
    207.1827	      0.0000
    207.1855	      0.0000
    207.1883	      0.0000
    207.1912	      0.0000
    207.1940	      0.0000
    207.1968	      0.0000
    207.1996	      0.0000
    207.2025	      0.0000
    207.2056	      0.0000
    207.2084	      0.0000
    207.2113	      0.0000
    207.2141	      0.0000
    208.0911	      0.0000
    208.0940	      0.0000
    208.0968	      0.0000
    208.0997	      0.0000
    208.1025	   1201.6675
    208.1054	   7120.2886
    208.1082	  24445.2148
    208.1111	  69293.8516
    208.1139	 117991.8125
    208.1168	 154450.4844
    208.1196	 123347.9453
    208.1225	  73245.2813
    208.1253	  25786.4199
    208.1281	   5901.3281
    208.1310	    611.6592
    208.1323	      0.0000
    208.1351	      0.0000
    208.1380	      0.0000
    208.1408	      0.0000
    209.0811	      0.0000
    209.0840	      0.0000
    209.0868	      0.0000
    209.0897	      0.0000
    209.0926	    173.5795
    209.0955	   4581.1914
    209.0983	  11408.1006
    209.1012	  18728.1309
    209.1041	  19128.6055
    209.1069	  12253.8838
    209.1098	   5928.5117
    209.1127	   3286.3833
    209.1155	   2293.8909
    209.1197	   3584.1577
    209.1225	   3337.1184
    209.1254	   1829.3196
    209.1283	    578.1234
    209.1311	      0.0000
    209.1340	      0.0000
    209.1369	      0.0000
    209.1397	      0.0000
    210.0059	      0.0000
    210.0088	      0.0000
    210.0117	      0.0000
    210.0146	      0.0000
    210.0175	    841.2581
    210.0204	   2343.0317
    210.0233	   5461.4170
    210.0261	   7203.6875
    210.0290	   5283.1665
    210.0319	   2516.9019
    210.0348	    943.7725
    210.0377	      0.0000
    210.0406	      0.0000
    210.0435	      0.0000
    210.0463	      0.0000
    212.0999	      0.0000
    212.1028	      0.0000
    212.1058	      0.0000
    212.1087	      0.0000
    212.1116	    699.5493
    212.1145	   1778.1503
    212.1175	   3186.5713
    212.1204	   4057.1360
    212.1233	   3673.8533
    212.1263	   2280.4392
    212.1292	    964.4401
    212.1321	      0.0000
    212.1351	   1189.8644
    212.1380	   1940.4474
    212.1409	   2207.4155
    212.1439	   1793.4197
    212.1468	    943.1283
    212.1497	      0.0000
    212.1526	      0.0000
    212.1556	      0.0000
    212.1585	      0.0000
    213.1055	      0.0000
    213.1085	      0.0000
    213.1114	      0.0000
    213.1144	      0.0000
    213.1173	   1135.2797
    213.1203	   2484.2129
    213.1232	   3301.5225
    213.1262	   2931.5654
    213.1291	   1744.4382
    213.1321	    684.7596
    213.1351	      0.0000
    213.1381	      0.0000
    213.1410	      0.0000
    213.1440	      0.0000
    216.0753	      0.0000
    216.0784	      0.0000
    216.0814	      0.0000
    216.0844	      0.0000
    216.0874	    996.2194
    216.0904	   2546.6763
    216.0934	   6891.5981
    216.0964	  11461.6924
    216.0994	  13134.2705
    216.1025	   9219.7295
    216.1055	   4912.1787
    216.1085	   1244.8793
    216.1115	      0.0000
    216.1145	      0.0000
    216.1175	      0.0000
    216.1205	      0.0000
    217.1155	      0.0000
    217.1185	      0.0000
    217.1215	      0.0000
    217.1246	      0.0000
    217.1276	   1301.6708
    217.1306	   2231.2988
    217.1337	   2711.0881
    217.1367	   2312.6665
    217.1397	   1308.7550
    217.1427	      0.0000
    217.1458	      0.0000
    217.1488	      0.0000
    217.1518	      0.0000
    225.0750	      0.0000
    225.0782	      0.0000
    225.0814	      0.0000
    225.0846	      0.0000
    225.0878	   1098.1525
    225.0910	   5161.4805
    225.0942	  10463.9795
    225.0974	  15787.4307
    225.1006	  14959.3604
    225.1038	   9478.6689
    225.1070	   4244.1553
    225.1102	   1208.7916
    225.1139	      0.0000
    225.1171	      0.0000
    225.1203	      0.0000
    225.1235	      0.0000
    227.0809	      0.0000
    227.0842	      0.0000
    227.0874	      0.0000
    227.0907	      0.0000
    227.0939	   1387.3301
    227.0972	   2193.1719
    227.1004	   3463.5244
    227.1037	  10710.7139
    227.1069	  35571.1172
    227.1102	  71031.3516
    227.1134	 108268.1953
    227.1166	 105716.0078
    227.1199	  67132.3047
    227.1231	  31407.4668
    227.1264	   7927.9126
    227.1296	   2185.4885
    227.1324	   3415.5117
    227.1357	   5605.7720
    227.1389	   7188.6733
    227.1422	   3423.1155
    227.1454	   1503.4564
    227.1488	      0.0000
    227.1520	      0.0000
    227.1553	      0.0000
    227.1585	      0.0000
    228.0934	      0.0000
    228.0967	      0.0000
    228.1000	      0.0000
    228.1032	      0.0000
    228.1065	   1035.0929
    228.1098	   2454.4299
    228.1130	   6036.4897
    228.1163	   8669.4053
    228.1196	   8072.4731
    228.1228	   4983.7646
    228.1261	   2069.3176
    228.1294	    805.0606
    228.1326	      0.0000
    228.1359	      0.0000
    228.1392	      0.0000
    228.1424	      0.0000
    229.0999	      0.0000
    229.1032	      0.0000
    229.1065	      0.0000
    229.1098	      0.0000
    229.1130	    762.6619
    229.1163	   1694.2704
    229.1196	   2212.1189
    229.1229	   1945.2854
    229.1262	   1142.4738
    229.1303	      0.0000
    229.1336	      0.0000
    229.1369	      0.0000
    229.1402	      0.0000
    231.6245	      0.0000
    231.6278	      0.0000
    231.6311	      0.0000
    231.6345	      0.0000
    231.6378	    894.2242
    231.6412	   2548.3955
    231.6445	   8332.7734
    231.6479	  15545.5439
    231.6512	  21927.7344
    231.6546	  18174.0332
    231.6579	  10550.8896
    231.6612	   3449.8433
    231.6646	    463.0729
    231.6671	      0.0000
    231.6705	      0.0000
    231.6738	      0.0000
    231.6771	      0.0000
    232.1294	      0.0000
    232.1327	      0.0000
    232.1361	      0.0000
    232.1394	      0.0000
    232.1428	   1328.1310
    232.1461	   2838.8066
    232.1495	   3994.8950
    232.1529	   3977.4258
    232.1562	   2852.2642
    232.1596	   1411.6218
    232.1629	      0.0000
    232.1663	      0.0000
    232.1696	      0.0000
    232.1730	      0.0000
    233.1357	      0.0000
    233.1390	      0.0000
    233.1424	      0.0000
    233.1458	      0.0000
    233.1492	    753.8603
    233.1526	   1691.7390
    233.1559	   7219.2578
    233.1593	  20109.5098
    233.1627	  33979.5938
    233.1661	  41015.6094
    233.1694	  29463.1582
    233.1728	  15879.5303
    233.1762	   4353.2280
    233.1796	   1105.9226
    233.1829	      0.0000
    233.1863	      0.0000
    233.1897	      0.0000
    233.1931	      0.0000
    234.0874	      0.0000
    234.0908	      0.0000
    234.0942	      0.0000
    234.0976	      0.0000
    234.1010	    711.2111
    234.1044	   1631.4370
    234.1078	   2175.3689
    234.1112	   1947.9724
    234.1146	   1192.7736
    234.1180	      0.0000
    234.1214	      0.0000
    234.1248	      0.0000
    234.1281	      0.0000
    234.1451	      0.0000
    234.1485	      0.0000
    234.1519	      0.0000
    234.1553	      0.0000
    234.1587	    789.5421
    234.1621	   1819.8889
    234.1655	   2807.1604
    234.1689	   3109.4451
    234.1723	   2448.9944
    234.1757	   1238.6707
    234.1792	      0.0000
    234.1826	      0.0000
    234.1860	      0.0000
    234.1894	      0.0000
    235.0723	      0.0000
    235.0757	      0.0000
    235.0791	      0.0000
    235.0826	      0.0000
    235.0860	   1524.5264
    235.0894	   3290.7754
    235.0928	   4435.2734
    235.0962	  13380.8281
    235.0997	  46273.0469
    235.1031	  98014.7500
    235.1065	 153511.1875
    235.1099	 158334.5625
    235.1133	 103947.2813
    235.1168	  51605.7422
    235.1202	  14180.5850
    235.1236	   3624.9673
    235.1270	   2418.5532
    235.1304	   1402.2675
    235.1343	      0.0000
    235.1377	      0.0000
    235.1411	      0.0000
    235.1446	      0.0000
    236.0845	      0.0000
    236.0880	      0.0000
    236.0914	      0.0000
    236.0948	      0.0000
    236.0983	    524.9990
    236.1017	   2839.5017
    236.1052	   8234.8633
    236.1086	  14004.7471
    236.1121	  18239.4570
    236.1155	  14501.4189
    236.1189	   8533.6553
    236.1224	   2839.0601
    236.1258	    447.0573
    236.1288	      0.0000
    236.1323	      0.0000
    236.1357	      0.0000
    236.1391	      0.0000
    240.1054	      0.0000
    240.1089	      0.0000
    240.1124	      0.0000
    240.1160	      0.0000
    240.1195	   1494.1970
    240.1230	   4279.0996
    240.1266	  14949.0469
    240.1301	  29823.3281
    240.1336	  44901.2813
    240.1371	  42489.7930
    240.1407	  26702.7129
    240.1442	  12032.0254
    240.1477	   3150.5183
    240.1513	    709.7189
    240.1547	      0.0000
    240.1583	      0.0000
    240.1618	      0.0000
    240.1653	      0.0000
    241.1107	      0.0000
    241.1143	      0.0000
    241.1178	      0.0000
    241.1214	      0.0000
    241.1249	    974.3346
    241.1285	   2021.9069
    241.1320	   3050.2263
    241.1356	   3484.3838
    241.1391	   2955.5735
    241.1427	   1774.2025
    241.1462	    716.7303
    241.1499	      0.0000
    241.1534	      0.0000
    241.1570	      0.0000
    241.1605	      0.0000
    245.6265	      0.0000
    245.6302	      0.0000
    245.6338	      0.0000
    245.6375	      0.0000
    245.6411	   1230.4894
    245.6448	   2600.7444
    245.6484	   3373.0085
    245.6521	   2914.8286
    245.6557	   1646.2296
    245.6594	    551.3666
    245.6630	      0.0000
    245.6667	      0.0000
    245.6703	      0.0000
    245.6740	      0.0000
    247.1047	      0.0000
    247.1084	      0.0000
    247.1121	      0.0000
    247.1158	      0.0000
    247.1195	    651.0593
    247.1231	   1928.5889
    247.1268	   3058.6179
    247.1305	   3086.4194
    247.1342	   1993.1967
    247.1379	    751.7239
    247.1416	      0.0000
    247.1452	      0.0000
    247.1489	      0.0000
    247.1526	      0.0000
    248.0877	      0.0000
    248.0914	      0.0000
    248.0951	      0.0000
    248.0988	      0.0000
    248.1025	    638.3979
    248.1062	   1724.5151
    248.1099	   3336.7798
    248.1137	   4536.1011
    248.1174	   4409.3647
    248.1211	   2956.7197
    248.1248	   1234.6211
    248.1285	      0.0000
    248.1322	      0.0000
    248.1359	      0.0000
    248.1396	      0.0000
    249.0691	      0.0000
    249.0728	      0.0000
    249.0766	      0.0000
    249.0803	      0.0000
    249.0840	    282.8214
    249.0878	   2439.8948
    249.0915	   8042.0161
    249.0952	  14174.3252
    249.0989	  18518.3809
    249.1027	  14155.4014
    249.1064	   7990.0645
    249.1101	   2434.3406
    249.1139	    530.5909
    249.1176	      0.0000
    249.1213	      0.0000
    249.1250	      0.0000
    249.1288	      0.0000
    253.1414	      0.0000
    253.1453	      0.0000
    253.1491	      0.0000
    253.1529	      0.0000
    253.1567	    744.1298
    253.1605	   2126.6431
    253.1644	   3279.3550
    253.1682	   3379.6694
    253.1720	   2433.7542
    253.1758	   1176.6930
    253.1796	      0.0000
    253.1835	      0.0000
    253.1873	      0.0000
    253.1911	      0.0000
    254.1031	      0.0000
    254.1069	      0.0000
    254.1108	      0.0000
    254.1146	      0.0000
    254.1184	    994.7887
    254.1223	   2454.8167
    254.1261	   3937.4067
    254.1300	   4373.4814
    254.1338	   3441.0364
    254.1377	   1892.8599
    254.1415	    702.2241
    254.1454	      0.0000
    254.1493	      0.0000
    254.1531	      0.0000
    254.1570	      0.0000
    258.1033	      0.0000
    258.1073	      0.0000
    258.1112	      0.0000
    258.1151	      0.0000
    258.1191	   1143.2676
    258.1230	   2875.3542
    258.1269	   1857.9655
    258.1310	   2909.7769
    258.1350	   8858.8115
    258.1389	  22562.6719
    258.1428	  37563.3242
    258.1468	  43828.6680
    258.1507	  30732.8906
    258.1546	  16413.9941
    258.1586	   4323.5190
    258.1625	    647.0647
    258.1663	      0.0000
    258.1702	      0.0000
    258.1741	      0.0000
    258.1781	      0.0000
    259.1251	      0.0000
    259.1290	      0.0000
    259.1330	      0.0000
    259.1369	      0.0000
    259.1409	    345.0582
    259.1448	   1690.3629
    259.1488	   2589.8237
    259.1528	   2357.2007
    259.1567	   1303.4232
    259.1607	      0.0000
    259.1646	      0.0000
    259.1686	      0.0000
    259.1725	      0.0000
    261.1307	      0.0000
    261.1347	      0.0000
    261.1387	      0.0000
    261.1427	      0.0000
    261.1467	    681.0632
    261.1507	   1939.5562
    261.1548	   3727.8452
    261.1588	   7237.5249
    261.1628	   6051.7778
    261.1668	   3029.4373
    261.1708	   1304.8724
    261.1748	      0.0000
    261.1788	      0.0000
    261.1828	      0.0000
    261.1868	      0.0000
    263.6220	      0.0000
    263.6261	      0.0000
    263.6301	      0.0000
    263.6342	      0.0000
    263.6383	   1368.2109
    263.6423	   3085.6799
    263.6464	   6460.4556
    263.6504	   7983.7090
    263.6545	   4174.3042
    263.6586	   2344.1123
    263.6626	    804.1721
    263.6664	      0.0000
    263.6704	      0.0000
    263.6745	      0.0000
    263.6786	      0.0000
    266.0953	      0.0000
    266.0994	      0.0000
    266.1035	      0.0000
    266.1077	      0.0000
    266.1118	    818.9081
    266.1159	   4823.2422
    266.1200	  10005.1426
    266.1241	  15169.0820
    266.1282	  14055.2334
    266.1324	   8728.9424
    266.1365	   3738.5471
    266.1406	   1337.3315
    266.1450	      0.0000
    266.1491	      0.0000
    266.1532	      0.0000
    266.1574	      0.0000
    269.0934	      0.0000
    269.0976	      0.0000
    269.1017	      0.0000
    269.1059	      0.0000
    269.1101	    663.0318
    269.1143	   1749.6674
    269.1185	   3440.3679
    269.1227	   6824.7900
    269.1269	   7437.4292
    269.1311	   5119.3579
    269.1352	   2368.5229
    269.1394	   1036.8252
    269.1436	      0.0000
    269.1478	      0.0000
    269.1520	      0.0000
    269.1562	      0.0000
    270.1011	      0.0000
    270.1053	      0.0000
    270.1095	      0.0000
    270.1137	      0.0000
    270.1179	   1638.6903
    270.1221	   2737.7656
    270.1264	   3161.7637
    270.1306	   2601.2781
    270.1348	   1485.6803
    270.1390	      0.0000
    270.1432	      0.0000
    270.1474	      0.0000
    270.1516	      0.0000
    270.1643	      0.0000
    270.1685	      0.0000
    270.1727	      0.0000
    270.1769	      0.0000
    270.1811	   1226.1162
    270.1853	   2699.2930
    270.1895	   4201.9951
    270.1937	   7427.8071
    270.1980	   3949.3494
    270.2022	   2303.1711
    270.2064	    874.5204
    270.2106	      0.0000
    270.2149	      0.0000
    270.2191	      0.0000
    270.2233	      0.0000
    272.0953	      0.0000
    272.0996	      0.0000
    272.1038	      0.0000
    272.1081	      0.0000
    272.1123	   1080.1544
    272.1166	   3010.4346
    272.1209	   4598.7056
    272.1251	  15332.1973
    272.1294	  53456.7930
    272.1336	 112332.5000
    272.1379	 175608.0313
    272.1421	 179799.0156
    272.1464	 117565.1094
    272.1507	  57982.3281
    272.1549	  16164.4834
    272.1592	   4411.3950
    272.1634	   2851.3875
    272.1677	   1327.9823
    272.1719	      0.0000
    272.1762	      0.0000
    272.1804	      0.0000
    272.1847	      0.0000
    273.1113	      0.0000
    273.1156	      0.0000
    273.1199	      0.0000
    273.1242	      0.0000
    273.1285	    761.0320
    273.1327	   1937.5154
    273.1370	   5355.6206
    273.1413	   8871.0127
    273.1456	  10297.8076
    273.1499	   7393.0708
    273.1541	   3981.0264
    273.1584	   1078.9041
    273.1627	      0.0000
    273.1670	      0.0000
    273.1713	      0.0000
    273.1756	      0.0000
    275.1173	      0.0000
    275.1217	      0.0000
    275.1260	      0.0000
    275.1303	      0.0000
    275.1347	   1338.3113
    275.1390	   1816.6799
    275.1433	   1969.5430
    275.1476	   1759.0460
    275.1520	   1211.0967
    275.1559	      0.0000
    275.1602	      0.0000
    275.1645	      0.0000
    275.1689	      0.0000
    282.0900	      0.0000
    282.0945	      0.0000
    282.0990	      0.0000
    282.1035	      0.0000
    282.1080	   1516.8268
    282.1125	   5782.2607
    282.1170	  13376.0313
    282.1215	  21554.9746
    282.1260	  23103.1660
    282.1305	  15421.5215
    282.1350	   7827.6855
    282.1395	   2190.9365
    282.1440	    518.6782
    282.1489	      0.0000
    282.1534	      0.0000
    282.1579	      0.0000
    282.1624	      0.0000
    284.0874	      0.0000
    284.0919	      0.0000
    284.0965	      0.0000
    284.1010	      0.0000
    284.1055	   1104.6481
    284.1101	   2559.3052
    284.1146	   2945.1548
    284.1192	   8353.7656
    284.1237	  30215.9355
    284.1283	  70611.3750
    284.1328	 114375.0781
    284.1373	 127436.2344
    284.1419	  87825.7500
    284.1464	  46215.1289
    284.1510	  13505.3682
    284.1555	   3571.4163
    284.1601	   1922.5443
    284.1646	    730.7806
    284.1697	      0.0000
    284.1743	      0.0000
    284.1788	      0.0000
    284.1833	      0.0000
    285.1035	      0.0000
    285.1081	      0.0000
    285.1126	      0.0000
    285.1172	      0.0000
    285.1218	    749.3614
    285.1263	   2917.3538
    285.1309	   7294.6011
    285.1355	  11936.8496
    285.1400	  14068.7725
    285.1446	  10187.4824
    285.1492	   5492.2031
    285.1537	   1437.5480
    285.1578	      0.0000
    285.1624	      0.0000
    285.1669	      0.0000
    285.1715	      0.0000
    286.1194	      0.0000
    286.1240	      0.0000
    286.1286	      0.0000
    286.1332	      0.0000
    286.1378	    727.9694
    286.1424	   1820.3719
    286.1470	   3068.6953
    286.1516	   3742.2507
    286.1561	   3306.7056
    286.1607	   2044.1589
    286.1653	    815.5594
    286.1699	      0.0000
    286.1745	      0.0000
    286.1791	      0.0000
    286.1837	      0.0000
    286.9798	      0.0000
    286.9844	      0.0000
    286.9890	      0.0000
    286.9936	      0.0000
    286.9983	   1175.0043
    287.0029	   1926.1118
    287.0075	   2139.5110
    287.0121	   1727.1847
    287.0167	    994.4254
    287.0213	      0.0000
    287.0259	      0.0000
    287.0305	      0.0000
    287.0351	      0.0000
    288.9730	      0.0000
    288.9777	      0.0000
    288.9823	      0.0000
    288.9870	      0.0000
    288.9917	    633.9767
    288.9963	   1865.8864
    289.0010	   3345.5728
    289.0056	   4098.2070
    289.0103	   3537.3525
    289.0150	   2099.6011
    289.0196	    758.2697
    289.0243	      0.0000
    289.0289	      0.0000
    289.0336	      0.0000
    289.0383	      0.0000
    293.1365	      0.0000
    293.1412	      0.0000
    293.1460	      0.0000
    293.1508	      0.0000
    293.1555	   1590.3285
    293.1603	   2342.9365
    293.1651	   2507.0452
    293.1698	   1901.6310
    293.1746	    912.1450
    293.1795	      0.0000
    293.1842	      0.0000
    293.1890	      0.0000
    293.1938	      0.0000
    296.1058	      0.0000
    296.1106	      0.0000
    296.1155	      0.0000
    296.1203	      0.0000
    296.1251	   1527.8274
    296.1300	   4948.3921
    296.1348	   8633.4600
    296.1396	  11538.2158
    296.1445	   9327.7695
    296.1493	   5383.6113
    296.1541	   1539.6099
    296.1588	      0.0000
    296.1637	      0.0000
    296.1685	      0.0000
    296.1733	      0.0000
    300.0941	      0.0000
    300.0991	      0.0000
    300.1040	      0.0000
    300.1089	      0.0000
    300.1139	    769.3391
    300.1188	   3015.1726
    300.1237	  11275.7607
    300.1287	  21940.9551
    300.1336	  32213.3789
    300.1385	  29309.1445
    300.1434	  18185.2148
    300.1484	   7828.9917
    300.1533	   2098.3040
    300.1582	    730.4155
    300.1633	      0.0000
    300.1682	      0.0000
    300.1732	      0.0000
    300.1781	      0.0000
    301.1077	      0.0000
    301.1127	      0.0000
    301.1176	      0.0000
    301.1226	      0.0000
    301.1275	    954.9459
    301.1325	   1832.5791
    301.1374	   2311.2722
    301.1424	   1986.1097
    301.1473	   1269.7133
    301.1519	      0.0000
    301.1568	      0.0000
    301.1618	      0.0000
    301.1667	      0.0000
    301.1717	   2532.4241
    301.1766	  10224.3037
    301.1816	  18719.8906
    301.1866	  25770.9609
    301.1915	  21320.5625
    301.1965	  12734.1270
    301.2014	   4735.8877
    301.2064	   1276.8326
    301.2118	      0.0000
    301.2168	      0.0000
    301.2217	      0.0000
    301.2267	      0.0000
    302.1562	      0.0000
    302.1611	      0.0000
    302.1661	      0.0000
    302.1711	      0.0000
    302.1761	    881.4966
    302.1811	   2129.1582
    302.1861	   3100.5874
    302.1910	   3080.0881
    302.1960	   2127.0359
    302.2010	    987.1566
    302.2060	      0.0000
    302.2110	      0.0000
    302.2159	      0.0000
    302.2209	      0.0000
    307.1238	      0.0000
    307.1289	      0.0000
    307.1340	      0.0000
    307.1391	      0.0000
    307.1442	   1598.6495
    307.1494	   3298.1672
    307.1545	   6268.8545
    307.1596	   4507.1543
    307.1647	   3199.6541
    307.1698	   1611.8562
    307.1752	      0.0000
    307.1803	      0.0000
    307.1854	      0.0000
    307.1905	      0.0000
    314.1024	      0.0000
    314.1077	      0.0000
    314.1130	      0.0000
    314.1183	      0.0000
    314.1235	    856.2975
    314.1288	   2197.3718
    314.1341	   8083.6938
    314.1394	  26150.0645
    314.1447	  47371.9297
    314.1500	  65317.3320
    314.1552	  54403.5820
    314.1605	  32479.7891
    314.1658	  12036.3457
    314.1711	   3052.9678
    314.1764	   1124.4091
    314.1815	      0.0000
    314.1868	      0.0000
    314.1920	      0.0000
    314.1973	      0.0000
    318.0841	      0.0000
    318.0895	      0.0000
    318.0949	      0.0000
    318.1003	      0.0000
    318.1056	   1419.9355
    318.1110	   2593.7520
    318.1164	   3409.2617
    318.1218	   3233.3643
    318.1272	   2101.7537
    318.1326	    797.3326
    318.1379	      0.0000
    318.1433	      0.0000
    318.1487	      0.0000
    318.1541	      0.0000
    324.0980	      0.0000
    324.1035	      0.0000
    324.1091	      0.0000
    324.1146	      0.0000
    324.1201	   1168.6024
    324.1257	   2892.1836
    324.1312	   4394.2002
    324.1367	   4519.6108
    324.1423	   3216.8752
    324.1478	   1523.2574
    324.1556	      0.0000
    324.1611	      0.0000
    324.1667	      0.0000
    324.1722	      0.0000
    325.1154	      0.0000
    325.1210	      0.0000
    325.1265	      0.0000
    325.1321	      0.0000
    325.1377	    644.0372
    325.1432	   1744.7322
    325.1488	   5123.7627
    325.1543	  10992.2617
    325.1599	  17413.0645
    325.1655	  19423.7070
    325.1710	  13390.0615
    325.1766	   6826.6499
    325.1822	   1297.0344
    325.1855	      0.0000
    325.1910	      0.0000
    325.1966	      0.0000
    325.2021	      0.0000
    326.1275	      0.0000
    326.1331	      0.0000
    326.1387	      0.0000
    326.1443	      0.0000
    326.1499	    874.4599
    326.1555	   2106.7566
    326.1610	   3419.2200
    326.1666	   3985.2500
    326.1722	   3363.4773
    326.1778	   1960.8733
    326.1834	    725.0950
    326.1890	      0.0000
    326.1946	      0.0000
    326.2002	      0.0000
    326.2057	      0.0000
    328.1480	      0.0000
    328.1536	      0.0000
    328.1593	      0.0000
    328.1649	      0.0000
    328.1705	   1053.5656
    328.1762	   4316.2817
    328.1818	   8221.9023
    328.1875	  11726.5996
    328.1931	  10245.6406
    328.1987	   6275.8042
    328.2044	   2586.8147
    328.2100	    680.2169
    328.2157	      0.0000
    328.2213	      0.0000
    328.2269	      0.0000
    328.2326	      0.0000
    328.6504	      0.0000
    328.6560	      0.0000
    328.6617	      0.0000
    328.6673	      0.0000
    328.6730	   1283.7584
    328.6786	   2851.3225
    328.6843	   5576.2007
    328.6899	   6876.7163
    328.6956	   3707.4209
    328.7012	   1860.7090
    328.7069	    541.5035
    328.7150	      0.0000
    328.7206	      0.0000
    328.7263	      0.0000
    328.7319	      0.0000
    329.1393	      0.0000
    329.1450	      0.0000
    329.1507	      0.0000
    329.1563	      0.0000
    329.1620	    628.4837
    329.1677	   2406.2869
    329.1733	   6255.9907
    329.1790	  10520.3721
    329.1847	  13477.7051
    329.1903	  10434.4570
    329.1960	   5970.0107
    329.2017	   1549.7443
    329.2049	      0.0000
    329.2106	      0.0000
    329.2162	      0.0000
    329.2219	      0.0000
    330.1418	      0.0000
    330.1474	      0.0000
    330.1531	      0.0000
    330.1588	      0.0000
    330.1645	    931.8087
    330.1702	   2286.9468
    330.1759	   5091.0469
    330.1816	   7709.2764
    330.1873	   7099.8330
    330.1930	   4202.2642
    330.1987	   1624.2391
    330.2043	      0.0000
    330.2100	      0.0000
    330.2157	      0.0000
    330.2214	      0.0000
    331.9471	      0.0000
    331.9529	      0.0000
    331.9586	      0.0000
    331.9643	      0.0000
    331.9701	      0.0000
    331.9758	      0.0000
    331.9816	      0.0000
    331.9873	      0.0000
    331.9930	      0.0000
    331.9988	      0.0000
    332.0045	      0.0000
    332.0102	      0.0000
    332.0160	      0.0000
    332.0217	      0.0000
    332.0275	      0.0000
    332.0332	      0.0000
    332.0389	      0.0000
    332.0447	      0.0000
    332.0504	      0.0000
    332.0562	      0.0000
    332.0619	      0.0000
    332.0676	      0.0000
    332.0734	      0.0000
    332.0791	      0.0000
    332.0849	      0.0000
    332.0906	      0.0000
    332.0969	      0.0000
    332.1026	      0.0000
    332.1084	      0.0000
    332.1141	   3025.7129
    332.1199	   7342.6387
    332.1256	  25258.6289
    332.1313	  38966.6211
    332.1371	  63738.3281
    332.1428	 191104.2969
    332.1486	 609104.8750
    332.1543	1137741.8750
    332.1600	1637249.7500
    332.1658	1457362.1250
    332.1715	 893792.1250
    332.1773	 373481.1875
    332.1830	  96062.2578
    332.1888	  29701.3086
    332.1939	  29769.3730
    332.1997	  18183.4238
    332.2054	   9059.0273
    332.2112	   2513.3860
    332.2169	      0.0000
    332.2227	      0.0000
    332.2284	      0.0000
    332.2341	      0.0000
    332.2399	      0.0000
    332.2456	      0.0000
    332.2514	      0.0000
    332.2571	      0.0000
    332.2629	      0.0000
    332.2686	      0.0000
    332.2744	      0.0000
    332.2859	      0.0000
    332.2916	      0.0000
    332.2973	      0.0000
    332.3031	      0.0000
    332.3088	      0.0000
    332.3146	      0.0000
    332.3203	      0.0000
    332.3261	      0.0000
    332.3318	      0.0000
    332.3376	      0.0000
    332.3433	      0.0000
    332.3494	      0.0000
    332.3552	      0.0000
    332.3609	      0.0000
    332.3667	      0.0000
    333.1151	      0.0000
    333.1209	      0.0000
    333.1266	      0.0000
    333.1324	      0.0000
    333.1382	   1620.9409
    333.1439	   5001.0215
    333.1497	  18173.5996
    333.1555	  39452.9805
    333.1612	  62350.8828
    333.1670	  64746.3438
    333.1728	  42373.2148
    333.1786	  20652.5938
    333.1843	   5225.2837
    333.1901	   1507.7400
    333.1955	   1886.2933
    333.2013	   2199.5662
    333.2070	   2274.1682
    333.2128	     80.4575
    333.2186	      0.0000
    333.2243	      0.0000
    333.2301	      0.0000
    333.2359	      0.0000
    336.0930	      0.0000
    336.0988	      0.0000
    336.1047	      0.0000
    336.1105	      0.0000
    336.1164	   1245.4551
    336.1222	   2372.7231
    336.1281	   3092.5784
    336.1339	   2918.4016
    336.1398	   1978.7971
    336.1456	    860.6373
    336.1516	      0.0000
    336.1574	      0.0000
    336.1633	      0.0000
    336.1691	      0.0000
    341.9487	      0.0000
    341.9547	      0.0000
    341.9607	      0.0000
    341.9667	      0.0000
    341.9727	   1265.4685
    341.9787	   2067.1589
    341.9847	   2387.1028
    341.9907	   1935.6926
    341.9967	    986.3554
    342.0028	      0.0000
    342.0088	      0.0000
    342.0148	      0.0000
    342.0208	      0.0000
    342.0808	      0.0000
    342.0868	      0.0000
    342.0928	      0.0000
    342.0988	      0.0000
    342.1048	    995.6788
    342.1108	   2454.5994
    342.1168	   2951.1262
    342.1228	   7306.9272
    342.1288	  25174.9102
    342.1348	  62533.8359
    342.1408	 102941.1328
    342.1468	 119838.0625
    342.1528	  85130.1328
    342.1588	  46270.0469
    342.1648	  13561.8047
    342.1708	   3196.9956
    342.1768	   1519.9293
    342.1828	      0.0000
    342.1888	      0.0000
    342.1948	      0.0000
    342.2008	      0.0000
    343.1032	      0.0000
    343.1093	      0.0000
    343.1153	      0.0000
    343.1213	      0.0000
    343.1274	    698.1245
    343.1334	   2099.9873
    343.1394	   5416.6772
    343.1454	   7910.7349
    343.1515	   6797.4604
    343.1575	   3832.4880
    343.1635	   1591.1271
    343.1701	      0.0000
    343.1761	      0.0000
    343.1822	      0.0000
    343.1882	      0.0000
    353.1072	      0.0000
    353.1135	      0.0000
    353.1198	      0.0000
    353.1261	      0.0000
    353.1324	   1039.6302
    353.1387	   4943.2769
    353.1450	  15804.4063
    353.1513	  27914.9609
    353.1576	  37217.4609
    353.1639	  29547.0547
    353.1702	  17231.8809
    353.1765	   5669.5898
    353.1828	   1104.3209
    353.1885	      0.0000
    353.1948	      0.0000
    353.2011	      0.0000
    353.2074	      0.0000
    354.1158	      0.0000
    354.1222	      0.0000
    354.1285	      0.0000
    354.1348	      0.0000
    354.1411	    837.0026
    354.1475	   1784.4191
    354.1538	   2532.7876
    354.1601	   2549.2434
    354.1664	   1767.2802
    354.1727	    699.1880
    354.1791	      0.0000
    354.1854	      0.0000
    354.1917	      0.0000
    354.1980	      0.0000
    359.0335	      0.0000
    359.0399	      0.0000
    359.0464	      0.0000
    359.0529	      0.0000
    359.0593	   1052.8961
    359.0658	   2161.1914
    359.0722	   2635.7161
    359.0787	   2212.3599
    359.0851	   1434.1693
    359.0916	      0.0000
    359.0980	      0.0000
    359.1045	      0.0000
    359.1109	   1662.3556
    359.1174	   5069.8667
    359.1239	   8772.4980
    359.1303	  10205.1377
    359.1368	   7114.9971
    359.1432	   3676.4004
    359.1497	    702.5540
    359.1561	      0.0000
    359.1626	      0.0000
    359.1690	      0.0000
    359.1755	      0.0000
    359.1949	      0.0000
    359.2013	      0.0000
    359.2078	      0.0000
    359.2142	      0.0000
    359.2207	    998.1215
    359.2272	   4466.3535
    359.2336	   8459.3623
    359.2401	  12509.2012
    359.2465	  11563.9844
    359.2530	   6836.8730
    359.2595	   2390.4888
    359.2659	      0.0000
    359.2724	      0.0000
    359.2788	      0.0000
    359.2853	      0.0000
    359.2917	      0.0000
    359.9969	      0.0000
    360.0034	      0.0000
    360.0099	      0.0000
    360.0164	      0.0000
    360.0228	      0.0000
    360.0293	      0.0000
    360.0358	      0.0000
    360.0423	      0.0000
    360.0488	      0.0000
    360.0556	      0.0000
    360.0620	      0.0000
    360.0685	      0.0000
    360.0750	      0.0000
    360.0815	      0.0000
    360.0880	      0.0000
    360.0944	      0.0000
    360.1009	   1297.1576
    360.1074	   4926.1333
    360.1139	  13874.4971
    360.1204	  24600.7109
    360.1269	  32573.5098
    360.1333	  86026.2266
    360.1398	 285822.7813
    360.1463	 598787.8125
    360.1528	 934471.1250
    360.1593	 956026.0000
    360.1658	 623733.6875
    360.1722	 305774.3125
    360.1787	  83898.5234
    360.1852	  25113.1035
    360.1917	  22052.5918
    360.1982	  17866.3379
    360.2047	   8220.1719
    360.2111	   2398.2920
    360.2176	      0.0000
    360.2238	      0.0000
    360.2303	      0.0000
    360.2368	      0.0000
    360.2432	      0.0000
    360.2497	      0.0000
    360.2562	      0.0000
    360.2627	      0.0000
    360.2692	      0.0000
    360.2757	      0.0000
    360.2822	      0.0000
    360.2951	      0.0000
    360.3016	      0.0000
    360.3081	      0.0000
    360.3146	      0.0000
    360.3211	      0.0000
    360.3276	      0.0000
    360.3341	      0.0000
    360.3405	      0.0000
    360.3470	      0.0000
    360.3535	      0.0000
    360.3609	      0.0000
    360.3674	      0.0000
    360.3738	      0.0000
    360.3803	      0.0000
    361.1017	      0.0000
    361.1082	      0.0000
    361.1147	      0.0000
    361.1212	      0.0000
    361.1278	    130.0607
    361.1343	   1848.8848
    361.1408	   7413.5195
    361.1473	  19436.8320
    361.1538	  32463.6387
    361.1603	  39747.4258
    361.1668	  29418.5762
    361.1733	  16558.0762
    361.1798	   5052.0444
    361.1863	    634.9847
    361.1908	      0.0000
    361.1973	      0.0000
    361.2038	      0.0000
    361.2103	   1079.7854
    361.2168	   5248.8633
    361.2234	  11846.1738
    361.2299	  18789.1367
    361.2364	  18527.6973
    361.2429	  11808.4863
    361.2494	   5580.8042
    361.2559	   1247.1755
    361.2636	      0.0000
    361.2701	      0.0000
    361.2767	      0.0000
    361.2832	      0.0000
    363.0942	      0.0000
    363.1008	      0.0000
    363.1074	      0.0000
    363.1139	      0.0000
    363.1205	    967.6469
    363.1271	   2371.6699
    363.1336	   3901.6838
    363.1402	   4355.6392
    363.1467	   3345.5049
    363.1533	   1650.8610
    363.1607	      0.0000
    363.1672	      0.0000
    363.1738	      0.0000
    363.1803	      0.0000
    371.0935	      0.0000
    371.1003	      0.0000
    371.1070	      0.0000
    371.1138	      0.0000
    371.1206	      0.0000
    371.1274	   3264.2100
    371.1342	   5905.5029
    371.1409	  13932.2012
    371.1477	  44360.9492
    371.1545	 133246.2344
    371.1613	 232657.8125
    371.1681	 310641.4375
    371.1749	 249651.7031
    371.1816	 147277.0156
    371.1884	  51304.4766
    371.1952	  12265.7207
    371.2020	   3227.8508
    371.2088	   3072.9038
    371.2156	     68.4456
    371.2223	      0.0000
    371.2291	      0.0000
    371.2358	      0.0000
    371.2426	      0.0000
    372.1126	      0.0000
    372.1194	      0.0000
    372.1262	      0.0000
    372.1330	      0.0000
    372.1399	    920.3565
    372.1467	   3204.0896
    372.1535	  11983.4492
    372.1603	  27162.7344
    372.1671	  43761.5000
    372.1739	  47168.8281
    372.1807	  31413.8906
    372.1875	  15666.7422
    372.1943	   3925.8613
    372.2011	    967.8843
    372.2074	      0.0000
    372.2142	      0.0000
    372.2210	      0.0000
    372.2279	      0.0000
    373.1218	      0.0000
    373.1287	      0.0000
    373.1355	      0.0000
    373.1423	      0.0000
    373.1492	    776.8854
    373.1560	   2115.9895
    373.1628	   5467.5552
    373.1697	   8587.8311
    373.1765	   8881.0674
    373.1834	   5646.7944
    373.1902	   2447.6055
    373.1970	   1097.6216
    373.2050	      0.0000
    373.2118	      0.0000
    373.2187	      0.0000
    373.2255	      0.0000
    381.1038	      0.0000
    381.1109	      0.0000
    381.1179	      0.0000
    381.1250	      0.0000
    381.1321	   1666.4031
    381.1391	   5741.9688
    381.1462	  10346.5938
    381.1532	  14128.1221
    381.1603	  11595.2344
    381.1673	   6851.4351
    381.1744	   2350.1631
    381.1815	    448.2939
    381.1875	      0.0000
    381.1946	      0.0000
    381.2017	      0.0000
    381.2087	      0.0000
    395.1638	      0.0000
    395.1712	      0.0000
    395.1787	      0.0000
    395.1861	      0.0000
    395.1936	   1654.7847
    395.2010	   2877.6851
    395.2085	   3304.3896
    395.2159	   2650.3621
    395.2234	   1467.0083
    395.2308	      0.0000
    395.2383	      0.0000
    395.2457	      0.0000
    395.2532	      0.0000
    420.1804	      0.0000
    420.1885	      0.0000
    420.1967	      0.0000
    420.2049	      0.0000
    420.2131	    842.1774
    420.2212	   1857.0360
    420.2294	   2758.4419
    420.2376	   2872.8333
    420.2457	   2006.5002
    420.2539	    802.9578
    420.2621	      0.0000
    420.2703	      0.0000
    420.2784	      0.0000
    420.2866	      0.0000
    421.1707	      0.0000
    421.1789	      0.0000
    421.1871	      0.0000
    421.1953	      0.0000
    421.2035	   1390.3339
    421.2117	   2378.5298
    421.2199	   2921.7742
    421.2281	   2625.9636
    421.2363	   1679.3439
    421.2445	    673.1727
    421.2527	      0.0000
    421.2609	      0.0000
    421.2691	      0.0000
    421.2773	      0.0000
    422.2056	      0.0000
    422.2138	      0.0000
    422.2220	      0.0000
    422.2303	      0.0000
    422.2385	   1148.8792
    422.2467	   1976.0271
    422.2550	   2313.2368
    422.2632	   1920.5521
    422.2714	   1082.1124
    422.2799	      0.0000
    422.2881	      0.0000
    422.2963	      0.0000
    422.3046	      0.0000
    431.1503	      0.0000
    431.1588	      0.0000
    431.1673	      0.0000
    431.1758	      0.0000
    431.1843	   1459.7175
    431.1928	   2663.5952
    431.2013	   3387.5811
    431.2098	   3127.6914
    431.2183	   2097.4893
    431.2268	    992.5104
    431.2348	      0.0000
    431.2433	      0.0000
    431.2518	      0.0000
    431.2603	      0.0000
    438.1723	      0.0000
    438.1810	      0.0000
    438.1897	      0.0000
    438.1984	      0.0000
    438.2071	    289.6712
    438.2158	   1699.9025
    438.2245	   7228.5811
    438.2332	  15568.2646
    438.2419	  24641.8984
    438.2506	  25298.9668
    438.2593	  16392.5566
    438.2680	   7930.7422
    438.2767	   2064.6902
    438.2854	    311.5558
    438.2946	      0.0000
    438.3033	      0.0000
    438.3120	      0.0000
    438.3207	      0.0000
    439.1924	      0.0000
    439.2011	      0.0000
    439.2099	      0.0000
    439.2186	      0.0000
    439.2273	    817.6609
    439.2361	   2041.2468
    439.2448	   3016.4695
    439.2535	   3007.4924
    439.2623	   2075.0889
    439.2710	    910.9083
    439.2797	      0.0000
    439.2885	      0.0000
    439.2972	      0.0000
    439.3059	      0.0000
    448.1627	      0.0000
    448.1717	      0.0000
    448.1807	      0.0000
    448.1897	      0.0000
    448.1987	    930.2205
    448.2077	   2269.0854
    448.2167	   4972.4531
    448.2257	   7499.0977
    448.2347	   7073.1528
    448.2437	   3259.0515
    448.2527	   1469.4529
    448.2617	      0.0000
    448.2707	      0.0000
    448.2797	      0.0000
    448.2887	      0.0000
    449.1543	      0.0000
    449.1633	      0.0000
    449.1723	      0.0000
    449.1814	      0.0000
    449.1904	   1194.8000
    449.1994	   2738.7617
    449.2085	   6241.4619
    449.2175	   7667.9937
    449.2265	   4130.4023
    449.2356	   2487.0564
    449.2446	   1049.5150
    449.2536	      0.0000
    449.2627	      0.0000
    449.2717	      0.0000
    449.2807	      0.0000
    450.1673	      0.0000
    450.1763	      0.0000
    450.1854	      0.0000
    450.1944	      0.0000
    450.2035	    853.0582
    450.2126	   1807.7386
    450.2216	   2394.2107
    450.2307	   2152.2092
    450.2397	   1281.3329
    450.2488	      0.0000
    450.2579	      0.0000
    450.2669	      0.0000
    450.2760	      0.0000
    457.2252	      0.0000
    457.2344	      0.0000
    457.2437	      0.0000
    457.2530	      0.0000
    457.2623	    680.2867
    457.2715	   1770.7159
    457.2808	   2833.9885
    457.2901	   3211.6228
    457.2994	   2650.8572
    457.3086	   1526.1682
    457.3179	      0.0000
    457.3272	      0.0000
    457.3365	      0.0000
    457.3457	      0.0000
    462.2366	      0.0000
    462.2461	      0.0000
    462.2555	      0.0000
    462.2649	      0.0000
    462.2744	    757.3182
    462.2838	   1805.3937
    462.2932	   2414.3521
    462.3026	   2131.9216
    462.3121	   1230.8700
    462.3234	      0.0000
    462.3328	      0.0000
    462.3422	      0.0000
    462.3517	      0.0000
    466.1564	      0.0000
    466.1659	      0.0000
    466.1755	      0.0000
    466.1850	      0.0000
    466.1946	   1629.8831
    466.2041	   3763.9963
    466.2137	  11318.4893
    466.2232	  33386.5039
    466.2328	  57760.8945
    466.2423	  76069.6797
    466.2519	  59806.7383
    466.2614	  34790.3633
    466.2710	  10927.2969
    466.2805	   1850.6875
    466.2901	    149.6929
    466.2971	      0.0000
    466.3067	      0.0000
    466.3162	      0.0000
    466.3258	      0.0000
    467.1675	      0.0000
    467.1771	      0.0000
    467.1866	      0.0000
    467.1962	      0.0000
    467.2058	    188.1599
    467.2154	   2812.7852
    467.2250	   8844.3770
    467.2345	  15259.9414
    467.2441	  19654.6738
    467.2537	  15428.5713
    467.2633	   9046.9277
    467.2729	   3103.8308
    467.2824	    486.5156
    467.2946	      0.0000
    467.3041	      0.0000
    467.3137	      0.0000
    467.3233	      0.0000
    484.1404	      0.0000
    484.1505	      0.0000
    484.1606	      0.0000
    484.1707	      0.0000
    484.1808	      0.0000
    484.1910	   2587.0310
    484.2011	   5678.2837
    484.2112	  11600.5869
    484.2213	  34317.2773
    484.2314	 103844.1016
    484.2415	 187161.8438
    484.2516	 260374.7500
    484.2617	 221114.0781
    484.2718	 132751.3594
    484.2819	  50502.7383
    484.2920	  11002.2588
    484.3021	   2466.7678
    484.3106	      0.0000
    484.3207	      0.0000
    484.3308	   3163.6807
    484.3409	    610.8954
    484.3514	      0.0000
    484.3615	      0.0000
    484.3717	      0.0000
    484.3818	      0.0000
    485.1715	      0.0000
    485.1816	      0.0000
    485.1917	      0.0000
    485.2019	      0.0000
    485.2120	   1477.4827
    485.2222	   6480.9531
    485.2323	  21151.6113
    485.2424	  39177.2305
    485.2526	  55953.6289
    485.2627	  49707.2188
    485.2728	  30708.6367
    485.2830	  13178.2354
    485.2931	   3429.4072
    485.3033	    437.2433
    485.3130	      0.0000
    485.3231	      0.0000
    485.3333	      0.0000
    485.3434	      0.0000
    486.1863	      0.0000
    486.1965	      0.0000
    486.2066	      0.0000
    486.2168	      0.0000
    486.2270	   1066.0897
    486.2371	   3147.3625
    486.2473	   5955.5688
    486.2575	   8566.9160
    486.2677	   7515.9629
    486.2778	   4541.0215
    486.2880	   1594.1791
    486.2982	      0.0000
    486.3083	      0.0000
    486.3185	      0.0000
    486.3287	      0.0000
    490.2176	      0.0000
    490.2279	      0.0000
    490.2382	      0.0000
    490.2485	      0.0000
    490.2588	   1271.2295
    490.2691	   3919.3242
    490.2794	   7143.6416
    490.2897	   9709.7529
    490.3000	   7948.2217
    490.3103	   4654.8916
    490.3206	   1493.8636
    490.3312	      0.0000
    490.3415	      0.0000
    490.3518	      0.0000
    490.3621	      0.0000
    554.2152	      0.0000
    554.2275	      0.0000
    554.2399	      0.0000
    554.2523	      0.0000
    554.2647	   1415.3696
    554.2771	   2443.8652
    554.2894	   2850.4663
    554.3018	   2296.0359
    554.3142	   1185.2961
    554.3266	      0.0000
    554.3390	      0.0000
    554.3514	      0.0000
    554.3638	      0.0000
    631.2081	      0.0000
    631.2231	      0.0000
    631.2382	      0.0000
    631.2532	      0.0000
    631.2683	   1305.8297
    631.2833	   3566.3391
    631.2983	   6561.7036
    631.3134	   9246.1689
    631.3284	   7935.5425
    631.3435	   4748.0210
    631.3585	   1493.5662
    631.3736	      0.0000
    631.3886	      0.0000
    631.4037	      0.0000
    631.4187	      0.0000
    762.6113	      0.0000
    762.6313	      0.0000
    762.6513	      0.0000
    762.6713	      0.0000
