# ljz_20131022_MR_Chym1_ELUTE.mzML
#
# index: 4698
# id: controllerType=0 controllerNumber=1 scan=10946
# scanNumber: 10946
# massAnalyzerType: quadrupole
# scanEvent: 2
# msLevel: 2
# retentionTime: 2691.12
# filterString: FTMS + p NSI d Full ms2 451.18@hcd28.00 [100.00-1400.00]
# mzLow: 99.0036
# mzHigh: 1414.3
# basePeakMZ: 110.072
# basePeakIntensity: 67027.1
# totalIonCurrent: 565394
# precursorCount: 1
# precursor 0: 451.182 534672
# binary (1793): 
     99.0036	      0.0000
     99.0045	      0.0000
     99.0055	      0.0000
     99.0064	      0.0000
    101.0002	      0.0000
    101.0012	      0.0000
    101.0022	      0.0000
    101.0031	      0.0000
    101.0041	    555.3132
    101.0050	   1244.7671
    101.0060	   1672.4127
    101.0070	   1478.9536
    101.0079	    835.2495
    101.0089	    258.5256
    101.0099	      0.0000
    101.0108	      0.0000
    101.0118	      0.0000
    101.0127	      0.0000
    101.0638	      0.0000
    101.0648	      0.0000
    101.0657	      0.0000
    101.0667	      0.0000
    101.0677	    390.1268
    101.0686	   1095.9073
    101.0696	   3082.5593
    101.0706	   5303.9644
    101.0715	   6716.2573
    101.0725	   4966.9575
    101.0734	   2685.4609
    101.0744	    525.7394
    101.0754	      0.0000
    101.0763	      0.0000
    101.0773	      0.0000
    101.0783	      0.0000
    101.2220	      0.0000
    101.2230	      0.0000
    101.2240	      0.0000
    101.2249	      0.0000
    101.2259	    746.5571
    101.2269	   1141.9543
    101.2278	   1224.9752
    101.2288	    940.9293
    101.2298	    483.9963
    101.2307	      0.0000
    101.2317	      0.0000
    101.2327	      0.0000
    101.2336	      0.0000
    103.0162	      0.0000
    103.0172	      0.0000
    103.0182	      0.0000
    103.0192	      0.0000
    103.0202	    418.3387
    103.0211	    896.6887
    103.0221	   1091.4015
    103.0231	    857.3348
    103.0241	    408.7793
    103.0253	      0.0000
    103.0263	      0.0000
    103.0273	      0.0000
    103.0283	      0.0000
    104.9749	      0.0000
    104.9759	      0.0000
    104.9769	      0.0000
    104.9779	      0.0000
    104.9790	    544.5315
    104.9800	   1648.6206
    104.9810	   5643.5859
    104.9820	  11606.4854
    104.9830	  17836.5469
    104.9841	  17457.7324
    104.9851	  11008.4395
    104.9861	   4975.4414
    104.9871	   1021.9711
    104.9881	    192.3525
    104.9889	      0.0000
    104.9899	      0.0000
    104.9909	      0.0000
    104.9920	      0.0000
    110.0583	      0.0000
    110.0594	      0.0000
    110.0604	      0.0000
    110.0615	      0.0000
    110.0626	      0.0000
    110.0637	      0.0000
    110.0648	      0.0000
    110.0661	   1895.1039
    110.0672	   2846.5969
    110.0683	   7408.3979
    110.0694	  23081.1680
    110.0705	  44350.5313
    110.0716	  65673.6719
    110.0727	  61096.6641
    110.0738	  37851.3672
    110.0749	  16268.7480
    110.0760	   3618.5857
    110.0771	    675.9405
    110.0780	      0.0000
    110.0791	      0.0000
    110.0802	      0.0000
    110.0813	      0.0000
    110.0824	      0.0000
    110.0835	      0.0000
    110.0845	      0.0000
    110.0856	      0.0000
    110.0867	      0.0000
    110.0878	      0.0000
    110.0889	      0.0000
    110.0900	      0.0000
    111.0672	      0.0000
    111.0684	      0.0000
    111.0695	      0.0000
    111.0706	      0.0000
    111.0717	    262.8245
    111.0728	    919.2563
    111.0739	   1751.2527
    111.0750	   2254.2869
    111.0761	   2064.1672
    111.0772	   1346.6718
    111.0783	    620.3741
    111.0794	      0.0000
    111.0805	      0.0000
    111.0816	      0.0000
    111.0827	      0.0000
    117.0570	      0.0000
    117.0582	      0.0000
    117.0595	      0.0000
    117.0607	      0.0000
    117.0619	    452.5002
    117.0631	   1446.9341
    117.0643	   3389.1904
    117.0655	   5556.5796
    117.0667	   6220.9321
    117.0679	   4156.0386
    117.0691	   2008.0627
    117.0703	    256.0719
    117.0718	      0.0000
    117.0731	      0.0000
    117.0743	      0.0000
    117.0755	      0.0000
    120.0708	      0.0000
    120.0721	      0.0000
    120.0733	      0.0000
    120.0746	      0.0000
    120.0758	    622.6531
    120.0771	   1367.6182
    120.0783	   3741.0305
    120.0796	   7843.5293
    120.0808	  12276.5703
    120.0821	  12977.0781
    120.0833	   8577.5244
    120.0845	   4184.1299
    120.0858	    848.9598
    120.0870	     32.3054
    120.0879	      0.0000
    120.0891	      0.0000
    120.0904	      0.0000
    120.0916	      0.0000
    121.0763	      0.0000
    121.0776	      0.0000
    121.0788	      0.0000
    121.0801	      0.0000
    121.0814	    395.5886
    121.0826	    851.8253
    121.0839	   1196.4412
    121.0852	   1159.8590
    121.0864	    746.1113
    121.0877	    231.6101
    121.0889	      0.0000
    121.0902	      0.0000
    121.0915	      0.0000
    121.0927	      0.0000
    122.0732	      0.0000
    122.0745	      0.0000
    122.0757	      0.0000
    122.0770	      0.0000
    122.0783	    531.1807
    122.0796	   1013.2828
    122.0808	   1303.7478
    122.0821	   1207.4366
    122.0834	    787.4154
    122.0847	    321.7914
    122.0859	      0.0000
    122.0872	      0.0000
    122.0885	      0.0000
    122.0897	      0.0000
    129.0565	      0.0000
    129.0579	      0.0000
    129.0593	      0.0000
    129.0607	      0.0000
    129.0621	    648.9160
    129.0635	   1528.3785
    129.0649	   3540.7634
    129.0663	   4791.0288
    129.0677	   3935.5093
    129.0690	   2266.3975
    129.0704	    660.2460
    129.0722	      0.0000
    129.0736	      0.0000
    129.0750	      0.0000
    129.0764	      0.0000
    129.0931	      0.0000
    129.0945	      0.0000
    129.0959	      0.0000
    129.0973	      0.0000
    129.0987	    778.2341
    129.1000	   2505.9961
    129.1014	   4896.3120
    129.1028	   7292.9229
    129.1042	   6878.7422
    129.1056	   4242.9434
    129.1070	   1799.3259
    129.1084	    206.2896
    129.1094	      0.0000
    129.1108	      0.0000
    129.1121	      0.0000
    129.1135	      0.0000
    132.0561	      0.0000
    132.0575	      0.0000
    132.0589	      0.0000
    132.0604	      0.0000
    132.0618	    599.9448
    132.0632	   1206.9227
    132.0647	   1757.9731
    132.0661	   1888.8463
    132.0676	   1465.9781
    132.0690	    752.1781
    132.0704	      0.0000
    132.0719	      0.0000
    132.0733	      0.0000
    132.0748	      0.0000
    132.0776	      0.0000
    132.0791	      0.0000
    132.0805	      0.0000
    132.0820	      0.0000
    132.0834	    496.2316
    132.0848	    930.6748
    132.0863	   1312.7762
    132.0877	   1331.3748
    132.0892	    920.3425
    132.0906	    406.4623
    132.0925	      0.0000
    132.0939	      0.0000
    132.0954	    263.2634
    132.0968	   1025.2664
    132.0983	   3059.1465
    132.0997	   8701.4346
    132.1011	  15482.3633
    132.1026	  21460.7656
    132.1040	  18171.2109
    132.1055	  10755.1240
    132.1069	   3815.2917
    132.1083	    333.2093
    132.1096	      0.0000
    132.1111	      0.0000
    132.1125	      0.0000
    132.1140	      0.0000
    132.9650	      0.0000
    132.9665	      0.0000
    132.9679	      0.0000
    132.9694	      0.0000
    132.9708	    361.3718
    132.9723	    861.6235
    132.9737	   2703.9255
    132.9752	   8167.8291
    132.9766	  14578.3428
    132.9781	  20029.4043
    132.9795	  16725.1504
    132.9810	   9944.0225
    132.9825	   3532.7312
    132.9839	    578.4317
    132.9850	      0.0000
    132.9865	      0.0000
    132.9879	      0.0000
    132.9894	      0.0000
    134.9648	      0.0000
    134.9663	      0.0000
    134.9678	      0.0000
    134.9693	      0.0000
    134.9708	    762.2579
    134.9723	   1388.5739
    134.9738	   1658.1433
    134.9753	   1399.5775
    134.9767	    837.7551
    134.9782	    345.4786
    134.9797	      0.0000
    134.9812	      0.0000
    134.9827	      0.0000
    134.9842	      0.0000
    134.9857	      0.0000
    134.9872	      0.0000
    134.9886	    460.4389
    134.9901	   1888.0696
    134.9916	   3607.3850
    134.9931	   5135.6929
    134.9946	   4414.3325
    134.9961	   2569.2261
    134.9976	    774.3585
    134.9990	      0.0000
    135.0005	      0.0000
    135.0020	      0.0000
    135.0035	      0.0000
    136.0662	      0.0000
    136.0677	      0.0000
    136.0692	      0.0000
    136.0707	      0.0000
    136.0722	    428.8362
    136.0737	   1063.6499
    136.0752	   1550.6138
    136.0767	   1534.3279
    136.0782	   1047.3054
    136.0797	    450.8030
    136.0812	      0.0000
    136.0827	      0.0000
    136.0842	      0.0000
    136.0857	      0.0000
    137.2344	      0.0000
    137.2359	      0.0000
    137.2374	      0.0000
    137.2389	      0.0000
    137.2405	    659.7726
    137.2420	   1070.3115
    137.2435	   1221.9034
    137.2450	   1016.1078
    137.2466	    591.0673
    137.2481	      0.0000
    137.2496	      0.0000
    137.2511	      0.0000
    137.2527	      0.0000
    145.0497	      0.0000
    145.0514	      0.0000
    145.0530	      0.0000
    145.0547	      0.0000
    145.0563	    765.7383
    145.0580	   2697.3003
    145.0596	   4585.7959
    145.0613	   5691.8062
    145.0630	   4167.3403
    145.0646	   2264.1450
    145.0663	    499.6586
    145.0680	      0.0000
    145.0696	      0.0000
    145.0713	      0.0000
    145.0729	      0.0000
    148.7961	      0.0000
    148.7978	      0.0000
    148.7995	      0.0000
    148.8013	      0.0000
    148.8030	    589.1731
    148.8047	    909.9238
    148.8064	   1041.6150
    148.8082	    894.5493
    148.8099	    550.6563
    148.8116	      0.0000
    148.8133	      0.0000
    148.8150	      0.0000
    148.8167	      0.0000
    150.9770	      0.0000
    150.9788	      0.0000
    150.9805	      0.0000
    150.9823	      0.0000
    150.9840	    306.9682
    150.9858	    807.5611
    150.9876	   1255.7019
    150.9893	   1347.4093
    150.9911	   1018.0242
    150.9928	    511.1294
    150.9946	      0.0000
    150.9964	      0.0000
    150.9981	      0.0000
    150.9999	      0.0000
    152.0704	      0.0000
    152.0721	      0.0000
    152.0739	      0.0000
    152.0757	      0.0000
    152.0775	    403.6278
    152.0793	    926.5906
    152.0810	   1289.6869
    152.0828	   1218.7965
    152.0846	    780.0241
    152.0864	      0.0000
    152.0882	      0.0000
    152.0900	      0.0000
    152.0918	      0.0000
    156.0661	      0.0000
    156.0680	      0.0000
    156.0698	      0.0000
    156.0717	      0.0000
    156.0735	    682.3864
    156.0754	   1245.4547
    156.0772	   1548.8274
    156.0791	   1374.6171
    156.0809	    852.3268
    156.0828	    349.1030
    156.0846	      0.0000
    156.0865	      0.0000
    156.0883	      0.0000
    156.0902	      0.0000
    157.1200	      0.0000
    157.1219	      0.0000
    157.1238	      0.0000
    157.1256	      0.0000
    157.1275	      0.0000
    157.1294	   1341.3041
    157.1312	   3317.1206
    157.1331	   5409.3794
    157.1350	   5396.0928
    157.1368	   3463.0684
    157.1387	   1035.6373
    157.1406	    274.7615
    157.1425	      0.0000
    157.1443	      0.0000
    157.1462	      0.0000
    157.1481	      0.0000
    166.0508	      0.0000
    166.0528	      0.0000
    166.0549	      0.0000
    166.0569	      0.0000
    166.0589	    603.6917
    166.0609	   1041.0206
    166.0630	   1118.5676
    166.0650	    803.4388
    166.0670	    362.5929
    166.0691	      0.0000
    166.0711	      0.0000
    166.0731	      0.0000
    166.0752	      0.0000
    166.0772	      0.0000
    166.0792	    344.6565
    166.0812	   1080.3341
    166.0833	   2962.0085
    166.0853	   4829.5444
    166.0873	   5105.4668
    166.0894	   3294.2209
    166.0914	   1554.7947
    166.0934	    439.3963
    166.0954	      0.0000
    166.0975	      0.0000
    166.0995	      0.0000
    166.1015	      0.0000
    167.0785	      0.0000
    167.0805	      0.0000
    167.0826	      0.0000
    167.0846	      0.0000
    167.0867	    752.2702
    167.0887	   1421.3029
    167.0908	   1934.0461
    167.0928	   1926.9912
    167.0949	   1369.1650
    167.0969	    632.6888
    167.0989	      0.0000
    167.1010	      0.0000
    167.1030	      0.0000
    167.1051	      0.0000
    171.0630	      0.0000
    171.0652	      0.0000
    171.0673	      0.0000
    171.0694	      0.0000
    171.0715	    391.7717
    171.0736	    932.4608
    171.0758	   1371.4469
    171.0779	   1399.7572
    171.0800	    997.8349
    171.0821	    454.3387
    171.0843	      0.0000
    171.0864	      0.0000
    171.0885	      0.0000
    171.0907	      0.0000
    173.1101	      0.0000
    173.1123	      0.0000
    173.1144	      0.0000
    173.1166	      0.0000
    173.1188	    292.4727
    173.1209	   1184.6720
    173.1231	   4486.0415
    173.1252	  10603.7100
    173.1274	  17226.2090
    173.1296	  19276.7246
    173.1317	  13316.6006
    173.1339	   7012.2954
    173.1360	   1955.2211
    173.1382	    226.5299
    173.1404	      0.0000
    173.1426	      0.0000
    173.1447	      0.0000
    173.1469	      0.0000
    174.1170	      0.0000
    174.1191	      0.0000
    174.1213	      0.0000
    174.1235	      0.0000
    174.1257	    740.6125
    174.1279	   1741.5509
    174.1300	   3308.9465
    174.1322	   4606.9766
    174.1344	   3794.2366
    174.1366	   1651.9316
    174.1387	    672.0410
    174.1409	      0.0000
    174.1431	      0.0000
    174.1453	      0.0000
    174.1474	      0.0000
    179.0782	      0.0000
    179.0804	      0.0000
    179.0827	      0.0000
    179.0850	      0.0000
    179.0873	    481.0883
    179.0895	   1146.0752
    179.0918	   1755.0830
    179.0941	   1856.5352
    179.0964	   1355.7306
    179.0986	    625.7474
    179.1009	      0.0000
    179.1032	      0.0000
    179.1054	      0.0000
    179.1077	      0.0000
    181.0954	      0.0000
    181.0977	      0.0000
    181.1000	      0.0000
    181.1023	      0.0000
    181.1046	    436.0001
    181.1069	    920.0026
    181.1093	   1179.9402
    181.1116	   1033.0203
    181.1139	    623.3646
    181.1163	      0.0000
    181.1186	      0.0000
    181.1209	      0.0000
    181.1232	      0.0000
    183.0976	      0.0000
    183.1000	      0.0000
    183.1023	      0.0000
    183.1047	      0.0000
    183.1070	    405.4077
    183.1094	   1081.1353
    183.1117	   1818.5826
    183.1141	   2108.8838
    183.1164	   1727.2480
    183.1188	    962.3480
    183.1211	    326.8963
    183.1234	      0.0000
    183.1258	      0.0000
    183.1281	      0.0000
    183.1305	      0.0000
    185.1140	      0.0000
    185.1164	      0.0000
    185.1188	      0.0000
    185.1212	      0.0000
    185.1236	    587.3694
    185.1260	   1325.5122
    185.1283	   1770.7443
    185.1307	   1576.0527
    185.1331	    937.5621
    185.1355	    361.6045
    185.1379	      0.0000
    185.1403	      0.0000
    185.1427	      0.0000
    185.1451	      0.0000
    186.0733	      0.0000
    186.0757	      0.0000
    186.0781	      0.0000
    186.0805	      0.0000
    186.0829	    510.8940
    186.0854	   1057.5878
    186.0878	   1351.0426
    186.0902	   1189.6488
    186.0926	    726.0560
    186.0950	      0.0000
    186.0974	      0.0000
    186.0998	      0.0000
    186.1022	      0.0000
    189.9836	      0.0000
    189.9861	      0.0000
    189.9886	      0.0000
    189.9911	      0.0000
    189.9935	    372.6929
    189.9960	    863.8792
    189.9985	   1198.9750
    190.0010	   1100.1251
    190.0035	    650.8822
    190.0060	      0.0000
    190.0085	      0.0000
    190.0110	      0.0000
    190.0135	      0.0000
    197.0844	      0.0000
    197.0870	      0.0000
    197.0896	      0.0000
    197.0923	      0.0000
    197.0949	    559.3500
    197.0975	   1483.7493
    197.1001	   3192.3237
    197.1028	   4882.6563
    197.1054	   4238.2075
    197.1080	   2480.9863
    197.1106	    533.6960
    197.1132	      0.0000
    197.1159	      0.0000
    197.1185	      0.0000
    197.1211	      0.0000
    200.0865	      0.0000
    200.0892	      0.0000
    200.0918	      0.0000
    200.0945	      0.0000
    200.0972	    407.1496
    200.0999	    962.1229
    200.1026	   1338.5754
    200.1053	   1262.8907
    200.1079	    815.7015
    200.1106	    334.8456
    200.1133	      0.0000
    200.1160	      0.0000
    200.1187	      0.0000
    200.1214	      0.0000
    201.1051	      0.0000
    201.1078	      0.0000
    201.1105	      0.0000
    201.1132	      0.0000
    201.1159	    718.9991
    201.1187	   1615.1135
    201.1214	   3421.1653
    201.1241	   3861.5020
    201.1268	   2586.0239
    201.1295	   1159.6796
    201.1322	    440.9990
    201.1350	      0.0000
    201.1377	      0.0000
    201.1404	      0.0000
    201.1431	      0.0000
    206.5929	      0.0000
    206.5957	      0.0000
    206.5985	      0.0000
    206.6013	      0.0000
    206.6041	    422.5517
    206.6069	   1810.3779
    206.6098	   3552.3059
    206.6126	   5223.0410
    206.6154	   4635.9390
    206.6182	   2703.6230
    206.6210	    927.2343
    206.6238	    335.8177
    206.6267	      0.0000
    206.6295	      0.0000
    206.6323	      0.0000
    206.6351	      0.0000
    207.0697	      0.0000
    207.0725	      0.0000
    207.0753	      0.0000
    207.0782	      0.0000
    207.0810	    751.2196
    207.0838	   1655.5902
    207.0866	   2368.6199
    207.0895	   2394.0293
    207.0923	   1748.5564
    207.0951	    920.1122
    207.0979	    367.4188
    207.1008	      0.0000
    207.1036	      0.0000
    207.1064	      0.0000
    207.1093	      0.0000
    207.9742	      0.0000
    207.9771	      0.0000
    207.9799	      0.0000
    207.9828	      0.0000
    207.9856	    400.0128
    207.9885	    908.0436
    207.9913	   1271.9601
    207.9942	   1219.3654
    207.9970	    788.7452
    207.9999	    288.4142
    208.0027	      0.0000
    208.0055	      0.0000
    208.0084	      0.0000
    208.0112	      0.0000
    208.0539	      0.0000
    208.0568	      0.0000
    208.0596	      0.0000
    208.0625	      0.0000
    208.0653	    199.2589
    208.0682	    957.5931
    208.0710	   1713.7625
    208.0739	   1903.3816
    208.0767	   1407.4803
    208.0796	    686.9123
    208.0824	      0.0000
    208.0852	      0.0000
    208.0881	      0.0000
    208.0909	      0.0000
    209.0825	      0.0000
    209.0854	      0.0000
    209.0882	      0.0000
    209.0911	      0.0000
    209.0940	    515.9394
    209.0968	   1602.4231
    209.0997	   3353.2327
    209.1026	   5126.4810
    209.1054	   4798.5527
    209.1083	   2983.2126
    209.1112	    980.1171
    209.1140	    274.0562
    209.1169	      0.0000
    209.1198	      0.0000
    209.1226	      0.0000
    209.1255	      0.0000
    210.9300	      0.0000
    210.9329	      0.0000
    210.9358	      0.0000
    210.9387	      0.0000
    210.9416	    190.9014
    210.9445	    816.0829
    210.9474	   1644.4681
    210.9503	   2102.5007
    210.9532	   1833.9703
    210.9561	   1066.6552
    210.9590	    362.5431
    210.9619	      0.0000
    210.9648	      0.0000
    210.9677	      0.0000
    210.9706	      0.0000
    211.0957	      0.0000
    211.0986	      0.0000
    211.1015	      0.0000
    211.1044	      0.0000
    211.1073	    682.4271
    211.1102	   1243.6437
    211.1131	   1568.4082
    211.1160	   1449.2855
    211.1190	    980.3573
    211.1219	    453.9818
    211.1248	      0.0000
    211.1277	      0.0000
    211.1306	      0.0000
    211.1335	      0.0000
    225.0591	      0.0000
    225.0623	      0.0000
    225.0655	      0.0000
    225.0687	      0.0000
    225.0719	     66.0841
    225.0751	    798.3752
    225.0783	   1958.3929
    225.0815	   1069.6396
    225.0850	   1117.1840
    225.0882	   2859.4255
    225.0914	   9684.5107
    225.0946	  19003.3535
    225.0978	  28242.0313
    225.1010	  26091.1602
    225.1042	  16197.6650
    225.1074	   7059.5483
    225.1106	   1920.4554
    225.1138	    966.7939
    225.1167	   1454.9313
    225.1200	   1818.4923
    225.1232	   1479.5260
    225.1264	    640.5555
    225.1296	      0.0000
    225.1328	      0.0000
    225.1360	      0.0000
    225.1392	      0.0000
    226.0810	      0.0000
    226.0842	      0.0000
    226.0874	      0.0000
    226.0907	      0.0000
    226.0939	    505.4702
    226.0971	   1225.6583
    226.1003	   1849.4504
    226.1036	   1930.9296
    226.1068	   1409.4166
    226.1100	    673.8895
    226.1141	      0.0000
    226.1173	      0.0000
    226.1206	      0.0000
    226.1238	      0.0000
    231.1438	      0.0000
    231.1472	      0.0000
    231.1505	      0.0000
    231.1538	      0.0000
    231.1572	    248.2061
    231.1605	   1143.2860
    231.1638	   3563.0886
    231.1672	   6501.0806
    231.1705	   9194.1797
    231.1738	   7928.9810
    231.1772	   4755.5107
    231.1805	   1778.7644
    231.1838	    316.5638
    231.1863	      0.0000
    231.1897	      0.0000
    231.1930	      0.0000
    231.1963	      0.0000
    240.0702	      0.0000
    240.0737	      0.0000
    240.0772	      0.0000
    240.0808	      0.0000
    240.0843	    640.8579
    240.0878	   1080.1536
    240.0913	   1224.1986
    240.0949	   1004.3655
    240.0984	    603.4651
    240.1019	      0.0000
    240.1054	      0.0000
    240.1090	      0.0000
    240.1125	      0.0000
    240.6109	      0.0000
    240.6144	      0.0000
    240.6180	      0.0000
    240.6215	      0.0000
    240.6251	    367.5195
    240.6286	    798.6470
    240.6321	   1016.9506
    240.6357	    848.7250
    240.6392	    439.4006
    240.6428	      0.0000
    240.6463	      0.0000
    240.6498	      0.0000
    240.6534	      0.0000
    241.9725	      0.0000
    241.9761	      0.0000
    241.9797	      0.0000
    241.9833	      0.0000
    241.9868	    491.5702
    241.9904	   1214.8237
    241.9940	   1878.7322
    241.9975	   2021.1740
    242.0011	   1547.3997
    242.0047	    819.1755
    242.0083	    300.0023
    242.0118	      0.0000
    242.0154	      0.0000
    242.0190	      0.0000
    242.0225	      0.0000
    242.1261	      0.0000
    242.1297	      0.0000
    242.1333	      0.0000
    242.1369	      0.0000
    242.1404	    400.4926
    242.1440	   1005.8083
    242.1476	   1543.2020
    242.1512	   1558.6533
    242.1547	   1028.6221
    242.1583	    357.2444
    242.1620	      0.0000
    242.1656	      0.0000
    242.1691	      0.0000
    242.1727	      0.0000
    242.9575	      0.0000
    242.9611	      0.0000
    242.9647	      0.0000
    242.9683	      0.0000
    242.9719	    542.9584
    242.9755	   1009.5090
    242.9790	   1386.5303
    242.9826	   1455.1542
    242.9862	   1162.1345
    242.9898	    683.5195
    242.9934	      0.0000
    242.9970	      0.0000
    243.0006	      0.0000
    243.0042	      0.0000
    248.0878	      0.0000
    248.0916	      0.0000
    248.0953	      0.0000
    248.0990	      0.0000
    248.1027	    219.9180
    248.1064	    924.3906
    248.1101	   1961.3176
    248.1138	   4002.7546
    248.1175	   3318.4319
    248.1212	   1866.1110
    248.1249	    754.0289
    248.1297	      0.0000
    248.1334	      0.0000
    248.1371	      0.0000
    248.1408	      0.0000
    254.1081	      0.0000
    254.1120	      0.0000
    254.1158	      0.0000
    254.1196	      0.0000
    254.1235	    471.0700
    254.1273	   1016.1302
    254.1312	   3169.5044
    254.1350	   5517.1528
    254.1389	   6982.0776
    254.1427	   5318.5317
    254.1465	   3040.7285
    254.1504	    807.3835
    254.1533	      0.0000
    254.1571	      0.0000
    254.1609	      0.0000
    254.1648	      0.0000
    261.5677	      0.0000
    261.5717	      0.0000
    261.5757	      0.0000
    261.5797	      0.0000
    261.5838	    773.5301
    261.5878	   1117.8182
    261.5918	   1147.6210
    261.5958	    840.8591
    261.5998	    406.6079
    261.6043	      0.0000
    261.6083	      0.0000
    261.6123	      0.0000
    261.6163	      0.0000
    263.1118	      0.0000
    263.1159	      0.0000
    263.1199	      0.0000
    263.1240	      0.0000
    263.1280	    657.4093
    263.1321	   2561.6748
    263.1361	   6575.7026
    263.1402	  10992.4795
    263.1442	  12974.5508
    263.1483	   9201.0469
    263.1523	   4904.8301
    263.1564	   1208.4839
    263.1604	     50.2703
    263.1640	      0.0000
    263.1680	      0.0000
    263.1721	      0.0000
    263.1761	      0.0000
    263.6181	      0.0000
    263.6222	      0.0000
    263.6262	      0.0000
    263.6303	      0.0000
    263.6344	    601.0082
    263.6384	   1253.8458
    263.6425	   1770.1669
    263.6465	   1801.8293
    263.6506	   1322.4979
    263.6547	    655.4311
    263.6587	      0.0000
    263.6628	      0.0000
    263.6668	      0.0000
    263.6709	      0.0000
    266.0957	      0.0000
    266.0999	      0.0000
    266.1040	      0.0000
    266.1081	      0.0000
    266.1122	    746.8720
    266.1163	   2211.1008
    266.1205	   4066.0857
    266.1246	   5524.5889
    266.1287	   4345.1274
    266.1328	   2445.9224
    266.1369	    674.5482
    266.1410	      0.0000
    266.1452	      0.0000
    266.1493	      0.0000
    266.1534	      0.0000
    269.0726	      0.0000
    269.0768	      0.0000
    269.0810	      0.0000
    269.0851	      0.0000
    269.0893	    456.1894
    269.0935	    987.4448
    269.0977	   1474.1650
    269.1019	   1628.0787
    269.1061	   1326.2568
    269.1103	    731.2053
    269.1145	      0.0000
    269.1186	      0.0000
    269.1228	      0.0000
    269.1270	      0.0000
    271.0892	      0.0000
    271.0935	      0.0000
    271.0977	      0.0000
    271.1019	      0.0000
    271.1062	    765.0283
    271.1104	   1583.6239
    271.1146	   2111.6619
    271.1189	   1889.2802
    271.1231	   1082.3566
    271.1273	    359.8452
    271.1317	      0.0000
    271.1359	      0.0000
    271.1401	      0.0000
    271.1444	      0.0000
    279.0550	      0.0000
    279.0594	      0.0000
    279.0638	      0.0000
    279.0683	      0.0000
    279.0727	    704.1108
    279.0771	   1252.0863
    279.0815	   1564.8547
    279.0860	   1435.4999
    279.0904	    957.2132
    279.0948	    453.5526
    279.0992	      0.0000
    279.1036	      0.0000
    279.1080	      0.0000
    279.1125	      0.0000
    284.6061	      0.0000
    284.6107	      0.0000
    284.6152	      0.0000
    284.6198	      0.0000
    284.6243	    292.2521
    284.6289	   1041.0631
    284.6334	   3303.5347
    284.6380	   4911.7627
    284.6425	   4928.9927
    284.6471	   3167.4829
    284.6517	   1468.8815
    284.6562	    545.4078
    284.6609	      0.0000
    284.6654	      0.0000
    284.6700	      0.0000
    284.6745	      0.0000
    296.1060	      0.0000
    296.1108	      0.0000
    296.1156	      0.0000
    296.1205	      0.0000
    296.1253	    395.4673
    296.1301	   1024.0563
    296.1350	   1591.9326
    296.1398	   1675.7292
    296.1446	   1232.9669
    296.1495	    600.1807
    296.1543	      0.0000
    296.1591	      0.0000
    296.1640	      0.0000
    296.1688	      0.0000
    299.1008	      0.0000
    299.1057	      0.0000
    299.1107	      0.0000
    299.1156	      0.0000
    299.1205	    311.8500
    299.1254	    925.6509
    299.1303	   1583.9287
    299.1352	   1894.2527
    299.1401	   1667.0613
    299.1450	   1078.3748
    299.1499	    525.0506
    299.1548	      0.0000
    299.1597	    522.1809
    299.1646	    914.6719
    299.1695	   1218.9828
    299.1744	   1239.7570
    299.1794	    957.5610
    299.1843	    515.8096
    299.1893	      0.0000
    299.1942	      0.0000
    299.1991	      0.0000
    299.2040	      0.0000
    318.0951	      0.0000
    318.1004	      0.0000
    318.1058	      0.0000
    318.1112	      0.0000
    318.1166	    544.1956
    318.1220	   2198.2441
    318.1274	   4436.8257
    318.1327	   6671.1914
    318.1381	   6130.0576
    318.1435	   3792.4033
    318.1489	   1614.1722
    318.1543	    406.5893
    318.1596	      0.0000
    318.1650	      0.0000
    318.1704	      0.0000
    318.1758	      0.0000
    322.8840	      0.0000
    322.8895	      0.0000
    322.8950	      0.0000
    322.9005	      0.0000
    322.9061	    851.7963
    322.9116	   1427.1907
    322.9171	   1600.8990
    322.9226	   1221.2200
    322.9281	    587.2263
    322.9336	      0.0000
    322.9391	      0.0000
    322.9446	      0.0000
    322.9501	      0.0000
    325.1189	      0.0000
    325.1245	      0.0000
    325.1300	      0.0000
    325.1356	      0.0000
    325.1412	    334.0635
    325.1467	    984.6705
    325.1523	   2742.7156
    325.1578	   4379.1934
    325.1634	   4764.3027
    325.1690	   3196.0486
    325.1745	   1512.4823
    325.1801	    577.0599
    325.1850	      0.0000
    325.1905	      0.0000
    325.1961	      0.0000
    325.2017	      0.0000
    327.0844	      0.0000
    327.0900	      0.0000
    327.0956	      0.0000
    327.1012	      0.0000
    327.1069	    142.4160
    327.1125	   1368.6980
    327.1181	   5121.2329
    327.1237	   9443.7100
    327.1293	  13057.4160
    327.1349	  10832.2949
    327.1405	   6438.0977
    327.1461	   2454.9043
    327.1518	    582.3284
    327.1580	      0.0000
    327.1636	      0.0000
    327.1693	      0.0000
    327.1749	      0.0000
    335.1135	      0.0000
    335.1193	      0.0000
    335.1251	      0.0000
    335.1309	      0.0000
    335.1367	    813.7579
    335.1426	   1417.9137
    335.1484	   1530.0013
    335.1542	   1046.6388
    335.1600	    406.5876
    335.1660	      0.0000
    335.1718	      0.0000
    335.1776	      0.0000
    335.1835	      0.0000
    341.1526	      0.0000
    341.1586	      0.0000
    341.1646	      0.0000
    341.1705	      0.0000
    341.1765	    627.6280
    341.1825	   1078.8519
    341.1885	   1215.5002
    341.1945	    908.0048
    341.2004	    384.1620
    341.2064	      0.0000
    341.2124	      0.0000
    341.2184	      0.0000
    341.2243	      0.0000
    351.6325	      0.0000
    351.6387	      0.0000
    351.6450	      0.0000
    351.6512	      0.0000
    351.6575	    757.2341
    351.6637	   1237.3024
    351.6700	   1460.5007
    351.6763	   1268.9138
    351.6825	    777.5314
    351.6888	      0.0000
    351.6950	      0.0000
    351.7013	      0.0000
    351.7075	      0.0000
    353.1069	      0.0000
    353.1132	      0.0000
    353.1195	      0.0000
    353.1258	      0.0000
    353.1321	     34.7586
    353.1384	   1295.6698
    353.1446	   4135.6592
    353.1509	   7215.6333
    353.1572	   8760.4307
    353.1635	   6255.6606
    353.1698	   3351.9172
    353.1761	   1268.6520
    353.1824	   1811.3251
    353.1887	   3308.6204
    353.1950	   4242.1372
    353.2013	   3411.9961
    353.2076	   1358.2729
    353.2139	    453.5649
    353.2202	      0.0000
    353.2265	      0.0000
    353.2328	      0.0000
    353.2391	      0.0000
    353.6109	      0.0000
    353.6172	      0.0000
    353.6235	      0.0000
    353.6298	      0.0000
    353.6362	    827.2230
    353.6425	   1707.9817
    353.6488	   2436.0427
    353.6551	   3558.6606
    353.6614	   1855.9895
    353.6677	    948.1229
    353.6740	    327.4597
    353.6803	      0.0000
    353.6866	      0.0000
    353.6929	      0.0000
    353.6992	      0.0000
    354.1224	      0.0000
    354.1287	      0.0000
    354.1350	      0.0000
    354.1413	      0.0000
    354.1477	    763.4991
    354.1540	   1178.3623
    354.1603	   1269.0032
    354.1666	    925.4495
    354.1729	    387.9021
    354.1792	      0.0000
    354.1856	      0.0000
    354.1919	      0.0000
    354.1982	      0.0000
    363.1404	      0.0000
    363.1470	      0.0000
    363.1535	      0.0000
    363.1601	      0.0000
    363.1666	    687.6258
    363.1732	   1267.6906
    363.1798	   1491.7316
    363.1863	   1180.4961
    363.1929	    585.9966
    363.1996	      0.0000
    363.2062	      0.0000
    363.2128	      0.0000
    363.2193	      0.0000
    365.1443	      0.0000
    365.1509	      0.0000
    365.1575	      0.0000
    365.1641	      0.0000
    365.1707	    624.0982
    365.1774	   1076.4797
    365.1840	   1235.1272
    365.1906	    987.6310
    365.1972	    521.9046
    365.2038	      0.0000
    365.2104	      0.0000
    365.2171	      0.0000
    365.2237	      0.0000
    381.1382	      0.0000
    381.1452	      0.0000
    381.1523	      0.0000
    381.1594	      0.0000
    381.1664	    396.5183
    381.1735	   1134.6051
    381.1805	   2004.0890
    381.1876	   2385.0732
    381.1946	   1945.0134
    381.2017	   1022.3160
    381.2088	    263.5410
    381.2160	      0.0000
    381.2231	      0.0000
    381.2301	      0.0000
    381.2372	      0.0000
    395.1566	      0.0000
    395.1640	      0.0000
    395.1715	      0.0000
    395.1789	      0.0000
    395.1864	    564.5364
    395.1938	   1138.7332
    395.2013	   1506.2147
    395.2087	   1407.9238
    395.2162	    919.9412
    395.2236	    390.4909
    395.2311	      0.0000
    395.2385	      0.0000
    395.2460	      0.0000
    395.2534	      0.0000
    420.1888	      0.0000
    420.1970	      0.0000
    420.2051	      0.0000
    420.2133	      0.0000
    420.2215	    732.0306
    420.2296	   1103.9108
    420.2378	   1174.2465
    420.2460	    899.5765
    420.2542	    458.6424
    420.2623	      0.0000
    420.2705	      0.0000
    420.2787	      0.0000
    420.2868	      0.0000
    422.1236	      0.0000
    422.1318	      0.0000
    422.1400	      0.0000
    422.1482	      0.0000
    422.1565	    787.0828
    422.1647	   1631.8801
    422.1729	   2292.0090
    422.1811	   2287.1235
    422.1894	   1621.2084
    422.1976	    769.3077
    422.2060	      0.0000
    422.2143	      0.0000
    422.2225	      0.0000
    422.2307	      0.0000
    437.1568	      0.0000
    437.1655	      0.0000
    437.1742	      0.0000
    437.1828	      0.0000
    437.1915	    784.8151
    437.2002	   2385.3669
    437.2089	   3978.0872
    437.2175	   4497.2407
    437.2262	   2970.0215
    437.2349	   1359.8970
    437.2435	    575.3890
    437.2522	      0.0000
    437.2609	      0.0000
    437.2696	      0.0000
    437.2782	      0.0000
    438.1904	      0.0000
    438.1991	      0.0000
    438.2078	      0.0000
    438.2165	      0.0000
    438.2252	    773.5950
    438.2339	   1549.3271
    438.2426	   2146.3252
    438.2513	   2114.2534
    438.2600	   1460.6755
    438.2687	    658.8418
    438.2774	      0.0000
    438.2861	      0.0000
    438.2948	      0.0000
    438.3035	      0.0000
    439.1839	      0.0000
    439.1927	      0.0000
    439.2014	      0.0000
    439.2101	      0.0000
    439.2188	    816.8837
    439.2276	   1247.9149
    439.2363	   1320.8154
    439.2450	    998.1539
    439.2538	    504.3930
    439.2714	      0.0000
    439.2801	      0.0000
    439.2889	      0.0000
    439.2976	      0.0000
    440.1372	      0.0000
    440.1460	      0.0000
    440.1547	      0.0000
    440.1635	      0.0000
    440.1722	      0.0000
    440.1810	   1446.6191
    440.1898	   4189.0249
    440.1985	   7770.5757
    440.2073	  11915.4785
    440.2160	  14890.9395
    440.2248	  14126.1113
    440.2336	   9203.1348
    440.2423	   4407.6523
    440.2511	    465.9929
    440.2508	      0.0000
    440.2596	      0.0000
    440.2684	      0.0000
    440.2771	      0.0000
    451.1384	      0.0000
    451.1474	      0.0000
    451.1565	      0.0000
    451.1656	      0.0000
    451.1747	     45.1853
    451.1838	   1136.2401
    451.1929	   4614.8125
    451.2020	   9281.8281
    451.2111	  14070.8096
    451.2202	  13337.7744
    451.2293	   8441.6182
    451.2384	   3886.7810
    451.2474	   1647.0474
    451.2567	   1697.7612
    451.2657	   1635.9327
    451.2748	   1392.6172
    451.2839	    662.2057
    451.2930	      0.0000
    451.3021	      0.0000
    451.3112	      0.0000
    451.3203	      0.0000
    451.9758	      0.0000
    451.9849	      0.0000
    451.9941	      0.0000
    452.0032	      0.0000
    452.0123	    543.9387
    452.0214	    894.3178
    452.0305	   1133.8351
    452.0396	   1129.8545
    452.0488	    881.7874
    452.0579	    526.9514
    452.0670	      0.0000
    452.0761	      0.0000
    452.0852	      0.0000
    452.0943	      0.0000
    452.1582	      0.0000
    452.1673	      0.0000
    452.1764	      0.0000
    452.1855	      0.0000
    452.1947	    406.7596
    452.2038	   1119.6821
    452.2129	   1838.5234
    452.2220	   2110.9333
    452.2311	   1775.0404
    452.2403	   1085.1849
    452.2494	    456.6204
    452.2585	      0.0000
    452.2676	      0.0000
    452.2768	      0.0000
    452.2859	      0.0000
    453.1722	      0.0000
    453.1813	      0.0000
    453.1905	      0.0000
    453.1996	      0.0000
    453.2088	    428.7059
    453.2179	    920.3481
    453.2271	   1306.9226
    453.2362	   1296.5394
    453.2454	    863.1228
    453.2546	      0.0000
    453.2637	      0.0000
    453.2729	      0.0000
    453.2821	      0.0000
    457.1698	      0.0000
    457.1791	      0.0000
    457.1884	      0.0000
    457.1976	      0.0000
    457.2069	    639.4725
    457.2162	   2520.0386
    457.2255	   6257.9136
    457.2347	  10386.7705
    457.2440	  12017.8467
    457.2533	   8459.6729
    457.2626	   4542.9199
    457.2718	   1285.2362
    457.2811	    140.6147
    457.2903	      0.0000
    457.2996	      0.0000
    457.3089	      0.0000
    457.3182	      0.0000
    458.1635	      0.0000
    458.1728	      0.0000
    458.1821	      0.0000
    458.1914	      0.0000
    458.2007	    418.4752
    458.2100	    928.4103
    458.2193	   1442.5575
    458.2286	   1653.8735
    458.2379	   1394.8231
    458.2472	    815.9540
    458.2568	      0.0000
    458.2661	      0.0000
    458.2754	      0.0000
    458.2847	      0.0000
    467.1686	      0.0000
    467.1782	      0.0000
    467.1878	      0.0000
    467.1973	      0.0000
    467.2069	    382.7481
    467.2165	    929.1549
    467.2261	   1448.2781
    467.2356	   1550.0317
    467.2452	   1137.5970
    467.2548	    513.5045
    467.2644	      0.0000
    467.2740	      0.0000
    467.2836	      0.0000
    467.2931	      0.0000
    494.1640	      0.0000
    494.1745	      0.0000
    494.1849	      0.0000
    494.1953	      0.0000
    494.2057	    613.6729
    494.2161	   1110.4554
    494.2266	   1361.9832
    494.2370	   1160.1920
    494.2474	    638.8212
    494.2581	      0.0000
    494.2685	      0.0000
    494.2789	      0.0000
    494.2893	      0.0000
    507.2018	      0.0000
    507.2127	      0.0000
    507.2235	      0.0000
    507.2343	      0.0000
    507.2452	    509.1330
    507.2560	   1016.6684
    507.2668	   1258.8708
    507.2777	   1017.7484
    507.2885	    488.9401
    507.2994	      0.0000
    507.3102	      0.0000
    507.3210	      0.0000
    507.3319	      0.0000
    528.1788	      0.0000
    528.1903	      0.0000
    528.2018	      0.0000
    528.2133	      0.0000
    528.2249	    490.6851
    528.2364	    871.7421
    528.2479	   1074.1469
    528.2594	    989.6555
    528.2709	    690.0797
    528.2824	      0.0000
    528.2940	      0.0000
    528.3055	      0.0000
    528.3170	      0.0000
    535.1790	      0.0000
    535.1908	      0.0000
    535.2025	      0.0000
    535.2143	      0.0000
    535.2260	    306.9369
    535.2378	    960.6611
    535.2495	   1938.8380
    535.2612	   3668.7068
    535.2730	   3310.4048
    535.2847	   1612.7827
    535.2965	    753.0223
    535.3082	      0.0000
    535.3200	      0.0000
    535.3317	      0.0000
    535.3435	      0.0000
    540.1933	      0.0000
    540.2052	      0.0000
    540.2171	      0.0000
    540.2290	      0.0000
    540.2409	    374.1626
    540.2528	    927.5319
    540.2647	   1526.4824
    540.2767	   1803.7377
    540.2886	   1553.4818
    540.3005	    939.6060
    540.3124	    353.1117
    540.3243	      0.0000
    540.3363	      0.0000
    540.3482	      0.0000
    540.3601	      0.0000
    556.0516	      0.0000
    556.0641	      0.0000
    556.0765	      0.0000
    556.0890	      0.0000
    556.1014	    322.0565
    556.1138	    976.4630
    556.1263	   1806.8262
    556.1387	   2254.7393
    556.1512	   1991.8528
    556.1636	   1243.6462
    556.1760	    520.5577
    556.1885	      0.0000
    556.2009	      0.0000
    556.2134	      0.0000
    556.2258	      0.0000
    563.2220	      0.0000
    563.2346	      0.0000
    563.2473	      0.0000
    563.2600	      0.0000
    563.2727	    522.0622
    563.2854	    982.8808
    563.2980	   1190.1564
    563.3107	    994.1552
    563.3234	    556.0050
    563.3361	      0.0000
    563.3488	      0.0000
    563.3614	      0.0000
    563.3741	      0.0000
    567.2114	      0.0000
    567.2243	      0.0000
    567.2371	      0.0000
    567.2499	      0.0000
    567.2627	    552.9964
    567.2755	    949.7738
    567.2883	   1165.5580
    567.3011	   1052.1997
    567.3140	    676.7240
    567.3269	      0.0000
    567.3397	      0.0000
    567.3526	      0.0000
    567.3654	      0.0000
    568.1610	      0.0000
    568.1738	      0.0000
    568.1867	      0.0000
    568.1995	      0.0000
    568.2124	    356.5781
    568.2252	   1179.5803
    568.2381	   4455.6514
    568.2509	  10490.4170
    568.2638	  17074.3555
    568.2766	  19189.7129
    568.2895	  13197.6553
    568.3023	   6866.6807
    568.3152	   1792.8955
    568.3280	    197.5298
    568.3407	      0.0000
    568.3536	      0.0000
    568.3664	      0.0000
    568.3793	      0.0000
    574.1946	      0.0000
    574.2077	      0.0000
    574.2207	      0.0000
    574.2338	      0.0000
    574.2468	    712.5703
    574.2599	   1065.3551
    574.2729	   1169.5341
    574.2860	    941.8539
    574.2990	    513.8245
    574.3121	      0.0000
    574.3251	      0.0000
    574.3382	      0.0000
    574.3513	      0.0000
    581.2411	      0.0000
    581.2544	      0.0000
    581.2676	      0.0000
    581.2809	      0.0000
    581.2942	    870.6603
    581.3075	   1313.7013
    581.3208	   1323.9218
    581.3341	    923.0817
    581.3474	    422.1185
    581.3607	      0.0000
    581.3740	      0.0000
    581.3873	      0.0000
    581.4006	      0.0000
    585.7734	      0.0000
    585.7868	      0.0000
    585.8003	      0.0000
    585.8137	      0.0000
    585.8272	    406.6349
    585.8406	    900.3922
    585.8541	   1140.0743
    585.8675	    934.4725
    585.8810	    462.5587
    585.8944	      0.0000
    585.9079	      0.0000
    585.9213	      0.0000
    585.9348	      0.0000
    592.1726	      0.0000
    592.1863	      0.0000
    592.2000	      0.0000
    592.2136	      0.0000
    592.2273	    317.4775
    592.2410	    916.5718
    592.2547	   1807.0895
    592.2683	   3875.3713
    592.2820	   4289.1987
    592.2957	   2086.0703
    592.3093	   1240.2383
    592.3230	    535.6215
    592.3367	      0.0000
    592.3504	      0.0000
    592.3640	      0.0000
    592.3777	      0.0000
    601.2002	      0.0000
    601.2142	      0.0000
    601.2282	      0.0000
    601.2421	      0.0000
    601.2561	    819.4615
    601.2701	   1347.8315
    601.2841	   1463.3436
    601.2981	   1095.9313
    601.3121	    537.2156
    601.3358	      0.0000
    601.3498	      0.0000
    601.3638	      0.0000
    601.3778	      0.0000
    610.1881	      0.0000
    610.2024	      0.0000
    610.2167	      0.0000
    610.2310	      0.0000
    610.2453	    319.7420
    610.2596	   1267.1196
    610.2739	   3153.8030
    610.2882	   5585.3887
    610.3025	   7497.9814
    610.3168	   6036.6836
    610.3311	   3332.1687
    610.3454	    673.3015
    610.3500	      0.0000
    610.3643	      0.0000
    610.3786	      0.0000
    610.3929	      0.0000
    639.2417	      0.0000
    639.2570	      0.0000
    639.2723	      0.0000
    639.2877	      0.0000
    639.3030	    586.6417
    639.3183	    979.8806
    639.3337	   1169.3502
    639.3490	   1043.6304
    639.3643	    688.2274
    639.3797	      0.0000
    639.3950	      0.0000
    639.4103	      0.0000
    639.4257	      0.0000
    643.0761	      0.0000
    643.0915	      0.0000
    643.1070	      0.0000
    643.1225	      0.0000
    643.1380	    540.3787
    643.1534	   1029.2343
    643.1689	   1244.5929
    643.1844	    999.4873
    643.1998	    475.1563
    643.2153	      0.0000
    643.2308	      0.0000
    643.2463	      0.0000
    643.2617	      0.0000
    649.1829	      0.0000
    649.1986	      0.0000
    649.2142	      0.0000
    649.2299	      0.0000
    649.2456	    703.9092
    649.2613	   1143.6552
    649.2770	   1286.8373
    649.2927	   1009.6553
    649.3084	    505.6255
    649.3241	      0.0000
    649.3398	      0.0000
    649.3555	      0.0000
    649.3712	      0.0000
    667.2163	      0.0000
    667.2326	      0.0000
    667.2490	      0.0000
    667.2653	      0.0000
    667.2817	    497.9062
    667.2980	   1289.9169
    667.3144	   2977.1399
    667.3307	   4253.9600
    667.3471	   3566.0415
    667.3634	   2025.1610
    667.3798	    723.9389
    667.3962	      0.0000
    667.4125	      0.0000
    667.4289	      0.0000
    667.4452	      0.0000
    699.1327	      0.0000
    699.1503	      0.0000
    699.1678	      0.0000
    699.1853	      0.0000
    699.2029	    502.8004
    699.2204	   1004.6016
    699.2379	   1496.5265
    699.2555	   1688.6121
    699.2730	   1419.2961
    699.2906	    827.1345
    699.3081	      0.0000
    699.3256	      0.0000
    699.3432	      0.0000
    699.3607	      0.0000
    709.2356	      0.0000
    709.2535	      0.0000
    709.2714	      0.0000
    709.2893	      0.0000
    709.3072	    400.7641
    709.3252	   1062.0354
    709.3431	   1805.0145
    709.3610	   2179.2563
    709.3789	   1911.4509
    709.3968	   1188.9850
    709.4148	    499.4786
    709.4327	      0.0000
    709.4506	      0.0000
    709.4685	      0.0000
    709.4865	      0.0000
    710.2579	      0.0000
    710.2758	      0.0000
    710.2938	      0.0000
    710.3117	      0.0000
    710.3297	    492.2825
    710.3477	    904.7023
    710.3656	   1172.0844
    710.3836	   1109.3306
    710.4015	    752.9167
    710.4196	      0.0000
    710.4375	      0.0000
    710.4555	      0.0000
    710.4735	      0.0000
    781.0996	      0.0000
    781.1203	      0.0000
    781.1411	      0.0000
    781.1618	      0.0000
    781.1825	    549.1086
    781.2032	    928.7471
    781.2239	   1143.5970
    781.2446	   1053.1873
    781.2653	    699.5389
    781.2860	      0.0000
    781.3068	      0.0000
    781.3275	      0.0000
    781.3482	      0.0000
    796.2460	      0.0000
    796.2673	      0.0000
    796.2887	      0.0000
    796.3100	      0.0000
    796.3313	    297.9103
    796.3526	    983.9651
    796.3739	   1624.9991
    796.3952	   1782.2174
    796.4166	   1361.3168
    796.4379	    697.2257
    796.4592	      0.0000
    796.4805	      0.0000
    796.5018	      0.0000
    796.5232	      0.0000
    799.1310	      0.0000
    799.1524	      0.0000
    799.1738	      0.0000
    799.1953	      0.0000
    799.2167	    825.4484
    799.2381	   1286.1443
    799.2596	   1393.8318
    799.2810	   1060.9684
    799.3024	    515.0685
    799.3239	      0.0000
    799.3453	      0.0000
    799.3667	      0.0000
    799.3882	      0.0000
   1414.1515	      0.0000
   1414.2019	      0.0000
   1414.2524	      0.0000
   1414.3028	      0.0000
