# ljz_20131022_MR_Chym1_ELUTE.mzML
#
# index: 1886
# id: controllerType=0 controllerNumber=1 scan=7304
# scanNumber: 7304
# massAnalyzerType: quadrupole
# scanEvent: 2
# msLevel: 2
# retentionTime: 2035.48
# filterString: FTMS + p NSI d Full ms2 920.57@hcd28.00 [100.00-5660.00]
# mzLow: 99.0036
# mzHigh: 5718.56
# basePeakMZ: 127.04
# basePeakIntensity: 265819
# totalIonCurrent: 3.17306e+006
# precursorCount: 1
# precursor 0: 920.069 7.67128e+006
# binary (2727): 
     99.0036	      0.0000
     99.0045	      0.0000
     99.0055	      0.0000
     99.0064	      0.0000
    101.0175	      0.0000
    101.0185	      0.0000
    101.0195	      0.0000
    101.0204	      0.0000
    101.0214	    874.8396
    101.0224	   1823.8295
    101.0233	   2574.3909
    101.0243	   2562.1074
    101.0253	   1738.9983
    101.0262	    686.6171
    101.0272	      0.0000
    101.0281	      0.0000
    101.0291	      0.0000
    101.0301	      0.0000
    109.0198	      0.0000
    109.0209	      0.0000
    109.0220	      0.0000
    109.0230	      0.0000
    109.0241	   1087.9355
    109.0252	   3391.9595
    109.0263	  11495.4424
    109.0274	  24472.3477
    109.0284	  38445.8711
    109.0295	  39874.0469
    109.0306	  26066.6289
    109.0317	  12766.8115
    109.0328	   3123.6995
    109.0338	    106.7013
    109.0348	      0.0000
    109.0359	      0.0000
    109.0370	      0.0000
    109.0381	      0.0000
    111.0062	      0.0000
    111.0073	      0.0000
    111.0084	      0.0000
    111.0095	      0.0000
    111.0106	    562.0837
    111.0117	   1310.3706
    111.0128	   1798.2915
    111.0139	   1638.8142
    111.0151	    957.4211
    111.0162	      0.0000
    111.0173	      0.0000
    111.0184	      0.0000
    111.0195	      0.0000
    111.0361	      0.0000
    111.0372	      0.0000
    111.0384	      0.0000
    111.0395	      0.0000
    111.0406	    552.4952
    111.0417	   1672.2438
    111.0428	   3446.3970
    111.0439	   7246.3447
    111.0450	   7133.5273
    111.0461	   4335.8779
    111.0472	   1671.6400
    111.0483	    774.7882
    111.0496	      0.0000
    111.0507	      0.0000
    111.0518	      0.0000
    111.0530	      0.0000
    115.0274	      0.0000
    115.0286	      0.0000
    115.0297	      0.0000
    115.0309	      0.0000
    115.0321	    863.0375
    115.0332	   1680.6038
    115.0344	   2646.8538
    115.0356	   7111.4214
    115.0368	  22709.4531
    115.0379	  45503.3359
    115.0391	  69589.6172
    115.0403	  68437.0938
    115.0414	  43480.9922
    115.0426	  20145.4492
    115.0438	   4647.5557
    115.0449	    800.4984
    115.0459	      0.0000
    115.0471	      0.0000
    115.0483	      0.0000
    115.0495	      0.0000
    126.0440	      0.0000
    126.0453	      0.0000
    126.0467	      0.0000
    126.0480	      0.0000
    126.0494	   1149.3966
    126.0507	   3378.8835
    126.0520	  11188.3037
    126.0534	  24514.0957
    126.0547	  38858.9648
    126.0561	  41573.3164
    126.0574	  27798.3047
    126.0588	  14067.4541
    126.0601	   3452.6101
    126.0614	    207.4530
    126.0628	      0.0000
    126.0642	      0.0000
    126.0655	      0.0000
    126.0669	      0.0000
    127.0242	      0.0000
    127.0256	      0.0000
    127.0269	      0.0000
    127.0283	      0.0000
    127.0297	      0.0000
    127.0310	   2895.8889
    127.0324	   5796.8169
    127.0337	  10477.3350
    127.0351	  30320.1445
    127.0365	  94521.8984
    127.0378	 178725.8438
    127.0392	 261368.4844
    127.0405	 239676.9063
    127.0419	 148649.4219
    127.0432	  64326.3242
    127.0446	  15567.7441
    127.0460	   3379.0352
    127.0473	   3282.5374
    127.0487	   1894.1931
    127.0498	   3364.4932
    127.0512	    706.7567
    127.0521	      0.0000
    127.0535	      0.0000
    127.0549	      0.0000
    127.0562	      0.0000
    128.0318	      0.0000
    128.0331	      0.0000
    128.0345	      0.0000
    128.0359	      0.0000
    128.0373	    421.4043
    128.0386	   3800.7937
    128.0400	   9505.4395
    128.0414	  15642.6943
    128.0428	  17794.6406
    128.0441	  12833.2656
    128.0455	   7287.2549
    128.0469	   2581.2874
    128.0483	    902.4762
    128.0500	      0.0000
    128.0514	      0.0000
    128.0528	      0.0000
    128.0541	      0.0000
    129.0454	      0.0000
    129.0468	      0.0000
    129.0482	      0.0000
    129.0496	      0.0000
    129.0509	   1224.8928
    129.0523	   4593.6729
    129.0537	   8370.7793
    129.0551	  11364.5508
    129.0565	   8929.4121
    129.0579	   4987.2139
    129.0593	   1310.4838
    129.0607	      0.0000
    129.0620	      0.0000
    129.0634	      0.0000
    129.0648	      0.0000
    131.0727	      0.0000
    131.0741	      0.0000
    131.0755	      0.0000
    131.0769	      0.0000
    131.0784	    858.7852
    131.0798	   1839.8922
    131.0812	   2688.9360
    131.0826	   2830.3779
    131.0840	   2191.3516
    131.0855	   1211.1665
    131.0869	      0.0000
    131.0883	      0.0000
    131.0897	      0.0000
    131.0911	      0.0000
    133.0389	      0.0000
    133.0403	      0.0000
    133.0418	      0.0000
    133.0432	      0.0000
    133.0447	    452.8474
    133.0461	   1487.1205
    133.0476	   3184.9924
    133.0490	   6669.6851
    133.0505	   6970.6997
    133.0520	   4460.4365
    133.0534	   1775.3158
    133.0549	    572.0906
    133.0564	      0.0000
    133.0578	      0.0000
    133.0593	      0.0000
    133.0608	      0.0000
    138.0386	      0.0000
    138.0401	      0.0000
    138.0416	      0.0000
    138.0432	      0.0000
    138.0447	     58.0108
    138.0463	   2526.6216
    138.0478	   4007.8083
    138.0493	  11311.7920
    138.0509	  37561.2148
    138.0524	 105203.3828
    138.0539	 177974.4688
    138.0555	 224945.2813
    138.0570	 170759.6406
    138.0586	  98321.4219
    138.0601	  30758.2773
    138.0616	   6969.3701
    138.0632	   1860.5306
    138.0646	   2061.0730
    138.0661	    456.9772
    138.0680	      0.0000
    138.0695	      0.0000
    138.0711	      0.0000
    138.0726	      0.0000
    139.0473	      0.0000
    139.0488	      0.0000
    139.0504	      0.0000
    139.0519	      0.0000
    139.0535	    672.5845
    139.0550	   3017.0173
    139.0566	   7370.1411
    139.0581	  12125.5313
    139.0597	  12618.4160
    139.0613	   7940.3638
    139.0628	   3455.1055
    139.0644	    502.0569
    139.0659	      0.0000
    139.0675	      0.0000
    139.0690	      0.0000
    139.0706	      0.0000
    144.0526	      0.0000
    144.0543	      0.0000
    144.0559	      0.0000
    144.0575	      0.0000
    144.0592	    452.2308
    144.0608	   1638.8225
    144.0625	   5705.8994
    144.0641	  10773.1230
    144.0657	  15403.3086
    144.0674	  13430.2881
    144.0690	   8044.0776
    144.0707	   2977.3335
    144.0723	    430.5302
    144.0738	      0.0000
    144.0754	      0.0000
    144.0770	      0.0000
    144.0787	      0.0000
    145.0315	      0.0000
    145.0332	      0.0000
    145.0349	      0.0000
    145.0365	      0.0000
    145.0382	   1275.1360
    145.0398	   2229.3079
    145.0415	   2682.2092
    145.0431	   5905.7656
    145.0448	  20811.9844
    145.0465	  65748.3984
    145.0481	 117281.9453
    145.0498	 160510.1563
    145.0514	 133191.2188
    145.0531	  79529.4375
    145.0547	  29711.7910
    145.0564	   7338.7681
    145.0581	   1902.7120
    145.0597	   1715.0421
    145.0614	    168.5339
    145.0627	      0.0000
    145.0644	      0.0000
    145.0661	      0.0000
    145.0677	      0.0000
    146.0405	      0.0000
    146.0421	      0.0000
    146.0438	      0.0000
    146.0455	      0.0000
    146.0472	    484.4845
    146.0488	   3212.6072
    146.0505	   7692.3604
    146.0522	  12502.6504
    146.0539	  13019.8818
    146.0555	   8380.1045
    146.0572	   3900.3433
    146.0589	    886.7319
    146.0607	      0.0000
    146.0624	      0.0000
    146.0641	      0.0000
    146.0658	      0.0000
    147.0537	      0.0000
    147.0554	      0.0000
    147.0570	      0.0000
    147.0587	      0.0000
    147.0604	    708.3131
    147.0621	   1674.3268
    147.0638	   2618.1313
    147.0655	   2801.9194
    147.0672	   2103.5557
    147.0689	   1052.3658
    147.0706	      0.0000
    147.0723	      0.0000
    147.0740	      0.0000
    147.0757	      0.0000
    159.0639	      0.0000
    159.0658	      0.0000
    159.0677	      0.0000
    159.0696	      0.0000
    159.0715	    618.9155
    159.0734	   1699.0684
    159.0753	   2717.6995
    159.0772	   2966.6738
    159.0791	   2282.5720
    159.0810	   1186.0814
    159.0829	      0.0000
    159.0848	      0.0000
    159.0867	      0.0000
    159.0886	      0.0000
    163.0358	      0.0000
    163.0377	      0.0000
    163.0397	      0.0000
    163.0417	      0.0000
    163.0437	      0.0000
    163.0456	      0.0000
    163.0476	      0.0000
    163.0497	   2853.3176
    163.0516	   4031.4636
    163.0536	  12038.1270
    163.0556	  41271.3672
    163.0576	  85111.8906
    163.0595	 131914.4531
    163.0615	 132549.1094
    163.0635	  85453.2656
    163.0655	  41163.3359
    163.0674	  10901.0273
    163.0694	   2541.3586
    163.0714	   1591.7944
    163.0734	    490.1585
    163.0752	      0.0000
    163.0772	      0.0000
    163.0792	      0.0000
    163.0812	      0.0000
    164.0495	      0.0000
    164.0515	      0.0000
    164.0535	      0.0000
    164.0555	      0.0000
    164.0575	   1114.4666
    164.0594	   3331.7131
    164.0614	   6620.6890
    164.0634	   9614.2119
    164.0654	   8231.6934
    164.0674	   4780.7402
    164.0694	   1623.2594
    164.0714	    716.9434
    164.0735	      0.0000
    164.0755	      0.0000
    164.0775	      0.0000
    164.0795	      0.0000
    168.0476	      0.0000
    168.0496	      0.0000
    168.0517	      0.0000
    168.0538	      0.0000
    168.0558	   1088.3513
    168.0579	   4517.9614
    168.0600	  17193.1094
    168.0620	  47374.9531
    168.0641	  79998.6250
    168.0662	  98983.3359
    168.0682	  73591.7500
    168.0703	  41560.9023
    168.0724	  12664.8750
    168.0744	   2681.0254
    168.0765	    400.5901
    168.0785	      0.0000
    168.0805	      0.0000
    168.0826	      0.0000
    168.0847	      0.0000
    169.0562	      0.0000
    169.0583	      0.0000
    169.0604	      0.0000
    169.0625	      0.0000
    169.0646	   1393.9429
    169.0667	   3137.8623
    169.0688	   6282.4609
    169.0708	   6105.8784
    169.0729	   3019.8660
    169.0750	   1280.5734
    169.0771	      0.0000
    169.0792	      0.0000
    169.0813	      0.0000
    169.0833	      0.0000
    170.0804	      0.0000
    170.0825	      0.0000
    170.0846	      0.0000
    170.0867	      0.0000
    170.0888	    809.6776
    170.0910	   1630.7220
    170.0931	   2040.0410
    170.0952	   1729.2264
    170.0973	    941.7714
    170.0994	      0.0000
    170.1015	      0.0000
    170.1036	      0.0000
    170.1057	      0.0000
    186.0564	      0.0000
    186.0588	      0.0000
    186.0612	      0.0000
    186.0636	      0.0000
    186.0660	    986.3729
    186.0684	   4728.5249
    186.0708	  17493.3926
    186.0732	  34967.1367
    186.0756	  52966.4805
    186.0780	  51120.9727
    186.0804	  32608.5020
    186.0828	  15347.2998
    186.0853	   4247.6250
    186.0877	    967.2433
    186.0901	      0.0000
    186.0925	      0.0000
    186.0949	      0.0000
    186.0974	      0.0000
    187.0643	      0.0000
    187.0668	      0.0000
    187.0692	      0.0000
    187.0716	      0.0000
    187.0740	    840.2449
    187.0765	   1733.5621
    187.0789	   2304.9907
    187.0813	   2105.2932
    187.0837	   1252.5536
    187.0862	      0.0000
    187.0886	      0.0000
    187.0910	      0.0000
    187.0934	      0.0000
    189.6091	      0.0000
    189.6115	      0.0000
    189.6140	      0.0000
    189.6165	      0.0000
    189.6190	   1341.2765
    189.6214	   1840.7562
    189.6239	   1946.7299
    189.6264	   1560.9861
    189.6289	    887.4079
    189.6317	      0.0000
    189.6341	      0.0000
    189.6366	      0.0000
    189.6391	      0.0000
    204.0563	      0.0000
    204.0591	      0.0000
    204.0618	      0.0000
    204.0646	      0.0000
    204.0674	    899.6300
    204.0701	   2808.6230
    204.0729	   4188.4741
    204.0757	   7592.6309
    204.0784	  24955.9355
    204.0812	  80899.7578
    204.0840	 149794.8906
    204.0867	 213265.4219
    204.0895	 186715.5938
    204.0923	 113854.6563
    204.0950	  46591.2539
    204.0978	  12203.5967
    204.1006	   3850.3345
    204.1033	   3543.5620
    204.1061	   1557.2792
    204.1089	   1203.5984
    204.1114	      0.0000
    204.1142	      0.0000
    204.1169	      0.0000
    204.1197	      0.0000
    205.0690	      0.0000
    205.0718	      0.0000
    205.0746	      0.0000
    205.0774	      0.0000
    205.0802	    553.3883
    205.0830	   3569.0156
    205.0857	   9197.7568
    205.0885	  15290.2725
    205.0913	  17758.0410
    205.0941	  12582.7178
    205.0969	   6790.8770
    205.0997	   1780.2251
    205.1025	     28.7628
    205.1053	      0.0000
    205.1081	      0.0000
    205.1109	      0.0000
    205.1137	      0.0000
    241.0433	      0.0000
    241.0469	      0.0000
    241.0504	      0.0000
    241.0540	      0.0000
    241.0575	    808.7928
    241.0611	   2337.4683
    241.0646	   5927.2622
    241.0682	   9748.7607
    241.0717	  11387.9541
    241.0753	   8317.6201
    241.0788	   4674.8574
    241.0824	   1474.9065
    241.0859	    501.7314
    241.0897	      0.0000
    241.0933	      0.0000
    241.0968	      0.0000
    241.1004	      0.0000
    277.0670	      0.0000
    277.0714	      0.0000
    277.0758	      0.0000
    277.0802	      0.0000
    277.0845	   1122.8387
    277.0889	   1940.4814
    277.0933	   2209.3564
    277.0977	   1718.5536
    277.1020	    823.4221
    277.1065	      0.0000
    277.1109	      0.0000
    277.1152	      0.0000
    277.1196	      0.0000
    295.0647	      0.0000
    295.0695	      0.0000
    295.0743	      0.0000
    295.0791	      0.0000
    295.0839	    597.0377
    295.0888	   1567.7045
    295.0936	   4323.6958
    295.0984	   7580.7559
    295.1032	   9544.8848
    295.1080	   7081.4141
    295.1128	   3858.4141
    295.1176	   1358.4801
    295.1225	      0.0000
    295.1273	      0.0000
    295.1321	      0.0000
    295.1369	      0.0000
    325.0744	      0.0000
    325.0799	      0.0000
    325.0855	      0.0000
    325.0911	      0.0000
    325.0966	    449.6273
    325.1022	   1434.1129
    325.1077	   2562.2222
    325.1133	   3068.1729
    325.1189	   2582.0007
    325.1244	   1492.3756
    325.1300	    546.7972
    325.1355	      0.0000
    325.1411	      0.0000
    325.1466	      0.0000
    325.1522	      0.0000
    328.3851	      0.0000
    328.3907	      0.0000
    328.3963	      0.0000
    328.4020	      0.0000
    328.4076	   1214.1052
    328.4133	   1986.8383
    328.4189	   2239.7185
    328.4246	   1803.7618
    328.4302	    985.0834
    328.4366	      0.0000
    328.4422	      0.0000
    328.4479	      0.0000
    328.4535	      0.0000
    366.0863	      0.0000
    366.0929	      0.0000
    366.0996	      0.0000
    366.1062	      0.0000
    366.1129	   1090.5907
    366.1195	   4875.8198
    366.1262	  16200.5479
    366.1328	  29540.3203
    366.1394	  41133.7617
    366.1461	  34687.5625
    366.1527	  20763.9492
    366.1594	   7834.1797
    366.1660	   1747.4653
    366.1727	    258.9923
    366.1789	      0.0000
    366.1855	      0.0000
    366.1921	      0.0000
    366.1988	      0.0000
    367.0911	      0.0000
    367.0978	      0.0000
    367.1045	      0.0000
    367.1111	      0.0000
    367.1178	    558.3149
    367.1245	   1487.9977
    367.1312	   3132.5254
    367.1378	   6044.8833
    367.1445	   6457.3813
    367.1512	   3310.3450
    367.1579	   1637.3256
    367.1645	    537.7919
    367.1712	      0.0000
    367.1779	      0.0000
    367.1845	      0.0000
    367.1912	      0.0000
    375.9339	      0.0000
    375.9408	      0.0000
    375.9477	      0.0000
    375.9546	      0.0000
    375.9615	    993.3484
    375.9684	   1615.5549
    375.9753	   1819.3682
    375.9823	   1443.0258
    375.9892	    736.4517
    375.9962	      0.0000
    376.0032	      0.0000
    376.0101	      0.0000
    376.0170	      0.0000
    419.2589	      0.0000
    419.2670	      0.0000
    419.2752	      0.0000
    419.2833	      0.0000
    419.2915	    591.6390
    419.2996	   1561.4017
    419.3077	   2780.6685
    419.3159	   3516.6262
    419.3240	   3279.3269
    419.3322	   2261.1062
    419.3403	   1114.1890
    419.3489	      0.0000
    419.3570	      0.0000
    419.3652	      0.0000
    419.3733	      0.0000
    498.1158	      0.0000
    498.1263	      0.0000
    498.1369	      0.0000
    498.1474	      0.0000
    498.1579	    943.3431
    498.1685	   2151.1121
    498.1790	   3137.0701
    498.1896	   3163.9946
    498.2001	   2234.6304
    498.2107	   1033.5325
    498.2204	      0.0000
    498.2310	      0.0000
    498.2415	      0.0000
    498.2521	      0.0000
    528.1086	      0.0000
    528.1201	      0.0000
    528.1316	      0.0000
    528.1431	      0.0000
    528.1546	   1469.3518
    528.1661	   4933.3867
    528.1777	   9272.7803
    528.1892	  12741.4258
    528.2007	  10524.2910
    528.2122	   6203.8281
    528.2237	   2246.3694
    528.2352	    677.1014
    528.2479	      0.0000
    528.2594	      0.0000
    528.2710	      0.0000
    528.2825	      0.0000
    639.8706	      0.0000
    639.8859	      0.0000
    639.9013	      0.0000
    639.9166	      0.0000
    639.9320	    696.0170
    639.9473	   1772.0488
    639.9627	   3545.4993
    639.9780	   6039.2568
    639.9934	   4128.0859
    640.0088	   2386.6694
    640.0241	    739.6890
    640.0395	      0.0000
    640.0549	      0.0000
    640.0703	      0.0000
    640.0856	      0.0000
    688.5409	      0.0000
    688.5580	      0.0000
    688.5752	      0.0000
    688.5923	      0.0000
    688.6095	    795.2323
    688.6266	   1702.0916
    688.6437	   2599.1292
    688.6609	   2957.4048
    688.6780	   2468.7639
    688.6952	   1417.4961
    688.7123	      0.0000
    688.7295	      0.0000
    688.7466	      0.0000
    688.7638	      0.0000
    690.1375	      0.0000
    690.1547	      0.0000
    690.1719	      0.0000
    690.1891	      0.0000
    690.2063	    714.3167
    690.2235	   1689.0806
    690.2407	   2236.3616
    690.2579	   1876.0857
    690.2751	    938.8243
    690.2923	      0.0000
    690.3095	      0.0000
    690.3267	      0.0000
    690.3439	      0.0000
    693.9018	      0.0000
    693.9191	      0.0000
    693.9365	      0.0000
    693.9538	      0.0000
    693.9711	    697.7744
    693.9885	   1661.4214
    694.0058	   2192.6860
    694.0232	   1911.7494
    694.0405	   1091.4845
    694.0579	      0.0000
    694.0753	      0.0000
    694.0926	      0.0000
    694.1100	      0.0000
    750.2200	      0.0000
    750.2394	      0.0000
    750.2589	      0.0000
    750.2784	      0.0000
    750.2979	    580.0745
    750.3174	   1612.1725
    750.3369	   2860.0845
    750.3564	   3475.5168
    750.3759	   3005.0930
    750.3954	   1804.2061
    750.4149	    677.9712
    750.4345	      0.0000
    750.4540	      0.0000
    750.4735	      0.0000
    750.4930	      0.0000
    813.5073	      0.0000
    813.5293	      0.0000
    813.5513	      0.0000
    813.5733	      0.0000
    813.5953	    950.4940
    813.6173	   1640.7797
    813.6393	   2057.1907
    813.6613	   1887.2418
    813.6834	   1211.5980
    813.7054	      0.0000
    813.7275	      0.0000
    813.7495	      0.0000
    813.7715	      0.0000
    857.2550	      0.0000
    857.2788	      0.0000
    857.3026	      0.0000
    857.3264	      0.0000
    857.3502	   1278.7474
    857.3740	   4458.1592
    857.3979	   7543.9414
    857.4217	  10003.2900
    857.4455	   8152.6289
    857.4693	   4620.4629
    857.4931	   1227.8057
    857.5169	      0.0000
    857.5408	      0.0000
    857.5646	      0.0000
    857.5884	      0.0000
    857.7552	      0.0000
    857.7790	      0.0000
    857.8028	      0.0000
    857.8267	      0.0000
    857.8505	    962.7148
    857.8743	   2510.6140
    857.8982	   6226.2227
    857.9220	   8398.5654
    857.9458	   7095.8652
    857.9697	   2807.0571
    857.9935	   1057.0336
    858.0174	      0.0000
    858.0412	      0.0000
    858.0650	      0.0000
    858.0889	      0.0000
    858.3035	      0.0000
    858.3274	      0.0000
    858.3512	      0.0000
    858.3751	      0.0000
    858.3989	   1561.0710
    858.4228	   2520.2046
    858.4466	   2788.6763
    858.4705	   2155.6707
    858.4943	   1073.9362
    858.5182	      0.0000
    858.5421	      0.0000
    858.5659	      0.0000
    858.5898	      0.0000
    871.2321	      0.0000
    871.2565	      0.0000
    871.2809	      0.0000
    871.3053	      0.0000
    871.3297	    930.7008
    871.3541	   1740.7280
    871.3785	   2192.0615
    871.4029	   1924.9324
    871.4273	   1105.0281
    871.4517	      0.0000
    871.4761	      0.0000
    871.5005	      0.0000
    871.5249	      0.0000
    896.1974	      0.0000
    896.2228	      0.0000
    896.2483	      0.0000
    896.2737	      0.0000
    896.2992	    738.0018
    896.3246	   1808.6699
    896.3501	   3066.4089
    896.3755	   3613.6873
    896.4010	   3080.1218
    896.4264	   1890.8340
    896.4519	    766.9744
    896.4774	      0.0000
    896.5028	      0.0000
    896.5283	      0.0000
    896.5538	      0.0000
    898.5432	      0.0000
    898.5688	      0.0000
    898.5943	      0.0000
    898.6199	      0.0000
    898.6454	   1038.0992
    898.6710	   2061.8174
    898.6965	   2704.5027
    898.7221	   2469.0049
    898.7476	   1493.1490
    898.7732	      0.0000
    898.7988	      0.0000
    898.8243	      0.0000
    898.8499	      0.0000
    909.5525	      0.0000
    909.5785	      0.0000
    909.6045	      0.0000
    909.6306	      0.0000
    909.6566	    892.4383
    909.6826	   1779.2147
    909.7086	   2316.3186
    909.7347	   2136.3252
    909.7607	   1351.4668
    909.7867	      0.0000
    909.8127	      0.0000
    909.8388	      0.0000
    909.8648	      0.0000
    920.2091	      0.0000
    920.2355	      0.0000
    920.2620	      0.0000
    920.2885	      0.0000
    920.3150	   1362.0297
    920.3415	   2088.8669
    920.3679	   2235.5127
    920.3944	   1707.9167
    920.4209	    877.1097
    920.4474	      0.0000
    920.4739	      0.0000
    920.5004	      0.0000
    920.5269	      0.0000
    921.2160	      0.0000
    921.2426	      0.0000
    921.2691	      0.0000
    921.2956	      0.0000
    921.3221	   1367.4590
    921.3487	   2334.5215
    921.3752	   2990.0259
    921.4017	   2935.2141
    921.4283	   2185.9067
    921.4548	   1180.4344
    921.4813	      0.0000
    921.5079	      0.0000
    921.5344	      0.0000
    921.5609	      0.0000
    930.2999	      0.0000
    930.3269	      0.0000
    930.3538	      0.0000
    930.3807	      0.0000
    930.4076	   1487.7588
    930.4345	   2390.3726
    930.4615	   2577.5813
    930.4884	   1923.7501
    930.5153	    942.1552
    930.5423	      0.0000
    930.5692	      0.0000
    930.5961	      0.0000
    930.6231	      0.0000
    946.7720	      0.0000
    946.7996	      0.0000
    946.8273	      0.0000
    946.8549	      0.0000
    946.8825	   1056.9108
    946.9102	   2061.9221
    946.9378	   2623.0117
    946.9654	   2358.6892
    946.9931	   1500.1099
    947.0207	      0.0000
    947.0484	      0.0000
    947.0760	      0.0000
    947.1037	      0.0000
    958.7668	      0.0000
    958.7950	      0.0000
    958.8231	      0.0000
    958.8513	      0.0000
    958.8794	   1058.8202
    958.9076	   2507.7917
    958.9358	   5966.8003
    958.9639	   7500.9922
    958.9921	   5584.6758
    959.0203	   3075.5447
    959.0485	   1360.3643
    959.0766	      0.0000
    959.1048	      0.0000
    959.1330	      0.0000
    959.1612	      0.0000
    967.7560	      0.0000
    967.7846	      0.0000
    967.8132	      0.0000
    967.8417	      0.0000
    967.8703	   1107.2924
    967.8988	   1823.2928
    967.9274	   2132.5913
    967.9560	   1776.0894
    967.9845	    939.3106
    968.0132	      0.0000
    968.0417	      0.0000
    968.0703	      0.0000
    968.0989	      0.0000
   1032.2966	      0.0000
   1032.3280	      0.0000
   1032.3595	      0.0000
   1032.3909	      0.0000
   1032.4224	   1658.3660
   1032.4539	   2659.2004
   1032.4853	   3106.9839
   1032.5168	   2692.9590
   1032.5483	   1674.6494
   1032.5798	      0.0000
   1032.6112	      0.0000
   1032.6427	      0.0000
   1032.6742	      0.0000
   1038.0462	      0.0000
   1038.0779	      0.0000
   1038.1097	      0.0000
   1038.1414	      0.0000
   1038.1731	   1525.4519
   1038.2048	   2214.6216
   1038.2366	   2377.1714
   1038.2683	   1890.5541
   1038.3000	   1054.1063
   1038.3318	      0.0000
   1038.3635	      0.0000
   1038.3953	      0.0000
   1038.4270	      0.0000
   1039.7932	      0.0000
   1039.8250	      0.0000
   1039.8568	      0.0000
   1039.8886	      0.0000
   1039.9204	   1559.6979
   1039.9522	   2962.9272
   1039.9840	   3823.6970
   1040.0159	   3481.0725
   1040.0477	   2185.5591
   1040.0795	    854.5767
   1040.1113	      0.0000
   1040.1431	      0.0000
   1040.1749	      0.0000
   1040.2068	      0.0000
   1040.2704	      0.0000
   1040.3022	      0.0000
   1040.3341	      0.0000
   1040.3659	      0.0000
   1040.3977	    925.9334
   1040.4296	   1815.7220
   1040.4614	   2619.9570
   1040.4932	   2849.9307
   1040.5251	   2300.9375
   1040.5569	   1292.4840
   1040.5887	      0.0000
   1040.6206	      0.0000
   1040.6524	      0.0000
   1040.6843	      0.0000
   1052.7943	      0.0000
   1052.8267	      0.0000
   1052.8591	      0.0000
   1052.8915	      0.0000
   1052.9239	   1104.0870
   1052.9563	   1892.6563
   1052.9887	   2210.1814
   1053.0211	   1828.5266
   1053.0535	   1030.4825
   1053.0860	      0.0000
   1053.1184	      0.0000
   1053.1508	      0.0000
   1053.1832	      0.0000
   1068.2893	      0.0000
   1068.3224	      0.0000
   1068.3556	      0.0000
   1068.3887	      0.0000
   1068.4218	   1262.7350
   1068.4549	   2152.1313
   1068.4881	   2430.3457
   1068.5212	   1908.5503
   1068.5543	    995.9544
   1068.5875	      0.0000
   1068.6206	      0.0000
   1068.6537	      0.0000
   1068.6869	      0.0000
   1075.2786	      0.0000
   1075.3120	      0.0000
   1075.3455	      0.0000
   1075.3789	      0.0000
   1075.4124	    978.2121
   1075.4458	   1879.9440
   1075.4793	   2344.1045
   1075.5127	   2009.4094
   1075.5462	   1130.1123
   1075.5797	      0.0000
   1075.6131	      0.0000
   1075.6466	      0.0000
   1075.6801	      0.0000
   1078.7654	      0.0000
   1078.7990	      0.0000
   1078.8326	      0.0000
   1078.8662	      0.0000
   1078.8998	    703.6246
   1078.9334	   2028.6156
   1078.9670	   3180.1606
   1079.0007	   3309.8667
   1079.0343	   2364.5454
   1079.0679	   1109.1541
   1079.1015	      0.0000
   1079.1352	      0.0000
   1079.1688	      0.0000
   1079.2024	      0.0000
   1095.7678	      0.0000
   1095.8022	      0.0000
   1095.8366	      0.0000
   1095.8710	      0.0000
   1095.9055	   1299.8229
   1095.9399	   2060.7549
   1095.9743	   2255.4961
   1096.0087	   1726.8491
   1096.0431	    835.5787
   1096.0775	      0.0000
   1096.1120	      0.0000
   1096.1464	      0.0000
   1096.1808	      0.0000
   1112.7880	      0.0000
   1112.8232	      0.0000
   1112.8584	      0.0000
   1112.8936	      0.0000
   1112.9289	    889.5610
   1112.9641	   1852.7288
   1112.9993	   2501.3345
   1113.0345	   2459.9419
   1113.0697	   1767.7441
   1113.1050	    847.0832
   1113.1402	      0.0000
   1113.1754	      0.0000
   1113.2107	      0.0000
   1113.2459	      0.0000
   1120.7885	      0.0000
   1120.8241	      0.0000
   1120.8597	      0.0000
   1120.8953	      0.0000
   1120.9308	   1189.0582
   1120.9664	   2301.8911
   1121.0020	   2814.8796
   1121.0377	   2299.9355
   1121.0733	   1144.8362
   1121.1089	      0.0000
   1121.1445	      0.0000
   1121.1801	      0.0000
   1121.2158	      0.0000
   1194.2959	      0.0000
   1194.3351	      0.0000
   1194.3742	      0.0000
   1194.4134	      0.0000
   1194.4525	   1622.0543
   1194.4917	   2654.5303
   1194.5308	   3262.5554
   1194.5700	   3107.3291
   1194.6092	   2295.6414
   1194.6483	   1277.5995
   1194.6875	      0.0000
   1194.7267	      0.0000
   1194.7658	      0.0000
   1194.8050	      0.0000
   1195.2752	      0.0000
   1195.3144	      0.0000
   1195.3536	      0.0000
   1195.3929	      0.0000
   1195.4321	   1431.8319
   1195.4713	   2049.6418
   1195.5105	   2330.7068
   1195.5497	   2207.6575
   1195.5889	   1691.6008
   1195.6281	    934.7932
   1195.6673	      0.0000
   1195.7065	      0.0000
   1195.7458	      0.0000
   1195.7850	      0.0000
   1202.3226	      0.0000
   1202.3621	      0.0000
   1202.4017	      0.0000
   1202.4412	      0.0000
   1202.4808	   1444.6901
   1202.5203	   2341.8350
   1202.5599	   2505.0066
   1202.5994	   1759.9883
   1202.6390	    690.0257
   1202.6786	      0.0000
   1202.7182	      0.0000
   1202.7578	      0.0000
   1202.7973	      0.0000
   1231.7594	      0.0000
   1231.8004	      0.0000
   1231.8414	      0.0000
   1231.8824	      0.0000
   1231.9234	   1535.3206
   1231.9644	   2199.1765
   1232.0054	   2254.0403
   1232.0464	   1702.0576
   1232.0875	    915.9468
   1232.1285	      0.0000
   1232.1695	      0.0000
   1232.2106	      0.0000
   1232.2516	      0.0000
   1242.9891	      0.0000
   1243.0307	      0.0000
   1243.0722	      0.0000
   1243.1138	      0.0000
   1243.1554	   1544.2369
   1243.1969	   2556.3855
   1243.2385	   2878.6421
   1243.2801	   2302.4417
   1243.3217	   1263.6202
   1243.3633	      0.0000
   1243.4049	      0.0000
   1243.4465	    964.8574
   1243.4880	   1856.5636
   1243.5296	   2544.7090
   1243.5712	   2642.2500
   1243.6128	   2076.0408
   1243.6544	   1151.3163
   1243.6960	      0.0000
   1243.7377	      0.0000
   1243.7793	      0.0000
   1243.8209	      0.0000
   1257.2858	      0.0000
   1257.3281	      0.0000
   1257.3704	      0.0000
   1257.4127	      0.0000
   1257.4550	   1222.7576
   1257.4973	   2035.1781
   1257.5396	   2286.0757
   1257.5819	   1747.4908
   1257.6242	    797.2050
   1257.6665	      0.0000
   1257.7088	      0.0000
   1257.7511	      0.0000
   1257.7934	      0.0000
   1261.6527	      0.0000
   1261.6952	      0.0000
   1261.7377	      0.0000
   1261.7802	      0.0000
   1261.8227	   1579.8018
   1261.8653	   2988.6045
   1261.9078	   3895.2734
   1261.9503	   4500.4624
   1261.9928	   2292.1016
   1262.0353	    352.5393
   1262.0779	      0.0000
   1262.1204	   1486.9706
   1262.1629	   5209.5347
   1262.2055	   9672.8594
   1262.2480	  11765.6953
   1262.2905	   8930.1787
   1262.3331	   5057.1313
   1262.3756	   2150.2795
   1262.4182	   2191.9619
   1262.4607	   5972.0151
   1262.5033	  12273.6719
   1262.5458	  19517.2168
   1262.5884	  19836.0996
   1262.6309	  12276.1396
   1262.6735	   5357.4956
   1262.7160	    770.3187
   1262.7586	    341.2128
   1262.8012	   2455.6577
   1262.8437	   5385.5757
   1262.8863	   7743.3179
   1262.9289	   7162.9897
   1262.9714	   4247.7686
   1263.0140	   1612.5903
   1263.0566	      0.0000
   1263.0992	      0.0000
   1263.1418	   1410.6202
   1263.1843	   3830.4060
   1263.2269	   5881.8696
   1263.2695	   3886.2729
   1263.3121	   2609.8977
   1263.3547	   1221.8707
   1263.3973	      0.0000
   1263.4399	   1062.1498
   1263.4825	   2253.3269
   1263.5251	   3198.9985
   1263.5677	   3175.1331
   1263.6103	   2249.2158
   1263.6529	   1095.6476
   1263.6955	      0.0000
   1263.7381	      0.0000
   1263.7807	      0.0000
   1263.8234	   1257.2197
   1263.8660	   1943.6667
   1263.9086	   2241.8074
   1263.9512	   1878.6306
   1263.9938	   1018.8528
   1264.0365	      0.0000
   1264.0791	      0.0000
   1264.1217	      0.0000
   1264.1644	      0.0000
   1276.2736	      0.0000
   1276.3168	      0.0000
   1276.3601	      0.0000
   1276.4033	      0.0000
   1276.4466	    632.6321
   1276.4898	   1894.5684
   1276.5331	   3403.5330
   1276.5763	   4308.2646
   1276.6196	   4748.1279
   1276.6629	   2488.9780
   1276.7062	   1127.7802
   1276.7494	      0.0000
   1276.7927	      0.0000
   1276.8360	      0.0000
   1276.8793	      0.0000
   1277.0091	      0.0000
   1277.0524	      0.0000
   1277.0957	      0.0000
   1277.1390	      0.0000
   1277.1823	   1011.3600
   1277.2256	   1821.9990
   1277.2689	   2152.2092
   1277.3122	   1749.6941
   1277.3555	    920.9946
   1277.3988	      0.0000
   1277.4421	      0.0000
   1277.4854	      0.0000
   1277.5287	      0.0000
   1304.6328	      0.0000
   1304.6775	      0.0000
   1304.7222	      0.0000
   1304.7669	      0.0000
   1304.8116	   1383.3130
   1304.8563	   2857.1006
   1304.9010	   3858.9734
   1304.9457	   3631.0352
   1304.9905	   2366.8074
   1305.0352	    959.7890
   1305.0799	      0.0000
   1305.1246	      0.0000
   1305.1693	      0.0000
   1305.2141	      0.0000
   1305.3035	      0.0000
   1305.3483	      0.0000
   1305.3930	      0.0000
   1305.4377	      0.0000
   1305.4825	   1673.9174
   1305.5272	   3850.1182
   1305.5720	   6196.0957
   1305.6167	   5152.1733
   1305.6615	   2400.8538
   1305.7062	    823.4033
   1305.7510	      0.0000
   1305.7957	      0.0000
   1305.8405	      0.0000
   1305.8852	      0.0000
   1310.2830	      0.0000
   1310.3280	      0.0000
   1310.3730	      0.0000
   1310.4180	      0.0000
   1310.4630	   1566.1155
   1310.5080	   4905.2744
   1310.5530	   8647.4121
   1310.5980	  10757.9434
   1310.6430	   7554.1963
   1310.6880	   4156.0083
   1310.7330	   1033.7090
   1310.7780	    288.7654
   1310.8230	   2008.9053
   1310.8681	   5125.8491
   1310.9131	   7725.9233
   1310.9581	   6861.7959
   1311.0031	   3945.5671
   1311.0482	   1284.5786
   1311.0932	   1156.2679
   1311.1382	   4427.2266
   1311.1833	  10380.7031
   1311.2283	  16884.1074
   1311.2733	  17630.5801
   1311.3184	  11041.5859
   1311.3634	   5189.7100
   1311.4085	   1287.0361
   1311.4535	   1646.7996
   1311.4986	   6075.3516
   1311.5436	  11024.4053
   1311.5887	  14709.1113
   1311.6337	  11417.1660
   1311.6788	   6159.8101
   1311.7238	   1732.6710
   1311.7689	    644.0318
   1311.8140	   1549.9822
   1311.8590	   3596.3481
   1311.9041	   4077.1443
   1311.9492	   3552.0491
   1311.9943	   2298.0293
   1312.0393	   1015.1906
   1312.0844	      0.0000
   1312.1295	      0.0000
   1312.1746	      0.0000
   1312.2197	      0.0000
   1315.6531	      0.0000
   1315.6984	      0.0000
   1315.7436	      0.0000
   1315.7889	      0.0000
   1315.8342	   1264.4110
   1315.8795	   1971.2487
   1315.9247	   2214.6416
   1315.9700	   1847.0985
   1316.0153	   1083.2140
   1316.0606	      0.0000
   1316.1059	      0.0000
   1316.1512	    875.8731
   1316.1965	   2007.9443
   1316.2418	   2971.4944
   1316.2870	   3085.6418
   1316.3323	   2267.5667
   1316.3776	    452.9078
   1316.4230	    685.0112
   1316.4683	   3035.6985
   1316.5136	   7102.1968
   1316.5589	  11473.3799
   1316.6042	  12027.6934
   1316.6495	   7692.7339
   1316.6948	   3664.9551
   1316.7401	    754.8261
   1316.7855	    832.6219
   1316.8308	   4624.0444
   1316.8761	   9026.0117
   1316.9215	  12988.4443
   1316.9668	  10182.0313
   1317.0121	   5738.9878
   1317.0575	   1578.2936
   1317.1028	    513.3316
   1317.1481	   2148.4185
   1317.1935	   4866.2510
   1317.2388	   7088.1045
   1317.2842	   6384.7432
   1317.3295	   3402.4639
   1317.3749	    709.4572
   1317.4202	      0.0000
   1317.4656	   1243.2156
   1317.5110	   2178.4224
   1317.5563	   2497.6177
   1317.6017	   1941.4427
   1317.6470	    969.2430
   1317.6924	      0.0000
   1317.7378	      0.0000
   1317.7832	      0.0000
   1317.8285	      0.0000
   1324.3416	      0.0000
   1324.3873	      0.0000
   1324.4330	      0.0000
   1324.4787	      0.0000
   1324.5245	   1473.3400
   1324.5702	   2486.8423
   1324.6159	   2672.4983
   1324.6617	   1826.3566
   1324.7074	    668.8799
   1324.7531	      0.0000
   1324.7989	      0.0000
   1324.8446	      0.0000
   1324.8903	      0.0000
   1329.6604	      0.0000
   1329.7064	      0.0000
   1329.7524	      0.0000
   1329.7984	      0.0000
   1329.8444	   1587.3854
   1329.8904	   3102.7664
   1329.9364	   3918.2097
   1329.9824	   3388.8918
   1330.0284	   1927.6267
   1330.0745	    673.0024
   1330.1205	      0.0000
   1330.1665	   1166.8568
   1330.2125	   1984.9220
   1330.2585	   2253.0769
   1330.3045	   1867.7545
   1330.3506	   1145.5687
   1330.3966	      0.0000
   1330.4426	    658.4697
   1330.4887	   1704.3158
   1330.5347	   4309.7744
   1330.5807	   7260.7739
   1330.6268	   7216.6177
   1330.6728	   4393.0977
   1330.7189	   1782.1362
   1330.7649	    382.0064
   1330.8110	   1364.6914
   1330.8570	   3024.4790
   1330.9031	   3962.7283
   1330.9491	   3621.2861
   1330.9952	   2335.2029
   1331.0412	   1053.6517
   1331.0873	      0.0000
   1331.1334	   1150.6698
   1331.1794	   2260.6753
   1331.2255	   3117.8350
   1331.2716	   3120.7170
   1331.3176	   2271.6260
   1331.3637	   1113.4574
   1331.4098	      0.0000
   1331.4559	      0.0000
   1331.5020	      0.0000
   1331.5481	      0.0000
   1358.9722	      0.0000
   1359.0197	      0.0000
   1359.0672	      0.0000
   1359.1148	      0.0000
   1359.1623	   1400.8322
   1359.2098	   2889.0437
   1359.2574	   3950.1064
   1359.3049	   3822.3003
   1359.3524	   3040.3481
   1359.4000	   1225.7290
   1359.4475	   1045.4116
   1359.4951	   3464.9187
   1359.5426	   6954.0728
   1359.5902	  10367.5254
   1359.6377	   9164.9512
   1359.6853	   5361.9351
   1359.7328	   1603.8616
   1359.7804	      0.0000
   1359.8280	   1358.8352
   1359.8755	   3871.6763
   1359.9231	   5951.7109
   1359.9707	   5404.1738
   1360.0182	   3098.8618
   1360.0658	   1125.4591
   1360.1134	      0.0000
   1360.1610	   2075.1440
   1360.2086	   4246.1992
   1360.2561	   6310.8018
   1360.3037	   5447.8750
   1360.3513	   2822.7275
   1360.3989	   1278.9233
   1360.4465	      0.0000
   1360.4941	      0.0000
   1360.5417	      0.0000
   1360.5893	      0.0000
   1360.6369	      0.0000
   1360.6845	      0.0000
   1360.7321	      0.0000
   1360.7797	      0.0000
   1360.8274	   1572.2164
   1360.8750	   3235.7097
   1360.9226	   6677.6157
   1360.9702	   6024.4922
   1361.0178	   3522.0786
   1361.0655	   1100.2854
   1361.1131	      0.0000
   1361.1607	   1235.8956
   1361.2084	   2425.8079
   1361.2560	   3188.4155
   1361.3036	   2889.2483
   1361.3513	   1764.0648
   1361.3989	      0.0000
   1361.4466	      0.0000
   1361.4942	      0.0000
   1361.5419	      0.0000
   1364.3100	      0.0000
   1364.3578	      0.0000
   1364.4056	      0.0000
   1364.4535	      0.0000
   1364.5013	   2108.2390
   1364.5491	   6381.8394
   1364.5969	   8712.1504
   1364.6447	   7441.1421
   1364.6925	   4592.9648
   1364.7403	   1499.1531
   1364.7882	    632.1760
   1364.8360	   3953.0391
   1364.8838	   8962.1338
   1364.9316	  13907.4443
   1364.9795	  12160.9287
   1365.0273	   7382.0498
   1365.0752	   2535.3135
   1365.1230	   1347.8541
   1365.1708	   4676.0913
   1365.2187	   9291.6406
   1365.2665	  13743.4473
   1365.3144	  11974.0693
   1365.3622	   6967.8984
   1365.4101	   2055.0801
   1365.4580	      0.0000
   1365.5058	   1793.4819
   1365.5537	   4560.5698
   1365.6015	   6675.1807
   1365.6494	   6179.8569
   1365.6973	   3433.6340
   1365.7452	   1035.0135
   1365.7930	   1208.5735
   1365.8409	   4407.3354
   1365.8888	   7834.1030
   1365.9367	  10232.7324
   1365.9846	   7740.0005
   1366.0325	   4038.0764
   1366.0803	    656.1501
   1366.1282	      0.0000
   1366.1761	      0.0000
   1366.2240	      0.0000
   1366.2719	      0.0000
   1369.6313	      0.0000
   1369.6794	      0.0000
   1369.7275	      0.0000
   1369.7756	      0.0000
   1369.8236	    779.4789
   1369.8717	   2300.5720
   1369.9198	   3847.8616
   1369.9679	   5499.7905
   1370.0160	   3391.1218
   1370.0641	   1181.0359
   1370.1122	      0.0000
   1370.1603	      0.0000
   1370.2084	   2116.3130
   1370.2566	   3165.4780
   1370.3047	   3278.2996
   1370.3528	   2348.5540
   1370.4009	    906.6465
   1370.4490	    826.9989
   1370.4972	   3935.1824
   1370.5453	   7936.1299
   1370.5934	  11599.6836
   1370.6415	  10114.0303
   1370.6897	   5862.4819
   1370.7378	   1654.7441
   1370.7859	      0.0000
   1370.8341	      0.0000
   1370.8822	      0.0000
   1370.9304	      0.0000
   1371.3156	      0.0000
   1371.3638	      0.0000
   1371.4120	      0.0000
   1371.4602	      0.0000
   1371.5083	   2157.5090
   1371.5565	   3485.1418
   1371.6047	   3964.1648
   1371.6529	   3244.8403
   1371.7011	   1839.7169
   1371.7493	      0.0000
   1371.7975	      0.0000
   1371.8457	      0.0000
   1371.8939	      0.0000
   1377.9386	      0.0000
   1377.9871	      0.0000
   1378.0356	      0.0000
   1378.0841	      0.0000
   1378.1327	    935.1581
   1378.1812	   3882.5332
   1378.2297	   7175.1016
   1378.2783	   9012.6240
   1378.3268	   6455.7729
   1378.3753	   3314.0769
   1378.4239	    607.7564
   1378.4724	    990.4731
   1378.5210	   3910.1711
   1378.5695	   6763.9316
   1378.6181	   7329.6660
   1378.6666	   4485.2231
   1378.7152	   1698.5758
   1378.7638	      0.0000
   1378.8123	    604.3862
   1378.8609	   3723.9009
   1378.9094	   6785.6382
   1378.9580	   8887.6260
   1379.0066	   6415.9385
   1379.0552	   3366.0359
   1379.1037	    926.8253
   1379.1523	   1428.2689
   1379.2009	   4511.3496
   1379.2495	   7518.4160
   1379.2981	   8739.4902
   1379.3467	   5714.8325
   1379.3953	   2469.1238
   1379.4439	     59.5336
   1379.4925	    571.4440
   1379.5411	   2519.4692
   1379.5897	   3631.9656
   1379.6383	   3603.1924
   1379.6869	   2482.4602
   1379.7355	   1119.8618
   1379.7841	      0.0000
   1379.8327	   1400.5353
   1379.8813	   2996.4443
   1379.9300	   4135.1670
   1379.9786	   3890.2019
   1380.0272	   2452.3152
   1380.0758	    909.8007
   1380.1245	      0.0000
   1380.1731	      0.0000
   1380.2217	      0.0000
   1380.2704	      0.0000
   1383.2911	      0.0000
   1383.3399	      0.0000
   1383.3887	      0.0000
   1383.4375	      0.0000
   1383.4863	    876.3412
   1383.5351	   2266.4053
   1383.5839	   3507.8481
   1383.6327	   3708.6196
   1383.6815	   2692.6196
   1383.7304	    843.6131
   1383.7792	      0.0000
   1383.8280	   2073.0986
   1383.8769	   5002.5371
   1383.9257	   7962.0361
   1383.9745	   7403.7788
   1384.0234	   4558.7891
   1384.0722	   1800.1855
   1384.1210	      0.0000
   1384.1699	   1817.6074
   1384.2187	   4491.0703
   1384.2676	   6816.0913
   1384.3164	   6474.8525
   1384.3653	   3962.2102
   1384.4142	   1411.7725
   1384.4630	   1234.2892
   1384.5119	   4631.2090
   1384.5607	   8581.4150
   1384.6096	  11486.0293
   1384.6585	   8938.0674
   1384.7074	   4857.2139
   1384.7562	    881.7577
   1384.8051	      0.0000
   1384.8540	   1364.2491
   1384.9029	   3017.6917
   1384.9518	   3170.3657
   1385.0007	   2312.5464
   1385.0496	   1131.0441
   1385.0985	      0.0000
   1385.1473	   1054.1780
   1385.1962	   2373.1882
   1385.2452	   3592.2361
   1385.2941	   3810.8584
   1385.3430	   2841.3733
   1385.3919	   1382.3608
   1385.4396	      0.0000
   1385.4885	      0.0000
   1385.5374	      0.0000
   1385.5863	      0.0000
   1408.6183	      0.0000
   1408.6685	      0.0000
   1408.7186	      0.0000
   1408.7688	      0.0000
   1408.8189	   1316.5665
   1408.8691	   2712.0168
   1408.9193	   3972.8826
   1408.9694	   4233.5015
   1409.0196	   3300.1353
   1409.0698	   1797.2301
   1409.1199	      0.0000
   1409.1701	      0.0000
   1409.2203	      0.0000
   1409.2705	      0.0000
   1409.3207	      0.0000
   1409.3708	      0.0000
   1409.4210	      0.0000
   1409.4712	      0.0000
   1409.5214	   2036.0430
   1409.5716	   4485.2656
   1409.6218	   6572.4087
   1409.6720	   5600.0625
   1409.7222	   2564.1309
   1409.7724	    977.0103
   1409.8226	      0.0000
   1409.8728	      0.0000
   1409.9231	      0.0000
   1409.9733	      0.0000
   1412.9913	      0.0000
   1413.0417	      0.0000
   1413.0920	      0.0000
   1413.1424	      0.0000
   1413.1928	   2305.4944
   1413.2432	   3663.4878
   1413.2936	   4077.4414
   1413.3440	   3242.2507
   1413.3944	   1778.1106
   1413.4448	      0.0000
   1413.4952	   1336.3112
   1413.5456	   3630.8958
   1413.5960	   5823.2759
   1413.6464	   5947.3403
   1413.6969	   3830.6372
   1413.7473	   1470.0723
   1413.7977	    806.2430
   1413.8481	   3330.0847
   1413.8986	   6475.4829
   1413.9490	   8071.3853
   1413.9994	   5854.0239
   1414.0499	   2764.4893
   1414.1003	     24.8955
   1414.1507	    576.4684
   1414.2012	   4096.0151
   1414.2516	   7407.3916
   1414.3021	   9413.8555
   1414.3525	   6723.5664
   1414.4030	   3249.2786
   1414.4534	    718.6772
   1414.5039	   1716.5677
   1414.5544	   3848.6230
   1414.6048	   4279.6284
   1414.6553	   3683.2927
   1414.7058	   2037.6650
   1414.7562	      0.0000
   1414.8067	      0.0000
   1414.8572	   1935.9750
   1414.9077	   3093.7180
   1414.9582	   3291.8970
   1415.0087	   2416.9878
   1415.0591	   1220.0833
   1415.1096	      0.0000
   1415.1601	      0.0000
   1415.2106	      0.0000
   1415.2611	      0.0000
   1418.2455	      0.0000
   1418.2961	      0.0000
   1418.3468	      0.0000
   1418.3975	      0.0000
   1418.4481	    110.5090
   1418.4988	   3254.8291
   1418.5495	   7680.7666
   1418.6002	  11096.0020
   1418.6509	  10220.9072
   1418.7015	   6536.2563
   1418.7522	   2788.0461
   1418.8029	   2500.9038
   1418.8536	   7446.7358
   1418.9043	  13187.0947
   1418.9550	  16442.8691
   1419.0057	  12050.4277
   1419.0564	   6202.0825
   1419.1071	    950.0421
   1419.1578	   1905.0765
   1419.2085	   6642.3652
   1419.2593	  10919.8613
   1419.3100	  11735.0283
   1419.3607	   7761.8525
   1419.4114	   3363.4473
   1419.4621	   1477.3445
   1419.5129	   5259.5615
   1419.5636	   9732.9619
   1419.6143	  13016.3682
   1419.6651	  10751.6699
   1419.7158	   6217.7334
   1419.7665	   1641.8300
   1419.8173	   1292.2910
   1419.8680	   4303.1587
   1419.9188	   7489.6123
   1419.9695	   8327.5391
   1420.0203	   5489.9390
   1420.0711	   1797.9628
   1420.1218	      0.0000
   1420.1726	    930.1708
   1420.2234	   3184.3882
   1420.2741	   4160.5073
   1420.3249	   3410.2056
   1420.3757	   1869.7401
   1420.4264	      0.0000
   1420.4772	      0.0000
   1420.5280	      0.0000
   1420.5788	      0.0000
   1423.6309	      0.0000
   1423.6819	      0.0000
   1423.7328	      0.0000
   1423.7838	      0.0000
   1423.8347	   1584.0481
   1423.8857	   2998.8042
   1423.9367	   3806.9468
   1423.9876	   3406.6604
   1424.0386	   2106.9026
   1424.0896	      0.0000
   1424.1406	      0.0000
   1424.1915	      0.0000
   1424.2425	      0.0000
   1427.9716	      0.0000
   1428.0228	      0.0000
   1428.0740	      0.0000
   1428.1252	      0.0000
   1428.1764	   1217.4648
   1428.2276	   2641.4470
   1428.2788	   3706.5996
   1428.3300	   3501.5828
   1428.3812	   2179.2566
   1428.4324	      0.0000
   1428.4836	      0.0000
   1428.5348	   2275.0330
   1428.5860	   3910.1458
   1428.6373	   5565.4023
   1428.6885	   3591.9792
   1428.7397	   1810.7239
   1428.7909	      0.0000
   1428.8422	      0.0000
   1428.8934	      0.0000
   1428.9446	      0.0000
   1431.9724	      0.0000
   1432.0238	      0.0000
   1432.0752	      0.0000
   1432.1266	      0.0000
   1432.1780	   1838.8011
   1432.2294	   3741.4319
   1432.2808	   6155.9033
   1432.3322	   4905.7983
   1432.3837	   2482.7793
   1432.4351	    666.4493
   1432.4865	   2477.5591
   1432.5379	   7714.7485
   1432.5894	  13035.9492
   1432.6408	  14411.3867
   1432.6922	   9445.4551
   1432.7437	   4458.9810
   1432.7951	   1268.1157
   1432.8466	   4429.4868
   1432.8980	   9271.7275
   1432.9495	  13733.2256
   1433.0009	  12320.6279
   1433.0524	   7531.2241
   1433.1038	   2451.0454
   1433.1553	   1747.0253
   1433.2068	   5283.6816
   1433.2582	   9090.1406
   1433.3097	  10387.8760
   1433.3612	   7338.1689
   1433.4126	   3141.8940
   1433.4641	    548.4621
   1433.5156	   3031.6443
   1433.5671	   6680.4849
   1433.6186	   9656.4160
   1433.6701	   8253.0244
   1433.7216	   4632.6895
   1433.7730	    980.8725
   1433.8245	      0.0000
   1433.8760	      0.0000
   1433.9275	      0.0000
   1433.9791	      0.0000
   1434.0306	      0.0000
   1434.0821	      0.0000
   1434.1336	      0.0000
   1434.1851	   1407.0103
   1434.2366	   2857.1279
   1434.2881	   3809.8103
   1434.3397	   3489.3555
   1434.3912	   2133.1899
   1434.4427	      0.0000
   1434.4943	      0.0000
   1434.5458	      0.0000
   1434.5973	      0.0000
   1437.5914	      0.0000
   1437.6431	      0.0000
   1437.6948	      0.0000
   1437.7465	      0.0000
   1437.7982	    805.3826
   1437.8499	   3320.0247
   1437.9016	   7006.4102
   1437.9534	   9885.0918
   1438.0051	   8243.6807
   1438.0568	   4762.3433
   1438.1085	   1106.7644
   1438.1603	   1648.3481
   1438.2120	   5362.5850
   1438.2637	   8775.6318
   1438.3155	   9043.6025
   1438.3672	   5869.1182
   1438.4190	   2413.8035
   1438.4707	   1358.6646
   1438.5225	   5148.0249
   1438.5742	   9323.3232
   1438.6260	  11851.4766
   1438.6777	   8616.7568
   1438.7295	   4214.5386
   1438.7813	    394.6572
   1438.8330	    499.3116
   1438.8848	   2908.3730
   1438.9366	   5153.1318
   1438.9883	   4392.1831
   1439.0401	   2958.8164
   1439.0919	   1389.6957
   1439.1437	      0.0000
   1439.1955	      0.0000
   1439.2473	      0.0000
   1439.2991	      0.0000
   1457.9693	      0.0000
   1458.0221	      0.0000
   1458.0749	      0.0000
   1458.1277	      0.0000
   1458.1805	   1952.5756
   1458.2334	   3419.3311
   1458.2862	   4021.1296
   1458.3390	   3286.2275
   1458.3918	   1785.2692
   1458.4447	      0.0000
   1458.4975	      0.0000
   1458.5503	      0.0000
   1458.6032	      0.0000
   1462.3090	      0.0000
   1462.3620	      0.0000
   1462.4151	      0.0000
   1462.4681	      0.0000
   1462.5212	   1279.8904
   1462.5742	   3063.9448
   1462.6273	   5552.5503
   1462.6803	   4904.2158
   1462.7334	   2614.1350
   1462.7865	    296.6760
   1462.8395	   1758.8362
   1462.8926	   5977.9868
   1462.9457	   9968.1250
   1462.9988	  10813.3760
   1463.0518	   7308.7144
   1463.1049	   3289.3167
   1463.1580	   3063.7075
   1463.2111	   8662.4688
   1463.2642	  14547.4219
   1463.3173	  16841.5352
   1463.3704	  11492.9824
   1463.4235	   5495.0210
   1463.4766	   1183.4655
   1463.5297	   4016.3069
   1463.5828	   8758.1494
   1463.6359	  12099.6045
   1463.6890	  10141.6982
   1463.7422	   5267.4619
   1463.7953	    886.7255
   1463.8484	   1314.1725
   1463.9015	   4755.3672
   1463.9547	   7462.3472
   1464.0078	   7257.4570
   1464.0609	   4462.9956
   1464.1141	   1451.3864
   1464.1672	    862.0541
   1464.2203	   3556.0918
   1464.2735	   6055.8779
   1464.3266	   6083.5776
   1464.3798	   3706.3354
   1464.4329	    950.6300
   1464.4861	      0.0000
   1464.5393	      0.0000
   1464.5924	      0.0000
   1464.6456	      0.0000
   1466.9878	      0.0000
   1467.0411	      0.0000
   1467.0944	      0.0000
   1467.1477	      0.0000
   1467.2010	   1975.7094
   1467.2543	   4531.3613
   1467.3076	   6944.4326
   1467.3610	   6060.7344
   1467.4143	   3532.2095
   1467.4676	    808.0476
   1467.5209	      0.0000
   1467.5742	      0.0000
   1467.6276	      0.0000
   1467.6809	      0.0000
   1467.9476	      0.0000
   1468.0010	      0.0000
   1468.0543	      0.0000
   1468.1077	      0.0000
   1468.1610	   2077.7493
   1468.2144	   5682.0269
   1468.2678	   9559.0332
   1468.3211	  10576.0029
   1468.3745	   6942.2529
   1468.4279	   3158.0933
   1468.4812	   1248.6692
   1468.5346	   4084.1726
   1468.5880	   7724.2021
   1468.6414	   9951.3652
   1468.6948	   7040.6563
   1468.7482	   3301.6902
   1468.8016	    295.4203
   1468.8550	   1176.6000
   1468.9084	   3867.2566
   1468.9618	   5968.2861
   1469.0152	   5862.4346
   1469.0686	   2610.2500
   1469.1220	    917.1734
   1469.1754	      0.0000
   1469.2288	      0.0000
   1469.2822	      0.0000
   1469.3357	      0.0000
   1472.3320	      0.0000
   1472.3856	      0.0000
   1472.4391	      0.0000
   1472.4927	      0.0000
   1472.5463	   1585.4078
   1472.5999	   2929.2954
   1472.6535	   3344.4900
   1472.7072	   2413.8679
   1472.7608	   1138.4388
   1472.8144	    644.0627
   1472.8680	   3101.9998
   1472.9216	   5671.6719
   1472.9752	   6999.7754
   1473.0289	   4938.1895
   1473.0825	   2269.9075
   1473.1361	      0.0000
   1473.1897	   1995.2649
   1473.2434	   4450.8330
   1473.2970	   5705.7822
   1473.3507	   4606.3521
   1473.4043	   2342.3259
   1473.4580	    611.9408
   1473.5116	   2441.3865
   1473.5653	   6502.1152
   1473.6189	  10472.9902
   1473.6726	  10939.5811
   1473.7262	   7032.6553
   1473.7799	   3001.4412
   1473.8336	   1492.9957
   1473.8872	   3466.8394
   1473.9409	   5873.7988
   1473.9946	   6210.2856
   1474.0483	   3724.3091
   1474.1019	    732.3872
   1474.1556	      0.0000
   1474.2093	      0.0000
   1474.2630	      0.0000
   1474.3167	      0.0000
   1475.9827	      0.0000
   1476.0365	      0.0000
   1476.0903	      0.0000
   1476.1441	      0.0000
   1476.1979	   2018.0974
   1476.2517	   3735.9607
   1476.3055	   6370.0122
   1476.3593	   5068.3560
   1476.4131	   2592.8909
   1476.4669	    946.2783
   1476.5207	   1342.5634
   1476.5745	   3049.8809
   1476.6283	   4415.3223
   1476.6822	   5032.8706
   1476.7360	   3045.6790
   1476.7898	   1681.0784
   1476.8437	   4006.0803
   1476.8975	   9309.0049
   1476.9513	  14638.2295
   1477.0052	  14608.4512
   1477.0590	   9175.5322
   1477.1129	   3670.8538
   1477.1667	    742.7100
   1477.2206	   2280.4080
   1477.2744	   4926.8638
   1477.3283	   6306.5225
   1477.3821	   4768.7666
   1477.4360	   1742.4120
   1477.4899	      0.0000
   1477.5437	   1210.7876
   1477.5976	   3211.1482
   1477.6515	   3855.6580
   1477.7054	   3032.0520
   1477.7593	   1522.8556
   1477.8131	      0.0000
   1477.8670	   1308.3037
   1477.9209	   2677.8801
   1477.9748	   3519.8257
   1478.0287	   3055.9597
   1478.0826	   1684.6089
   1478.1365	      0.0000
   1478.1904	      0.0000
   1478.2443	      0.0000
   1478.2982	      0.0000
   1481.2680	      0.0000
   1481.3220	      0.0000
   1481.3761	      0.0000
   1481.4302	      0.0000
   1481.4843	    932.5654
   1481.5384	   3441.6689
   1481.5925	   6645.9565
   1481.6466	   8341.0449
   1481.7007	   6372.4717
   1481.7548	   3281.7371
   1481.8089	   1309.7257
   1481.8630	   3887.6738
   1481.9171	   7768.3052
   1481.9712	  10960.8213
   1482.0253	   8768.9521
   1482.0794	   4802.5503
   1482.1336	   1003.2881
   1482.1877	   1343.8397
   1482.2418	   4229.9873
   1482.2959	   6649.2134
   1482.3501	   6050.1265
   1482.4042	   3228.7871
   1482.4584	    292.4674
   1482.5125	      0.0000
   1482.5666	      0.0000
   1482.6208	      0.0000
   1482.6749	      0.0000
   1485.9838	      0.0000
   1486.0381	      0.0000
   1486.0925	      0.0000
   1486.1468	      0.0000
   1486.2012	   2368.1411
   1486.2555	   6091.5732
   1486.3099	   6797.8638
   1486.3642	   4894.2456
   1486.4186	   1965.0454
   1486.4729	    724.4102
   1486.5273	   4040.2102
   1486.5817	   8859.3965
   1486.6360	  12525.6787
   1486.6904	  11025.4980
   1486.7448	   6238.7510
   1486.7992	   2329.2319
   1486.8535	   5280.7900
   1486.9079	  11599.1123
   1486.9623	  16929.8477
   1487.0167	  14903.6543
   1487.0711	   8954.4482
   1487.1255	   3354.0103
   1487.1799	   4949.4619
   1487.2343	  12683.6768
   1487.2887	  20120.9336
   1487.3431	  20285.8223
   1487.3975	  12372.9609
   1487.4519	   4300.8560
   1487.5063	    429.5372
   1487.5608	   2274.0454
   1487.6152	   4623.3735
   1487.6696	   5245.9897
   1487.7240	   3920.3799
   1487.7785	   2059.3054
   1487.8609	   2836.2703
   1487.9153	   7489.7925
   1487.9698	  12509.5117
   1488.0242	  12751.6494
   1488.0786	   7835.2578
   1488.1331	   3064.9780
   1488.1876	      0.0000
   1488.2140	      0.0000
   1488.2685	      0.0000
   1488.3230	      0.0000
   1488.3774	      0.0000
   1491.5961	      0.0000
   1491.6508	      0.0000
   1491.7054	      0.0000
   1491.7601	      0.0000
   1491.8147	   1552.2205
   1491.8694	   5362.2627
   1491.9240	   9437.7393
   1491.9787	  12096.2119
   1492.0333	   9443.1484
   1492.0880	   5387.7568
   1492.1427	   1369.5223
   1492.1974	   1046.8903
   1492.2520	   2756.4832
   1492.3067	   4423.0093
   1492.3614	   4088.0254
   1492.4161	   2121.4790
   1492.4708	      0.0000
   1492.5255	    319.5122
   1492.5802	   2841.5903
   1492.6349	   4944.4087
   1492.6896	   4075.8184
   1492.7443	   2400.5503
   1492.7990	    992.7973
   1492.8537	   2126.5085
   1492.9084	   5104.6055
   1492.9631	   7990.4185
   1493.0178	   6889.2622
   1493.0726	   3930.9419
   1493.1273	    649.8193
   1493.1820	    329.1631
   1493.2367	   3176.3840
   1493.2915	   5804.1768
   1493.3462	   6553.3564
   1493.4010	   3245.8989
   1493.4557	   1189.9014
   1493.5104	      0.0000
   1493.5652	      0.0000
   1493.6199	      0.0000
   1493.6747	      0.0000
   1511.2966	      0.0000
   1511.3523	      0.0000
   1511.4080	      0.0000
   1511.4638	      0.0000
   1511.5195	   1377.9220
   1511.5752	   3175.9956
   1511.6310	   6387.5938
   1511.6867	   5763.5693
   1511.7425	   3277.0371
   1511.7982	   1320.7251
   1511.8540	      0.0000
   1511.9098	      0.0000
   1511.9655	      0.0000
   1512.0213	      0.0000
   1512.3002	      0.0000
   1512.3560	      0.0000
   1512.4117	      0.0000
   1512.4675	      0.0000
   1512.5233	   1679.4087
   1512.5791	   3250.4736
   1512.6349	   4209.5752
   1512.6907	   3789.0574
   1512.7465	   2306.7166
   1512.8024	      0.0000
   1512.8582	      0.0000
   1512.9140	      0.0000
   1512.9698	      0.0000
   1516.6608	      0.0000
   1516.7168	      0.0000
   1516.7728	      0.0000
   1516.8288	      0.0000
   1516.8849	   2258.1707
   1516.9409	   5015.7344
   1516.9970	   6553.2275
   1517.0530	   4656.3159
   1517.1091	   1894.2997
   1517.1651	      0.0000
   1517.2212	   1840.1798
   1517.2772	   3699.8623
   1517.3333	   5637.9883
   1517.3893	   3992.3560
   1517.4454	   1703.3778
   1517.5015	   1813.9823
   1517.5576	   5442.3188
   1517.6136	   9519.7080
   1517.6697	  10835.9814
   1517.7258	   6809.7832
   1517.7819	   2870.7195
   1517.8380	    872.0021
   1517.8941	   2959.0537
   1517.9502	   5717.9546
   1518.0063	   6570.4819
   1518.0624	   4244.9824
   1518.1185	   1653.5095
   1518.1746	      0.0000
   1518.2307	      0.0000
   1518.2868	      0.0000
   1518.3429	      0.0000
   1521.6594	      0.0000
   1521.7157	      0.0000
   1521.7720	      0.0000
   1521.8283	      0.0000
   1521.8846	   2317.8513
   1521.9409	   3835.4958
   1521.9972	   4281.6533
   1522.0536	   3265.5920
   1522.1099	   1575.5341
   1522.1662	      0.0000
   1522.2225	      0.0000
   1522.2789	      0.0000
   1522.3352	      0.0000
   1529.9698	      0.0000
   1530.0265	      0.0000
   1530.0833	      0.0000
   1530.1401	      0.0000
   1530.1969	   1145.6554
   1530.2536	   2737.5198
   1530.3104	   3862.7578
   1530.3672	   4038.9509
   1530.4240	   1690.4709
   1530.4808	   1335.8531
   1530.5376	   5278.0332
   1530.5944	  10819.7051
   1530.6512	  14962.3076
   1530.7080	  12159.9473
   1530.7648	   6448.8320
   1530.8216	   3437.0317
   1530.8784	   8459.8760
   1530.9352	  15859.4639
   1530.9921	  21354.1621
   1531.0489	  15430.9932
   1531.1057	   7748.3721
   1531.1625	   2104.9380
   1531.2194	   4498.0659
   1531.2762	  10163.7178
   1531.3330	  14258.9111
   1531.3899	  11171.4912
   1531.4467	   5666.0518
   1531.5036	   2098.6521
   1531.5604	   4179.2969
   1531.6173	   8886.5957
   1531.6741	  11280.9180
   1531.7310	   7578.2393
   1531.7879	   3024.5608
   1531.8447	    181.3624
   1531.9016	   1441.7113
   1531.9585	   4407.3267
   1532.0154	   5868.8638
   1532.0722	   2998.1467
   1532.1291	    950.3141
   1532.1860	      0.0000
   1532.2429	      0.0000
   1532.2998	      0.0000
   1532.3567	      0.0000
   1534.9203	      0.0000
   1534.9773	      0.0000
   1535.0344	      0.0000
   1535.0914	      0.0000
   1535.1485	   1037.2671
   1535.2055	   2445.0764
   1535.2626	   5294.6357
   1535.3197	   7889.1123
   1535.3767	   6419.1069
   1535.4338	   3220.9292
   1535.4909	   1595.8524
   1535.5479	   3179.6768
   1535.6050	   5823.9355
   1535.6621	   7906.5977
   1535.7192	   5678.7988
   1535.7763	   1845.1863
   1535.8333	   1445.6482
   1535.8904	   5476.7280
   1535.9475	  10781.5039
   1536.0046	  13208.6289
   1536.0617	   9079.2783
   1536.1188	   4076.5906
   1536.1760	   3991.9978
   1536.2331	  11179.1875
   1536.2902	  18827.3750
   1536.3473	  21689.2891
   1536.4044	  13853.1641
   1536.4615	   5672.9976
   1536.5187	   1912.2504
   1536.5758	   5597.5625
   1536.6329	  10231.1475
   1536.6901	  11121.5205
   1536.7472	   6974.0298
   1536.8044	   2594.3308
   1536.8615	   2126.3804
   1536.9187	   6957.9185
   1536.9758	  11817.6777
   1537.0330	  12029.4434
   1537.0901	   7216.5723
   1537.1473	   2698.9082
   1537.2045	    129.3914
   1537.2616	      0.0000
   1537.3188	      0.0000
   1537.3760	      0.0000
   1537.4332	      0.0000
   1539.9522	      0.0000
   1540.0095	      0.0000
   1540.0668	      0.0000
   1540.1242	      0.0000
   1540.1815	   1526.6239
   1540.2388	   3157.0698
   1540.2962	   4259.6021
   1540.3535	   4977.5020
   1540.4109	   2759.0979
   1540.4682	   1311.0013
   1540.5256	   3738.7395
   1540.5829	   7909.5732
   1540.6403	  11721.1699
   1540.6976	  10438.9844
   1540.7550	   5797.0474
   1540.8124	   1854.8271
   1540.8697	   3913.9587
   1540.9271	   9129.4150
   1540.9845	  14356.9326
   1541.0419	  11918.5742
   1541.0993	   6623.3062
   1541.1567	   2167.3315
   1541.2140	   4235.3901
   1541.2714	   9767.3594
   1541.3288	  15008.4414
   1541.3862	  12128.1738
   1541.4436	   6866.2124
   1541.5010	   2424.4561
   1541.5584	   3071.3730
   1541.6159	   6835.8970
   1541.6733	   9063.6260
   1541.7307	   6496.6675
   1541.7881	   2893.4819
   1541.8455	    363.4207
   1541.9030	      0.0000
   1541.9604	      0.0000
   1542.0178	      0.0000
   1542.0753	      0.0000
   1545.9886	      0.0000
   1546.0463	      0.0000
   1546.1039	      0.0000
   1546.1616	      0.0000
   1546.2193	   2028.2238
   1546.2770	   5133.2842
   1546.3346	   6754.1001
   1546.3923	   4624.6089
   1546.4500	   1973.8254
   1546.5077	      0.0000
   1546.5654	      0.0000
   1546.6231	      0.0000
   1546.6808	      0.0000
   1578.9689	      0.0000
   1579.0284	      0.0000
   1579.0879	      0.0000
   1579.1474	      0.0000
   1579.2070	    990.1853
   1579.2665	   2823.6301
   1579.3260	   5755.1089
   1579.3856	   5254.7510
   1579.4451	   2545.3123
   1579.5046	    932.4888
   1579.5642	   1989.9744
   1579.6237	   4589.0986
   1579.6833	   6743.5635
   1579.7428	   4203.4429
   1579.8024	   1691.1802
   1579.8620	   1296.0265
   1579.9215	   3862.6367
   1579.9811	   7144.5366
   1580.0407	   7902.7036
   1580.1002	   4644.6348
   1580.1598	   2100.2280
   1580.2194	   1003.3469
   1580.2790	   2564.0857
   1580.3386	   3906.5896
   1580.3982	   3440.1018
   1580.4578	   1775.4698
   1580.5174	      0.0000
   1580.5770	      0.0000
   1580.6366	      0.0000
   1580.6962	      0.0000
   1583.9201	      0.0000
   1583.9799	      0.0000
   1584.0397	      0.0000
   1584.0995	      0.0000
   1584.1593	    616.9488
   1584.2191	   3192.5920
   1584.2789	   6701.6055
   1584.3387	   9550.2871
   1584.3986	   7092.3950
   1584.4584	   3001.2498
   1584.5503	   3247.3347
   1584.6101	   8682.2061
   1584.6700	  15262.3232
   1584.7298	  17807.8301
   1584.7896	  10840.3389
   1584.8495	   4740.5981
   1584.9093	   4154.4434
   1584.9371	   9607.3418
   1584.9969	  16524.3242
   1585.0568	  13657.6602
   1585.1167	   6664.0103
   1585.1765	   2910.6892
   1585.2364	   5974.1685
   1585.2963	  12875.0342
   1585.3561	  17640.0977
   1585.4160	  10820.1025
   1585.4759	   4839.3843
   1585.5358	   3935.3323
   1585.5957	  10514.9824
   1585.6555	  18012.5938
   1585.7154	  18498.3555
   1585.7753	  10539.6250
   1585.8352	   3777.2332
   1585.8951	    904.0425
   1585.9551	   3761.9805
   1586.0150	   6733.5410
   1586.0749	   5780.8140
   1586.1348	   2606.9275
   1586.1947	    693.4907
   1586.2546	      0.0000
   1586.3146	      0.0000
   1586.3745	      0.0000
   1586.4344	      0.0000
   1589.6158	      0.0000
   1589.6759	      0.0000
   1589.7361	      0.0000
   1589.7962	      0.0000
   1589.8563	   1364.0187
   1589.9164	   5087.8975
   1589.9766	   9306.7139
   1590.0367	  10175.8613
   1590.0969	   6049.3252
   1590.1570	   2160.9351
   1590.2172	   1685.6733
   1590.2773	   4899.8369
   1590.3375	   8093.9541
   1590.3976	   7272.0327
   1590.4578	   3806.4590
   1590.5179	   1031.4822
   1590.5781	      0.0000
   1590.6383	      0.0000
   1590.6985	      0.0000
   1590.7586	      0.0000
   1594.2549	      0.0000
   1594.3153	      0.0000
   1594.3757	      0.0000
   1594.4361	      0.0000
   1594.4965	    531.7000
   1594.5569	   2668.3269
   1594.6173	   7502.8813
   1594.6777	   8389.0938
   1594.7381	   5235.4390
   1594.7985	   1523.8452
   1594.8589	   1865.7662
   1594.9193	   6690.4492
   1594.9797	  11950.7168
   1595.0401	  13270.0791
   1595.1006	   7771.0396
   1595.1610	   2846.6270
   1595.2214	   1250.0414
   1595.2819	   4162.0464
   1595.3423	   7177.8467
   1595.4027	   5998.6167
   1595.4632	   3015.0410
   1595.5236	   1432.2698
   1595.5841	   2688.9072
   1595.6446	   5818.8765
   1595.7050	   6885.1548
   1595.7655	   3779.0361
   1595.8259	   1366.0262
   1595.8864	      0.0000
   1595.9469	      0.0000
   1596.0074	      0.0000
   1596.0678	      0.0000
   1599.9458	      0.0000
   1600.0065	      0.0000
   1600.0672	      0.0000
   1600.1279	      0.0000
   1600.1886	   1256.4927
   1600.2494	   2759.5830
   1600.3101	   4015.9780
   1600.3708	   4055.1919
   1600.4315	   2796.3193
   1600.4923	   1228.2765
   1600.5530	      0.0000
   1600.6137	      0.0000
   1600.6745	      0.0000
   1600.7352	      0.0000
   1628.6755	      0.0000
   1628.7378	      0.0000
   1628.8002	      0.0000
   1628.8625	      0.0000
   1628.9249	   1263.9847
   1628.9873	   2755.8076
   1629.0496	   3323.1807
   1629.1120	   2447.1489
   1629.1744	   1071.5204
   1629.2367	      0.0000
   1629.2991	      0.0000
   1629.3615	      0.0000
   1629.4239	      0.0000
   1632.9859	      0.0000
   1633.0485	      0.0000
   1633.1111	      0.0000
   1633.1737	      0.0000
   1633.2363	   1404.1227
   1633.2989	   3072.7656
   1633.3615	   3742.7935
   1633.4241	   2512.5920
   1633.4867	    812.6268
   1633.5494	   1011.4185
   1633.6120	   4707.7227
   1633.6746	   7821.1602
   1633.7373	   6186.1177
   1633.7999	   2759.6531
   1633.8625	    569.1307
   1633.9252	   1052.3716
   1633.9878	   3502.9905
   1634.0505	   4084.7395
   1634.1131	   2596.1418
   1634.1758	   1016.9035
   1634.2385	   1562.5430
   1634.3011	   3837.0801
   1634.3638	   6681.9585
   1634.4265	   4846.8999
   1634.4892	   1886.0782
   1634.5518	      0.0000
   1634.6145	      0.0000
   1634.6772	      0.0000
   1634.7399	      0.0000
   1637.9420	      0.0000
   1638.0049	      0.0000
   1638.0678	      0.0000
   1638.1307	      0.0000
   1638.1936	    946.6616
   1638.2564	   2687.3572
   1638.3193	   4257.8506
   1638.3822	   4492.7671
   1638.4452	   1882.2610
   1638.5080	      0.0000
   1638.5710	   2122.4065
   1638.6339	   5525.7041
   1638.6968	   7764.7866
   1638.7597	   4851.7842
   1638.8226	   2554.5281
   1638.8856	   3509.9841
   1638.9485	   7163.2749
   1639.0114	  12314.2607
   1639.0744	   9603.4922
   1639.1373	   4575.8228
   1639.2003	   2690.8264
   1639.2632	   5792.8076
   1639.3262	  11412.9209
   1639.3892	  13147.6182
   1639.4521	   7065.4375
   1639.5151	   2693.8464
   1639.5781	   2412.5554
   1639.6410	   6123.5015
   1639.7040	  10215.2842
   1639.7670	   7071.4048
   1639.8300	   3096.6738
   1639.8930	   1722.9690
   1639.9560	   3599.7393
   1640.0190	   7085.0820
   1640.0820	   6376.3364
   1640.1450	   2600.6335
   1640.2080	    157.1508
   1640.2710	      0.0000
   1640.3340	      0.0000
   1640.3970	      0.0000
   1640.4600	      0.0000
   1643.2998	      0.0000
   1643.3630	      0.0000
   1643.4262	      0.0000
   1643.4894	      0.0000
   1643.5526	    933.9421
   1643.6158	   2714.3711
   1643.6790	   4045.4460
   1643.7422	   3511.3262
   1643.8054	   1723.8094
   1643.8686	      0.0000
   1643.9318	      0.0000
   1643.9951	      0.0000
   1644.0583	      0.0000
   1644.1215	      0.0000
   1644.1848	   1844.2211
   1644.2480	   3288.0193
   1644.3112	   6559.9438
   1644.3745	   9028.9443
   1644.4377	   5208.8496
   1644.5010	   1730.8081
   1644.5643	      0.0000
   1644.6275	      0.0000
   1644.6908	      0.0000
   1644.7540	      0.0000
   1648.9379	      0.0000
   1649.0014	      0.0000
   1649.0649	      0.0000
   1649.1285	      0.0000
   1649.1920	   1670.2272
   1649.2555	   4797.8535
   1649.3191	   8608.6719
   1649.3826	  10239.8975
   1649.4461	   6355.3232
   1649.5097	   2639.3269
   1649.5732	    780.5908
   1649.6368	   2129.6389
   1649.7003	   3646.0237
   1649.7639	   3832.4524
   1649.8275	   2533.1963
   1649.8910	   1106.1965
   1649.9546	      0.0000
   1650.0182	      0.0000
   1650.0817	      0.0000
   1650.1453	      0.0000
   1687.2562	      0.0000
   1687.3219	      0.0000
   1687.3877	      0.0000
   1687.4534	      0.0000
   1687.5192	   1148.7216
   1687.5849	   3670.2292
   1687.6507	   6862.1606
   1687.7164	   8556.6885
   1687.7822	   5414.3188
   1687.8480	   2482.3225
   1687.9138	    650.7266
   1687.9795	      0.0000
   1688.0453	      0.0000
   1688.1111	      0.0000
   1688.1769	      0.0000
   1692.2635	      0.0000
   1692.3295	      0.0000
   1692.3956	      0.0000
   1692.4616	      0.0000
   1692.5277	   1191.2739
   1692.5937	   3067.3115
   1692.6598	   6412.8618
   1692.7258	   6799.0239
   1692.7919	   2666.2595
   1692.8579	    834.9082
   1692.9240	   1265.3977
   1692.9901	   3436.6594
   1693.0562	   6348.1602
   1693.1222	   3689.9033
   1693.1883	   1658.0160
   1693.2544	      0.0000
   1693.3205	      0.0000
   1693.3866	      0.0000
   1693.4527	      0.0000
   1693.5188	    506.5996
   1693.5849	   2693.9048
   1693.6510	   5683.0474
   1693.7171	   8490.9932
   1693.7833	   6217.0576
   1693.8494	   2839.1179
   1693.9155	      4.9601
   1693.9816	      0.0000
   1694.0478	      0.0000
   1694.1139	      0.0000
   1694.1801	      0.0000
   1698.3549	      0.0000
   1698.4213	      0.0000
   1698.4877	      0.0000
   1698.5540	      0.0000
   1698.6205	   1670.9148
   1698.6869	   2901.5476
   1698.7533	   3315.4238
   1698.8197	   2522.8093
   1698.8861	   1184.1465
   1698.9523	      0.0000
   1699.0188	      0.0000
   1699.0852	      0.0000
   1699.1516	      0.0000
   3568.9051	      0.0000
   3569.1074	      0.0000
   3569.3096	      0.0000
   3569.5119	      0.0000
   3569.7142	   1303.9968
   3569.9165	   2295.3291
   3570.1188	   2874.4275
   3570.3212	   2630.6008
   3570.5236	   1699.9858
   3570.7259	      0.0000
   3570.9283	      0.0000
   3571.1308	      0.0000
   3571.3332	      0.0000
   5717.3335	      0.0000
   5717.7436	      0.0000
   5718.1537	      0.0000
   5718.5639	      0.0000
