# ljz_20131022_MR_Chym1_ELUTE.mzML
#
# index: 4722
# id: controllerType=0 controllerNumber=1 scan=10975
# scanNumber: 10975
# massAnalyzerType: quadrupole
# scanEvent: 2
# msLevel: 2
# retentionTime: 2696.4
# filterString: FTMS + p NSI d Full ms2 482.23@hcd28.00 [100.00-1495.00]
# mzLow: 99.0036
# mzHigh: 1510.29
# basePeakMZ: 481.264
# basePeakIntensity: 476836
# totalIonCurrent: 2.63042e+006
# precursorCount: 1
# precursor 0: 482.229 1.67321e+006
# binary (2901): 
     99.0036	      0.0000
     99.0045	      0.0000
     99.0055	      0.0000
     99.0064	      0.0000
    101.0657	      0.0000
    101.0667	      0.0000
    101.0676	      0.0000
    101.0686	      0.0000
    101.0696	    648.6235
    101.0705	   1212.6270
    101.0715	   1496.0372
    101.0725	   1283.2788
    101.0734	    731.6469
    101.0744	      0.0000
    101.0753	      0.0000
    101.0763	      0.0000
    101.0773	      0.0000
    103.0162	      0.0000
    103.0172	      0.0000
    103.0181	      0.0000
    103.0191	      0.0000
    103.0201	    887.7263
    103.0211	   1556.5375
    103.0221	   1875.5079
    103.0231	   1629.8831
    103.0241	   1010.2261
    103.0251	    404.1097
    103.0261	      0.0000
    103.0271	      0.0000
    103.0281	      0.0000
    103.0291	      0.0000
    103.0479	      0.0000
    103.0489	      0.0000
    103.0499	      0.0000
    103.0509	      0.0000
    103.0519	    747.4330
    103.0529	   1795.8687
    103.0539	   4234.7319
    103.0549	   5329.0845
    103.0558	   3993.9009
    103.0568	   2195.7441
    103.0578	    986.5486
    103.0588	    478.8553
    103.0598	      0.0000
    103.0608	      0.0000
    103.0618	      0.0000
    103.0628	      0.0000
    107.1945	      0.0000
    107.1955	      0.0000
    107.1966	      0.0000
    107.1976	      0.0000
    107.1987	    380.7964
    107.1998	    884.6686
    107.2008	   1119.2975
    107.2019	    908.4335
    107.2029	    445.2796
    107.2040	      0.0000
    107.2050	      0.0000
    107.2061	      0.0000
    107.2071	      0.0000
    107.9607	      0.0000
    107.9618	      0.0000
    107.9629	      0.0000
    107.9639	      0.0000
    107.9650	    340.6064
    107.9661	    859.7108
    107.9671	   1296.8678
    107.9682	   1373.0597
    107.9693	   1048.4187
    107.9703	    550.0485
    107.9715	      0.0000
    107.9726	      0.0000
    107.9737	      0.0000
    107.9747	      0.0000
    110.0617	      0.0000
    110.0628	      0.0000
    110.0639	      0.0000
    110.0650	      0.0000
    110.0661	    564.1334
    110.0672	    971.8478
    110.0683	   3087.1121
    110.0694	  10425.6201
    110.0704	  21058.6875
    110.0715	  32311.6836
    110.0726	  31624.1582
    110.0737	  19974.6289
    110.0748	   9136.6885
    110.0759	   1949.9860
    110.0770	    132.9474
    110.0779	      0.0000
    110.0790	      0.0000
    110.0801	      0.0000
    110.0812	      0.0000
    113.0520	      0.0000
    113.0531	      0.0000
    113.0542	      0.0000
    113.0554	      0.0000
    113.0565	    723.8887
    113.0577	   2319.0923
    113.0588	   4485.5703
    113.0599	   6613.0522
    113.0611	   6038.0249
    113.0622	   3698.7371
    113.0634	   1545.6179
    113.0645	    484.8550
    113.0656	      0.0000
    113.0668	      0.0000
    113.0679	      0.0000
    113.0691	      0.0000
    115.0799	      0.0000
    115.0810	      0.0000
    115.0822	      0.0000
    115.0834	      0.0000
    115.0845	    703.7186
    115.0857	   1573.3011
    115.0869	   2234.3125
    115.0881	   2235.5647
    115.0892	   1604.6455
    115.0904	    798.7906
    115.0915	      0.0000
    115.0927	      0.0000
    115.0939	      0.0000
    115.0951	      0.0000
    117.0582	      0.0000
    117.0594	      0.0000
    117.0606	      0.0000
    117.0618	      0.0000
    117.0630	    858.9792
    117.0642	   1822.3595
    117.0654	   2672.7515
    117.0666	   2879.8315
    117.0678	   2309.2095
    117.0690	   1356.7435
    117.0702	    611.6720
    117.0715	      0.0000
    117.0727	      0.0000
    117.0739	      0.0000
    117.0751	      0.0000
    120.0680	      0.0000
    120.0692	      0.0000
    120.0705	      0.0000
    120.0717	      0.0000
    120.0729	    539.5371
    120.0742	   1427.8507
    120.0754	   1977.7500
    120.0767	   5007.9805
    120.0779	  16650.6602
    120.0792	  39719.9688
    120.0804	  64802.7305
    120.0817	  74015.2344
    120.0829	  51842.8320
    120.0842	  27665.3301
    120.0854	   7790.4551
    120.0867	   1729.1973
    120.0879	    939.7178
    120.0892	    897.3868
    120.0906	      0.0000
    120.0918	      0.0000
    120.0931	      0.0000
    120.0943	      0.0000
    121.0753	      0.0000
    121.0765	      0.0000
    121.0778	      0.0000
    121.0790	      0.0000
    121.0803	    810.2271
    121.0816	   2499.0391
    121.0828	   5579.1416
    121.0841	   8988.9756
    121.0854	   9755.5752
    121.0866	   6521.0889
    121.0879	   3247.2341
    121.0892	    784.8174
    121.0901	      0.0000
    121.0914	      0.0000
    121.0926	      0.0000
    121.0939	      0.0000
    129.0927	      0.0000
    129.0941	      0.0000
    129.0954	      0.0000
    129.0968	      0.0000
    129.0982	    697.3730
    129.0996	   1669.7734
    129.1010	   3874.4270
    129.1024	   5597.8008
    129.1038	   4962.0698
    129.1052	   2943.8857
    129.1066	   1204.4371
    129.1080	    438.4892
    129.1093	      0.0000
    129.1107	      0.0000
    129.1121	      0.0000
    129.1135	      0.0000
    131.0613	      0.0000
    131.0627	      0.0000
    131.0641	      0.0000
    131.0655	      0.0000
    131.0670	    372.7902
    131.0684	   1126.2859
    131.0698	   1882.9524
    131.0712	   2135.0178
    131.0727	   1702.9490
    131.0741	    925.0499
    131.0755	    333.0493
    131.0771	      0.0000
    131.0785	      0.0000
    131.0799	      0.0000
    131.0814	      0.0000
    132.0864	      0.0000
    132.0879	      0.0000
    132.0893	      0.0000
    132.0907	      0.0000
    132.0922	    875.6235
    132.0936	   1829.4562
    132.0951	   2458.3130
    132.0965	   4589.8545
    132.0979	  14350.1387
    132.0994	  44978.9336
    132.1008	  82393.7422
    132.1023	 116749.9844
    132.1037	 102055.2188
    132.1051	  62014.1914
    132.1066	  25055.0977
    132.1080	   5755.9531
    132.1095	    931.2634
    132.1107	    932.1183
    132.1122	    410.8968
    132.1136	      0.0000
    132.1150	      0.0000
    132.1165	      0.0000
    132.1179	      0.0000
    133.0752	      0.0000
    133.0767	      0.0000
    133.0782	      0.0000
    133.0796	      0.0000
    133.0811	    350.7660
    133.0825	    941.3849
    133.0840	   1797.1936
    133.0854	   2422.3665
    133.0869	   2384.9685
    133.0884	   1725.1919
    133.0898	    900.6377
    133.0913	      0.0000
    133.0927	      0.0000
    133.0942	      0.0000
    133.0956	      0.0000
    133.0971	      0.0000
    133.0985	      0.0000
    133.1000	      0.0000
    133.1015	    310.7532
    133.1029	   1223.9764
    133.1044	   2505.5679
    133.1058	   5181.6753
    133.1073	   4373.5317
    133.1087	   2497.8035
    133.1102	    987.3322
    133.1117	    345.5687
    133.1131	      0.0000
    133.1146	      0.0000
    133.1160	      0.0000
    133.1175	      0.0000
    134.9841	      0.0000
    134.9856	      0.0000
    134.9871	      0.0000
    134.9886	      0.0000
    134.9901	    929.9601
    134.9916	   1814.2522
    134.9931	   2400.7185
    134.9946	   2269.5920
    134.9960	   1516.9227
    134.9975	    670.2886
    134.9990	      0.0000
    135.0005	      0.0000
    135.0020	      0.0000
    135.0035	      0.0000
    138.0569	      0.0000
    138.0584	      0.0000
    138.0600	      0.0000
    138.0615	      0.0000
    138.0631	    686.2864
    138.0646	   1161.8059
    138.0661	   1316.9762
    138.0677	   1011.5105
    138.0692	    471.8889
    138.0707	      0.0000
    138.0723	      0.0000
    138.0738	      0.0000
    138.0753	      0.0000
    141.0926	      0.0000
    141.0942	      0.0000
    141.0958	      0.0000
    141.0974	      0.0000
    141.0990	    452.7951
    141.1005	   1146.4346
    141.1021	   1724.0059
    141.1037	   1791.5430
    141.1053	   1308.8027
    141.1069	    636.4136
    141.1085	      0.0000
    141.1101	      0.0000
    141.1117	      0.0000
    141.1133	      0.0000
    145.0513	      0.0000
    145.0530	      0.0000
    145.0546	      0.0000
    145.0563	      0.0000
    145.0579	    675.7886
    145.0596	   1230.8376
    145.0613	   1396.9451
    145.0629	   1025.1075
    145.0646	    419.2927
    145.0662	      0.0000
    145.0679	      0.0000
    145.0695	      0.0000
    145.0712	      0.0000
    146.0708	      0.0000
    146.0725	      0.0000
    146.0741	      0.0000
    146.0758	      0.0000
    146.0775	    538.3112
    146.0792	   1423.8070
    146.0808	   2198.7678
    146.0825	   2268.9187
    146.0842	   1577.3959
    146.0859	    681.9703
    146.0876	      0.0000
    146.0892	      0.0000
    146.0909	      0.0000
    146.0926	      0.0000
    159.0658	      0.0000
    159.0677	      0.0000
    159.0696	      0.0000
    159.0715	      0.0000
    159.0734	    778.1119
    159.0753	   1413.1508
    159.0772	   1666.3820
    159.0791	   1397.4139
    159.0810	    836.1993
    159.0828	      0.0000
    159.0847	      0.0000
    159.0866	      0.0000
    159.0885	      0.0000
    159.0980	      0.0000
    159.0999	      0.0000
    159.1018	      0.0000
    159.1037	      0.0000
    159.1057	    347.5796
    159.1076	   1379.9926
    159.1095	   4813.4238
    159.1114	   8536.7568
    159.1133	  11200.8203
    159.1152	   8492.3408
    159.1171	   4694.4307
    159.1190	   1255.7438
    159.1209	     95.3533
    159.1229	      0.0000
    159.1248	      0.0000
    159.1267	      0.0000
    159.1286	      0.0000
    160.0311	      0.0000
    160.0330	      0.0000
    160.0350	      0.0000
    160.0369	      0.0000
    160.0388	    333.7009
    160.0407	    951.7980
    160.0426	   1555.1483
    160.0446	   1726.5830
    160.0465	   1341.8121
    160.0484	    688.5206
    160.0504	      0.0000
    160.0523	      0.0000
    160.0542	      0.0000
    160.0561	      0.0000
    166.0711	      0.0000
    166.0731	      0.0000
    166.0751	      0.0000
    166.0771	      0.0000
    166.0792	    355.4768
    166.0812	   1024.4235
    166.0832	   2752.9897
    166.0853	   4832.2437
    166.0873	   5535.9507
    166.0893	   3644.9121
    166.0914	   1652.0604
    166.0934	    635.2754
    166.0954	      0.0000
    166.0974	      0.0000
    166.0995	      0.0000
    166.1015	      0.0000
    167.0088	      0.0000
    167.0109	      0.0000
    167.0129	      0.0000
    167.0149	      0.0000
    167.0170	    539.0692
    167.0190	   1072.9694
    167.0211	   1259.3221
    167.0231	    960.7258
    167.0252	    438.4680
    167.0274	      0.0000
    167.0294	      0.0000
    167.0315	      0.0000
    167.0335	      0.0000
    167.0704	      0.0000
    167.0724	      0.0000
    167.0745	      0.0000
    167.0765	      0.0000
    167.0786	      0.0000
    167.0806	   1074.0873
    167.0827	   2224.6851
    167.0847	   4780.9517
    167.0868	  16264.8789
    167.0888	  51764.2734
    167.0909	  95200.8828
    167.0929	 135103.3125
    167.0950	 118270.5547
    167.0970	  72149.8828
    167.0991	  29694.8574
    167.1011	   7461.1362
    167.1032	   1579.4301
    167.1052	   1104.4032
    167.1073	    196.8008
    167.1095	      0.0000
    167.1116	      0.0000
    167.1136	      0.0000
    167.1157	      0.0000
    168.0809	      0.0000
    168.0830	      0.0000
    168.0851	      0.0000
    168.0871	      0.0000
    168.0892	    765.3714
    168.0913	   2722.3091
    168.0933	   6128.9297
    168.0954	   9869.6191
    168.0975	  11345.7803
    168.0995	   8157.6924
    168.1016	   4453.0190
    168.1037	   1240.9980
    168.1057	     94.3229
    168.1075	      0.0000
    168.1096	      0.0000
    168.1116	      0.0000
    168.1137	      0.0000
    173.1102	      0.0000
    173.1123	      0.0000
    173.1145	      0.0000
    173.1166	      0.0000
    173.1188	    198.4204
    173.1210	   1261.5327
    173.1231	   4766.0186
    173.1253	  12430.2881
    173.1274	  20862.9941
    173.1296	  24997.5371
    173.1318	  18083.5781
    173.1339	   9996.3447
    173.1361	   2941.7036
    173.1383	    527.4540
    173.1404	      0.0000
    173.1425	      0.0000
    173.1447	      0.0000
    173.1468	      0.0000
    174.1191	      0.0000
    174.1213	      0.0000
    174.1235	      0.0000
    174.1256	      0.0000
    174.1278	    936.8613
    174.1300	   1539.6119
    174.1322	   1797.5906
    174.1343	   1509.9332
    174.1365	    863.3840
    174.1387	      0.0000
    174.1409	      0.0000
    174.1430	      0.0000
    174.1452	      0.0000
    177.0877	      0.0000
    177.0900	      0.0000
    177.0922	      0.0000
    177.0944	      0.0000
    177.0967	    803.7829
    177.0989	   1467.2477
    177.1011	   1824.2552
    177.1034	   1535.6288
    177.1056	    781.2698
    177.1078	      0.0000
    177.1101	      0.0000
    177.1123	      0.0000
    177.1146	      0.0000
    178.0393	      0.0000
    178.0416	      0.0000
    178.0438	      0.0000
    178.0461	      0.0000
    178.0483	    522.6445
    178.0506	   1090.6487
    178.0528	   1515.7964
    178.0551	   1470.6659
    178.0573	    969.0488
    178.0596	    363.3014
    178.0618	      0.0000
    178.0641	      0.0000
    178.0663	      0.0000
    178.0686	      0.0000
    181.0930	      0.0000
    181.0953	      0.0000
    181.0977	      0.0000
    181.1000	      0.0000
    181.1023	    459.5361
    181.1046	   1231.4160
    181.1069	   1974.5913
    181.1092	   2187.6907
    181.1115	   1723.7012
    181.1138	    926.4610
    181.1162	      0.0000
    181.1185	      0.0000
    181.1208	      0.0000
    181.1231	      0.0000
    187.0910	      0.0000
    187.0934	      0.0000
    187.0959	      0.0000
    187.0983	      0.0000
    187.1007	    723.7608
    187.1032	   1707.6056
    187.1056	   3962.6765
    187.1080	   5332.3438
    187.1104	   4664.0649
    187.1129	   2872.6689
    187.1153	   1121.9921
    187.1177	    408.4395
    187.1201	      0.0000
    187.1226	      0.0000
    187.1250	      0.0000
    187.1274	      0.0000
    191.1012	      0.0000
    191.1038	      0.0000
    191.1063	      0.0000
    191.1088	      0.0000
    191.1113	    467.4164
    191.1138	   1309.1001
    191.1163	   2373.8987
    191.1188	   2907.4351
    191.1213	   2461.5139
    191.1238	   1385.4932
    191.1263	    464.7209
    191.1289	      0.0000
    191.1314	      0.0000
    191.1339	      0.0000
    191.1364	      0.0000
    195.0712	      0.0000
    195.0738	      0.0000
    195.0764	      0.0000
    195.0790	      0.0000
    195.0816	    914.6485
    195.0841	   1998.7518
    195.0867	   4123.6807
    195.0893	   4778.0513
    195.0919	   2472.4028
    195.0945	   1303.4648
    195.0971	    431.7396
    195.0996	      0.0000
    195.1022	      0.0000
    195.1048	      0.0000
    195.1074	      0.0000
    200.0837	      0.0000
    200.0864	      0.0000
    200.0891	      0.0000
    200.0918	      0.0000
    200.0945	    459.5316
    200.0972	   1270.2084
    200.0998	   2423.2317
    200.1025	   4627.6191
    200.1052	   4345.2563
    200.1079	   2020.8936
    200.1106	    879.9318
    200.1133	      0.0000
    200.1160	      0.0000
    200.1186	      0.0000
    200.1213	      0.0000
    200.1240	      0.0000
    200.1267	      0.0000
    200.1294	      0.0000
    200.1321	    568.1008
    200.1348	   1128.9442
    200.1374	   1576.4645
    200.1401	   1581.9756
    200.1428	   1111.2446
    200.1455	    489.4840
    200.1482	      0.0000
    200.1509	      0.0000
    200.1536	      0.0000
    200.1562	      0.0000
    201.1051	      0.0000
    201.1078	      0.0000
    201.1105	      0.0000
    201.1132	      0.0000
    201.1159	    495.4704
    201.1186	   1283.3624
    201.1213	   2252.1580
    201.1240	   2761.7034
    201.1267	   2435.4358
    201.1294	   1505.5526
    201.1321	    623.0148
    201.1348	      0.0000
    201.1375	      0.0000
    201.1402	      0.0000
    201.1430	      0.0000
    202.0634	      0.0000
    202.0661	      0.0000
    202.0689	      0.0000
    202.0716	      0.0000
    202.0743	    348.3459
    202.0770	    993.5216
    202.0798	   1645.7986
    202.0825	   1889.6558
    202.0852	   1536.6021
    202.0879	    836.9378
    202.0906	      0.0000
    202.0934	      0.0000
    202.0961	      0.0000
    202.0988	      0.0000
    203.0505	      0.0000
    203.0533	      0.0000
    203.0560	      0.0000
    203.0588	      0.0000
    203.0615	    533.1216
    203.0643	   1095.7623
    203.0670	   1503.6179
    203.0698	   1464.3740
    203.0725	    977.6592
    203.0753	      0.0000
    203.0780	      0.0000
    203.0807	    513.1869
    203.0835	   1023.8212
    203.0862	   1288.8407
    203.0890	   1088.6685
    203.0917	    584.8425
    203.0946	      0.0000
    203.0973	      0.0000
    203.1000	      0.0000
    203.1028	      0.0000
    205.0802	      0.0000
    205.0830	      0.0000
    205.0858	      0.0000
    205.0885	      0.0000
    205.0913	    774.2101
    205.0941	   1574.6017
    205.0969	   2169.7617
    205.0997	   2146.0903
    205.1025	   1554.2148
    205.1053	    813.4467
    205.1080	      0.0000
    205.1108	      0.0000
    205.1136	      0.0000
    205.1164	      0.0000
    205.5378	      0.0000
    205.5406	      0.0000
    205.5434	      0.0000
    205.5462	      0.0000
    205.5490	    871.5240
    205.5518	   1367.9385
    205.5546	   1468.0836
    205.5574	   1098.9811
    205.5602	    531.4394
    205.5632	      0.0000
    205.5660	      0.0000
    205.5688	      0.0000
    205.5716	      0.0000
    207.0925	      0.0000
    207.0953	      0.0000
    207.0982	      0.0000
    207.1010	      0.0000
    207.1038	    506.0811
    207.1066	   2308.4434
    207.1095	   5154.2451
    207.1123	   8270.1074
    207.1151	   8407.7744
    207.1180	   5260.4512
    207.1208	   2313.6306
    207.1236	    303.5836
    207.1262	      0.0000
    207.1290	      0.0000
    207.1318	      0.0000
    207.1347	      0.0000
    208.0994	      0.0000
    208.1023	      0.0000
    208.1051	      0.0000
    208.1080	      0.0000
    208.1108	    828.0193
    208.1137	   1389.1293
    208.1165	   1631.9218
    208.1194	   1352.6732
    208.1222	    765.9285
    208.1251	      0.0000
    208.1279	      0.0000
    208.1308	      0.0000
    208.1336	      0.0000
    209.0824	      0.0000
    209.0853	      0.0000
    209.0882	      0.0000
    209.0910	      0.0000
    209.0939	    383.9452
    209.0968	   1099.5602
    209.0996	   2050.3083
    209.1025	   2649.1687
    209.1054	   2453.5439
    209.1082	   1593.1189
    209.1111	    654.6986
    209.1140	      0.0000
    209.1168	      0.0000
    209.1197	      0.0000
    209.1226	      0.0000
    211.0927	      0.0000
    211.0956	      0.0000
    211.0985	      0.0000
    211.1015	      0.0000
    211.1044	    803.8624
    211.1073	   1372.7034
    211.1102	   1528.0223
    211.1131	   1155.7723
    211.1160	    562.6754
    211.1190	      0.0000
    211.1219	      0.0000
    211.1248	      0.0000
    211.1277	      0.0000
    219.0953	      0.0000
    219.0984	      0.0000
    219.1015	      0.0000
    219.1046	      0.0000
    219.1077	    853.7807
    219.1107	   1666.6639
    219.1138	   2114.6794
    219.1169	   1850.6327
    219.1200	   1088.6312
    219.1230	    380.0234
    219.1261	      0.0000
    219.1292	      0.0000
    219.1323	      0.0000
    219.1353	      0.0000
    221.1180	      0.0000
    221.1211	      0.0000
    221.1242	      0.0000
    221.1273	      0.0000
    221.1304	    498.5801
    221.1336	   2406.9983
    221.1367	   4773.5962
    221.1398	   6938.7861
    221.1429	   6025.8921
    221.1460	   3551.7117
    221.1491	   1279.8990
    221.1523	    516.3579
    221.1554	      0.0000
    221.1585	      0.0000
    221.1616	      0.0000
    221.1647	      0.0000
    222.1005	      0.0000
    222.1037	      0.0000
    222.1068	      0.0000
    222.1099	      0.0000
    222.1131	    473.9313
    222.1162	   1082.3364
    222.1194	   3071.3792
    222.1225	   5199.9985
    222.1256	   5451.5703
    222.1288	   3454.0334
    222.1319	   1534.3737
    222.1351	    464.7030
    222.1382	      0.0000
    222.1413	      0.0000
    222.1445	      0.0000
    222.1476	      0.0000
    225.0751	      0.0000
    225.0783	      0.0000
    225.0815	      0.0000
    225.0847	      0.0000
    225.0879	    761.0269
    225.0911	   1951.0225
    225.0943	   4243.3066
    225.0975	   6469.6494
    225.1007	   5999.2227
    225.1039	   3799.8464
    225.1071	   1313.5820
    225.1103	    433.7990
    225.1136	      0.0000
    225.1168	      0.0000
    225.1200	      0.0000
    225.1232	      0.0000
    228.1098	      0.0000
    228.1131	      0.0000
    228.1164	      0.0000
    228.1196	      0.0000
    228.1229	    461.7244
    228.1262	   1165.5768
    228.1295	   3432.8418
    228.1327	   5936.0200
    228.1360	   7079.3657
    228.1393	   5041.9526
    228.1425	   2730.7202
    228.1458	    666.1175
    228.1491	      0.0000
    228.1523	      0.0000
    228.1556	      0.0000
    228.1589	      0.0000
    229.1164	      0.0000
    229.1197	      0.0000
    229.1230	      0.0000
    229.1263	      0.0000
    229.1296	    554.9542
    229.1329	   1489.5790
    229.1362	   2338.9924
    229.1394	   2428.5393
    229.1427	   1718.9963
    229.1460	    772.0073
    229.1493	      0.0000
    229.1526	      0.0000
    229.1559	      0.0000
    229.1592	      0.0000
    230.1297	      0.0000
    230.1330	      0.0000
    230.1363	      0.0000
    230.1396	      0.0000
    230.1429	    548.3638
    230.1462	   1359.1029
    230.1495	   1993.2301
    230.1528	   1954.7231
    230.1562	   1290.5140
    230.1595	    521.9722
    230.1630	      0.0000
    230.1663	      0.0000
    230.1696	      0.0000
    230.1729	      0.0000
    231.1465	      0.0000
    231.1498	      0.0000
    231.1532	      0.0000
    231.1565	      0.0000
    231.1598	    765.2571
    231.1632	   3415.5266
    231.1665	   7420.9253
    231.1698	  11764.4502
    231.1732	  11724.4561
    231.1765	   7378.7671
    231.1798	   3324.7800
    231.1832	    639.1766
    231.1863	      0.0000
    231.1896	      0.0000
    231.1930	      0.0000
    231.1963	      0.0000
    234.1044	      0.0000
    234.1078	      0.0000
    234.1112	      0.0000
    234.1146	      0.0000
    234.1180	    940.7197
    234.1214	   1807.8062
    234.1248	   2301.6589
    234.1282	   2086.1362
    234.1316	   1351.8125
    234.1350	    610.5558
    234.1384	      0.0000
    234.1418	      0.0000
    234.1452	      0.0000
    234.1486	      0.0000
    235.0621	      0.0000
    235.0655	      0.0000
    235.0689	      0.0000
    235.0723	      0.0000
    235.0758	    845.2686
    235.0792	   1353.3363
    235.0826	   1520.8016
    235.0860	   1276.3309
    235.0894	    807.7985
    235.0929	      0.0000
    235.0963	    602.4694
    235.0997	   1382.6636
    235.1031	   2975.9968
    235.1065	   4680.7412
    235.1100	   4550.6182
    235.1134	   2245.3669
    235.1168	   1120.0989
    235.1202	    387.9498
    235.1236	      0.0000
    235.1270	      0.0000
    235.1305	      0.0000
    235.1339	      0.0000
    236.0910	      0.0000
    236.0944	      0.0000
    236.0979	      0.0000
    236.1013	      0.0000
    236.1048	    714.3965
    236.1082	   1504.4690
    236.1116	   1986.3754
    236.1151	   1819.8667
    236.1185	   1175.4069
    236.1220	    489.6353
    236.1254	      0.0000
    236.1288	      0.0000
    236.1323	      0.0000
    236.1357	      0.0000
    238.1064	      0.0000
    238.1099	      0.0000
    238.1134	      0.0000
    238.1169	      0.0000
    238.1204	    620.0724
    238.1238	   1636.3632
    238.1273	   3784.2358
    238.1308	   4789.5894
    238.1343	   3515.3843
    238.1378	   1705.6262
    238.1413	    737.0067
    238.1447	      0.0000
    238.1482	      0.0000
    238.1517	      0.0000
    238.1552	      0.0000
    239.0642	      0.0000
    239.0677	      0.0000
    239.0712	      0.0000
    239.0747	      0.0000
    239.0782	    545.0596
    239.0817	   1393.7529
    239.0852	   2431.4675
    239.0887	   3040.2720
    239.0922	   2789.5266
    239.0958	   1857.3911
    239.0993	    854.0634
    239.1028	      0.0000
    239.1063	      0.0000
    239.1098	      0.0000
    239.1133	      0.0000
    239.1414	      0.0000
    239.1449	      0.0000
    239.1484	      0.0000
    239.1519	      0.0000
    239.1554	    665.3093
    239.1589	   1168.0349
    239.1624	   1395.2147
    239.1659	   1133.4219
    239.1694	    573.6779
    239.1730	      0.0000
    239.1765	      0.0000
    239.1800	      0.0000
    239.1835	      0.0000
    253.0651	      0.0000
    253.0690	      0.0000
    253.0728	      0.0000
    253.0766	      0.0000
    253.0804	    718.4827
    253.0842	   3667.5525
    253.0880	   9182.6992
    253.0919	  15130.6504
    253.0957	  16219.0479
    253.0995	  10787.8555
    253.1033	   5325.6641
    253.1071	   1557.9387
    253.1110	   1358.5773
    253.1148	   2604.1423
    253.1186	   3578.1729
    253.1224	   2459.9202
    253.1262	   1199.7820
    253.1301	    322.7589
    253.1339	      0.0000
    253.1377	      0.0000
    253.1415	      0.0000
    253.1453	      0.0000
    254.0724	      0.0000
    254.0763	      0.0000
    254.0801	      0.0000
    254.0839	      0.0000
    254.0878	    569.4343
    254.0916	   1248.5321
    254.0955	   1759.4506
    254.0993	   1707.7622
    254.1032	   1105.4955
    254.1070	    500.5238
    254.1108	    521.8690
    254.1147	   1210.8787
    254.1185	   1911.8298
    254.1224	   1927.0236
    254.1262	   1214.1919
    254.1301	    352.3418
    254.1339	      0.0000
    254.1377	      0.0000
    254.1416	      0.0000
    254.1454	      0.0000
    256.0662	      0.0000
    256.0701	      0.0000
    256.0740	      0.0000
    256.0779	      0.0000
    256.0818	    389.8466
    256.0857	   1090.8899
    256.0896	   1911.8656
    256.0935	   2302.9722
    256.0973	   1939.8229
    256.1012	   1083.6882
    256.1051	    328.4721
    256.1091	      0.0000
    256.1130	      0.0000
    256.1169	      0.0000
    256.1208	      0.0000
    258.0444	      0.0000
    258.0484	      0.0000
    258.0523	      0.0000
    258.0562	      0.0000
    258.0602	    788.7982
    258.0641	   1234.3927
    258.0680	   1342.1549
    258.0720	   1043.5790
    258.0759	    557.9271
    258.0798	      0.0000
    258.0838	      0.0000
    258.0877	      0.0000
    258.0916	      0.0000
    258.1231	      0.0000
    258.1270	      0.0000
    258.1310	      0.0000
    258.1349	      0.0000
    258.1388	    480.7176
    258.1428	   1180.7584
    258.1467	   1596.5476
    258.1506	   1421.7614
    258.1546	    847.6974
    258.1585	      0.0000
    258.1624	      0.0000
    258.1663	      0.0000
    258.1703	      0.0000
    265.0775	      0.0000
    265.0816	      0.0000
    265.0857	      0.0000
    265.0898	      0.0000
    265.0939	    469.2035
    265.0980	   1030.9725
    265.1021	   1417.6771
    265.1062	   1398.6541
    265.1103	   1032.4056
    265.1144	    553.5018
    265.1185	      0.0000
    265.1226	      0.0000
    265.1267	      0.0000
    265.1307	      0.0000
    267.0949	      0.0000
    267.0990	      0.0000
    267.1032	      0.0000
    267.1073	      0.0000
    267.1114	    598.9182
    267.1156	   1323.3033
    267.1197	   1858.6261
    267.1239	   1770.0205
    267.1280	   1112.3613
    267.1321	    423.0294
    267.1363	      0.0000
    267.1404	      0.0000
    267.1446	      0.0000
    267.1487	      0.0000
    271.0892	      0.0000
    271.0934	      0.0000
    271.0976	      0.0000
    271.1019	      0.0000
    271.1061	    748.8823
    271.1103	   1552.9108
    271.1146	   2102.6348
    271.1188	   2009.6681
    271.1230	   1351.6742
    271.1273	    607.0778
    271.1309	      0.0000
    271.1351	      0.0000
    271.1393	      0.0000
    271.1436	      0.0000
    310.0747	      0.0000
    310.0799	      0.0000
    310.0851	      0.0000
    310.0902	      0.0000
    310.0954	    892.8750
    310.1006	   4945.4507
    310.1058	  13563.1572
    310.1110	  22815.7949
    310.1161	  27228.9531
    310.1213	  19713.4980
    310.1265	  10927.2910
    310.1317	   3464.1584
    310.1369	    933.9076
    310.1428	      0.0000
    310.1480	      0.0000
    310.1532	      0.0000
    310.1584	      0.0000
    311.0775	      0.0000
    311.0827	      0.0000
    311.0879	      0.0000
    311.0931	      0.0000
    311.0983	    390.3153
    311.1035	   1167.3365
    311.1087	   2316.4785
    311.1139	   4996.4478
    311.1191	   5167.4634
    311.1243	   3409.3889
    311.1295	   1376.6796
    311.1347	    491.9433
    311.1401	      0.0000
    311.1453	      0.0000
    311.1505	      0.0000
    311.1557	      0.0000
    325.1300	      0.0000
    325.1355	      0.0000
    325.1411	      0.0000
    325.1466	      0.0000
    325.1522	   1017.2519
    325.1578	   1500.8135
    325.1633	   1581.7847
    325.1689	   1207.8350
    325.1744	    614.8237
    325.1800	      0.0000
    325.1856	      0.0000
    325.1911	      0.0000
    325.1967	      0.0000
    328.1312	      0.0000
    328.1368	      0.0000
    328.1425	      0.0000
    328.1481	      0.0000
    328.1537	    855.4207
    328.1594	   1412.8584
    328.1650	   1527.2800
    328.1706	   1131.2307
    328.1763	    536.0533
    328.1820	      0.0000
    328.1877	      0.0000
    328.1933	      0.0000
    328.1990	      0.0000
    349.1068	      0.0000
    349.1130	      0.0000
    349.1192	      0.0000
    349.1253	      0.0000
    349.1315	    537.7551
    349.1377	   1214.9972
    349.1439	   1966.2560
    349.1501	   2378.2297
    349.1563	   2152.6704
    349.1625	   1397.7175
    349.1687	    579.8075
    349.1748	      0.0000
    349.1810	      0.0000
    349.1872	      0.0000
    349.1934	      0.0000
    353.1572	      0.0000
    353.1634	      0.0000
    353.1697	      0.0000
    353.1760	      0.0000
    353.1823	    847.2554
    353.1886	   1588.5598
    353.1949	   1940.4734
    353.2012	   1713.5646
    353.2075	   1129.7217
    353.2138	    543.4318
    353.2201	      0.0000
    353.2264	      0.0000
    353.2327	      0.0000
    353.2390	      0.0000
    354.1476	      0.0000
    354.1539	      0.0000
    354.1602	      0.0000
    354.1665	      0.0000
    354.1729	    852.7019
    354.1792	   1128.0409
    354.1855	   1269.4819
    354.1918	   1118.0553
    354.1981	    678.5261
    354.2046	      0.0000
    354.2109	      0.0000
    354.2173	      0.0000
    354.2236	      0.0000
    381.1451	      0.0000
    381.1522	      0.0000
    381.1593	      0.0000
    381.1663	      0.0000
    381.1734	    537.0314
    381.1804	   1139.4224
    381.1875	   1481.7664
    381.1946	   1247.6765
    381.2016	    601.0342
    381.2088	      0.0000
    381.2159	      0.0000
    381.2230	      0.0000
    381.2300	      0.0000
    399.4607	      0.0000
    399.4682	      0.0000
    399.4758	      0.0000
    399.4834	      0.0000
    399.4910	    630.6865
    399.4985	   1255.5983
    399.5061	   1600.3594
    399.5137	   1377.1504
    399.5213	    749.7173
    399.5288	      0.0000
    399.5364	      0.0000
    399.5440	      0.0000
    399.5516	      0.0000
    400.9796	      0.0000
    400.9872	      0.0000
    400.9948	      0.0000
    401.0024	      0.0000
    401.0100	    602.6539
    401.0177	   1129.9592
    401.0253	   1344.7780
    401.0329	   1069.6155
    401.0405	    522.8393
    401.0481	      0.0000
    401.0557	      0.0000
    401.0634	      0.0000
    401.0710	      0.0000
    405.7902	      0.0000
    405.7979	      0.0000
    405.8057	      0.0000
    405.8134	      0.0000
    405.8212	    731.7951
    405.8289	   1259.8292
    405.8367	   1551.4176
    405.8444	   1390.4821
    405.8522	    847.5481
    405.8599	      0.0000
    405.8677	      0.0000
    405.8755	      0.0000
    405.8832	      0.0000
    415.9884	      0.0000
    415.9964	      0.0000
    416.0045	      0.0000
    416.0125	      0.0000
    416.0206	    720.4269
    416.0286	   1266.9944
    416.0367	   1473.0259
    416.0447	   1203.9030
    416.0528	    675.8315
    416.0610	      0.0000
    416.0691	      0.0000
    416.0771	      0.0000
    416.0852	      0.0000
    427.1785	      0.0000
    427.1869	      0.0000
    427.1953	      0.0000
    427.2036	      0.0000
    427.2120	    489.3839
    427.2204	   1339.8665
    427.2288	   1989.7894
    427.2372	   1911.9678
    427.2455	   1204.6058
    427.2539	    439.2933
    427.2623	      0.0000
    427.2707	      0.0000
    427.2790	      0.0000
    427.2874	      0.0000
    440.1282	      0.0000
    440.1370	      0.0000
    440.1457	      0.0000
    440.1545	      0.0000
    440.1632	    405.6854
    440.1720	   1105.1191
    440.1808	   1740.5399
    440.1895	   1835.2543
    440.1983	   1313.8239
    440.2070	    576.8350
    440.2158	      0.0000
    440.2246	      0.0000
    440.2333	      0.0000
    440.2421	      0.0000
    448.6492	      0.0000
    448.6582	      0.0000
    448.6673	      0.0000
    448.6763	      0.0000
    448.6853	    584.0156
    448.6943	   1139.1997
    448.7033	   1396.7545
    448.7123	   1195.0430
    448.7213	    689.2697
    448.7304	      0.0000
    448.7394	      0.0000
    448.7484	      0.0000
    448.7574	      0.0000
    453.1812	      0.0000
    453.1904	      0.0000
    453.1995	      0.0000
    453.2087	      0.0000
    453.2178	    777.1130
    453.2270	   1346.3719
    453.2361	   1573.6857
    453.2453	   1315.3635
    453.2544	    768.2398
    453.2636	      0.0000
    453.2727	      0.0000
    453.2819	      0.0000
    453.2911	      0.0000
    457.1511	      0.0000
    457.1604	      0.0000
    457.1697	      0.0000
    457.1790	      0.0000
    457.1882	   1021.8769
    457.1975	   1918.1869
    457.2068	   2487.5339
    457.2160	   2299.2305
    457.2253	   1496.1287
    457.2346	    633.0757
    457.2441	      0.0000
    457.2534	      0.0000
    457.2626	      0.0000
    457.2719	      0.0000
    465.0495	      0.0000
    465.0590	      0.0000
    465.0685	      0.0000
    465.0780	      0.0000
    465.0875	    502.9908
    465.0970	   1063.9867
    465.1065	   1631.9717
    465.1161	   1933.6790
    465.1256	   1793.3514
    465.1351	   1270.3036
    465.1446	    642.5685
    465.1573	      0.0000
    465.1668	      0.0000
    465.1763	      0.0000
    465.1858	      0.0000
    471.1331	      0.0000
    471.1428	      0.0000
    471.1525	      0.0000
    471.1622	      0.0000
    471.1719	    589.9893
    471.1816	   1719.2313
    471.1913	   4701.4785
    471.2010	   8122.0796
    471.2107	  10254.5664
    471.2204	   7598.6597
    471.2301	   4161.2881
    471.2398	    852.9221
    471.2464	      0.0000
    471.2561	      0.0000
    471.2658	      0.0000
    471.2755	      0.0000
    471.6348	      0.0000
    471.6445	      0.0000
    471.6542	      0.0000
    471.6639	      0.0000
    471.6736	    395.2319
    471.6833	   1117.0032
    471.6931	   2887.2566
    471.7028	   4779.7466
    471.7125	   5149.1025
    471.7222	   3318.8574
    471.7319	   1465.4301
    471.7417	    562.0801
    471.7514	      0.0000
    471.7611	      0.0000
    471.7708	      0.0000
    471.7805	      0.0000
    479.6537	      0.0000
    479.6636	      0.0000
    479.6736	      0.0000
    479.6836	      0.0000
    479.6935	    979.9446
    479.7035	   2695.9358
    479.7135	   4625.1636
    479.7234	   5222.1377
    479.7334	   3483.7061
    479.7434	   1706.7808
    479.7533	    637.7573
    479.7633	      0.0000
    479.7733	      0.0000
    479.7832	      0.0000
    479.7932	      0.0000
    480.6616	      0.0000
    480.6716	      0.0000
    480.6816	      0.0000
    480.6916	      0.0000
    480.7016	    976.8535
    480.7116	   1569.0109
    480.7216	   1806.3286
    480.7316	   1499.0334
    480.7416	    847.9586
    480.7563	      0.0000
    480.7663	      0.0000
    480.7763	      0.0000
    480.7863	      0.0000
    481.0564	      0.0000
    481.0664	      0.0000
    481.0764	      0.0000
    481.0864	      0.0000
    481.0964	      0.0000
    481.1064	   1498.2800
    481.1164	   3668.0791
    481.1264	  10716.3252
    481.1364	  36395.0156
    481.1465	  75929.4141
    481.1565	 113164.2109
    481.1665	 103581.9609
    481.1765	  67509.9766
    481.1865	  29556.0996
    481.1965	      0.0000
    481.2022	      0.0000
    481.2122	    370.1977
    481.2222	  13261.6602
    481.2322	  59756.8828
    481.2423	 190419.6563
    481.2523	 342669.2813
    481.2623	 474959.8750
    481.2723	 398625.7813
    481.2823	 239635.6250
    481.2923	  92497.4844
    481.3023	  24322.8027
    481.3124	   7390.0972
    481.3224	   6168.8711
    481.3324	   2148.3833
    481.3421	   2675.8428
    481.3521	      0.0000
    481.3621	      0.0000
    481.3721	      0.0000
    481.3821	      0.0000
    481.3922	      0.0000
    481.7430	      0.0000
    481.7530	      0.0000
    481.7631	      0.0000
    481.7731	      0.0000
    481.7831	    223.2962
    481.7932	   1760.9086
    481.8032	   4321.1274
    481.8132	   7119.1392
    481.8232	   7698.2251
    481.8333	   5131.6094
    481.8433	   2570.8206
    481.8533	    801.0883
    481.8650	      0.0000
    481.8750	      0.0000
    481.8850	      0.0000
    481.8951	      0.0000
    482.0657	      0.0000
    482.0757	      0.0000
    482.0858	      0.0000
    482.0958	      0.0000
    482.1059	    421.5907
    482.1159	   1844.6709
    482.1259	   8800.4707
    482.1360	  30254.2344
    482.1460	  55848.9141
    482.1561	  79175.2344
    482.1661	  67473.7031
    482.1762	  41155.8125
    482.1862	  16840.5410
    482.1962	   2178.2754
    482.2063	      0.0000
    482.2148	      0.0000
    482.2248	   2602.1104
    482.2349	  17195.0332
    482.2449	  56066.4102
    482.2550	 102344.9766
    482.2650	 145145.8281
    482.2751	 124355.8984
    482.2851	  75087.6484
    482.2952	  29779.0762
    482.3052	   7687.7300
    482.3153	   2118.6980
    482.3253	   1695.4431
    482.3354	    293.4143
    482.3453	      0.0000
    482.3554	      0.0000
    482.3654	      0.0000
    482.3755	      0.0000
    482.7576	      0.0000
    482.7676	      0.0000
    482.7777	      0.0000
    482.7878	      0.0000
    482.7978	    815.5356
    482.8079	   1634.3398
    482.8180	   2266.9001
    482.8280	   2275.4905
    482.8381	   1620.6201
    482.8481	    744.9652
    482.8599	      0.0000
    482.8699	      0.0000
    482.8800	      0.0000
    482.8901	      0.0000
    483.0713	      0.0000
    483.0814	      0.0000
    483.0914	      0.0000
    483.1015	      0.0000
    483.1116	    631.1299
    483.1217	   4266.9463
    483.1317	  14926.0469
    483.1418	  29190.6895
    483.1519	  44120.8203
    483.1620	  42346.1211
    483.1720	  26398.7930
    483.1821	  12203.6865
    483.1922	   3383.8938
    483.2022	    945.9701
    483.2115	      0.0000
    483.2215	      0.0000
    483.2316	   1455.9597
    483.2417	   3814.1338
    483.2518	   9946.1201
    483.2618	  17687.8242
    483.2719	  21835.3516
    483.2820	  15505.9678
    483.2921	   8132.0947
    483.3022	   1667.9543
    483.3122	      0.0000
    483.3215	      0.0000
    483.3316	      0.0000
    483.3417	      0.0000
    483.3517	      0.0000
    492.6565	      0.0000
    492.6669	      0.0000
    492.6772	      0.0000
    492.6876	      0.0000
    492.6980	    654.1240
    492.7084	   2261.1448
    492.7187	   4174.5483
    492.7291	   5590.3403
    492.7395	   4368.2720
    492.7499	   2447.4841
    492.7602	    885.8963
    492.7706	      0.0000
    492.7810	      0.0000
    492.7914	      0.0000
    492.8017	      0.0000
    493.1547	      0.0000
    493.1651	      0.0000
    493.1755	      0.0000
    493.1859	      0.0000
    493.1963	    431.5261
    493.2067	   1289.0237
    493.2171	   2403.6956
    493.2275	   5164.7642
    493.2379	   4265.1177
    493.2482	   1992.2792
    493.2586	    919.2312
    493.2696	      0.0000
    493.2799	      0.0000
    493.2903	      0.0000
    493.3007	      0.0000
    519.6257	      0.0000
    519.6370	      0.0000
    519.6482	      0.0000
    519.6595	      0.0000
    519.6707	    576.0975
    519.6819	   1233.7312
    519.6932	   3803.1519
    519.7044	   6626.0083
    519.7156	   8840.6826
    519.7269	   7138.9810
    519.7381	   4107.5449
    519.7494	   1336.1573
    519.7606	    641.6941
    519.7670	      0.0000
    519.7783	      0.0000
    519.7895	      0.0000
    519.8007	      0.0000
    520.1269	      0.0000
    520.1381	      0.0000
    520.1494	      0.0000
    520.1606	      0.0000
    520.1719	   1050.9001
    520.1831	   3902.1689
    520.1944	   6800.4663
    520.2057	   8834.3535
    520.2169	   6865.3228
    520.2282	   3993.3743
    520.2394	   1464.4102
    520.2507	    391.1228
    520.2665	      0.0000
    520.2777	      0.0000
    520.2890	      0.0000
    520.3003	      0.0000
    520.6381	      0.0000
    520.6494	      0.0000
    520.6607	      0.0000
    520.6720	      0.0000
    520.6832	    698.2255
    520.6945	   1651.6970
    520.7058	   2513.5774
    520.7170	   2655.1980
    520.7283	   1971.6044
    520.7396	    989.1917
    520.7508	      0.0000
    520.7621	      0.0000
    520.7734	      0.0000
    520.7847	      0.0000
    521.1456	      0.0000
    521.1569	      0.0000
    521.1682	      0.0000
    521.1794	      0.0000
    521.1907	   1031.7582
    521.2020	   1401.9108
    521.2133	   1495.4244
    521.2246	   1228.1969
    521.2359	    736.5878
    521.2477	      0.0000
    521.2590	      0.0000
    521.2703	      0.0000
    521.2816	      0.0000
    528.6170	      0.0000
    528.6285	      0.0000
    528.6401	      0.0000
    528.6516	      0.0000
    528.6631	    985.2892
    528.6747	   3155.9580
    528.6862	  11628.6250
    528.6977	  35978.9258
    528.7093	  63131.7891
    528.7208	  84812.7578
    528.7323	  68918.5313
    528.7439	  40828.8555
    528.7554	  14731.2412
    528.7669	   3519.0437
    528.7785	    504.9109
    528.7894	      0.0000
    528.8009	      0.0000
    528.8124	      0.0000
    528.8240	      0.0000
    529.1125	      0.0000
    529.1240	      0.0000
    529.1355	      0.0000
    529.1471	      0.0000
    529.1586	   1075.8866
    529.1702	   1170.8392
    529.1817	   3300.6221
    529.1933	  12056.6533
    529.2048	  25993.0332
    529.2164	  40914.7813
    529.2279	  41862.0781
    529.2395	  27240.3066
    529.2510	  13235.3096
    529.2626	   3658.4502
    529.2741	   1275.2751
    529.2857	   1222.3551
    529.2972	    871.9263
    529.3079	      0.0000
    529.3194	      0.0000
    529.3310	      0.0000
    529.3425	      0.0000
    529.6314	      0.0000
    529.6430	      0.0000
    529.6546	      0.0000
    529.6661	      0.0000
    529.6777	    656.5119
    529.6892	   3353.1191
    529.7008	   8839.7813
    529.7124	  14708.1113
    529.7239	  17336.1953
    529.7355	  12542.1582
    529.7471	   6979.8198
    529.7586	   2096.0605
    529.7702	    225.8079
    529.7828	      0.0000
    529.7943	      0.0000
    529.8059	      0.0000
    529.8175	      0.0000
    530.1415	      0.0000
    530.1531	      0.0000
    530.1647	      0.0000
    530.1762	      0.0000
    530.1878	    493.2349
    530.1994	   1357.9368
    530.2110	   2262.8579
    530.2226	   2544.3999
    530.2341	   1973.2739
    530.2457	    996.7728
    530.2573	      0.0000
    530.2689	      0.0000
    530.2805	      0.0000
    530.2921	      0.0000
    550.1416	      0.0000
    550.1538	      0.0000
    550.1660	      0.0000
    550.1783	      0.0000
    550.1905	    486.2648
    550.2028	   1559.9155
    550.2150	   4083.7659
    550.2272	   6780.1245
    550.2395	   8366.5664
    550.2517	   6316.8335
    550.2640	   3567.1770
    550.2762	    847.5406
    550.2885	      0.0000
    550.3007	      0.0000
    550.3130	      0.0000
    550.3252	      0.0000
    550.6560	      0.0000
    550.6682	      0.0000
    550.6805	      0.0000
    550.6927	      0.0000
    550.7050	    625.2578
    550.7173	   1171.8549
    550.7295	   1542.7506
    550.7418	   1586.2615
    550.7540	   1315.7213
    550.7663	    853.1929
    550.7757	      0.0000
    550.7880	      0.0000
    550.8003	      0.0000
    550.8125	      0.0000
    555.1419	      0.0000
    555.1543	      0.0000
    555.1667	      0.0000
    555.1791	      0.0000
    555.1915	   1078.4017
    555.2039	   4046.3953
    555.2163	   7188.6465
    555.2287	   9693.1475
    555.2411	   7877.4810
    555.2535	   4699.1528
    555.2659	   1796.3969
    555.2784	    555.3925
    555.2936	      0.0000
    555.3060	      0.0000
    555.3184	      0.0000
    555.3309	      0.0000
    555.6413	      0.0000
    555.6537	      0.0000
    555.6662	      0.0000
    555.6786	      0.0000
    555.6910	    404.5528
    555.7034	   1211.8185
    555.7159	   3501.8130
    555.7283	   5724.5508
    555.7407	   6497.1323
    555.7531	   4468.3584
    555.7656	   2227.4773
    555.7780	    299.4578
    555.7904	      0.0000
    555.8029	      0.0000
    555.8153	      0.0000
    555.8277	      0.0000
    556.1635	      0.0000
    556.1759	      0.0000
    556.1883	      0.0000
    556.2008	      0.0000
    556.2132	    729.0148
    556.2257	   1586.6979
    556.2381	   2261.2244
    556.2506	   2202.2424
    556.2630	   1438.3094
    556.2755	    541.6216
    556.2879	      0.0000
    556.3003	      0.0000
    556.3128	      0.0000
    556.3252	      0.0000
    563.6658	      0.0000
    563.6785	      0.0000
    563.6912	      0.0000
    563.7039	      0.0000
    563.7166	   1025.9910
    563.7293	   1625.5029
    563.7420	   1728.0433
    563.7547	   1256.2607
    563.7674	    585.3600
    563.7806	      0.0000
    563.7933	      0.0000
    563.8060	      0.0000
    563.8187	      0.0000
    564.1236	      0.0000
    564.1363	      0.0000
    564.1490	      0.0000
    564.1617	      0.0000
    564.1744	    214.3226
    564.1871	   1303.4460
    564.1998	   5142.5522
    564.2125	  16219.8555
    564.2252	  29110.3027
    564.2380	  40181.7930
    564.2507	  33912.4688
    564.2634	  20398.1465
    564.2761	   7983.0659
    564.2888	   2055.4622
    564.3015	    319.3133
    564.3147	      0.0000
    564.3274	      0.0000
    564.3401	      0.0000
    564.3529	      0.0000
    564.6327	      0.0000
    564.6455	      0.0000
    564.6582	      0.0000
    564.6709	      0.0000
    564.6836	    285.9258
    564.6964	   1883.8936
    564.7091	   6870.5938
    564.7218	  14542.0146
    564.7346	  22752.5039
    564.7473	  23403.0664
    564.7600	  15338.7373
    564.7728	   7550.2661
    564.7855	   1899.5663
    564.7982	    311.9983
    564.8115	      0.0000
    564.8243	      0.0000
    564.8370	      0.0000
    564.8497	      0.0000
    565.1427	      0.0000
    565.1554	      0.0000
    565.1682	      0.0000
    565.1809	      0.0000
    565.1937	    575.6882
    565.2064	   2177.7996
    565.2192	   5128.2964
    565.2319	   8312.7852
    565.2447	   9284.9268
    565.2574	   6370.3477
    565.2702	   3263.3728
    565.2829	    703.0099
    565.2941	      0.0000
    565.3069	      0.0000
    565.3196	      0.0000
    565.3324	      0.0000
    565.6640	      0.0000
    565.6768	      0.0000
    565.6896	      0.0000
    565.7023	      0.0000
    565.7151	   1017.8971
    565.7278	   1833.9540
    565.7406	   2349.9495
    565.7534	   2231.2612
    565.7661	   1550.7180
    565.7789	    740.7207
    565.7917	      0.0000
    565.8044	      0.0000
    565.8172	      0.0000
    565.8300	      0.0000
    571.1656	      0.0000
    571.1786	      0.0000
    571.1915	      0.0000
    571.2045	      0.0000
    571.2174	    952.0494
    571.2304	   1500.1306
    571.2433	   1608.2076
    571.2563	   1181.3942
    571.2692	    533.9218
    571.2822	      0.0000
    571.2951	      0.0000
    571.3081	      0.0000
    571.3210	      0.0000
    571.6969	      0.0000
    571.7098	      0.0000
    571.7228	      0.0000
    571.7358	      0.0000
    571.7487	    923.3137
    571.7617	   1364.0276
    571.7747	   1449.8606
    571.7876	   1170.3512
    571.8006	    705.4753
    571.8136	      0.0000
    571.8265	      0.0000
    571.8395	      0.0000
    571.8525	      0.0000
    572.1509	      0.0000
    572.1639	      0.0000
    572.1769	      0.0000
    572.1899	      0.0000
    572.2029	    558.5652
    572.2159	   1138.8816
    572.2288	   1589.2625
    572.2418	   1637.7324
    572.2548	   1266.5104
    572.2678	    721.1353
    572.2808	      0.0000
    572.2938	      0.0000
    572.3068	      0.0000
    572.3197	      0.0000
    572.3327	      0.0000
    572.3457	    602.9078
    572.3587	   1141.7775
    572.3717	   1455.5156
    572.3847	   1316.9838
    572.3977	    838.0653
    572.4107	      0.0000
    572.4237	      0.0000
    572.4366	      0.0000
    572.4496	      0.0000
    576.6559	      0.0000
    576.6691	      0.0000
    576.6822	      0.0000
    576.6953	      0.0000
    576.7085	    977.8576
    576.7216	   1657.8876
    576.7348	   2158.3000
    576.7479	   2156.4609
    576.7610	   1603.2217
    576.7742	    819.5757
    576.7873	      0.0000
    576.8004	      0.0000
    576.8136	      0.0000
    576.8267	      0.0000
    578.6709	      0.0000
    578.6841	      0.0000
    578.6973	      0.0000
    578.7105	      0.0000
    578.7237	    641.9240
    578.7369	   1336.0070
    578.7501	   1824.4996
    578.7633	   1723.1023
    578.7765	   1081.5983
    578.7901	      0.0000
    578.8033	      0.0000
    578.8165	      0.0000
    578.8297	      0.0000
    584.6456	      0.0000
    584.6590	      0.0000
    584.6725	      0.0000
    584.6859	      0.0000
    584.6993	    666.8267
    584.7127	   3348.9985
    584.7261	  10288.3594
    584.7395	  17542.3184
    584.7529	  22932.9160
    584.7663	  18275.8594
    584.7797	  10714.0117
    584.7932	   3664.0044
    584.8066	    457.5728
    584.8193	      0.0000
    584.8327	      0.0000
    584.8461	      0.0000
    584.8595	      0.0000
    585.1413	      0.0000
    585.1548	      0.0000
    585.1682	      0.0000
    585.1816	      0.0000
    585.1951	    189.3167
    585.2085	   2196.1382
    585.2219	   7206.2949
    585.2353	  12787.7686
    585.2488	  17449.2168
    585.2622	  14652.5674
    585.2756	   8841.8574
    585.2891	   3474.7917
    585.3025	    802.2344
    585.3174	      0.0000
    585.3308	      0.0000
    585.3442	      0.0000
    585.3576	      0.0000
    585.6533	      0.0000
    585.6667	      0.0000
    585.6802	      0.0000
    585.6936	      0.0000
    585.7071	   1031.2229
    585.7205	   3710.0308
    585.7340	   7855.4004
    585.7474	  12265.0859
    585.7609	  12444.9414
    585.7743	   7988.2378
    585.7878	   3787.1829
    585.8012	    740.7161
    585.8136	      0.0000
    585.8270	      0.0000
    585.8405	      0.0000
    585.8539	      0.0000
    586.1769	      0.0000
    586.1903	      0.0000
    586.2038	      0.0000
    586.2173	      0.0000
    586.2307	    878.5863
    586.2442	   1695.6664
    586.2576	   2269.9905
    586.2711	   2222.3083
    586.2846	   1582.5377
    586.2980	    781.8479
    586.3115	      0.0000
    586.3250	      0.0000
    586.3384	      0.0000
    586.3519	      0.0000
    589.6519	      0.0000
    589.6655	      0.0000
    589.6790	      0.0000
    589.6926	      0.0000
    589.7062	    691.7313
    589.7198	   1777.7732
    589.7334	   4230.2681
    589.7470	   5076.7866
    589.7605	   3581.4890
    589.7741	   1756.8770
    589.7877	    762.6165
    589.8013	      0.0000
    589.8149	      0.0000
    589.8285	      0.0000
    589.8421	      0.0000
    590.1411	      0.0000
    590.1547	      0.0000
    590.1683	      0.0000
    590.1819	      0.0000
    590.1955	    422.0944
    590.2091	   1240.0325
    590.2227	   3339.3027
    590.2363	   5134.2690
    590.2499	   5124.4102
    590.2635	   3321.1448
    590.2771	   1241.0065
    590.2907	    414.0599
    590.3043	      0.0000
    590.3179	      0.0000
    590.3315	      0.0000
    590.3451	      0.0000
    590.6446	      0.0000
    590.6582	      0.0000
    590.6718	      0.0000
    590.6854	      0.0000
    590.6990	    668.4633
    590.7127	   1539.8718
    590.7263	   2967.9678
    590.7399	   4576.0127
    590.7535	   4173.6357
    590.7671	   1935.6809
    590.7808	    877.8837
    590.7944	      0.0000
    590.8080	      0.0000
    590.8216	      0.0000
    590.8352	      0.0000
    591.1623	      0.0000
    591.1759	      0.0000
    591.1896	      0.0000
    591.2032	      0.0000
    591.2168	    727.2376
    591.2305	   1506.3977
    591.2441	   2063.4314
    591.2578	   2026.3164
    591.2714	   1407.0735
    591.2850	    626.4026
    591.2987	      0.0000
    591.3123	      0.0000
    591.3260	      0.0000
    591.3396	      0.0000
    592.6512	      0.0000
    592.6649	      0.0000
    592.6786	      0.0000
    592.6922	      0.0000
    592.7059	   1034.0214
    592.7196	   3278.3328
    592.7333	   5943.4878
    592.7470	   8180.1177
    592.7607	   6691.3599
    592.7744	   3819.6687
    592.7881	   1156.7886
    592.8018	    618.3004
    592.8154	      0.0000
    592.8291	      0.0000
    592.8428	      0.0000
    592.8565	      0.0000
    593.1579	      0.0000
    593.1716	      0.0000
    593.1853	      0.0000
    593.1990	      0.0000
    593.2127	    653.2864
    593.2264	   1649.9558
    593.2401	   2712.7153
    593.2538	   4971.8413
    593.2675	   3651.5400
    593.2812	   1639.5552
    593.2949	    671.3195
    593.3084	      0.0000
    593.3222	      0.0000
    593.3359	      0.0000
    593.3496	      0.0000
    593.6376	      0.0000
    593.6513	      0.0000
    593.6650	      0.0000
    593.6787	      0.0000
    593.6925	    296.7127
    593.7062	   1190.0834
    593.7199	   4638.7856
    593.7336	  11699.7432
    593.7473	  19311.4141
    593.7611	  22564.3281
    593.7748	  16175.6650
    593.7885	   8899.5576
    593.8022	   2667.8245
    593.8160	    586.8851
    593.8296	      0.0000
    593.8434	      0.0000
    593.8571	      0.0000
    593.8708	      0.0000
    594.1455	      0.0000
    594.1592	      0.0000
    594.1729	      0.0000
    594.1867	      0.0000
    594.2004	     89.8145
    594.2141	   1224.0845
    594.2279	   5410.1172
    594.2416	  10733.2412
    594.2554	  15903.1016
    594.2691	  14201.3965
    594.2828	   8580.0479
    594.2966	   3448.1929
    594.3103	    831.6121
    594.3243	      0.0000
    594.3381	      0.0000
    594.3518	      0.0000
    594.3656	      0.0000
    594.6543	      0.0000
    594.6681	      0.0000
    594.6818	      0.0000
    594.6956	      0.0000
    594.7093	    581.7595
    594.7231	   1580.4720
    594.7368	   3851.2290
    594.7506	   6320.6299
    594.7644	   7130.7925
    594.7781	   4920.6846
    594.7919	   2517.8162
    594.8056	    518.0932
    594.8194	      0.0000
    594.8332	      0.0000
    594.8469	      0.0000
    594.8607	      0.0000
    597.2486	      0.0000
    597.2625	      0.0000
    597.2763	      0.0000
    597.2902	      0.0000
    597.3040	    641.2571
    597.3179	   1379.3722
    597.3317	   1854.6930
    597.3456	   1729.5586
    597.3594	   1117.0281
    597.3733	      0.0000
    597.3871	      0.0000
    597.4010	      0.0000
    597.4148	      0.0000
    598.5800	      0.0000
    598.5938	      0.0000
    598.6077	      0.0000
    598.6216	      0.0000
    598.6355	      0.0000
    598.6494	      0.0000
    598.6633	      0.0000
    598.6785	   2028.7012
    598.6924	   3093.8901
    598.7063	   9189.3281
    598.7202	  29616.2168
    598.7341	  55509.6250
    598.7480	  79788.7500
    598.7619	  70674.0781
    598.7758	  43107.0859
    598.7897	  17601.4629
    598.8036	   4302.5757
    598.8175	   1183.6720
    598.8314	   1071.5773
    598.8440	      0.0000
    598.8579	      0.0000
    598.8718	      0.0000
    598.8857	      0.0000
    599.0804	      0.0000
    599.0943	      0.0000
    599.1082	      0.0000
    599.1221	      0.0000
    599.1360	    374.6420
    599.1499	   1692.6407
    599.1638	   1289.7700
    599.1777	   1151.0962
    599.1926	   1360.9014
    599.2065	   4352.8086
    599.2204	  15138.0615
    599.2343	  29445.4531
    599.2482	  43654.1484
    599.2621	  39988.0039
    599.2761	  24706.1055
    599.2900	  10592.4248
    599.3039	   2783.4304
    599.3178	   1233.7032
    599.3308	   1597.5773
    599.3447	   1651.4594
    599.3586	   1252.8741
    599.3725	    151.1779
    599.3852	      0.0000
    599.3991	      0.0000
    599.4130	      0.0000
    599.4270	      0.0000
    599.6358	      0.0000
    599.6498	      0.0000
    599.6637	      0.0000
    599.6776	      0.0000
    599.6915	    170.5083
    599.7055	   1743.6315
    599.7194	   6862.7344
    599.7333	  13419.7998
    599.7473	  19761.6777
    599.7612	  17982.2441
    599.7751	  11139.3203
    599.7891	   4865.8564
    599.8030	   1352.2811
    599.8169	    285.6873
    599.8321	      0.0000
    599.8461	      0.0000
    599.8600	      0.0000
    599.8739	      0.0000
    600.1527	      0.0000
    600.1667	      0.0000
    600.1806	      0.0000
    600.1946	      0.0000
    600.2085	    532.1864
    600.2225	   1476.2305
    600.2364	   3562.1941
    600.2504	   5399.1797
    600.2643	   4973.6821
    600.2783	   2972.4094
    600.2922	   1237.5532
    600.3062	    476.1823
    600.3213	      0.0000
    600.3353	      0.0000
    600.3492	      0.0000
    600.3632	      0.0000
    607.6283	      0.0000
    607.6425	      0.0000
    607.6567	      0.0000
    607.6709	      0.0000
    607.6851	    876.2610
    607.6993	   3510.7769
    607.7135	  12189.5830
    607.7278	  35883.4453
    607.7420	  61688.3320
    607.7562	  81012.4766
    607.7704	  64199.7891
    607.7846	  37768.8789
    607.7988	  12913.5479
    607.8130	   2799.2156
    607.8272	    162.4099
    607.8413	      0.0000
    607.8555	      0.0000
    607.8697	      0.0000
    607.8839	      0.0000
    608.1257	      0.0000
    608.1399	      0.0000
    608.1541	      0.0000
    608.1683	      0.0000
    608.1826	    610.5952
    608.1968	   1590.3984
    608.2110	   6249.8545
    608.2252	  20790.8320
    608.2395	  38946.5508
    608.2537	  56370.5078
    608.2679	  50629.8516
    608.2822	  31131.4453
    608.2964	  13242.9971
    608.3106	   3316.5508
    608.3249	    613.4246
    608.3391	      0.0000
    608.3533	      0.0000
    608.3675	      0.0000
    608.3818	      0.0000
    608.6381	      0.0000
    608.6523	      0.0000
    608.6665	      0.0000
    608.6808	      0.0000
    608.6950	    847.5970
    608.7093	   2585.1584
    608.7235	   8921.9170
    608.7378	  18228.1621
    608.7520	  28050.0684
    608.7663	  27770.2676
    608.7805	  17726.2832
    608.7948	   8347.4033
    608.8090	   2075.5671
    608.8232	    410.5595
    608.8366	      0.0000
    608.8508	      0.0000
    608.8651	      0.0000
    608.8793	      0.0000
    609.1644	      0.0000
    609.1787	      0.0000
    609.1930	      0.0000
    609.2072	      0.0000
    609.2215	    675.2430
    609.2357	   1433.4602
    609.2500	   1990.4259
    609.2643	   1922.4921
    609.2785	   1266.1388
    609.2928	    468.4670
    609.3071	      0.0000
    609.3213	      0.0000
    609.3356	      0.0000
    609.3499	      0.0000
    610.2068	      0.0000
    610.2211	      0.0000
    610.2354	      0.0000
    610.2497	      0.0000
    610.2640	    516.2390
    610.2783	   1192.4042
    610.2926	   1575.5482
    610.3069	   1368.1316
    610.3212	    750.8139
    610.3355	      0.0000
    610.3498	      0.0000
    610.3642	      0.0000
    610.3785	      0.0000
    628.1956	      0.0000
    628.2106	      0.0000
    628.2255	      0.0000
    628.2404	      0.0000
    628.2554	   1115.7651
    628.2703	   2129.2803
    628.2852	   2651.6785
    628.3002	   2299.9353
    628.3151	   1377.1194
    628.3301	    531.7490
    628.3450	      0.0000
    628.3599	      0.0000
    628.3749	      0.0000
    628.3898	      0.0000
    628.7037	      0.0000
    628.7187	      0.0000
    628.7336	      0.0000
    628.7486	      0.0000
    628.7635	    648.0167
    628.7785	   1298.5892
    628.7934	   1585.8914
    628.8084	   1291.7294
    628.8234	    663.4047
    628.8347	      0.0000
    628.8497	      0.0000
    628.8646	      0.0000
    628.8796	      0.0000
    634.1633	      0.0000
    634.1785	      0.0000
    634.1936	      0.0000
    634.2088	      0.0000
    634.2239	      0.0000
    634.2391	   1231.5963
    634.2542	   4485.5488
    634.2694	   7957.6909
    634.2845	  10655.9180
    634.2997	   8705.9941
    634.3148	   5208.8628
    634.3300	   2072.4714
    634.3451	    514.6402
    634.3639	      0.0000
    634.3791	      0.0000
    634.3942	      0.0000
    634.4094	      0.0000
    634.6823	      0.0000
    634.6975	      0.0000
    634.7126	      0.0000
    634.7278	      0.0000
    634.7430	    726.9122
    634.7581	   2636.0271
    634.7733	   4642.4048
    634.7885	   6021.7700
    634.8036	   4482.5869
    634.8188	   2409.2349
    634.8340	    893.5695
    634.8491	      0.0000
    634.8643	      0.0000
    634.8795	      0.0000
    634.8947	      0.0000
    635.1983	      0.0000
    635.2134	      0.0000
    635.2286	      0.0000
    635.2438	      0.0000
    635.2590	    545.7634
    635.2742	   1140.9462
    635.2894	   1545.8890
    635.3046	   1493.8444
    635.3198	   1018.4339
    635.3350	      0.0000
    635.3501	      0.0000
    635.3653	      0.0000
    635.3805	      0.0000
    641.2545	      0.0000
    641.2699	      0.0000
    641.2853	      0.0000
    641.3007	      0.0000
    641.3161	    783.8077
    641.3315	   1303.5808
    641.3470	   1472.6455
    641.3624	   1165.6641
    641.3778	    605.4922
    641.3932	      0.0000
    641.4086	      0.0000
    641.4240	      0.0000
    641.4394	      0.0000
    643.1069	      0.0000
    643.1223	      0.0000
    643.1378	      0.0000
    643.1533	      0.0000
    643.1687	    218.7042
    643.1842	   1792.9075
    643.1997	   1212.5950
    643.2173	   1367.3422
    643.2328	   2613.7668
    643.2483	   7759.5186
    643.2637	  21890.5313
    643.2792	  37107.6719
    643.2947	  47132.0664
    643.3102	  35769.6445
    643.3256	  20458.2090
    643.3411	   6059.2207
    643.3566	   1160.1525
    643.3721	    445.3284
    643.3867	      0.0000
    643.4021	      0.0000
    643.4176	      0.0000
    643.4331	      0.0000
    643.6654	      0.0000
    643.6809	      0.0000
    643.6964	      0.0000
    643.7119	      0.0000
    643.7274	    928.1595
    643.7428	   2633.8982
    643.7583	   8945.5459
    643.7738	  17685.5313
    643.7893	  26554.7793
    643.8048	  25141.9629
    643.8203	  15695.0146
    643.8358	   6987.7803
    643.8513	   1558.7341
    643.8668	    113.4739
    643.8825	      0.0000
    643.8980	      0.0000
    643.9135	      0.0000
    643.9290	      0.0000
    644.1770	      0.0000
    644.1925	      0.0000
    644.2080	      0.0000
    644.2235	      0.0000
    644.2390	    783.2222
    644.2546	   3022.6082
    644.2701	   6565.5054
    644.2856	  10399.1143
    644.3011	  10901.9258
    644.3166	   7180.2754
    644.3321	   3496.8362
    644.3476	    822.6163
    644.3617	      0.0000
    644.3773	      0.0000
    644.3928	      0.0000
    644.4083	      0.0000
    644.6877	      0.0000
    644.7032	      0.0000
    644.7187	      0.0000
    644.7343	      0.0000
    644.7498	    629.0551
    644.7653	   1451.4313
    644.7808	   2199.2561
    644.7964	   2403.4111
    644.8119	   1956.6451
    644.8274	   1187.8309
    644.8430	    521.4189
    644.8585	      0.0000
    644.8740	      0.0000
    644.8896	      0.0000
    644.9051	      0.0000
    648.1641	      0.0000
    648.1798	      0.0000
    648.1954	      0.0000
    648.2111	      0.0000
    648.2267	    408.2237
    648.2424	   1319.7374
    648.2580	   3688.0483
    648.2737	   5836.7661
    648.2893	   5862.8252
    648.3050	   3670.0149
    648.3207	   1614.5345
    648.3363	    489.7089
    648.3520	      0.0000
    648.3676	      0.0000
    648.3833	      0.0000
    648.3990	      0.0000
    648.6809	      0.0000
    648.6966	      0.0000
    648.7123	      0.0000
    648.7280	      0.0000
    648.7436	    755.6414
    648.7593	   1711.6530
    648.7750	   2574.3389
    648.7907	   2713.4600
    648.8063	   2017.0590
    648.8220	   1003.2241
    648.8377	      0.0000
    648.8534	      0.0000
    648.8690	      0.0000
    648.8847	      0.0000
    649.1827	      0.0000
    649.1984	      0.0000
    649.2141	      0.0000
    649.2298	      0.0000
    649.2455	   1093.7430
    649.2612	   2274.1274
    649.2769	   5003.7642
    649.2926	   5269.9004
    649.3082	   3574.1201
    649.3239	   1526.6229
    649.3396	    609.3370
    649.3565	      0.0000
    649.3721	      0.0000
    649.3878	      0.0000
    649.4035	      0.0000
    657.1641	      0.0000
    657.1801	      0.0000
    657.1960	      0.0000
    657.2120	      0.0000
    657.2280	    627.0292
    657.2440	   2661.5640
    657.2600	   7286.2529
    657.2759	  12325.3975
    657.2919	  14778.9893
    657.3079	  10578.3828
    657.3239	   5717.6685
    657.3399	   1471.5643
    657.3559	    120.2790
    657.3707	      0.0000
    657.3867	      0.0000
    657.4027	      0.0000
    657.4187	      0.0000
    657.6746	      0.0000
    657.6906	      0.0000
    657.7066	      0.0000
    657.7226	      0.0000
    657.7386	    876.6310
    657.7546	   2995.5098
    657.7706	   5761.9214
    657.7866	   8245.7217
    657.8026	   6975.3169
    657.8186	   4004.7021
    657.8346	   1250.8480
    657.8506	      0.0000
    657.8666	      0.0000
    657.8826	      0.0000
    657.8986	      0.0000
    657.9146	      0.0000
    658.1868	      0.0000
    658.2029	      0.0000
    658.2189	      0.0000
    658.2349	      0.0000
    658.2509	    892.2428
    658.2669	   1641.5363
    658.2830	   2043.2477
    658.2990	   1746.2290
    658.3150	    937.7101
    658.3311	      0.0000
    658.3471	      0.0000
    658.3631	      0.0000
    658.3791	      0.0000
    701.3119	      0.0000
    701.3295	      0.0000
    701.3471	      0.0000
    701.3648	      0.0000
    701.3824	    740.4373
    701.4000	   1278.6506
    701.4176	   1505.2954
    701.4352	   1222.4869
    701.4529	    613.9668
    701.4705	      0.0000
    701.4881	      0.0000
    701.5057	      0.0000
    701.5234	      0.0000
    703.1830	      0.0000
    703.2007	      0.0000
    703.2184	      0.0000
    703.2361	      0.0000
    703.2538	    699.3598
    703.2714	   1486.0114
    703.2891	   1899.9587
    703.3068	   1591.6129
    703.3245	    825.9196
    703.3422	      0.0000
    703.3599	      0.0000
    703.3776	      0.0000
    703.3953	      0.0000
    728.2789	      0.0000
    728.2976	      0.0000
    728.3162	      0.0000
    728.3348	      0.0000
    728.3535	    749.9564
    728.3721	   1491.4950
    728.3908	   1943.1096
    728.4094	   1750.8728
    728.4281	   1043.9822
    728.4467	      0.0000
    728.4654	      0.0000
    728.4840	      0.0000
    728.5027	      0.0000
    745.1006	      0.0000
    745.1199	      0.0000
    745.1392	      0.0000
    745.1585	      0.0000
    745.1778	    765.2592
    745.1970	   2059.0720
    745.2163	   4153.0718
    745.2356	   6139.7627
    745.2549	   5507.3545
    745.2742	   3390.8740
    745.2935	   1182.7832
    745.3128	    397.1774
    745.3400	      0.0000
    745.3593	      0.0000
    745.3786	      0.0000
    745.3979	      0.0000
    747.1769	      0.0000
    747.1963	      0.0000
    747.2157	      0.0000
    747.2350	      0.0000
    747.2544	    545.3350
    747.2738	   1686.7643
    747.2932	   4697.3008
    747.3126	   8162.8159
    747.3319	  10940.4277
    747.3513	   8731.1191
    747.3707	   4928.6494
    747.3901	   1336.8605
    747.4095	      0.0000
    747.4210	      0.0000
    747.4404	      0.0000
    747.4598	      0.0000
    747.4792	      0.0000
    748.1969	      0.0000
    748.2164	      0.0000
    748.2358	      0.0000
    748.2552	      0.0000
    748.2746	    749.2349
    748.2940	   1565.2500
    748.3134	   2147.7749
    748.3328	   2112.5764
    748.3523	   1492.8461
    748.3717	    702.6910
    748.3950	      0.0000
    748.4144	      0.0000
    748.4339	      0.0000
    748.4533	      0.0000
    862.1603	      0.0000
    862.1843	      0.0000
    862.2083	      0.0000
    862.2323	      0.0000
    862.2563	    520.8888
    862.2803	   1172.6138
    862.3043	   3918.4453
    862.3284	   7005.1270
    862.3524	   9552.8438
    862.3764	   7882.1602
    862.4004	   4597.7744
    862.4245	   1520.1694
    862.4485	      5.4212
    862.4687	      0.0000
    862.4927	      0.0000
    862.5168	      0.0000
    862.5408	      0.0000
    863.1899	      0.0000
    863.2140	      0.0000
    863.2380	      0.0000
    863.2621	      0.0000
    863.2861	    418.0001
    863.3102	   1132.2180
    863.3343	   1903.0645
    863.3583	   2187.5693
    863.3824	   1765.0503
    863.4065	    961.4302
    863.4305	      0.0000
    863.4546	      0.0000
    863.4787	      0.0000
    863.5027	      0.0000
    887.2059	      0.0000
    887.2310	      0.0000
    887.2561	      0.0000
    887.2811	      0.0000
    887.3062	    651.1603
    887.3313	   3044.0640
    887.3564	   5472.3774
    887.3814	   6909.0610
    887.4065	   4998.5288
    887.4316	   2607.8833
    887.4567	    595.7974
    887.4817	      0.0000
    887.5068	      0.0000
    887.5319	      0.0000
    887.5570	      0.0000
    902.3877	      0.0000
    902.4134	      0.0000
    902.4391	      0.0000
    902.4648	      0.0000
    902.4906	    891.5471
    902.5163	   1374.2949
    902.5420	   1500.0773
    902.5677	   1185.3624
    902.5934	    635.7062
    902.6192	      0.0000
    902.6449	      0.0000
    902.6706	      0.0000
    902.6963	      0.0000
    905.2227	      0.0000
    905.2486	      0.0000
    905.2744	      0.0000
    905.3002	      0.0000
    905.3261	    427.9025
    905.3519	   1099.5308
    905.3778	   1743.4883
    905.4036	   1939.6659
    905.4294	   1538.7040
    905.4553	    812.7146
    905.4812	      0.0000
    905.5070	      0.0000
    905.5328	      0.0000
    905.5587	      0.0000
    934.2148	      0.0000
    934.2419	      0.0000
    934.2690	      0.0000
    934.2961	      0.0000
    934.3232	    421.8440
    934.3503	   1120.9130
    934.3774	   1693.8254
    934.4045	   1743.9957
    934.4315	   1247.9131
    934.4586	    562.2785
    934.4858	      0.0000
    934.5129	      0.0000
    934.5400	      0.0000
    934.5671	      0.0000
    944.2073	      0.0000
    944.2348	      0.0000
    944.2624	      0.0000
    944.2899	      0.0000
    944.3174	    477.6259
    944.3449	   1300.0786
    944.3725	   2209.6987
    944.4000	   2618.9766
    944.4275	   2228.7710
    944.4551	   1331.0688
    944.4826	    503.2307
    944.5101	      0.0000
    944.5377	      0.0000
    944.5652	      0.0000
    944.5927	      0.0000
    945.2264	      0.0000
    945.2540	      0.0000
    945.2815	      0.0000
    945.3091	      0.0000
    945.3367	    958.6129
    945.3642	   1667.3013
    945.3918	   1998.8434
    945.4194	   1707.5919
    945.4470	   1007.1678
    945.4745	      0.0000
    945.5021	      0.0000
    945.5297	      0.0000
    945.5573	      0.0000
    962.2398	      0.0000
    962.2681	      0.0000
    962.2964	      0.0000
    962.3247	      0.0000
    962.3530	    386.2274
    962.3813	   1214.6724
    962.4097	   1779.3337
    962.4380	   1702.2216
    962.4663	   1134.5939
    962.4946	    519.0452
    962.5230	      0.0000
    962.5513	      0.0000
    962.5796	      0.0000
    962.6079	      0.0000
    976.2933	      0.0000
    976.3222	      0.0000
    976.3512	      0.0000
    976.3801	      0.0000
    976.4091	    961.3527
    976.4380	   1664.1626
    976.4669	   1912.5448
    976.4959	   1497.2771
    976.5248	    729.4943
    976.5462	      0.0000
    976.5751	      0.0000
    976.6041	      0.0000
    976.6330	      0.0000
   1002.1651	      0.0000
   1002.1952	      0.0000
   1002.2253	      0.0000
   1002.2554	      0.0000
   1002.2855	    592.5193
   1002.3156	   1642.1508
   1002.3457	   4331.0039
   1002.3758	   7201.5356
   1002.4059	   8517.4707
   1002.4360	   6261.1880
   1002.4661	   3540.3701
   1002.4962	    897.3906
   1002.5340	      0.0000
   1002.5641	      0.0000
   1002.5942	      0.0000
   1002.6243	      0.0000
   1003.1967	      0.0000
   1003.2268	      0.0000
   1003.2570	      0.0000
   1003.2871	      0.0000
   1003.3173	    424.6149
   1003.3474	   1253.3112
   1003.3776	   2413.4780
   1003.4077	   4569.4790
   1003.4379	   4160.3408
   1003.4680	   1913.5879
   1003.4982	    842.1469
   1003.5283	      0.0000
   1003.5585	      0.0000
   1003.5886	      0.0000
   1003.6188	      0.0000
   1020.1974	      0.0000
   1020.2283	      0.0000
   1020.2592	      0.0000
   1020.2901	      0.0000
   1020.3210	    912.6683
   1020.3519	   2832.8186
   1020.3828	   5045.2397
   1020.4138	   6648.5327
   1020.4447	   5316.0386
   1020.4756	   3111.0037
   1020.5065	    954.9639
   1020.5374	      0.0000
   1020.5684	      0.0000
   1020.5993	      0.0000
   1020.6302	      0.0000
   1021.2181	      0.0000
   1021.2491	      0.0000
   1021.2800	      0.0000
   1021.3110	      0.0000
   1021.3419	    856.1024
   1021.3729	   1849.2953
   1021.4039	   2683.5374
   1021.4348	   2789.2288
   1021.4658	   2097.6890
   1021.4968	   1112.3801
   1021.5278	      0.0000
   1021.5587	      0.0000
   1021.5897	      0.0000
   1021.6207	      0.0000
   1049.2390	      0.0000
   1049.2713	      0.0000
   1049.3035	      0.0000
   1049.3358	      0.0000
   1049.3680	   1021.3806
   1049.4002	   1952.3606
   1049.4325	   2487.2358
   1049.4647	   2260.7085
   1049.4970	   1467.5253
   1049.5292	    662.2719
   1049.5616	      0.0000
   1049.5938	      0.0000
   1049.6261	      0.0000
   1049.6583	      0.0000
   1091.2403	      0.0000
   1091.2745	      0.0000
   1091.3087	      0.0000
   1091.3428	      0.0000
   1091.3770	    813.1733
   1091.4112	   2945.7349
   1091.4454	   5188.2485
   1091.4797	   6955.6074
   1091.5139	   5746.7388
   1091.5481	   3449.5483
   1091.5823	   1282.1613
   1091.6165	    502.5834
   1091.6507	      0.0000
   1091.6849	      0.0000
   1091.7191	      0.0000
   1091.7533	      0.0000
   1092.2668	      0.0000
   1092.3010	      0.0000
   1092.3353	      0.0000
   1092.3695	      0.0000
   1092.4037	   1066.7136
   1092.4380	   2025.3124
   1092.4722	   2799.0142
   1092.5065	   2907.1523
   1092.5408	   2284.1790
   1092.5750	   1327.4867
   1092.6093	    558.2700
   1092.6435	      0.0000
   1092.6778	      0.0000
   1092.7121	      0.0000
   1092.7463	      0.0000
   1119.2596	      0.0000
   1119.2951	      0.0000
   1119.3306	      0.0000
   1119.3661	      0.0000
   1119.4016	   1058.7212
   1119.4372	   2117.8689
   1119.4727	   2845.6313
   1119.5082	   2671.6169
   1119.5438	   1746.2684
   1119.5793	    751.2659
   1119.6149	      0.0000
   1119.6504	      0.0000
   1119.6860	      0.0000
   1119.7215	      0.0000
   1196.2165	      0.0000
   1196.2557	      0.0000
   1196.2950	      0.0000
   1196.3342	      0.0000
   1196.3735	   1090.2410
   1196.4127	   3519.8684
   1196.4520	   6078.6670
   1196.4912	   7474.4487
   1196.5305	   5399.0894
   1196.5697	   2887.5393
   1196.6090	    664.1902
   1196.6483	      0.0000
   1196.6875	      0.0000
   1196.7268	      0.0000
   1196.7661	      0.0000
   1197.2375	      0.0000
   1197.2768	      0.0000
   1197.3161	      0.0000
   1197.3553	      0.0000
   1197.3946	    846.5498
   1197.4340	   1776.3875
   1197.4733	   2539.4021
   1197.5126	   2594.0098
   1197.5519	   1873.8810
   1197.5912	    895.4185
   1197.6305	      0.0000
   1197.6698	      0.0000
   1197.7091	      0.0000
   1197.7484	      0.0000
   1510.1278	      0.0000
   1510.1835	      0.0000
   1510.2391	      0.0000
   1510.2948	      0.0000
