# ljz_20131022_MR_Chym1_ELUTE.mzML
#
# index: 3860
# id: controllerType=0 controllerNumber=1 scan=9897
# scanNumber: 9897
# massAnalyzerType: quadrupole
# scanEvent: 2
# msLevel: 2
# retentionTime: 2506.85
# filterString: FTMS + p NSI d Full ms2 365.66@hcd28.00 [100.00-765.00]
# mzLow: 99.0036
# mzHigh: 772.78
# basePeakMZ: 136.076
# basePeakIntensity: 75356.4
# totalIonCurrent: 365006
# precursorCount: 1
# precursor 0: 365.664 857807
# binary (1383): 
     99.0036	      0.0000
     99.0045	      0.0000
     99.0055	      0.0000
     99.0064	      0.0000
    101.0012	      0.0000
    101.0022	      0.0000
    101.0031	      0.0000
    101.0041	      0.0000
    101.0051	    389.0651
    101.0060	    750.9343
    101.0070	    888.4528
    101.0079	    695.8098
    101.0089	    327.1401
    101.0098	      0.0000
    101.0108	      0.0000
    101.0118	      0.0000
    101.0127	      0.0000
    104.0645	      0.0000
    104.0655	      0.0000
    104.0665	      0.0000
    104.0675	      0.0000
    104.0685	    337.3231
    104.0695	    735.9297
    104.0705	    978.3434
    104.0715	    870.7251
    104.0726	    492.7856
    104.0735	      0.0000
    104.0746	      0.0000
    104.0756	      0.0000
    104.0766	      0.0000
    105.1677	      0.0000
    105.1688	      0.0000
    105.1698	      0.0000
    105.1708	      0.0000
    105.1718	    385.9921
    105.1729	    684.8876
    105.1739	    810.9807
    105.1749	    675.9065
    105.1759	    383.5843
    105.1769	      0.0000
    105.1780	      0.0000
    105.1790	      0.0000
    105.1800	      0.0000
    107.0431	      0.0000
    107.0441	      0.0000
    107.0452	      0.0000
    107.0462	      0.0000
    107.0473	    591.5927
    107.0483	   1288.3718
    107.0494	   1724.2996
    107.0504	   1552.7650
    107.0515	    927.6045
    107.0525	    324.6508
    107.0536	      0.0000
    107.0546	      0.0000
    107.0557	      0.0000
    107.0567	      0.0000
    110.0648	      0.0000
    110.0659	      0.0000
    110.0670	      0.0000
    110.0681	      0.0000
    110.0692	    492.9458
    110.0703	    931.8481
    110.0714	   1191.9071
    110.0725	   1079.2876
    110.0736	    672.5641
    110.0747	    241.5876
    110.0758	      0.0000
    110.0769	      0.0000
    110.0780	      0.0000
    110.0791	      0.0000
    112.0789	      0.0000
    112.0800	      0.0000
    112.0812	      0.0000
    112.0823	      0.0000
    112.0834	    292.9836
    112.0845	    854.2296
    112.0857	   2426.1199
    112.0868	   3820.7749
    112.0879	   3985.5620
    112.0890	   2562.4346
    112.0902	   1141.6855
    112.0913	    514.1757
    112.0924	      0.0000
    112.0935	      0.0000
    112.0946	      0.0000
    112.0958	      0.0000
    115.0436	      0.0000
    115.0448	      0.0000
    115.0459	      0.0000
    115.0471	      0.0000
    115.0483	    389.9882
    115.0494	    839.1952
    115.0506	   1096.2684
    115.0518	    969.0902
    115.0530	    564.0624
    115.0541	      0.0000
    115.0553	      0.0000
    115.0565	      0.0000
    115.0576	      0.0000
    115.0811	      0.0000
    115.0822	      0.0000
    115.0834	      0.0000
    115.0846	      0.0000
    115.0857	    565.9746
    115.0869	    804.9756
    115.0881	    865.4225
    115.0893	    699.0010
    115.0904	    400.5745
    115.0916	      0.0000
    115.0927	      0.0000
    115.0939	      0.0000
    115.0951	      0.0000
    119.0400	      0.0000
    119.0412	      0.0000
    119.0425	      0.0000
    119.0437	      0.0000
    119.0449	    305.7509
    119.0462	    888.5423
    119.0474	   2447.0959
    119.0486	   3892.6992
    119.0499	   4165.8281
    119.0511	   2776.1064
    119.0523	   1341.1730
    119.0536	    413.6472
    119.0548	      0.0000
    119.0560	      0.0000
    119.0573	      0.0000
    119.0585	      0.0000
    120.0717	      0.0000
    120.0729	      0.0000
    120.0742	      0.0000
    120.0754	      0.0000
    120.0767	    504.8099
    120.0779	   1509.9332
    120.0791	   3429.3037
    120.0804	   5487.8564
    120.0816	   5703.9536
    120.0829	   3656.8740
    120.0841	   1646.4877
    120.0854	    278.8633
    120.0866	      0.0000
    120.0879	      0.0000
    120.0891	      0.0000
    120.0904	      0.0000
    122.0719	      0.0000
    122.0732	      0.0000
    122.0745	      0.0000
    122.0757	      0.0000
    122.0770	    482.5096
    122.0783	   1074.5691
    122.0796	   2507.2578
    122.0809	   4030.1453
    122.0821	   3943.4243
    122.0834	   2490.5344
    122.0847	    927.2199
    122.0860	    316.5757
    122.0872	      0.0000
    122.0885	      0.0000
    122.0898	      0.0000
    122.0911	      0.0000
    123.0358	      0.0000
    123.0371	      0.0000
    123.0384	      0.0000
    123.0397	      0.0000
    123.0410	    555.9207
    123.0423	   1334.4568
    123.0435	   2960.5435
    123.0448	   3656.0042
    123.0461	   2618.3818
    123.0474	   1252.0343
    123.0487	    522.4246
    123.0500	      0.0000
    123.0513	      0.0000
    123.0526	      0.0000
    123.0539	      0.0000
    127.0770	      0.0000
    127.0784	      0.0000
    127.0797	      0.0000
    127.0811	      0.0000
    127.0825	    530.9900
    127.0838	   2075.7144
    127.0852	   4105.7744
    127.0865	   6120.4746
    127.0879	   5634.8301
    127.0893	   3392.2637
    127.0906	   1335.3010
    127.0920	    112.2647
    127.0938	      0.0000
    127.0951	      0.0000
    127.0965	      0.0000
    127.0979	      0.0000
    129.0918	      0.0000
    129.0932	      0.0000
    129.0946	      0.0000
    129.0959	      0.0000
    129.0973	    394.6925
    129.0987	   1151.6810
    129.1001	   3458.7644
    129.1015	   6133.5381
    129.1029	   8232.3984
    129.1043	   6542.8320
    129.1057	   3721.6094
    129.1071	   1015.1424
    129.1085	      0.0000
    129.1094	      0.0000
    129.1108	      0.0000
    129.1122	      0.0000
    129.1136	      0.0000
    130.0777	      0.0000
    130.0792	      0.0000
    130.0806	      0.0000
    130.0820	      0.0000
    130.0834	    317.6830
    130.0848	    768.9549
    130.0862	   1178.6544
    130.0876	   1273.0544
    130.0890	    998.7451
    130.0904	    551.9623
    130.0918	      0.0000
    130.0932	      0.0000
    130.0946	      0.0000
    130.0960	      0.0000
    132.0820	      0.0000
    132.0834	      0.0000
    132.0848	      0.0000
    132.0863	      0.0000
    132.0877	    450.6424
    132.0892	    856.1005
    132.0906	   1277.3373
    132.0920	   1538.5837
    132.0935	   1469.8660
    132.0949	   1058.8579
    132.0964	    537.8425
    132.0978	      0.0000
    132.0992	      0.0000
    132.1007	      0.0000
    132.1021	      0.0000
    133.0520	      0.0000
    133.0534	      0.0000
    133.0549	      0.0000
    133.0564	      0.0000
    133.0578	    367.0078
    133.0593	    784.7048
    133.0607	   1042.1740
    133.0622	    926.2312
    133.0636	    522.7807
    133.0651	      0.0000
    133.0665	      0.0000
    133.0680	      0.0000
    133.0694	      0.0000
    135.0586	      0.0000
    135.0601	      0.0000
    135.0616	      0.0000
    135.0631	      0.0000
    135.0645	    368.2267
    135.0660	    810.2491
    135.0675	   1164.6772
    135.0690	   1163.7429
    135.0705	    801.4366
    135.0720	    335.5485
    135.0737	      0.0000
    135.0752	      0.0000
    135.0767	      0.0000
    135.0782	      0.0000
    136.0604	      0.0000
    136.0619	      0.0000
    136.0634	      0.0000
    136.0649	      0.0000
    136.0664	    249.6935
    136.0679	   1460.7732
    136.0694	   2780.8350
    136.0709	   7501.0679
    136.0724	  23178.8828
    136.0740	  46815.3750
    136.0755	  71979.6641
    136.0770	  72243.7578
    136.0785	  46561.3477
    136.0800	  22230.7637
    136.0815	   5310.6724
    136.0830	    740.7564
    136.0845	    630.6104
    136.0857	      0.0000
    136.0872	      0.0000
    136.0887	      0.0000
    136.0902	      0.0000
    137.0683	      0.0000
    137.0698	      0.0000
    137.0713	      0.0000
    137.0729	      0.0000
    137.0744	    406.8018
    137.0759	   1152.7306
    137.0774	   2860.0479
    137.0790	   4131.0479
    137.0805	   3621.4683
    137.0820	   2137.2632
    137.0835	    821.7094
    137.0850	    290.2130
    137.0866	      0.0000
    137.0881	      0.0000
    137.0896	      0.0000
    137.0912	      0.0000
    143.0345	      0.0000
    143.0361	      0.0000
    143.0377	      0.0000
    143.0393	      0.0000
    143.0409	    257.1227
    143.0426	    723.7916
    143.0442	   1232.7196
    143.0458	   1395.1582
    143.0474	   1083.4635
    143.0491	    546.3948
    143.0507	      0.0000
    143.0523	      0.0000
    143.0539	      0.0000
    143.0556	      0.0000
    143.1075	      0.0000
    143.1091	      0.0000
    143.1107	      0.0000
    143.1124	      0.0000
    143.1140	    317.6280
    143.1156	    761.6012
    143.1172	   1093.4795
    143.1189	   1067.9844
    143.1205	    711.9949
    143.1221	    289.2533
    143.1237	      0.0000
    143.1253	      0.0000
    143.1270	      0.0000
    143.1286	      0.0000
    147.0334	      0.0000
    147.0351	      0.0000
    147.0368	      0.0000
    147.0385	      0.0000
    147.0402	    363.5734
    147.0419	   1012.2231
    147.0435	   1628.5609
    147.0452	   1742.6561
    147.0469	   1280.8479
    147.0486	    623.9451
    147.0503	      0.0000
    147.0520	      0.0000
    147.0537	      0.0000
    147.0554	      0.0000
    148.0260	      0.0000
    148.0277	      0.0000
    148.0294	      0.0000
    148.0311	      0.0000
    148.0329	    521.5265
    148.0346	    986.6142
    148.0363	   1274.0986
    148.0380	   1171.1133
    148.0397	    743.9783
    148.0414	    281.0047
    148.0432	      0.0000
    148.0449	      0.0000
    148.0466	      0.0000
    148.0483	      0.0000
    149.0115	      0.0000
    149.0133	      0.0000
    149.0150	      0.0000
    149.0167	      0.0000
    149.0185	    525.6656
    149.0202	   1108.1266
    149.0219	   1591.7111
    149.0236	   1633.3461
    149.0254	   1180.2589
    149.0271	    551.1582
    149.0287	      0.0000
    149.0305	      0.0000
    149.0322	      0.0000
    149.0339	      0.0000
    155.6619	      0.0000
    155.6637	      0.0000
    155.6655	      0.0000
    155.6674	      0.0000
    155.6692	    533.4896
    155.6711	    915.9515
    155.6729	   1099.7789
    155.6747	    958.5873
    155.6766	    584.0581
    155.6785	      0.0000
    155.6803	      0.0000
    155.6822	      0.0000
    155.6840	      0.0000
    157.0958	      0.0000
    157.0976	      0.0000
    157.0995	      0.0000
    157.1014	      0.0000
    157.1032	    361.8401
    157.1051	    791.7476
    157.1070	   1172.5103
    157.1088	   1239.5283
    157.1107	    926.4078
    157.1126	    442.3944
    157.1144	      0.0000
    157.1163	      0.0000
    157.1181	      0.0000
    157.1200	      0.0000
    160.0484	      0.0000
    160.0504	      0.0000
    160.0523	      0.0000
    160.0542	      0.0000
    160.0561	    471.3690
    160.0580	    782.5804
    160.0600	    908.2521
    160.0619	    752.3171
    160.0638	    425.6689
    160.0660	      0.0000
    160.0680	      0.0000
    160.0699	      0.0000
    160.0718	      0.0000
    165.0389	      0.0000
    165.0409	      0.0000
    165.0429	      0.0000
    165.0449	      0.0000
    165.0469	    467.7992
    165.0489	   2191.7427
    165.0509	   7186.8804
    165.0530	  12835.8662
    165.0550	  17377.9004
    165.0570	  14094.1963
    165.0590	   8314.2461
    165.0610	   2827.4028
    165.0630	    741.5777
    165.0650	    523.5599
    165.0668	      0.0000
    165.0688	      0.0000
    165.0708	      0.0000
    165.0728	      0.0000
    167.0314	      0.0000
    167.0334	      0.0000
    167.0355	      0.0000
    167.0375	      0.0000
    167.0396	    280.6148
    167.0416	    847.3928
    167.0437	   1523.3569
    167.0457	   1840.3051
    167.0478	   1532.9307
    167.0498	    833.3478
    167.0519	    244.5342
    167.0539	      0.0000
    167.0559	      0.0000
    167.0580	      0.0000
    167.0600	      0.0000
    181.0007	      0.0000
    181.0030	      0.0000
    181.0053	      0.0000
    181.0076	      0.0000
    181.0099	    329.4657
    181.0122	    898.6205
    181.0145	   1531.1649
    181.0168	   1789.9269
    181.0191	   1480.2694
    181.0214	    839.4092
    181.0238	    289.1813
    181.0261	      0.0000
    181.0284	      0.0000
    181.0307	      0.0000
    181.0330	      0.0000
    182.0609	      0.0000
    182.0632	      0.0000
    182.0656	      0.0000
    182.0679	      0.0000
    182.0702	    353.9926
    182.0726	    988.5942
    182.0749	   3800.7744
    182.0772	   9727.6650
    182.0795	  16108.8779
    182.0819	  19123.3379
    182.0842	  13825.9707
    182.0865	   7618.0806
    182.0889	   2300.3154
    182.0912	    512.2547
    182.0936	      0.0000
    182.0959	      0.0000
    182.0982	      0.0000
    182.1006	      0.0000
    183.0412	      0.0000
    183.0436	      0.0000
    183.0459	      0.0000
    183.0483	      0.0000
    183.0506	    555.8503
    183.0530	   1725.5400
    183.0553	   3524.4197
    183.0577	   5409.9375
    183.0600	   5410.3921
    183.0624	   3405.8086
    183.0647	   1534.8323
    183.0671	    173.7439
    183.0694	     14.7903
    183.0718	    718.6907
    183.0741	   1603.3276
    183.0765	   1569.5974
    183.0788	   1094.6514
    183.0812	    494.6159
    183.0841	      0.0000
    183.0865	      0.0000
    183.0888	      0.0000
    183.0912	      0.0000
    185.0382	      0.0000
    185.0406	      0.0000
    185.0430	      0.0000
    185.0454	      0.0000
    185.0478	    416.7062
    185.0501	   1657.7593
    185.0525	   3709.5520
    185.0549	   5947.3525
    185.0573	   6446.4229
    185.0597	   4294.5200
    185.0621	   2078.1130
    185.0645	    379.2717
    185.0662	      0.0000
    185.0686	      0.0000
    185.0710	      0.0000
    185.0734	      0.0000
    185.1140	      0.0000
    185.1164	      0.0000
    185.1188	      0.0000
    185.1212	      0.0000
    185.1236	    313.2583
    185.1260	    761.6774
    185.1283	   1056.6991
    185.1307	    932.0280
    185.1331	    481.6824
    185.1355	      0.0000
    185.1379	      0.0000
    185.1403	      0.0000
    185.1427	      0.0000
    195.0248	      0.0000
    195.0273	      0.0000
    195.0299	      0.0000
    195.0325	      0.0000
    195.0351	    587.5550
    195.0377	   1005.1785
    195.0403	   1232.7086
    195.0428	   1129.8352
    195.0454	    772.0258
    195.0480	    374.6462
    195.0506	      0.0000
    195.0532	      0.0000
    195.0557	      0.0000
    195.0583	      0.0000
    200.0838	      0.0000
    200.0865	      0.0000
    200.0892	      0.0000
    200.0918	      0.0000
    200.0945	    168.1715
    200.0972	    763.9230
    200.0999	   1659.8475
    200.1026	   3387.7026
    200.1053	   2847.1426
    200.1080	   1492.6946
    200.1106	    706.5989
    200.1133	    264.1174
    200.1160	      0.0000
    200.1187	      0.0000
    200.1214	      0.0000
    200.1241	      0.0000
    200.1268	      0.0000
    200.1294	      0.0000
    200.1321	      0.0000
    200.1348	    383.2621
    200.1375	    755.6654
    200.1402	    918.0949
    200.1429	    741.5884
    200.1456	    371.5886
    200.1482	      0.0000
    200.1509	      0.0000
    200.1536	      0.0000
    200.1563	      0.0000
    203.0369	      0.0000
    203.0396	      0.0000
    203.0424	      0.0000
    203.0451	      0.0000
    203.0479	    587.0428
    203.0506	   1163.0182
    203.0533	   1428.5320
    203.0561	   1189.3767
    203.0588	    650.2129
    203.0617	      0.0000
    203.0644	      0.0000
    203.0671	      0.0000
    203.0699	      0.0000
    207.0951	      0.0000
    207.0980	      0.0000
    207.1008	      0.0000
    207.1036	      0.0000
    207.1064	    281.0833
    207.1093	    720.2975
    207.1121	   1017.5084
    207.1149	    930.0184
    207.1177	    531.2424
    207.1211	      0.0000
    207.1239	      0.0000
    207.1268	      0.0000
    207.1296	      0.0000
    222.5791	      0.0000
    222.5822	      0.0000
    222.5854	      0.0000
    222.5885	      0.0000
    222.5917	    109.9112
    222.5948	   1033.9330
    222.5980	   3245.8555
    222.6011	   5671.0605
    222.6043	   7101.4814
    222.6074	   5146.6807
    222.6106	   2720.2419
    222.6137	    536.3142
    222.6164	      0.0000
    222.6195	      0.0000
    222.6227	      0.0000
    222.6258	      0.0000
    227.1163	      0.0000
    227.1196	      0.0000
    227.1228	      0.0000
    227.1261	      0.0000
    227.1293	    452.4831
    227.1326	   1073.1113
    227.1358	   1734.1357
    227.1391	   2015.9932
    227.1423	   1706.5817
    227.1456	   1018.7988
    227.1488	    406.7638
    227.1521	      0.0000
    227.1554	      0.0000
    227.1586	      0.0000
    227.1619	      0.0000
    235.0724	      0.0000
    235.0758	      0.0000
    235.0792	      0.0000
    235.0827	      0.0000
    235.0861	    409.4831
    235.0895	    904.2988
    235.0929	   1212.4600
    235.0963	   1072.1851
    235.0998	    588.8378
    235.1032	      0.0000
    235.1066	      0.0000
    235.1100	      0.0000
    235.1134	      0.0000
    237.0748	      0.0000
    237.0782	      0.0000
    237.0817	      0.0000
    237.0852	      0.0000
    237.0886	    281.1143
    237.0921	    737.9823
    237.0955	   1238.7322
    237.0990	   1452.7472
    237.1025	   1196.5004
    237.1059	    647.1287
    237.1095	      0.0000
    237.1130	      0.0000
    237.1164	      0.0000
    237.1199	      0.0000
    243.5837	      0.0000
    243.5873	      0.0000
    243.5909	      0.0000
    243.5946	      0.0000
    243.5982	    359.1114
    243.6018	    901.3098
    243.6054	   1442.5254
    243.6090	   1640.7777
    243.6126	   1344.5659
    243.6162	    770.1055
    243.6198	    309.3496
    243.6234	      0.0000
    243.6270	      0.0000
    243.6306	      0.0000
    243.6342	      0.0000
    244.1292	      0.0000
    244.1328	      0.0000
    244.1364	      0.0000
    244.1400	      0.0000
    244.1436	    324.4753
    244.1472	    802.8105
    244.1509	   1298.8512
    244.1545	   1491.6045
    244.1581	   1219.2682
    244.1617	    676.6636
    244.1656	      0.0000
    244.1692	      0.0000
    244.1728	      0.0000
    244.1764	      0.0000
    246.0620	      0.0000
    246.0657	      0.0000
    246.0694	      0.0000
    246.0730	      0.0000
    246.0767	    347.5707
    246.0803	   1188.5164
    246.0840	   3938.7954
    246.0877	   6944.1655
    246.0913	   9094.8525
    246.0950	   6957.5259
    246.0986	   3888.2129
    246.1023	   1034.7797
    246.1060	     83.6365
    246.1094	      0.0000
    246.1130	      0.0000
    246.1167	      0.0000
    246.1203	      0.0000
    252.5886	      0.0000
    252.5924	      0.0000
    252.5962	      0.0000
    252.6000	      0.0000
    252.6038	    488.7727
    252.6076	   1075.9619
    252.6114	   1575.1149
    252.6152	   1645.9119
    252.6190	   1229.5773
    252.6228	    617.4991
    252.6266	      0.0000
    252.6304	      0.0000
    252.6342	      0.0000
    252.6381	      0.0000
    254.0955	      0.0000
    254.0994	      0.0000
    254.1032	      0.0000
    254.1071	      0.0000
    254.1109	    318.5397
    254.1147	    908.5842
    254.1186	   2450.8320
    254.1224	   4126.3770
    254.1263	   4547.1167
    254.1301	   2994.7036
    254.1340	   1441.8573
    254.1378	    462.4295
    254.1417	      0.0000
    254.1456	      0.0000
    254.1494	      0.0000
    254.1532	      0.0000
    271.1231	      0.0000
    271.1273	      0.0000
    271.1316	      0.0000
    271.1358	      0.0000
    271.1400	    566.5309
    271.1443	   1238.3236
    271.1485	   1996.2491
    271.1527	   3820.6277
    271.1570	   2878.8796
    271.1612	   1620.5208
    271.1655	    587.8121
    271.1697	      0.0000
    271.1739	      0.0000
    271.1781	      0.0000
    271.1824	      0.0000
    275.1262	      0.0000
    275.1305	      0.0000
    275.1348	      0.0000
    275.1392	      0.0000
    275.1435	    661.1646
    275.1478	   1148.0908
    275.1521	   1284.0936
    275.1565	    951.8114
    275.1608	    429.0606
    275.1652	      0.0000
    275.1695	      0.0000
    275.1739	      0.0000
    275.1782	      0.0000
    291.5956	      0.0000
    291.6003	      0.0000
    291.6050	      0.0000
    291.6098	      0.0000
    291.6145	    383.8275
    291.6192	    733.0386
    291.6239	    949.4796
    291.6286	    883.7493
    291.6334	    578.5748
    291.6381	      0.0000
    291.6428	      0.0000
    291.6475	      0.0000
    291.6523	      0.0000
    292.1442	      0.0000
    292.1490	      0.0000
    292.1537	      0.0000
    292.1584	      0.0000
    292.1632	    302.4013
    292.1679	    831.0291
    292.1727	   1458.5647
    292.1774	   1777.4105
    292.1821	   1549.0902
    292.1869	    939.1382
    292.1916	    366.2058
    292.1965	      0.0000
    292.2012	      0.0000
    292.2059	      0.0000
    292.2107	      0.0000
    302.0866	      0.0000
    302.0916	      0.0000
    302.0966	      0.0000
    302.1015	      0.0000
    302.1065	    430.2473
    302.1115	    756.9830
    302.1165	    903.0205
    302.1215	    751.2925
    302.1264	    402.1606
    302.1314	      0.0000
    302.1364	      0.0000
    302.1414	      0.0000
    302.1464	      0.0000
    303.0451	      0.0000
    303.0501	      0.0000
    303.0551	      0.0000
    303.0601	      0.0000
    303.0651	    428.6186
    303.0701	   1106.6671
    303.0751	   1883.0835
    303.0801	   3552.7822
    303.0851	   2003.9226
    303.0901	   1265.8588
    303.0951	    535.8763
    303.1001	      0.0000
    303.1051	      0.0000
    303.1101	      0.0000
    303.1151	      0.0000
    307.0883	      0.0000
    307.0934	      0.0000
    307.0985	      0.0000
    307.1036	      0.0000
    307.1087	    605.9305
    307.1138	    975.9389
    307.1189	   1056.2163
    307.1240	    793.6041
    307.1291	    382.8772
    307.1342	      0.0000
    307.1393	      0.0000
    307.1444	      0.0000
    307.1495	      0.0000
    309.0887	      0.0000
    309.0939	      0.0000
    309.0990	      0.0000
    309.1042	      0.0000
    309.1093	    234.5112
    309.1145	    736.2813
    309.1197	   1339.3628
    309.1248	   1732.3425
    309.1300	   1661.1227
    309.1351	   1166.2222
    309.1403	    565.5194
    309.1454	      0.0000
    309.1506	      0.0000
    309.1557	      0.0000
    309.1609	      0.0000
    311.6039	      0.0000
    311.6091	      0.0000
    311.6143	      0.0000
    311.6195	      0.0000
    311.6247	    396.6428
    311.6300	    733.4233
    311.6352	    859.1855
    311.6404	    708.2375
    311.6456	    412.9654
    311.6510	      0.0000
    311.6562	      0.0000
    311.6614	      0.0000
    311.6666	      0.0000
    315.7085	      0.0000
    315.7138	      0.0000
    315.7192	      0.0000
    315.7245	      0.0000
    315.7298	    467.6975
    315.7351	    795.0350
    315.7404	    925.6484
    315.7458	    768.4230
    315.7511	    431.7431
    315.7564	      0.0000
    315.7617	      0.0000
    315.7670	      0.0000
    315.7724	      0.0000
    320.1390	      0.0000
    320.1444	      0.0000
    320.1499	      0.0000
    320.1553	      0.0000
    320.1607	    710.4428
    320.1662	   1110.4633
    320.1716	   1199.3790
    320.1771	    886.6890
    320.1825	    391.7408
    320.1879	      0.0000
    320.1934	      0.0000
    320.1988	      0.0000
    320.2042	      0.0000
    321.6712	      0.0000
    321.6767	      0.0000
    321.6822	      0.0000
    321.6877	      0.0000
    321.6931	    553.8096
    321.6986	    876.1514
    321.7041	    949.4453
    321.7096	    741.2029
    321.7150	    404.8756
    321.7205	      0.0000
    321.7260	      0.0000
    321.7314	      0.0000
    321.7369	      0.0000
    326.1165	      0.0000
    326.1221	      0.0000
    326.1277	      0.0000
    326.1333	      0.0000
    326.1389	    307.1047
    326.1445	    872.2197
    326.1501	   1536.4275
    326.1557	   1899.8250
    326.1612	   1684.8346
    326.1668	   1038.6021
    326.1724	    414.7631
    326.1780	      0.0000
    326.1836	      0.0000
    326.1892	      0.0000
    326.1948	      0.0000
    331.0371	      0.0000
    331.0428	      0.0000
    331.0485	      0.0000
    331.0542	      0.0000
    331.0599	    330.3078
    331.0656	    811.5943
    331.0714	   1227.8127
    331.0771	   1318.8040
    331.0828	   1028.0503
    331.0885	    548.9245
    331.0942	      0.0000
    331.0999	      0.0000
    331.1056	      0.0000
    331.1113	      0.0000
    338.1481	      0.0000
    338.1540	      0.0000
    338.1599	      0.0000
    338.1658	      0.0000
    338.1717	    579.9833
    338.1776	   1081.9451
    338.1835	   1262.2957
    338.1894	    974.8709
    338.1953	    460.9802
    338.2020	      0.0000
    338.2079	      0.0000
    338.2138	      0.0000
    338.2197	      0.0000
    345.1082	      0.0000
    345.1143	      0.0000
    345.1203	      0.0000
    345.1264	      0.0000
    345.1325	    313.9180
    345.1386	    750.7561
    345.1447	   2412.1528
    345.1507	   4442.0483
    345.1568	   6390.5190
    345.1629	   5883.0991
    345.1690	   3719.0095
    345.1751	   1677.0150
    345.1812	    508.5685
    345.1866	      0.0000
    345.1927	      0.0000
    345.1988	      0.0000
    345.2048	      0.0000
    349.0450	      0.0000
    349.0512	      0.0000
    349.0574	      0.0000
    349.0636	      0.0000
    349.0698	    329.8709
    349.0759	    864.4967
    349.0821	   1373.1060
    349.0883	   1492.3987
    349.0945	   1122.6135
    349.1007	    535.5331
    349.1069	      0.0000
    349.1131	      0.0000
    349.1192	      0.0000
    349.1254	      0.0000
    350.6152	      0.0000
    350.6214	      0.0000
    350.6277	      0.0000
    350.6339	      0.0000
    350.6401	    475.3294
    350.6464	    854.4720
    350.6526	   1060.7747
    350.6588	    965.4667
    350.6650	    638.4163
    350.6713	      0.0000
    350.6775	      0.0000
    350.6837	      0.0000
    350.6900	      0.0000
    351.0952	      0.0000
    351.1015	      0.0000
    351.1077	      0.0000
    351.1139	      0.0000
    351.1202	    557.7072
    351.1264	   1729.4656
    351.1327	   3438.7854
    351.1389	   5060.6401
    351.1451	   4450.0200
    351.1514	   2622.7590
    351.1576	    912.3792
    351.1639	     27.8302
    351.1701	      0.0000
    351.1763	      0.0000
    351.1826	      0.0000
    351.1888	      0.0000
    358.1449	      0.0000
    358.1513	      0.0000
    358.1577	      0.0000
    358.1641	      0.0000
    358.1706	    590.3541
    358.1770	   1298.2239
    358.1834	   1725.4669
    358.1899	   1505.8408
    358.1963	    837.8101
    358.2027	    239.1449
    358.2093	      0.0000
    358.2158	      0.0000
    358.2222	      0.0000
    358.2286	      0.0000
    365.0583	      0.0000
    365.0649	      0.0000
    365.0715	      0.0000
    365.0781	      0.0000
    365.0847	    296.3445
    365.0913	    808.0628
    365.0980	   1562.6936
    365.1046	   3456.3435
    365.1112	   3840.7600
    365.1178	   2735.7393
    365.1244	   1226.1548
    365.1310	    560.9151
    365.1377	      0.0000
    365.1443	    728.5013
    365.1509	   1296.0094
    365.1575	   1679.0260
    365.1641	   1610.1403
    365.1708	   1129.6250
    365.1774	    567.4012
    365.1840	      0.0000
    365.1906	    652.7062
    365.1972	   1350.0493
    365.2038	   1974.3699
    365.2105	   2098.8142
    365.2171	   1643.9733
    365.2237	    923.1872
    365.2303	    364.2958
    365.2369	      0.0000
    365.2436	      0.0000
    365.2502	      0.0000
    365.2568	      0.0000
    366.0726	      0.0000
    366.0793	      0.0000
    366.0859	      0.0000
    366.0925	      0.0000
    366.0992	    480.0436
    366.1058	    797.3120
    366.1125	    963.9712
    366.1191	    847.8665
    366.1258	    493.4208
    366.1324	      0.0000
    366.1391	      0.0000
    366.1457	      0.0000
    366.1523	      0.0000
    367.1312	      0.0000
    367.1379	      0.0000
    367.1446	      0.0000
    367.1513	      0.0000
    367.1579	    508.8962
    367.1646	   1294.2061
    367.1713	   1923.4741
    367.1779	   1925.2565
    367.1846	   1348.9406
    367.1913	    653.1919
    367.1980	      0.0000
    367.2046	      0.0000
    367.2113	      0.0000
    367.2180	      0.0000
    368.1208	      0.0000
    368.1275	      0.0000
    368.1342	      0.0000
    368.1409	      0.0000
    368.1476	    415.5650
    368.1543	    983.0737
    368.1610	   1626.9056
    368.1677	   1947.6927
    368.1744	   1719.6940
    368.1811	   1100.0430
    368.1878	    485.4110
    368.1943	      0.0000
    368.2010	      0.0000
    368.2077	      0.0000
    368.2144	      0.0000
    369.1007	      0.0000
    369.1074	      0.0000
    369.1141	      0.0000
    369.1209	      0.0000
    369.1276	    676.9320
    369.1343	   2984.0300
    369.1411	   6817.2935
    369.1478	  10972.7705
    369.1545	  11771.3057
    369.1612	   7834.0488
    369.1680	   3919.0601
    369.1747	    996.8867
    369.1814	    245.4877
    369.1902	      0.0000
    369.1970	      0.0000
    369.2037	      0.0000
    369.2104	      0.0000
    386.1148	      0.0000
    386.1220	      0.0000
    386.1292	      0.0000
    386.1364	      0.0000
    386.1436	    382.3907
    386.1508	    844.4341
    386.1580	   2446.4932
    386.1651	   7403.3184
    386.1723	  13373.6895
    386.1795	  18433.2754
    386.1867	  15184.6074
    386.1939	   8861.0508
    386.2011	   2911.9756
    386.2083	    300.5249
    386.2136	      0.0000
    386.2208	      0.0000
    386.2280	      0.0000
    386.2352	      0.0000
    387.1295	      0.0000
    387.1367	      0.0000
    387.1440	      0.0000
    387.1512	      0.0000
    387.1584	    545.2105
    387.1656	    959.4475
    387.1729	   1351.7378
    387.1801	   1512.4095
    387.1873	   1303.8435
    387.1946	    819.9608
    387.2018	    342.5404
    387.2092	      0.0000
    387.2164	      0.0000
    387.2236	      0.0000
    387.2309	      0.0000
    399.1353	      0.0000
    399.1429	      0.0000
    399.1505	      0.0000
    399.1580	      0.0000
    399.1656	    532.3611
    399.1732	    930.4769
    399.1807	   1063.2589
    399.1883	    840.7881
    399.1958	    432.4103
    399.2034	      0.0000
    399.2110	      0.0000
    399.2185	      0.0000
    399.2261	      0.0000
    400.1204	      0.0000
    400.1280	      0.0000
    400.1356	      0.0000
    400.1432	      0.0000
    400.1508	    418.2109
    400.1584	    794.5220
    400.1660	    944.2905
    400.1736	    784.1267
    400.1812	    455.4182
    400.1889	      0.0000
    400.1965	      0.0000
    400.2041	      0.0000
    400.2117	      0.0000
    444.1406	      0.0000
    444.1495	      0.0000
    444.1584	      0.0000
    444.1672	      0.0000
    444.1761	    334.4373
    444.1850	    812.7684
    444.1939	   1230.5132
    444.2028	   1293.8186
    444.2116	    945.7381
    444.2205	    429.2913
    444.2294	      0.0000
    444.2383	      0.0000
    444.2472	      0.0000
    444.2560	      0.0000
    452.1673	      0.0000
    452.1764	      0.0000
    452.1855	      0.0000
    452.1947	      0.0000
    452.2038	    390.3460
    452.2129	    793.8061
    452.2220	    977.1124
    452.2312	    776.8074
    452.2403	    356.4043
    452.2496	      0.0000
    452.2587	      0.0000
    452.2679	      0.0000
    452.2770	      0.0000
    472.1405	      0.0000
    472.1502	      0.0000
    472.1600	      0.0000
    472.1697	      0.0000
    472.1794	    653.4244
    472.1892	   1173.6559
    472.1989	   1371.7952
    472.2086	   1111.1139
    472.2184	    608.1808
    472.2304	      0.0000
    472.2402	      0.0000
    472.2499	      0.0000
    472.2596	      0.0000
    501.1585	      0.0000
    501.1691	      0.0000
    501.1798	      0.0000
    501.1904	      0.0000
    501.2011	    191.8910
    501.2117	    937.8692
    501.2224	   3489.5747
    501.2330	   7130.2051
    501.2436	  10914.4160
    501.2543	  10509.4629
    501.2649	   6537.7471
    501.2756	   2819.6885
    501.2862	    437.7951
    501.2945	      0.0000
    501.3052	      0.0000
    501.3158	      0.0000
    501.3265	      0.0000
    502.1793	      0.0000
    502.1900	      0.0000
    502.2007	      0.0000
    502.2113	      0.0000
    502.2220	    404.1003
    502.2327	    963.4668
    502.2434	   1449.5856
    502.2540	   1538.6705
    502.2647	   1174.5922
    502.2754	    624.9932
    502.2861	      0.0000
    502.2968	      0.0000
    502.3074	      0.0000
    502.3181	      0.0000
    504.1384	      0.0000
    504.1492	      0.0000
    504.1599	      0.0000
    504.1707	      0.0000
    504.1814	    434.3017
    504.1921	   1460.8328
    504.2029	   3066.2729
    504.2136	   4784.7627
    504.2243	   4996.0532
    504.2351	   3305.9583
    504.2458	   1632.4875
    504.2566	    634.2908
    504.2676	      0.0000
    504.2783	      0.0000
    504.2890	      0.0000
    504.2998	      0.0000
    521.1796	      0.0000
    521.1909	      0.0000
    521.2022	      0.0000
    521.2134	      0.0000
    521.2247	    638.2861
    521.2360	   1238.3240
    521.2473	   1603.1395
    521.2586	   1495.4238
    521.2699	   1028.4333
    521.2812	    518.9131
    521.2925	      0.0000
    521.3038	      0.0000
    521.3150	      0.0000
    521.3263	      0.0000
    528.3170	      0.0000
    528.3285	      0.0000
    528.3400	      0.0000
    528.3516	      0.0000
    528.3631	    446.4185
    528.3746	   1018.5165
    528.3861	   1562.2368
    528.3976	   1637.7281
    528.4092	   1159.3837
    528.4207	    496.9904
    528.4322	      0.0000
    528.4437	      0.0000
    528.4553	      0.0000
    528.4668	      0.0000
    532.1271	      0.0000
    532.1387	      0.0000
    532.1504	      0.0000
    532.1620	      0.0000
    532.1737	    346.6370
    532.1853	    900.5107
    532.1969	   2200.2703
    532.2086	   3542.4128
    532.2202	   3603.1704
    532.2319	   2215.9751
    532.2435	   1010.9954
    532.2552	    387.9515
    532.2668	      0.0000
    532.2785	      0.0000
    532.2901	      0.0000
    532.3018	      0.0000
    549.1638	      0.0000
    549.1761	      0.0000
    549.1883	      0.0000
    549.2005	      0.0000
    549.2127	    433.8135
    549.2249	   1108.8588
    549.2371	   1763.1268
    549.2493	   1932.5424
    549.2615	   1518.6344
    549.2737	    847.5154
    549.2859	    328.3254
    549.2982	      0.0000
    549.3104	      0.0000
    549.3226	      0.0000
    549.3348	      0.0000
    579.2260	      0.0000
    579.2392	      0.0000
    579.2524	      0.0000
    579.2656	      0.0000
    579.2789	    188.7424
    579.2921	    773.8105
    579.3053	   1607.5011
    579.3185	   2230.2314
    579.3318	   3147.1243
    579.3450	   1557.4664
    579.3582	    753.5268
    579.3714	      0.0000
    579.3847	      0.0000
    579.3979	      0.0000
    579.4111	      0.0000
    581.1481	      0.0000
    581.1613	      0.0000
    581.1746	      0.0000
    581.1879	      0.0000
    581.2012	    691.3045
    581.2145	   1454.8900
    581.2278	   3138.2695
    581.2411	   3576.8630
    581.2544	   2479.4866
    581.2677	   1140.5115
    581.2810	    460.8709
    581.2943	      0.0000
    581.3076	      0.0000
    581.3209	      0.0000
    581.3342	      0.0000
    615.1843	      0.0000
    615.1987	      0.0000
    615.2132	      0.0000
    615.2277	      0.0000
    615.2422	    559.3613
    615.2566	   2111.9312
    615.2711	   4088.0010
    615.2856	   5953.1953
    615.3001	   5401.7051
    615.3146	   3330.9436
    615.3290	   1391.8221
    615.3435	    475.6760
    615.3580	      0.0000
    615.3725	      0.0000
    615.3869	      0.0000
    615.4014	      0.0000
    616.1986	      0.0000
    616.2132	      0.0000
    616.2277	      0.0000
    616.2422	      0.0000
    616.2567	    513.6363
    616.2712	    868.1941
    616.2857	   1072.6084
    616.3002	    951.5128
    616.3147	    564.3848
    616.3293	      0.0000
    616.3438	      0.0000
    616.3583	      0.0000
    616.3728	      0.0000
    626.1547	      0.0000
    626.1696	      0.0000
    626.1845	      0.0000
    626.1993	      0.0000
    626.2142	    336.5500
    626.2290	    784.6098
    626.2439	   1188.5109
    626.2588	   1253.2515
    626.2736	    907.0690
    626.2885	    389.6146
    626.3034	      0.0000
    626.3182	      0.0000
    626.3331	      0.0000
    626.3480	      0.0000
    772.7192	      0.0000
    772.7395	      0.0000
    772.7599	      0.0000
    772.7803	      0.0000
