# ljz_20131022_MR_Chym1_ELUTE.mzML
#
# index: 4751
# id: controllerType=0 controllerNumber=1 scan=11010
# scanNumber: 11010
# massAnalyzerType: quadrupole
# scanEvent: 2
# msLevel: 2
# retentionTime: 2702.64
# filterString: FTMS + p NSI d Full ms2 500.25@hcd28.00 [100.00-1040.00]
# mzLow: 99.0036
# mzHigh: 1050.59
# basePeakMZ: 129.103
# basePeakIntensity: 49259.8
# totalIonCurrent: 569543
# precursorCount: 1
# precursor 0: 500.252 391667
# binary (1650): 
     99.0036	      0.0000
     99.0045	      0.0000
     99.0055	      0.0000
     99.0064	      0.0000
    100.9993	      0.0000
    101.0002	      0.0000
    101.0012	      0.0000
    101.0022	      0.0000
    101.0031	    328.1152
    101.0041	    878.7476
    101.0050	   1564.6367
    101.0060	   1972.6532
    101.0070	   1769.8129
    101.0079	   1083.5793
    101.0089	    417.6432
    101.0102	      0.0000
    101.0112	      0.0000
    101.0122	      0.0000
    101.0131	      0.0000
    101.0642	      0.0000
    101.0652	      0.0000
    101.0661	      0.0000
    101.0671	      0.0000
    101.0681	    256.9948
    101.0690	    973.3140
    101.0700	   2902.1982
    101.0709	   5283.3052
    101.0719	   7325.1582
    101.0729	   6110.8184
    101.0738	   3530.3721
    101.0748	   1095.0952
    101.0758	      0.0000
    101.0763	      0.0000
    101.0773	      0.0000
    101.0783	      0.0000
    101.0792	      0.0000
    102.0491	      0.0000
    102.0501	      0.0000
    102.0511	      0.0000
    102.0521	      0.0000
    102.0530	    392.5116
    102.0540	    915.7222
    102.0550	   1317.9691
    102.0560	   1348.5968
    102.0569	    994.8906
    102.0579	    501.5024
    102.0589	      0.0000
    102.0599	      0.0000
    102.0609	      0.0000
    102.0618	      0.0000
    103.0152	      0.0000
    103.0162	      0.0000
    103.0172	      0.0000
    103.0182	      0.0000
    103.0192	    668.3488
    103.0202	   1561.9557
    103.0211	   2360.9531
    103.0221	   2472.9163
    103.0231	   1813.6023
    103.0241	    881.5773
    103.0251	    238.2142
    103.0261	      0.0000
    103.0271	      0.0000
    103.0281	      0.0000
    103.0291	      0.0000
    105.0604	      0.0000
    105.0614	      0.0000
    105.0625	      0.0000
    105.0635	      0.0000
    105.0645	    459.6327
    105.0655	    993.3528
    105.0665	   1320.0514
    105.0676	   1203.9099
    105.0686	    749.4722
    105.0696	      0.0000
    105.0706	      0.0000
    105.0716	      0.0000
    105.0726	      0.0000
    107.9608	      0.0000
    107.9618	      0.0000
    107.9629	      0.0000
    107.9640	      0.0000
    107.9650	    582.8118
    107.9661	    902.6449
    107.9672	   1016.5411
    107.9682	    812.0977
    107.9693	    405.8625
    107.9704	      0.0000
    107.9715	      0.0000
    107.9725	      0.0000
    107.9736	      0.0000
    110.0627	      0.0000
    110.0638	      0.0000
    110.0649	      0.0000
    110.0660	      0.0000
    110.0671	    470.0537
    110.0682	   1663.3723
    110.0693	   6369.9697
    110.0704	  13175.8252
    110.0715	  20311.8828
    110.0726	  19790.2852
    110.0737	  12488.7881
    110.0748	   5657.1064
    110.0759	   1314.1338
    110.0770	    268.0139
    110.0780	      0.0000
    110.0790	      0.0000
    110.0801	      0.0000
    110.0812	      0.0000
    112.0800	      0.0000
    112.0812	      0.0000
    112.0823	      0.0000
    112.0834	      0.0000
    112.0845	    449.8708
    112.0857	    985.9717
    112.0868	   1422.7460
    112.0879	   1431.0001
    112.0890	    980.8846
    112.0902	    389.8490
    112.0913	      0.0000
    112.0924	      0.0000
    112.0935	      0.0000
    112.0947	      0.0000
    113.0645	      0.0000
    113.0657	      0.0000
    113.0668	      0.0000
    113.0680	      0.0000
    113.0691	    580.1983
    113.0702	   1118.9397
    113.0714	   1403.3698
    113.0725	   1206.8751
    113.0737	    685.8491
    113.0748	      0.0000
    113.0759	      0.0000
    113.0771	      0.0000
    113.0782	      0.0000
    115.0295	      0.0000
    115.0307	      0.0000
    115.0319	      0.0000
    115.0331	      0.0000
    115.0342	    598.5518
    115.0354	   1222.7052
    115.0366	   1756.0138
    115.0377	   1818.3364
    115.0389	   1337.3937
    115.0401	    647.7153
    115.0412	      0.0000
    115.0424	      0.0000
    115.0436	      0.0000
    115.0447	      0.0000
    117.0582	      0.0000
    117.0595	      0.0000
    117.0607	      0.0000
    117.0619	      0.0000
    117.0631	    436.4442
    117.0643	   1207.9390
    117.0655	   1986.1056
    117.0667	   2182.9814
    117.0679	   1628.2462
    117.0691	    773.9231
    117.0703	    234.2190
    117.0714	      0.0000
    117.0726	      0.0000
    117.0738	      0.0000
    117.0751	      0.0000
    119.0092	      0.0000
    119.0104	      0.0000
    119.0117	      0.0000
    119.0129	      0.0000
    119.0141	    348.0119
    119.0154	    807.7059
    119.0166	   1079.2357
    119.0178	    960.9966
    119.0191	    557.4694
    119.0204	      0.0000
    119.0217	      0.0000
    119.0229	      0.0000
    119.0241	      0.0000
    120.0705	      0.0000
    120.0718	      0.0000
    120.0730	      0.0000
    120.0743	      0.0000
    120.0755	    348.2128
    120.0768	   1131.3726
    120.0780	   3773.5425
    120.0793	   9133.8545
    120.0805	  14990.6387
    120.0818	  17337.3867
    120.0830	  12179.1289
    120.0843	   6444.4146
    120.0855	   1652.8092
    120.0868	     88.1413
    120.0879	      0.0000
    120.0891	      0.0000
    120.0904	      0.0000
    120.0916	      0.0000
    121.0763	      0.0000
    121.0776	      0.0000
    121.0788	      0.0000
    121.0801	      0.0000
    121.0814	    545.9034
    121.0826	   1035.6869
    121.0839	   1326.5940
    121.0852	   1202.6385
    121.0864	    738.3235
    121.0877	    243.8950
    121.0889	      0.0000
    121.0902	      0.0000
    121.0915	      0.0000
    121.0927	      0.0000
    122.0642	      0.0000
    122.0655	      0.0000
    122.0668	      0.0000
    122.0681	      0.0000
    122.0693	    535.2429
    122.0706	    870.0654
    122.0719	   1033.6614
    122.0732	    915.5212
    122.0745	    579.8926
    122.0757	      0.0000
    122.0770	      0.0000
    122.0782	      0.0000
    122.0795	      0.0000
    128.0982	      0.0000
    128.0995	      0.0000
    128.1009	      0.0000
    128.1023	      0.0000
    128.1037	    365.9510
    128.1050	   1051.1062
    128.1064	   1815.2355
    128.1078	   2139.2273
    128.1092	   1800.6617
    128.1105	   1071.4109
    128.1119	    420.5373
    128.1133	      0.0000
    128.1147	      0.0000
    128.1160	      0.0000
    128.1174	      0.0000
    129.0579	      0.0000
    129.0593	      0.0000
    129.0607	      0.0000
    129.0621	      0.0000
    129.0635	    512.0096
    129.0649	   1077.3512
    129.0663	   1374.0497
    129.0677	   1167.1995
    129.0690	    641.9780
    129.0705	      0.0000
    129.0719	      0.0000
    129.0733	      0.0000
    129.0747	      0.0000
    129.0886	      0.0000
    129.0900	      0.0000
    129.0914	      0.0000
    129.0928	      0.0000
    129.0942	    521.8565
    129.0956	    808.3271
    129.0970	   1677.1082
    129.0984	   5831.6992
    129.0998	  18851.7969
    129.1012	  34604.3438
    129.1025	  48894.0000
    129.1039	  42402.1992
    129.1053	  25715.4551
    129.1067	  10287.0205
    129.1081	   2478.2815
    129.1095	    643.5778
    129.1109	      0.0000
    129.1123	      0.0000
    129.1137	      0.0000
    129.1151	      0.0000
    132.0893	      0.0000
    132.0908	      0.0000
    132.0922	      0.0000
    132.0937	      0.0000
    132.0951	    492.0706
    132.0965	    871.6023
    132.0980	   2634.3896
    132.0994	   8251.4199
    132.1009	  15012.3936
    132.1023	  20810.5234
    132.1037	  17494.4785
    132.1052	  10386.0928
    132.1066	   3783.9104
    132.1081	    730.6184
    132.1091	      0.0000
    132.1105	      0.0000
    132.1119	      0.0000
    132.1134	      0.0000
    134.9824	      0.0000
    134.9839	      0.0000
    134.9854	      0.0000
    134.9869	      0.0000
    134.9884	    635.3540
    134.9899	   2990.4224
    134.9914	   6230.7021
    134.9929	   9557.2881
    134.9944	   9310.4434
    134.9958	   5995.4033
    134.9973	   2890.6565
    134.9988	    751.6077
    135.0007	      0.0000
    135.0021	      0.0000
    135.0036	      0.0000
    135.0051	      0.0000
    136.0633	      0.0000
    136.0648	      0.0000
    136.0663	      0.0000
    136.0678	      0.0000
    136.0693	      0.0000
    136.0708	    866.2328
    136.0723	   3504.9424
    136.0738	   7670.5835
    136.0753	  12189.6787
    136.0768	  13101.9512
    136.0783	   8851.3809
    136.0798	   4565.9106
    136.0813	   1185.3422
    136.0828	     88.0551
    136.0842	      0.0000
    136.0857	      0.0000
    136.0872	      0.0000
    136.0887	      0.0000
    137.0698	      0.0000
    137.0713	      0.0000
    137.0729	      0.0000
    137.0744	      0.0000
    137.0759	    347.5200
    137.0774	    807.9468
    137.0790	   1139.4603
    137.0805	   1122.0422
    137.0820	    783.8172
    137.0835	    362.8984
    137.0850	      0.0000
    137.0866	      0.0000
    137.0881	      0.0000
    137.0896	      0.0000
    138.0446	      0.0000
    138.0462	      0.0000
    138.0477	      0.0000
    138.0492	      0.0000
    138.0508	    397.6761
    138.0523	    925.9258
    138.0539	   1503.9185
    138.0554	   1780.1714
    138.0569	   1523.9264
    138.0585	    888.5289
    138.0600	    321.9526
    138.0615	      0.0000
    138.0631	      0.0000
    138.0646	      0.0000
    138.0662	      0.0000
    147.0672	      0.0000
    147.0689	      0.0000
    147.0706	      0.0000
    147.0723	      0.0000
    147.0740	    523.2716
    147.0757	   1016.2029
    147.0774	   1149.2111
    147.0791	    831.5012
    147.0808	    347.7388
    147.0825	      0.0000
    147.0842	      0.0000
    147.0859	      0.0000
    147.0876	      0.0000
    149.9180	      0.0000
    149.9198	      0.0000
    149.9215	      0.0000
    149.9233	      0.0000
    149.9250	    448.1811
    149.9267	    805.1006
    149.9285	    967.3428
    149.9302	    856.7036
    149.9320	    563.9413
    149.9337	      0.0000
    149.9355	      0.0000
    149.9372	      0.0000
    149.9390	      0.0000
    156.0661	      0.0000
    156.0680	      0.0000
    156.0698	      0.0000
    156.0717	      0.0000
    156.0735	    347.8887
    156.0754	    908.1926
    156.0772	   1284.9310
    156.0791	   1192.3187
    156.0809	    721.9554
    156.0828	      0.0000
    156.0846	      0.0000
    156.0865	      0.0000
    156.0883	      0.0000
    157.0491	      0.0000
    157.0509	      0.0000
    157.0528	      0.0000
    157.0547	      0.0000
    157.0565	    484.9716
    157.0584	    985.6861
    157.0603	   1198.8247
    157.0621	    950.9388
    157.0640	    455.7463
    157.0657	      0.0000
    157.0676	      0.0000
    157.0695	      0.0000
    157.0713	      0.0000
    157.0825	      0.0000
    157.0844	      0.0000
    157.0863	      0.0000
    157.0881	      0.0000
    157.0900	     73.8676
    157.0919	   1255.3298
    157.0937	   4092.4033
    157.0956	   7072.4463
    157.0975	   9299.7803
    157.0993	   7463.7104
    157.1012	   4403.1445
    157.1031	   1590.8602
    157.1049	    273.6939
    157.1070	      0.0000
    157.1088	      0.0000
    157.1107	      0.0000
    157.1126	      0.0000
    157.1200	      0.0000
    157.1219	      0.0000
    157.1238	      0.0000
    157.1256	      0.0000
    157.1275	    598.8442
    157.1294	   1507.7618
    157.1312	   3715.6145
    157.1331	   5077.9951
    157.1350	   4300.7573
    157.1368	   2596.0215
    157.1387	    993.1703
    157.1406	    381.0400
    157.1424	      0.0000
    157.1443	      0.0000
    157.1462	      0.0000
    157.1480	      0.0000
    161.0790	      0.0000
    161.0809	      0.0000
    161.0829	      0.0000
    161.0848	      0.0000
    161.0867	    520.6166
    161.0887	   1444.6960
    161.0906	   3505.9114
    161.0926	   4309.1211
    161.0945	   3118.7078
    161.0964	   1358.2938
    161.0984	    502.0969
    161.1003	      0.0000
    161.1022	      0.0000
    161.1042	      0.0000
    161.1061	      0.0000
    162.0784	      0.0000
    162.0803	      0.0000
    162.0823	      0.0000
    162.0843	      0.0000
    162.0862	    311.9550
    162.0882	    843.7816
    162.0901	   1402.8451
    162.0921	   1613.5265
    162.0940	   1304.8890
    162.0960	    701.2780
    162.0980	      0.0000
    162.1000	      0.0000
    162.1019	      0.0000
    162.1039	      0.0000
    165.0406	      0.0000
    165.0426	      0.0000
    165.0446	      0.0000
    165.0466	      0.0000
    165.0487	    501.5038
    165.0507	   1287.4924
    165.0527	   3055.9773
    165.0547	   4376.6655
    165.0567	   3825.7717
    165.0587	   1723.4038
    165.0607	    716.3119
    165.0627	      0.0000
    165.0647	      0.0000
    165.0668	      0.0000
    165.0688	      0.0000
    166.0366	      0.0000
    166.0386	      0.0000
    166.0406	      0.0000
    166.0427	      0.0000
    166.0447	    426.0460
    166.0467	   1064.0383
    166.0488	   1639.3094
    166.0508	   1701.9106
    166.0528	   1189.3168
    166.0549	    498.2832
    166.0569	      0.0000
    166.0589	      0.0000
    166.0609	      0.0000
    166.0630	      0.0000
    166.0731	      0.0000
    166.0752	      0.0000
    166.0772	      0.0000
    166.0792	      0.0000
    166.0812	    626.5236
    166.0833	   1514.8724
    166.0853	   2401.8884
    166.0873	   3847.4082
    166.0894	   2081.2625
    166.0914	   1100.2487
    166.0934	    372.8771
    166.0955	      0.0000
    166.0975	      0.0000
    166.0995	      0.0000
    166.1015	      0.0000
    166.9536	      0.0000
    166.9556	      0.0000
    166.9577	      0.0000
    166.9597	      0.0000
    166.9618	    578.2412
    166.9638	   1058.8923
    166.9659	   1254.3311
    166.9679	   1019.8077
    166.9700	    537.0421
    166.9720	      0.0000
    166.9740	      0.0000
    166.9761	      0.0000
    166.9781	      0.0000
    167.0068	      0.0000
    167.0088	      0.0000
    167.0109	      0.0000
    167.0129	      0.0000
    167.0150	    555.0829
    167.0170	    974.7318
    167.0191	   1193.3832
    167.0211	   1026.5645
    167.0232	    564.4393
    167.0252	      0.0000
    167.0273	      0.0000
    167.0293	      0.0000
    167.0314	      0.0000
    167.0785	      0.0000
    167.0805	      0.0000
    167.0826	      0.0000
    167.0846	      0.0000
    167.0867	    568.6794
    167.0887	   1428.2910
    167.0908	   3252.1724
    167.0928	   4423.6260
    167.0949	   3576.3188
    167.0969	   1636.5115
    167.0990	    692.3172
    167.1010	      0.0000
    167.1030	      0.0000
    167.1051	      0.0000
    167.1071	      0.0000
    172.0970	      0.0000
    172.0991	      0.0000
    172.1013	      0.0000
    172.1034	      0.0000
    172.1055	    412.5645
    172.1077	    841.2834
    172.1098	   1040.8970
    172.1120	    841.1694
    172.1141	    399.5236
    172.1163	      0.0000
    172.1184	      0.0000
    172.1206	      0.0000
    172.1227	      0.0000
    173.1101	      0.0000
    173.1123	      0.0000
    173.1144	      0.0000
    173.1166	      0.0000
    173.1188	    749.6251
    173.1209	   2177.1216
    173.1231	   7819.6387
    173.1252	  19105.5898
    173.1274	  31274.9434
    173.1296	  35963.7773
    173.1317	  25367.8281
    173.1339	  13631.0693
    173.1360	   4085.5361
    173.1382	   1107.6764
    173.1404	    543.3120
    173.1426	      0.0000
    173.1447	      0.0000
    173.1469	      0.0000
    173.1490	      0.0000
    174.1170	      0.0000
    174.1191	      0.0000
    174.1213	      0.0000
    174.1235	      0.0000
    174.1257	    364.4853
    174.1279	   1123.1661
    174.1300	   2956.6772
    174.1322	   4242.0859
    174.1344	   3721.3765
    174.1366	   1793.6736
    174.1388	    828.1951
    174.1410	      0.0000
    174.1431	      0.0000
    174.1453	      0.0000
    174.1475	      0.0000
    182.0633	      0.0000
    182.0656	      0.0000
    182.0679	      0.0000
    182.0703	      0.0000
    182.0726	    513.3433
    182.0749	   1012.9052
    182.0773	   3267.5476
    182.0796	   5664.6558
    182.0819	   6662.2593
    182.0843	   4691.3315
    182.0866	   2461.3660
    182.0889	    858.4380
    182.0912	    389.0195
    182.0934	      0.0000
    182.0958	      0.0000
    182.0981	      0.0000
    182.1004	      0.0000
    183.0599	      0.0000
    183.0622	      0.0000
    183.0646	      0.0000
    183.0669	      0.0000
    183.0693	    685.9275
    183.0716	   3193.9285
    183.0740	   6351.5190
    183.0763	   9425.8223
    183.0787	   8469.5908
    183.0810	   5172.1050
    183.0834	   2145.6245
    183.0857	    597.4637
    183.0882	      0.0000
    183.0906	      0.0000
    183.0929	      0.0000
    183.0953	      0.0000
    183.0976	      0.0000
    183.1000	      0.0000
    183.1023	      0.0000
    183.1047	      0.0000
    183.1070	    611.3285
    183.1094	   1434.3483
    183.1117	   2187.7830
    183.1141	   2314.3025
    183.1164	   1704.4050
    183.1188	    835.3976
    183.1211	      0.0000
    183.1235	      0.0000
    183.1258	      0.0000
    183.1282	      0.0000
    184.3756	      0.0000
    184.3780	      0.0000
    184.3804	      0.0000
    184.3828	      0.0000
    184.3851	    518.3516
    184.3875	    939.9891
    184.3899	   1086.8663
    184.3923	    856.3879
    184.3946	    449.3377
    184.3970	      0.0000
    184.3994	      0.0000
    184.4018	      0.0000
    184.4041	      0.0000
    185.1116	      0.0000
    185.1140	      0.0000
    185.1164	      0.0000
    185.1188	      0.0000
    185.1212	    403.6275
    185.1236	   1099.0558
    185.1260	   2019.6650
    185.1283	   4059.0105
    185.1307	   3822.9993
    185.1331	   1852.0522
    185.1355	    940.2158
    185.1379	    335.4427
    185.1403	      0.0000
    185.1427	      0.0000
    185.1451	      0.0000
    185.1474	      0.0000
    187.0911	      0.0000
    187.0935	      0.0000
    187.0959	      0.0000
    187.0983	      0.0000
    187.1008	    574.6289
    187.1032	   1101.1912
    187.1056	   1610.3702
    187.1081	   1814.5299
    187.1105	   1566.7837
    187.1129	   1000.3369
    187.1153	    432.4343
    187.1178	      0.0000
    187.1202	      0.0000
    187.1226	      0.0000
    187.1250	      0.0000
    188.7994	      0.0000
    188.8019	      0.0000
    188.8043	      0.0000
    188.8068	      0.0000
    188.8092	    623.4490
    188.8117	    965.7103
    188.8142	   1068.3645
    188.8166	    914.3286
    188.8191	    623.6556
    188.8216	      0.0000
    188.8241	      0.0000
    188.8265	      0.0000
    188.8290	      0.0000
    192.9845	      0.0000
    192.9871	      0.0000
    192.9896	      0.0000
    192.9922	      0.0000
    192.9947	    537.4865
    192.9972	    995.8477
    192.9998	   1155.4419
    193.0023	    900.1444
    193.0049	    439.4135
    193.0074	      0.0000
    193.0100	      0.0000
    193.0125	      0.0000
    193.0150	      0.0000
    194.9963	      0.0000
    194.9989	      0.0000
    195.0015	      0.0000
    195.0041	      0.0000
    195.0067	    706.4206
    195.0093	   1439.2830
    195.0118	   2079.6187
    195.0144	   2227.3025
    195.0170	   1779.2742
    195.0196	   1023.4094
    195.0222	    391.6277
    195.0247	      0.0000
    195.0273	      0.0000
    195.0299	      0.0000
    195.0325	      0.0000
    197.0896	      0.0000
    197.0923	      0.0000
    197.0949	      0.0000
    197.0975	      0.0000
    197.1001	    654.4216
    197.1028	   1073.1003
    197.1054	   1235.0530
    197.1080	   1035.5428
    197.1106	    637.0740
    197.1133	      0.0000
    197.1159	      0.0000
    197.1185	      0.0000
    197.1211	    583.2162
    197.1238	   1100.8138
    197.1264	   1587.4761
    197.1290	   1717.9047
    197.1316	   1343.4229
    197.1343	    695.0716
    197.1372	      0.0000
    197.1399	      0.0000
    197.1425	      0.0000
    197.1451	      0.0000
    200.0815	      0.0000
    200.0841	      0.0000
    200.0868	      0.0000
    200.0895	      0.0000
    200.0922	    392.7848
    200.0949	   1579.1815
    200.0976	   5652.1250
    200.1003	  11086.3398
    200.1029	  16502.0195
    200.1056	  15166.1523
    200.1083	   9303.1016
    200.1110	   3853.6770
    200.1137	    840.1569
    200.1164	    215.4167
    200.1187	      0.0000
    200.1214	      0.0000
    200.1241	      0.0000
    200.1267	      0.0000
    201.1051	      0.0000
    201.1078	      0.0000
    201.1105	      0.0000
    201.1132	      0.0000
    201.1159	    573.8290
    201.1187	   2515.5005
    201.1214	   4712.6299
    201.1241	   6294.9839
    201.1268	   4821.3740
    201.1295	   2688.2844
    201.1322	    815.6896
    201.1350	      0.0000
    201.1377	      0.0000
    201.1404	      0.0000
    201.1431	      0.0000
    205.0190	      0.0000
    205.0217	      0.0000
    205.0245	      0.0000
    205.0273	      0.0000
    205.0301	    709.9216
    205.0329	   1456.5325
    205.0357	   1893.5437
    205.0385	   1647.0200
    205.0412	    921.5252
    205.0440	    264.7107
    205.0470	      0.0000
    205.0498	      0.0000
    205.0526	      0.0000
    205.0554	      0.0000
    207.0897	      0.0000
    207.0925	      0.0000
    207.0953	      0.0000
    207.0982	      0.0000
    207.1010	    505.4200
    207.1038	   2014.3854
    207.1066	   7512.8359
    207.1095	  15522.0225
    207.1123	  23956.6992
    207.1151	  23424.7480
    207.1179	  14787.0820
    207.1208	   6771.2827
    207.1236	   1626.1423
    207.1264	    307.3936
    207.1290	      0.0000
    207.1319	      0.0000
    207.1347	      0.0000
    207.1375	      0.0000
    208.0995	      0.0000
    208.1023	      0.0000
    208.1052	      0.0000
    208.1080	      0.0000
    208.1109	    738.6587
    208.1137	   1154.6810
    208.1166	   1229.5311
    208.1194	    903.1819
    208.1223	    411.7550
    208.1251	      0.0000
    208.1279	      0.0000
    208.1308	      0.0000
    208.1336	      0.0000
    210.0061	      0.0000
    210.0089	      0.0000
    210.0118	      0.0000
    210.0147	      0.0000
    210.0176	    443.4542
    210.0205	   1057.4200
    210.0234	   1672.6808
    210.0263	   1840.2303
    210.0292	   1421.7245
    210.0320	    725.7163
    210.0350	      0.0000
    210.0379	      0.0000
    210.0408	      0.0000
    210.0437	      0.0000
    216.0755	      0.0000
    216.0785	      0.0000
    216.0815	      0.0000
    216.0845	      0.0000
    216.0875	    415.1257
    216.0905	   1063.2144
    216.0935	   2938.1040
    216.0966	   5019.5557
    216.0996	   5571.5811
    216.1026	   3699.2358
    216.1056	   1789.5073
    216.1086	    497.2827
    216.1116	      0.0000
    216.1146	      0.0000
    216.1176	      0.0000
    216.1206	      0.0000
    225.0751	      0.0000
    225.0783	      0.0000
    225.0815	      0.0000
    225.0847	      0.0000
    225.0879	    499.4105
    225.0911	   1211.2614
    225.0943	   2095.4531
    225.0975	   3940.9270
    225.1007	   2359.9783
    225.1039	   1461.9901
    225.1071	    559.3708
    225.1104	      0.0000
    225.1136	      0.0000
    225.1168	      0.0000
    225.1200	      0.0000
    228.1132	      0.0000
    228.1164	      0.0000
    228.1197	      0.0000
    228.1230	      0.0000
    228.1262	    380.8530
    228.1295	    912.6735
    228.1328	   1300.9680
    228.1360	   1258.6125
    228.1393	    824.6957
    228.1426	      0.0000
    228.1458	      0.0000
    228.1491	      0.0000
    228.1524	      0.0000
    229.0967	      0.0000
    229.1000	      0.0000
    229.1033	      0.0000
    229.1066	      0.0000
    229.1099	    526.7386
    229.1132	   1257.1116
    229.1165	   1916.2388
    229.1198	   1986.0763
    229.1230	   1389.0422
    229.1263	    577.5901
    229.1296	      0.0000
    229.1329	      0.0000
    229.1362	      0.0000
    229.1395	      0.0000
    230.1297	      0.0000
    230.1330	      0.0000
    230.1363	      0.0000
    230.1396	      0.0000
    230.1430	    650.3197
    230.1463	   1211.4468
    230.1496	   1533.1727
    230.1529	   1389.2261
    230.1562	    894.9982
    230.1595	    380.3084
    230.1628	      0.0000
    230.1661	      0.0000
    230.1695	      0.0000
    230.1728	      0.0000
    231.1497	      0.0000
    231.1530	      0.0000
    231.1564	      0.0000
    231.1597	      0.0000
    231.1630	    466.4704
    231.1664	   1228.2400
    231.1697	   1918.3591
    231.1730	   2007.0205
    231.1764	   1433.7418
    231.1797	    660.8630
    231.1830	      0.0000
    231.1863	      0.0000
    231.1897	      0.0000
    231.1930	      0.0000
    235.0827	      0.0000
    235.0861	      0.0000
    235.0895	      0.0000
    235.0929	      0.0000
    235.0963	    213.3407
    235.0998	    912.3710
    235.1032	   2954.9216
    235.1066	   4485.2769
    235.1100	   4355.0078
    235.1134	   2625.8894
    235.1168	   1049.5242
    235.1203	    514.1948
    235.1237	      0.0000
    235.1271	      0.0000
    235.1305	      0.0000
    235.1339	      0.0000
    236.9848	      0.0000
    236.9882	      0.0000
    236.9917	      0.0000
    236.9951	      0.0000
    236.9986	    639.4663
    237.0021	   2403.8032
    237.0055	   4297.9189
    237.0090	   5126.6753
    237.0125	   3556.9871
    237.0159	   1803.7379
    237.0194	    524.8321
    237.0228	      0.0000
    237.0263	      0.0000
    237.0298	      0.0000
    237.0332	      0.0000
    239.0713	      0.0000
    239.0748	      0.0000
    239.0783	      0.0000
    239.0818	      0.0000
    239.0853	    594.5869
    239.0888	   1123.3293
    239.0923	   1333.3700
    239.0958	   1085.7079
    239.0993	    597.4842
    239.1028	      0.0000
    239.1063	      0.0000
    239.1098	      0.0000
    239.1133	      0.0000
    239.1274	      0.0000
    239.1309	      0.0000
    239.1344	      0.0000
    239.1379	      0.0000
    239.1414	    784.3584
    239.1449	   1467.5316
    239.1484	   1823.5598
    239.1519	   1584.9141
    239.1554	    929.5685
    239.1589	    327.9516
    239.1624	      0.0000
    239.1659	      0.0000
    239.1695	      0.0000
    239.1730	      0.0000
    242.1261	      0.0000
    242.1297	      0.0000
    242.1333	      0.0000
    242.1369	      0.0000
    242.1404	    664.5649
    242.1440	   1616.3876
    242.1476	   3481.2288
    242.1512	   4111.4229
    242.1547	   2772.8296
    242.1583	   1346.4667
    242.1619	    543.2499
    242.1656	      0.0000
    242.1691	      0.0000
    242.1727	      0.0000
    242.1763	      0.0000
    243.1120	      0.0000
    243.1156	      0.0000
    243.1192	      0.0000
    243.1228	      0.0000
    243.1264	    390.2410
    243.1300	    883.4998
    243.1336	   1147.2999
    243.1372	    927.6781
    243.1408	    400.5354
    243.1444	      0.0000
    243.1480	      0.0000
    243.1516	      0.0000
    243.1551	      0.0000
    251.1025	      0.0000
    251.1062	      0.0000
    251.1100	      0.0000
    251.1138	      0.0000
    251.1176	    415.8535
    251.1213	    852.6503
    251.1251	   1124.0005
    251.1289	   1020.5787
    251.1327	    617.8193
    251.1364	      0.0000
    251.1402	      0.0000
    251.1440	      0.0000
    251.1478	      0.0000
    253.0690	      0.0000
    253.0728	      0.0000
    253.0767	      0.0000
    253.0805	      0.0000
    253.0843	    593.0784
    253.0881	   1278.3295
    253.0919	   1772.6731
    253.0957	   1735.0118
    253.0996	   1219.0004
    253.1034	    570.8444
    253.1072	      0.0000
    253.1110	      0.0000
    253.1148	      0.0000
    253.1187	      0.0000
    253.1225	      0.0000
    253.1263	      0.0000
    253.1301	      0.0000
    253.1339	    536.0014
    253.1378	   1008.6328
    253.1416	   1239.4301
    253.1454	   1022.4167
    253.1492	    522.5371
    253.1530	      0.0000
    253.1569	      0.0000
    253.1607	      0.0000
    253.1645	      0.0000
    254.0994	      0.0000
    254.1032	      0.0000
    254.1071	      0.0000
    254.1109	      0.0000
    254.1147	    428.8873
    254.1186	    907.3372
    254.1224	   1302.3206
    254.1263	   1329.9648
    254.1301	    931.1745
    254.1340	    361.2766
    254.1379	      0.0000
    254.1417	      0.0000
    254.1456	      0.0000
    254.1494	      0.0000
    258.1192	      0.0000
    258.1232	      0.0000
    258.1271	      0.0000
    258.1310	      0.0000
    258.1350	    582.1594
    258.1389	   1289.1777
    258.1428	   1917.2721
    258.1468	   2036.2761
    258.1507	   1560.7440
    258.1546	    824.9203
    258.1585	      0.0000
    258.1624	      0.0000
    258.1664	      0.0000
    258.1703	      0.0000
    271.0850	      0.0000
    271.0892	      0.0000
    271.0935	      0.0000
    271.0977	      0.0000
    271.1019	    359.9376
    271.1062	   3168.0784
    271.1104	   6706.0903
    271.1146	  10076.4893
    271.1189	   8885.0361
    271.1231	   5457.1377
    271.1273	   2190.0117
    271.1316	   2037.5045
    271.1358	   4485.1680
    271.1400	   6934.7104
    271.1443	   7028.4229
    271.1485	   4533.4902
    271.1527	   1829.5605
    271.1570	      0.0000
    271.1613	      0.0000
    271.1655	      0.0000
    271.1698	      0.0000
    271.1740	      0.0000
    282.0907	      0.0000
    282.0952	      0.0000
    282.0997	      0.0000
    282.1042	      0.0000
    282.1087	    460.7719
    282.1132	   1099.8236
    282.1177	   1721.9211
    282.1222	   1907.9445
    282.1267	   1508.5168
    282.1312	    806.5001
    282.1349	      0.0000
    282.1394	      0.0000
    282.1439	      0.0000
    282.1484	      0.0000
    285.0979	      0.0000
    285.1024	      0.0000
    285.1070	      0.0000
    285.1116	      0.0000
    285.1161	      0.0000
    285.1207	   1065.4869
    285.1253	   3418.7229
    285.1298	   5919.5308
    285.1344	   7210.8960
    285.1390	   5221.3633
    285.1435	   2831.4011
    285.1481	    716.5833
    285.1535	      0.0000
    285.1581	      0.0000
    285.1626	      0.0000
    285.1672	      0.0000
    306.0902	      0.0000
    306.0953	      0.0000
    306.1004	      0.0000
    306.1055	      0.0000
    306.1106	    448.8867
    306.1156	    940.6209
    306.1207	   1167.8926
    306.1258	    953.3145
    306.1309	    478.0609
    306.1361	      0.0000
    306.1412	      0.0000
    306.1462	      0.0000
    306.1513	      0.0000
    319.5801	      0.0000
    319.5855	      0.0000
    319.5910	      0.0000
    319.5964	      0.0000
    319.6018	    507.9566
    319.6072	   1041.1600
    319.6126	   1303.8406
    319.6180	   1087.8733
    319.6235	    572.1481
    319.6289	      0.0000
    319.6343	      0.0000
    319.6397	      0.0000
    319.6451	      0.0000
    323.1098	      0.0000
    323.1153	      0.0000
    323.1208	      0.0000
    323.1263	      0.0000
    323.1318	    367.1492
    323.1373	   1042.2173
    323.1429	   1754.6000
    323.1484	   1961.9945
    323.1539	   1501.2902
    323.1594	    736.8187
    323.1649	      0.0000
    323.1704	      0.0000
    323.1759	      0.0000
    323.1814	      0.0000
    324.1535	      0.0000
    324.1591	      0.0000
    324.1646	      0.0000
    324.1701	      0.0000
    324.1757	    454.8217
    324.1812	   1339.8929
    324.1867	   3212.6418
    324.1923	   4227.0454
    324.1978	   3174.0735
    324.2034	   1485.5088
    324.2089	    594.0394
    324.2144	      0.0000
    324.2200	      0.0000
    324.2255	      0.0000
    324.2310	      0.0000
    326.9505	      0.0000
    326.9561	      0.0000
    326.9617	      0.0000
    326.9673	      0.0000
    326.9729	    563.7936
    326.9785	   1251.7920
    326.9841	   1810.3452
    326.9897	   1847.3334
    326.9953	   1338.4805
    327.0009	    650.6181
    327.0070	      0.0000
    327.0126	      0.0000
    327.0182	      0.0000
    327.0238	      0.0000
    395.1789	      0.0000
    395.1864	      0.0000
    395.1938	      0.0000
    395.2013	      0.0000
    395.2087	    563.4011
    395.2162	    959.8422
    395.2236	   1239.7610
    395.2311	   1221.3243
    395.2385	    896.0851
    395.2460	      0.0000
    395.2534	      0.0000
    395.2609	      0.0000
    395.2683	      0.0000
    410.1674	      0.0000
    410.1753	      0.0000
    410.1831	      0.0000
    410.1910	      0.0000
    410.1989	    630.6818
    410.2068	   1180.3505
    410.2147	   1420.7367
    410.2226	   1146.9844
    410.2304	    574.3869
    410.2383	      0.0000
    410.2462	      0.0000
    410.2541	      0.0000
    410.2620	      0.0000
    411.1699	      0.0000
    411.1778	      0.0000
    411.1857	      0.0000
    411.1936	      0.0000
    411.2015	    636.3114
    411.2095	   1136.8097
    411.2174	   1406.3058
    411.2253	   1232.6212
    411.2332	    716.8124
    411.2411	      0.0000
    411.2490	      0.0000
    411.2569	      0.0000
    411.2648	      0.0000
    413.3055	      0.0000
    413.3135	      0.0000
    413.3215	      0.0000
    413.3295	      0.0000
    413.3374	    442.9773
    413.3454	    974.3206
    413.3534	   1391.2756
    413.3613	   1423.0906
    413.3693	   1063.1204
    413.3773	    559.6763
    413.3854	      0.0000
    413.3934	      0.0000
    413.4014	      0.0000
    413.4094	      0.0000
    436.1702	      0.0000
    436.1788	      0.0000
    436.1874	      0.0000
    436.1961	      0.0000
    436.2047	    425.6251
    436.2134	   1201.9210
    436.2220	   2143.3442
    436.2306	   3841.5208
    436.2393	   3019.3083
    436.2479	   1460.2377
    436.2566	    626.3530
    436.2652	      0.0000
    436.2739	      0.0000
    436.2825	      0.0000
    436.2911	      0.0000
    438.1556	      0.0000
    438.1643	      0.0000
    438.1730	      0.0000
    438.1817	      0.0000
    438.1904	    682.4148
    438.1991	   1551.9913
    438.2078	   2217.0847
    438.2165	   2157.8030
    438.2252	   1435.4091
    438.2339	    621.6219
    438.2426	      0.0000
    438.2513	      0.0000
    438.2600	      0.0000
    438.2687	      0.0000
    452.1673	      0.0000
    452.1764	      0.0000
    452.1855	      0.0000
    452.1947	      0.0000
    452.2038	    453.6111
    452.2129	    960.1140
    452.2220	   1376.4041
    452.2311	   1458.0143
    452.2403	   1155.1671
    452.2494	    655.9313
    452.2585	      0.0000
    452.2676	      0.0000
    452.2768	      0.0000
    452.2859	      0.0000
    454.1804	      0.0000
    454.1896	      0.0000
    454.1988	      0.0000
    454.2080	      0.0000
    454.2172	    592.9589
    454.2263	    927.3932
    454.2355	   1108.0273
    454.2447	    990.7570
    454.2539	    626.9506
    454.2633	      0.0000
    454.2725	      0.0000
    454.2817	      0.0000
    454.2908	      0.0000
    499.2038	      0.0000
    499.2144	      0.0000
    499.2249	      0.0000
    499.2355	      0.0000
    499.2461	    505.6396
    499.2567	   1059.5720
    499.2673	   1455.6031
    499.2778	   1431.8320
    499.2884	   1012.5745
    499.2990	    485.5573
    499.3096	      0.0000
    499.3202	      0.0000
    499.3308	      0.0000
    499.3413	      0.0000
    500.1679	      0.0000
    500.1785	      0.0000
    500.1891	      0.0000
    500.1997	      0.0000
    500.2104	    440.8297
    500.2210	    955.5651
    500.2316	   1565.3378
    500.2422	   2006.8656
    500.2528	   2010.4794
    500.2634	   1516.8959
    500.2740	    797.5596
    500.2919	      0.0000
    500.3025	      0.0000
    500.3131	      0.0000
    500.3238	      0.0000
    500.9932	      0.0000
    501.0038	      0.0000
    501.0144	      0.0000
    501.0251	      0.0000
    501.0357	    266.9675
    501.0464	   2175.6482
    501.0570	   4618.3931
    501.0676	   7532.1641
    501.0783	   8999.6973
    501.0889	   6339.6538
    501.0996	   3231.7173
    501.1102	    438.4942
    501.1136	      0.0000
    501.1242	      0.0000
    501.1348	      0.0000
    501.1455	      0.0000
    501.1668	      0.0000
    501.1774	      0.0000
    501.1881	      0.0000
    501.1987	      0.0000
    501.2093	    464.8410
    501.2200	   1292.7242
    501.2306	   2242.8311
    501.2413	   3517.4277
    501.2519	   2131.3127
    501.2626	   1212.3564
    501.2732	    483.7723
    501.2842	      0.0000
    501.2949	      0.0000
    501.3055	      0.0000
    501.3162	      0.0000
    615.1119	      0.0000
    615.1264	      0.0000
    615.1408	      0.0000
    615.1553	      0.0000
    615.1698	    378.1283
    615.1843	   1224.7924
    615.1987	   1744.9469
    615.2132	   1745.5455
    615.2277	   1639.6281
    615.2448	   3339.5647
    615.2593	  10310.5225
    615.2738	  19321.0977
    615.2882	  27596.0332
    615.3027	  24002.9219
    615.3172	  14325.2188
    615.3317	   5331.1519
    615.3461	    918.5355
    615.3581	      0.0000
    615.3726	      0.0000
    615.3871	      0.0000
    615.4016	      0.0000
    616.1843	      0.0000
    616.1988	      0.0000
    616.2133	      0.0000
    616.2278	      0.0000
    616.2423	    931.0573
    616.2568	   3036.9915
    616.2713	   5445.0796
    616.2858	   7531.3833
    616.3003	   6565.0649
    616.3149	   3988.5095
    616.3294	   1661.6093
    616.3439	    260.7280
    616.3583	      0.0000
    616.3728	      0.0000
    616.3873	      0.0000
    616.4018	      0.0000
    617.2155	      0.0000
    617.2301	      0.0000
    617.2446	      0.0000
    617.2591	      0.0000
    617.2737	    635.3146
    617.2882	   1233.5121
    617.3028	   1459.4125
    617.3173	   1148.6624
    617.3319	    564.2814
    617.3465	      0.0000
    617.3610	      0.0000
    617.3756	      0.0000
    617.3901	      0.0000
    641.1931	      0.0000
    641.2085	      0.0000
    641.2239	      0.0000
    641.2393	      0.0000
    641.2547	    724.3980
    641.2701	   2594.0327
    641.2855	   4833.5708
    641.3009	   6907.8457
    641.3163	   6106.4336
    641.3317	   3632.0103
    641.3471	   1376.6078
    641.3625	     33.8502
    641.3779	      0.0000
    641.3933	      0.0000
    641.4087	      0.0000
    641.4241	      0.0000
    642.2107	      0.0000
    642.2262	      0.0000
    642.2416	      0.0000
    642.2570	      0.0000
    642.2725	    700.3598
    642.2879	   1374.7401
    642.3034	   1785.3091
    642.3188	   1637.2413
    642.3342	   1056.1802
    642.3497	    440.0660
    642.3651	      0.0000
    642.3806	      0.0000
    642.3960	      0.0000
    642.4115	      0.0000
    645.0917	      0.0000
    645.1072	      0.0000
    645.1228	      0.0000
    645.1383	      0.0000
    645.1539	    545.4322
    645.1694	    975.7672
    645.1850	   1208.7999
    645.2005	   1095.5771
    645.2161	    710.3931
    645.2317	      0.0000
    645.2472	      0.0000
    645.2628	      0.0000
    645.2783	      0.0000
    712.2370	      0.0000
    712.2551	      0.0000
    712.2731	      0.0000
    712.2911	      0.0000
    712.3091	    263.5157
    712.3272	   1087.6808
    712.3452	   2890.1382
    712.3632	   4988.0879
    712.3813	   5911.5898
    712.3993	   4010.0266
    712.4174	   1935.5319
    712.4354	    165.9177
    712.4521	      0.0000
    712.4701	      0.0000
    712.4881	      0.0000
    712.5062	      0.0000
    730.1642	      0.0000
    730.1830	      0.0000
    730.2017	      0.0000
    730.2204	      0.0000
    730.2391	    892.2632
    730.2578	   3327.7708
    730.2765	   9998.8457
    730.2953	  17027.6875
    730.3140	  21707.6953
    730.3327	  16523.7617
    730.3514	   9453.1484
    730.3702	   3047.3462
    730.3889	    734.4181
    730.4090	      0.0000
    730.4277	      0.0000
    730.4464	      0.0000
    730.4652	      0.0000
    731.1773	      0.0000
    731.1960	      0.0000
    731.2148	      0.0000
    731.2335	      0.0000
    731.2523	    467.2304
    731.2711	   1958.0645
    731.2898	   3648.7859
    731.3086	   5218.2510
    731.3273	   4559.3589
    731.3461	   2686.4131
    731.3648	    980.6046
    731.3836	    379.6317
    731.4024	      0.0000
    731.4211	      0.0000
    731.4399	      0.0000
    731.4587	      0.0000
    737.3106	      0.0000
    737.3295	      0.0000
    737.3485	      0.0000
    737.3675	      0.0000
    737.3865	    532.4727
    737.4055	   1063.9548
    737.4245	   1376.3003
    737.4435	   1219.5159
    737.4625	    704.9344
    737.4815	      0.0000
    737.5005	      0.0000
    737.5195	      0.0000
    737.5385	      0.0000
    740.2438	      0.0000
    740.2629	      0.0000
    740.2820	      0.0000
    740.3011	      0.0000
    740.3202	    609.2256
    740.3393	   1392.2549
    740.3584	   2026.4567
    740.3775	   2012.5674
    740.3966	   1350.7019
    740.4157	    544.5047
    740.4349	      0.0000
    740.4540	      0.0000
    740.4731	      0.0000
    740.4922	      0.0000
    763.1316	      0.0000
    763.1516	      0.0000
    763.1716	      0.0000
    763.1916	      0.0000
    763.2116	    661.6101
    763.2316	   1103.7903
    763.2516	   1312.4015
    763.2716	   1206.5085
    763.2916	    900.3359
    763.3116	      0.0000
    763.3316	      0.0000
    763.3516	      0.0000
    763.3716	      0.0000
    780.1273	      0.0000
    780.1480	      0.0000
    780.1687	      0.0000
    780.1893	      0.0000
    780.2100	    907.0317
    780.2307	   2791.3394
    780.2514	   5061.7192
    780.2720	   7039.5649
    780.2927	   5949.6577
    780.3134	   3501.8884
    780.3341	   1168.0522
    780.3547	     57.8167
    780.3754	      0.0000
    780.3961	      0.0000
    780.4168	      0.0000
    780.4375	      0.0000
    798.3815	      0.0000
    798.4029	      0.0000
    798.4243	      0.0000
    798.4457	      0.0000
    798.4671	    612.2969
    798.4885	   1219.4749
    798.5099	   1634.5093
    798.5313	   1545.9834
    798.5527	   1018.6629
    798.5741	    409.1288
    798.6008	      0.0000
    798.6222	      0.0000
    798.6436	      0.0000
    798.6650	      0.0000
    843.1987	      0.0000
    843.2219	      0.0000
    843.2451	      0.0000
    843.2683	      0.0000
    843.2916	    177.4697
    843.3148	   1278.7754
    843.3380	   4361.6001
    843.3612	   9921.5264
    843.3845	  15999.0742
    843.4077	  18028.0918
    843.4309	  12543.5762
    843.4542	   6580.9351
    843.4774	   1549.6915
    843.5006	      0.0000
    843.5239	      0.0000
    843.5472	      0.0000
    843.5704	      0.0000
    843.5936	      0.0000
    844.2215	      0.0000
    844.2448	      0.0000
    844.2680	      0.0000
    844.2913	      0.0000
    844.3146	    491.5458
    844.3378	   1470.9513
    844.3611	   4076.3269
    844.3844	   6924.7534
    844.4076	   8819.6416
    844.4309	   6763.0117
    844.4542	   3878.3308
    844.4775	   1083.1669
    844.5008	     20.9136
    844.5188	      0.0000
    844.5421	      0.0000
    844.5654	      0.0000
    844.5887	      0.0000
    845.2643	      0.0000
    845.2876	      0.0000
    845.3109	      0.0000
    845.3342	      0.0000
    845.3575	    639.9353
    845.3808	   1377.5385
    845.4041	   1790.8335
    845.4275	   1563.5143
    845.4508	    900.9023
    845.4742	      0.0000
    845.4975	      0.0000
    845.5208	      0.0000
    845.5441	      0.0000
    921.3754	      0.0000
    921.4019	      0.0000
    921.4284	      0.0000
    921.4549	      0.0000
    921.4815	    457.1208
    921.5080	   1095.8234
    921.5345	   1540.5568
    921.5611	   1393.4948
    921.5876	    749.2299
    921.6142	      0.0000
    921.6407	      0.0000
    921.6672	      0.0000
    921.6938	      0.0000
   1050.4975	      0.0000
   1050.5298	      0.0000
   1050.5621	      0.0000
   1050.5944	      0.0000
