# ljz_20131022_MR_Chym1_ELUTE.mzML
#
# index: 810
# id: controllerType=0 controllerNumber=1 scan=5930
# scanNumber: 5930
# massAnalyzerType: quadrupole
# scanEvent: 2
# msLevel: 2
# retentionTime: 1784.67
# filterString: FTMS + p NSI d Full ms2 672.79@hcd28.00 [100.00-2770.00]
# mzLow: 99.0035
# mzHigh: 2798.38
# basePeakMZ: 779.373
# basePeakIntensity: 103664
# totalIonCurrent: 2.05372e+006
# precursorCount: 1
# precursor 0: 672.541 1.20761e+006
# binary (2370): 
     99.0035	      0.0000
     99.0045	      0.0000
     99.0054	      0.0000
     99.0063	      0.0000
    106.8762	      0.0000
    106.8773	      0.0000
    106.8783	      0.0000
    106.8794	      0.0000
    106.8804	      0.0000
    106.8815	      0.0000
    106.8825	      0.0000
    106.8836	      0.0000
    106.8846	      0.0000
    106.8857	      0.0000
    106.8867	      0.0000
    106.8878	      0.0000
    106.8888	      0.0000
    106.9318	      0.0000
    106.9329	      0.0000
    106.9339	      0.0000
    106.9350	      0.0000
    106.9360	      0.0000
    106.9370	      0.0000
    106.9381	      0.0000
    106.9391	      0.0000
    106.9402	      0.0000
    106.9412	      0.0000
    106.9423	      0.0000
    106.9434	      0.0000
    106.9444	      0.0000
    106.9455	      0.0000
    109.0209	      0.0000
    109.0220	      0.0000
    109.0231	      0.0000
    109.0241	      0.0000
    109.0252	    707.8774
    109.0263	   2673.1101
    109.0274	   5943.1777
    109.0285	   9540.8877
    109.0295	  10075.1826
    109.0306	   6554.8921
    109.0317	   3164.7717
    109.0328	    688.7389
    109.0338	      0.0000
    109.0348	      0.0000
    109.0359	      0.0000
    109.0370	      0.0000
    111.0361	      0.0000
    111.0373	      0.0000
    111.0384	      0.0000
    111.0395	      0.0000
    111.0406	    454.3464
    111.0417	   1305.7213
    111.0428	   2541.2036
    111.0439	   5154.5386
    111.0450	   4998.9150
    111.0461	   3123.6829
    111.0472	   1271.3778
    111.0484	    455.8670
    111.0497	      0.0000
    111.0508	      0.0000
    111.0519	      0.0000
    111.0530	      0.0000
    115.0298	      0.0000
    115.0309	      0.0000
    115.0321	      0.0000
    115.0333	      0.0000
    115.0345	    597.6659
    115.0356	   2267.4553
    115.0368	   7456.8149
    115.0380	  14733.0557
    115.0391	  22409.1934
    115.0403	  21920.2539
    115.0415	  13827.9971
    115.0427	   6345.4443
    115.0438	   1304.1570
    115.0450	      0.0000
    115.0459	      0.0000
    115.0471	      0.0000
    115.0483	      0.0000
    115.0494	      0.0000
    126.0440	      0.0000
    126.0453	      0.0000
    126.0467	      0.0000
    126.0480	      0.0000
    126.0494	    834.9609
    126.0507	   2662.4236
    126.0520	   9306.2578
    126.0534	  20326.9609
    126.0547	  32267.5176
    126.0561	  34374.0195
    126.0574	  22934.0391
    126.0588	  11538.8994
    126.0601	   2869.8347
    126.0614	    347.5192
    126.0629	      0.0000
    126.0642	      0.0000
    126.0655	      0.0000
    126.0669	      0.0000
    127.0256	      0.0000
    127.0270	      0.0000
    127.0283	      0.0000
    127.0297	      0.0000
    127.0310	    888.4098
    127.0324	   2089.3311
    127.0337	   3760.7302
    127.0351	  10941.3867
    127.0365	  33830.9141
    127.0378	  63987.6797
    127.0392	  93847.5703
    127.0405	  86794.2578
    127.0419	  54038.4492
    127.0432	  23729.0625
    127.0446	   5479.0977
    127.0460	    379.4712
    127.0471	      0.0000
    127.0485	      0.0000
    127.0498	      0.0000
    127.0512	      0.0000
    127.0526	      0.0000
    127.0539	      0.0000
    127.0553	      0.0000
    127.0566	    991.4024
    127.0580	   1845.1832
    127.0593	   2230.9031
    127.0607	   1765.1809
    127.0621	    864.7341
    127.0634	      0.0000
    127.0648	      0.0000
    127.0661	      0.0000
    127.0675	      0.0000
    128.0322	      0.0000
    128.0335	      0.0000
    128.0349	      0.0000
    128.0363	      0.0000
    128.0377	    401.4567
    128.0390	   1109.0834
    128.0404	   2610.1694
    128.0418	   4518.0283
    128.0432	   4920.5889
    128.0445	   2428.5669
    128.0459	   1123.4628
    128.0473	    293.1709
    128.0486	      0.0000
    128.0500	      0.0000
    128.0514	      0.0000
    128.0528	      0.0000
    129.0468	      0.0000
    129.0482	      0.0000
    129.0496	      0.0000
    129.0510	      0.0000
    129.0523	    960.9250
    129.0537	   1494.3263
    129.0551	   1589.0305
    129.0565	   1154.5421
    129.0579	    511.5504
    129.0593	      0.0000
    129.0606	      0.0000
    129.0620	      0.0000
    129.0634	      0.0000
    133.0403	      0.0000
    133.0418	      0.0000
    133.0432	      0.0000
    133.0447	      0.0000
    133.0461	    734.2234
    133.0476	   1519.9500
    133.0491	   2137.5479
    133.0505	   2177.7000
    133.0520	   1613.1602
    133.0534	    834.0236
    133.0549	      0.0000
    133.0564	      0.0000
    133.0578	      0.0000
    133.0593	      0.0000
    138.0385	      0.0000
    138.0401	      0.0000
    138.0416	      0.0000
    138.0432	      0.0000
    138.0447	    864.6069
    138.0462	   1375.1959
    138.0478	   1735.1846
    138.0493	   4694.8091
    138.0508	  16324.2246
    138.0524	  44727.8086
    138.0539	  75367.5781
    138.0555	  94040.3672
    138.0570	  70552.7656
    138.0585	  40245.5820
    138.0601	  12411.3164
    138.0616	   2609.5947
    138.0632	    376.2066
    138.0646	      0.0000
    138.0661	      0.0000
    138.0677	      0.0000
    138.0692	      0.0000
    139.0485	      0.0000
    139.0501	      0.0000
    139.0516	      0.0000
    139.0532	      0.0000
    139.0547	    620.8201
    139.0563	   1542.8943
    139.0578	   2441.9006
    139.0594	   2728.7251
    139.0609	   2224.5933
    139.0625	   1310.5006
    139.0641	    556.0595
    139.0656	      0.0000
    139.0672	      0.0000
    139.0687	      0.0000
    139.0703	      0.0000
    144.0540	      0.0000
    144.0556	      0.0000
    144.0573	      0.0000
    144.0589	      0.0000
    144.0605	    868.1127
    144.0622	   3038.8413
    144.0638	   5643.0439
    144.0655	   7926.2295
    144.0671	   6702.4844
    144.0687	   3886.4812
    144.0704	   1267.2563
    144.0720	    689.0175
    144.0739	      0.0000
    144.0755	      0.0000
    144.0771	      0.0000
    144.0788	      0.0000
    145.0333	      0.0000
    145.0350	      0.0000
    145.0366	      0.0000
    145.0383	      0.0000
    145.0399	    475.2484
    145.0416	   1264.8737
    145.0433	   3295.6472
    145.0449	  10784.5742
    145.0466	  32684.5879
    145.0482	  57573.4414
    145.0499	  77646.7266
    145.0515	  63169.4219
    145.0532	  37309.3008
    145.0549	  13062.6592
    145.0565	   2643.9395
    145.0582	    247.7691
    145.0596	      0.0000
    145.0613	      0.0000
    145.0629	      0.0000
    145.0646	      0.0000
    146.0423	      0.0000
    146.0440	      0.0000
    146.0457	      0.0000
    146.0474	      0.0000
    146.0490	    779.7504
    146.0507	   1599.0181
    146.0524	   2203.3250
    146.0541	   2152.4375
    146.0557	   1482.8345
    146.0574	    661.9242
    146.0593	      0.0000
    146.0610	      0.0000
    146.0627	      0.0000
    146.0643	      0.0000
    163.0419	      0.0000
    163.0439	      0.0000
    163.0459	      0.0000
    163.0479	      0.0000
    163.0498	    872.5514
    163.0518	   1845.8596
    163.0538	   6529.0410
    163.0558	  22084.5957
    163.0577	  44169.3438
    163.0597	  67404.6563
    163.0617	  65743.9453
    163.0637	  41856.9414
    163.0656	  19543.4297
    163.0676	   4904.0913
    163.0696	   1203.0009
    163.0713	      0.0000
    163.0733	      0.0000
    163.0753	   1609.3123
    163.0772	      0.0000
    163.0792	      0.0000
    163.0812	      0.0000
    163.0832	      0.0000
    163.0851	      0.0000
    164.0495	      0.0000
    164.0515	      0.0000
    164.0535	      0.0000
    164.0555	      0.0000
    164.0575	    556.4428
    164.0595	   1625.6932
    164.0614	   4192.8154
    164.0634	   5727.0605
    164.0654	   4635.0005
    164.0674	   2599.9910
    164.0694	    936.3097
    164.0715	      0.0000
    164.0735	      0.0000
    164.0755	      0.0000
    164.0775	      0.0000
    168.0475	      0.0000
    168.0496	      0.0000
    168.0517	      0.0000
    168.0537	      0.0000
    168.0558	    717.7227
    168.0579	   2165.9084
    168.0599	   8030.9419
    168.0620	  21715.2480
    168.0641	  36563.2656
    168.0661	  44551.0625
    168.0682	  32548.3711
    168.0703	  18091.7676
    168.0723	   5343.8184
    168.0744	   1123.1576
    168.0765	    315.3860
    168.0785	      0.0000
    168.0805	      0.0000
    168.0826	      0.0000
    168.0847	      0.0000
    169.0542	      0.0000
    169.0563	      0.0000
    169.0583	      0.0000
    169.0604	      0.0000
    169.0625	    442.8546
    169.0646	   1316.4586
    169.0667	   2417.7544
    169.0688	   3110.2720
    169.0708	   2953.0698
    169.0729	   2097.3411
    169.0750	   1107.3358
    169.0771	    445.5896
    169.0797	      0.0000
    169.0818	      0.0000
    169.0838	      0.0000
    169.0859	      0.0000
    186.0569	      0.0000
    186.0593	      0.0000
    186.0617	      0.0000
    186.0641	      0.0000
    186.0665	    438.3372
    186.0689	   2063.7588
    186.0713	   7321.0273
    186.0737	  14030.8848
    186.0761	  20535.6621
    186.0785	  18439.0703
    186.0809	  11201.4531
    186.0834	   4489.2080
    186.0858	    803.1697
    186.0877	      0.0000
    186.0901	      0.0000
    186.0925	      0.0000
    186.0950	      0.0000
    187.0619	      0.0000
    187.0643	      0.0000
    187.0668	      0.0000
    187.0692	      0.0000
    187.0716	    543.2635
    187.0740	   1130.9921
    187.0765	   1708.0154
    187.0789	   1952.8456
    187.0813	   1718.5499
    187.0838	   1138.3279
    187.0862	    512.9929
    187.0887	      0.0000
    187.0911	      0.0000
    187.0936	      0.0000
    187.0960	      0.0000
    204.0534	      0.0000
    204.0561	      0.0000
    204.0589	      0.0000
    204.0617	      0.0000
    204.0644	      0.0000
    204.0672	      0.0000
    204.0700	      0.0000
    204.0729	   1456.4329
    204.0757	   2816.0098
    204.0784	   9794.3564
    204.0812	  31588.0820
    204.0840	  57816.6484
    204.0867	  81478.7891
    204.0895	  70450.2656
    204.0923	  42716.1875
    204.0950	  17110.8242
    204.0978	   4176.1675
    204.1005	    790.2864
    204.1031	      0.0000
    204.1059	      0.0000
    204.1087	      0.0000
    204.1114	      0.0000
    205.0691	      0.0000
    205.0719	      0.0000
    205.0746	      0.0000
    205.0774	      0.0000
    205.0802	      5.6980
    205.0830	   1275.9500
    205.0858	   3972.0132
    205.0886	   6808.5703
    205.0914	   7892.4297
    205.0941	   5444.3394
    205.0969	   2786.6892
    205.0997	    697.5850
    205.1025	      0.0000
    205.1053	      0.0000
    205.1081	      0.0000
    205.1109	      0.0000
    241.0469	      0.0000
    241.0505	      0.0000
    241.0540	      0.0000
    241.0576	      0.0000
    241.0611	    877.5629
    241.0647	   2268.7236
    241.0682	   4265.1465
    241.0718	   5734.4966
    241.0753	   4451.4512
    241.0789	   1878.7725
    241.0824	    713.7820
    241.0869	      0.0000
    241.0904	      0.0000
    241.0940	      0.0000
    241.0975	      0.0000
    366.0861	      0.0000
    366.0927	      0.0000
    366.0994	      0.0000
    366.1060	      0.0000
    366.1127	    657.2805
    366.1193	   1131.2686
    366.1260	   4097.1646
    366.1326	   7290.0728
    366.1392	   9666.5928
    366.1459	   7547.6978
    366.1525	   4282.2134
    366.1592	   1195.8018
    366.1658	      0.0000
    366.1728	      0.0000
    366.1794	      0.0000
    366.1861	      0.0000
    366.1927	      0.0000
    487.1846	      0.0000
    487.1948	      0.0000
    487.2050	      0.0000
    487.2152	      0.0000
    487.2254	    610.1191
    487.2356	   1243.5131
    487.2458	   1596.8982
    487.2560	   1403.0259
    487.2662	    811.7791
    487.2801	      0.0000
    487.2903	      0.0000
    487.3005	      0.0000
    487.3107	      0.0000
    519.8313	      0.0000
    519.8426	      0.0000
    519.8538	      0.0000
    519.8650	      0.0000
    519.8763	    742.4810
    519.8875	   2419.8811
    519.8988	   6035.9727
    519.9100	  10063.5889
    519.9213	  12298.3682
    519.9325	   9113.4717
    519.9438	   5108.4644
    519.9550	   1306.4447
    519.9662	      0.0000
    519.9740	      0.0000
    519.9853	      0.0000
    519.9965	      0.0000
    520.0078	      0.0000
    520.1653	      0.0000
    520.1765	      0.0000
    520.1878	      0.0000
    520.1990	      0.0000
    520.2103	    463.8334
    520.2215	   1344.0054
    520.2328	   3439.2292
    520.2440	   5506.5146
    520.2553	   5642.0259
    520.2665	   3563.8723
    520.2778	   1533.6561
    520.2891	    555.6219
    520.3003	      0.0000
    520.3116	      0.0000
    520.3228	      0.0000
    520.3341	      0.0000
    520.5030	      0.0000
    520.5143	      0.0000
    520.5255	      0.0000
    520.5368	      0.0000
    520.5481	    973.0117
    520.5593	   2375.8328
    520.5706	   4601.8438
    520.5819	   6555.8506
    520.5931	   5479.4287
    520.6044	   3245.4167
    520.6157	    894.7982
    520.6270	      0.0000
    520.6383	      0.0000
    520.6495	      0.0000
    520.6608	      0.0000
    565.2305	      0.0000
    565.2432	      0.0000
    565.2560	      0.0000
    565.2687	      0.0000
    565.2815	   1032.8219
    565.2942	   1628.7783
    565.3070	   1839.5784
    565.3197	   1499.5552
    565.3325	    835.8505
    565.3452	      0.0000
    565.3580	      0.0000
    565.3707	      0.0000
    565.3835	      0.0000
    581.8662	      0.0000
    581.8795	      0.0000
    581.8928	      0.0000
    581.9062	      0.0000
    581.9195	    924.7155
    581.9328	   1602.9904
    581.9461	   1928.4867
    581.9594	   1688.5405
    581.9727	   1061.5532
    581.9861	      0.0000
    581.9994	      0.0000
    582.0127	      0.0000
    582.0260	      0.0000
    587.2014	      0.0000
    587.2149	      0.0000
    587.2283	      0.0000
    587.2418	      0.0000
    587.2553	    671.4490
    587.2688	   1514.0913
    587.2823	   2107.2280
    587.2958	   2052.1384
    587.3093	   1406.3673
    587.3228	    661.0107
    587.3394	      0.0000
    587.3529	      0.0000
    587.3664	      0.0000
    587.3799	      0.0000
    587.5149	      0.0000
    587.5284	      0.0000
    587.5420	      0.0000
    587.5555	      0.0000
    587.5690	   1090.2291
    587.5825	   3741.8762
    587.5960	   6874.8384
    587.6095	   9652.9033
    587.6230	   8251.4648
    587.6365	   4911.5479
    587.6500	   1762.1735
    587.6635	    204.1712
    587.6740	      0.0000
    587.6875	      0.0000
    587.7011	      0.0000
    587.7146	      0.0000
    588.1879	      0.0000
    588.2014	      0.0000
    588.2149	      0.0000
    588.2285	      0.0000
    588.2420	    724.9107
    588.2555	   1660.8081
    588.2691	   2473.0227
    588.2826	   2547.7986
    588.2961	   1833.8597
    588.3097	    866.7418
    588.3238	      0.0000
    588.3374	      0.0000
    588.3509	      0.0000
    588.3645	      0.0000
    609.1651	      0.0000
    609.1794	      0.0000
    609.1936	      0.0000
    609.2079	      0.0000
    609.2222	    790.4460
    609.2364	   2976.6392
    609.2507	   6351.9355
    609.2649	   9874.6934
    609.2792	  10029.9883
    609.2935	   6512.6792
    609.3077	   3122.4097
    609.3220	    682.4713
    609.3357	      0.0000
    609.3500	      0.0000
    609.3642	      0.0000
    609.3785	      0.0000
    641.8557	      0.0000
    641.8712	      0.0000
    641.8866	      0.0000
    641.9020	      0.0000
    641.9174	   1037.7078
    641.9329	   1809.9662
    641.9483	   2409.5146
    641.9637	   2412.4106
    641.9791	   1762.4399
    641.9946	    880.5968
    642.0100	      0.0000
    642.0254	      0.0000
    642.0409	      0.0000
    642.0563	      0.0000
    642.2106	      0.0000
    642.2261	      0.0000
    642.2415	      0.0000
    642.2570	      0.0000
    642.2724	   1119.9415
    642.2878	   1629.3995
    642.3033	   1656.1401
    642.3187	   1200.1738
    642.3342	    562.3727
    642.3496	      0.0000
    642.3651	      0.0000
    642.3805	      0.0000
    642.3959	      0.0000
    669.2151	      0.0000
    669.2315	      0.0000
    669.2479	      0.0000
    669.2643	      0.0000
    669.2808	    731.3816
    669.2972	   1415.6669
    669.3136	   1792.7448
    669.3300	   1567.0337
    669.3465	    895.2285
    669.3629	      0.0000
    669.3793	      0.0000
    669.3958	      0.0000
    669.4122	      0.0000
    677.7193	      0.0000
    677.7361	      0.0000
    677.7528	      0.0000
    677.7695	      0.0000
    677.7863	   1201.1693
    677.8030	   3081.7410
    677.8197	   5158.8755
    677.8365	   5674.3389
    677.8532	   3735.8857
    677.8700	   1729.4786
    677.8867	    718.1741
    677.9034	      0.0000
    677.9202	      0.0000
    677.9369	      0.0000
    677.9537	      0.0000
    678.2049	      0.0000
    678.2217	      0.0000
    678.2384	      0.0000
    678.2552	      0.0000
    678.2719	    336.4258
    678.2887	   1325.2351
    678.3054	   4185.2466
    678.3222	   6106.8628
    678.3389	   5804.8594
    678.3557	   3497.7537
    678.3725	   1315.7343
    678.3892	    655.9109
    678.4060	      0.0000
    678.4227	      0.0000
    678.4395	      0.0000
    678.4563	      0.0000
    678.7245	      0.0000
    678.7413	      0.0000
    678.7581	      0.0000
    678.7749	      0.0000
    678.7916	    703.5246
    678.8084	   1568.3695
    678.8252	   2150.2383
    678.8420	   1950.1470
    678.8587	   1121.7455
    678.8755	      0.0000
    678.8923	      0.0000
    678.9091	      0.0000
    678.9259	      0.0000
    718.7175	      0.0000
    718.7357	      0.0000
    718.7540	      0.0000
    718.7723	      0.0000
    718.7906	    379.6020
    718.8088	   1289.5054
    718.8271	   2566.1904
    718.8454	   5138.9863
    718.8637	   4507.4795
    718.8820	   2145.7742
    718.9003	    896.9089
    718.9250	      0.0000
    718.9433	      0.0000
    718.9616	      0.0000
    718.9798	      0.0000
    719.1993	      0.0000
    719.2176	      0.0000
    719.2359	      0.0000
    719.2542	      0.0000
    719.2725	    714.5515
    719.2908	   1349.1381
    719.3091	   4315.3872
    719.3274	   9052.3691
    719.3457	  14095.1748
    719.3640	  14241.1973
    719.3823	   9002.0967
    719.4006	   4055.6860
    719.4189	    540.9904
    719.4325	      0.0000
    719.4508	      0.0000
    719.4692	      0.0000
    719.4875	      0.0000
    719.7072	      0.0000
    719.7255	      0.0000
    719.7438	      0.0000
    719.7621	      0.0000
    719.7804	    553.0047
    719.7988	   1737.2269
    719.8171	   4592.0820
    719.8354	   7751.6108
    719.8537	   9409.4287
    719.8720	   6934.8320
    719.8904	   3829.1812
    719.9087	   1049.0792
    719.9252	      0.0000
    719.9435	      0.0000
    719.9619	      0.0000
    719.9802	      0.0000
    720.2185	      0.0000
    720.2368	      0.0000
    720.2551	      0.0000
    720.2735	      0.0000
    720.2918	    564.9009
    720.3101	   1406.0635
    720.3285	   2367.5356
    720.3468	   2922.8540
    720.3652	   2686.5283
    720.3835	   1791.7534
    720.4018	    820.5270
    720.4202	      0.0000
    720.4385	      0.0000
    720.4569	      0.0000
    720.4752	      0.0000
    731.2334	      0.0000
    731.2522	      0.0000
    731.2710	      0.0000
    731.2897	      0.0000
    731.3085	    753.5802
    731.3272	   1416.4805
    731.3460	   1706.9735
    731.3648	   1401.7908
    731.3835	    744.0486
    731.4023	      0.0000
    731.4211	      0.0000
    731.4398	      0.0000
    731.4586	      0.0000
    750.2395	      0.0000
    750.2590	      0.0000
    750.2785	      0.0000
    750.2980	      0.0000
    750.3175	   1096.1552
    750.3370	   1573.0706
    750.3565	   1663.0260
    750.3759	   1261.3378
    750.3954	    628.5241
    750.4150	      0.0000
    750.4345	      0.0000
    750.4540	      0.0000
    750.4735	      0.0000
    761.2154	      0.0000
    761.2354	      0.0000
    761.2553	      0.0000
    761.2752	      0.0000
    761.2951	    726.5873
    761.3151	   1620.4409
    761.3350	   2503.2227
    761.3549	   2848.3003
    761.3748	   2414.7788
    761.3948	   1462.7710
    761.4147	    544.7675
    761.4346	      0.0000
    761.4546	      0.0000
    761.4745	      0.0000
    761.4944	      0.0000
    762.2324	      0.0000
    762.2524	      0.0000
    762.2724	      0.0000
    762.2923	      0.0000
    762.3123	   1038.6469
    762.3323	   2005.4641
    762.3522	   2607.2515
    762.3722	   2444.0610
    762.3922	   1657.8374
    762.4121	    796.2001
    762.4321	      0.0000
    762.4521	      0.0000
    762.4720	      0.0000
    762.4920	      0.0000
    770.2192	      0.0000
    770.2395	      0.0000
    770.2598	      0.0000
    770.2801	      0.0000
    770.3003	    527.6143
    770.3206	   1500.4702
    770.3409	   3655.8411
    770.3612	   5503.1709
    770.3815	   5026.5967
    770.4017	   3081.9409
    770.4220	   1139.1956
    770.4423	      0.0000
    770.4626	      0.0000
    770.4829	      0.0000
    770.5032	      0.0000
    770.7264	      0.0000
    770.7467	      0.0000
    770.7670	      0.0000
    770.7873	      0.0000
    770.8076	   1178.8767
    770.8279	   2856.8789
    770.8482	   4773.1968
    770.8685	   5017.8115
    770.8888	   2224.3423
    770.9091	   1001.1702
    770.9294	      0.0000
    770.9497	      0.0000
    770.9700	      0.0000
    770.9903	      0.0000
    771.2137	      0.0000
    771.2340	      0.0000
    771.2543	      0.0000
    771.2746	      0.0000
    771.2950	    582.1914
    771.3153	   1911.7759
    771.3356	   4000.5715
    771.3559	   5863.5454
    771.3762	   4848.7173
    771.3966	   2680.2944
    771.4169	    588.0132
    771.4446	      0.0000
    771.4649	      0.0000
    771.4852	      0.0000
    771.5056	      0.0000
    778.7104	      0.0000
    778.7311	      0.0000
    778.7517	      0.0000
    778.7723	      0.0000
    778.7929	    849.6857
    778.8135	   3162.5940
    778.8341	   9726.8770
    778.8547	  18155.3047
    778.8754	  26312.4941
    778.8960	  23803.3008
    778.9166	  14486.1514
    778.9372	   5720.6113
    778.9578	    760.5214
    778.9711	      0.0000
    778.9917	      0.0000
    779.0124	      0.0000
    779.0330	      0.0000
    779.1155	      0.0000
    779.1361	      0.0000
    779.1567	      0.0000
    779.1774	      0.0000
    779.1980	      0.0000
    779.2186	      0.0000
    779.2393	      0.0000
    779.2659	   2930.6333
    779.2866	   5491.7251
    779.3072	  14011.8955
    779.3278	  40045.6055
    779.3485	  72644.3672
    779.3691	 102763.0703
    779.3898	  90183.3672
    779.4104	  54632.4375
    779.4310	  21454.9102
    779.4517	   3739.1001
    779.4723	      0.0000
    779.4916	      0.0000
    779.5122	      0.0000
    779.5329	      0.0000
    779.5535	      0.0000
    779.6567	      0.0000
    779.6774	      0.0000
    779.6980	      0.0000
    779.7187	      0.0000
    779.7393	    762.0583
    779.7600	   2322.8655
    779.7806	   3469.0100
    779.8013	   7560.5313
    779.8220	  21956.7852
    779.8426	  44516.1680
    779.8633	  68472.4375
    779.8839	  69255.8281
    779.9046	  44631.6133
    779.9252	  21157.2227
    779.9459	   4568.9341
    779.9666	    317.6326
    779.9863	      0.0000
    780.0070	      0.0000
    780.0276	      0.0000
    780.0483	      0.0000
    780.1723	      0.0000
    780.1930	      0.0000
    780.2136	      0.0000
    780.2343	      0.0000
    780.2550	    750.2761
    780.2756	   1353.6108
    780.2963	   3053.5898
    780.3170	   8881.5625
    780.3377	  20587.7129
    780.3583	  33399.6094
    780.3790	  38424.9063
    780.3997	  27073.4238
    780.4204	  14450.8428
    780.4411	   3720.9614
    780.4617	    268.9222
    780.4820	      0.0000
    780.5027	      0.0000
    780.5234	      0.0000
    780.5441	      0.0000
    780.7096	      0.0000
    780.7303	      0.0000
    780.7510	      0.0000
    780.7717	      0.0000
    780.7923	    928.5013
    780.8130	   2442.3274
    780.8337	   6405.7090
    780.8544	  10738.8965
    780.8751	  13057.4170
    780.8958	   9527.0469
    780.9165	   5177.2192
    780.9372	   1284.9280
    780.9579	    108.7740
    780.9753	      0.0000
    780.9960	      0.0000
    781.0167	      0.0000
    781.0374	      0.0000
    791.2189	      0.0000
    791.2400	      0.0000
    791.2611	      0.0000
    791.2823	      0.0000
    791.3034	    636.2020
    791.3245	   1221.1733
    791.3456	   1533.6932
    791.3667	   1356.6835
    791.3878	    813.7132
    791.4090	      0.0000
    791.4301	      0.0000
    791.4512	      0.0000
    791.4723	      0.0000
    792.2120	      0.0000
    792.2332	      0.0000
    792.2544	      0.0000
    792.2755	      0.0000
    792.2967	    867.3177
    792.3178	   1524.4465
    792.3390	   2018.7828
    792.3601	   2091.1775
    792.3813	   1703.5814
    792.4024	   1073.9495
    792.4236	      0.0000
    792.4448	      0.0000
    792.4659	      0.0000
    792.4871	      0.0000
    800.2463	      0.0000
    800.2678	      0.0000
    800.2892	      0.0000
    800.3107	      0.0000
    800.3322	   1279.3348
    800.3537	   2142.2393
    800.3752	   2497.1550
    800.3966	   2081.0747
    800.4181	   1205.7673
    800.4396	      0.0000
    800.4611	      0.0000
    800.4826	      0.0000
    800.5040	      0.0000
    807.2491	      0.0000
    807.2709	      0.0000
    807.2926	      0.0000
    807.3144	      0.0000
    807.3362	    901.4735
    807.3579	   1903.1230
    807.3797	   2593.0881
    807.4014	   2493.4043
    807.4232	   1694.4113
    807.4450	    765.6534
    807.4668	      0.0000
    807.4886	      0.0000
    807.5103	      0.0000
    807.5321	      0.0000
    849.2408	      0.0000
    849.2643	      0.0000
    849.2878	      0.0000
    849.3113	      0.0000
    849.3347	   1116.0504
    849.3582	   1775.2682
    849.3817	   2017.0823
    849.4052	   1673.1184
    849.4287	    966.8511
    849.4522	      0.0000
    849.4756	      0.0000
    849.4991	      0.0000
    849.5226	      0.0000
    850.7452	      0.0000
    850.7688	      0.0000
    850.7923	      0.0000
    850.8158	      0.0000
    850.8394	    689.8537
    850.8629	   1412.5166
    850.8865	   1919.1272
    850.9100	   1858.3240
    850.9335	   1268.6418
    850.9571	      0.0000
    850.9806	      0.0000
    851.0042	      0.0000
    851.0277	      0.0000
    851.2397	      0.0000
    851.2633	      0.0000
    851.2868	      0.0000
    851.3104	      0.0000
    851.3339	    688.7357
    851.3575	   1502.9408
    851.3811	   2180.1116
    851.4046	   2219.5000
    851.4282	   1568.1653
    851.4518	    680.4858
    851.4863	      0.0000
    851.5099	      0.0000
    851.5335	      0.0000
    851.5570	      0.0000
    851.7220	      0.0000
    851.7456	      0.0000
    851.7692	      0.0000
    851.7928	      0.0000
    851.8164	    457.9913
    851.8399	   1972.4283
    851.8635	   4972.0215
    851.8871	   8322.2959
    851.9107	  10575.1748
    851.9343	   8230.1807
    851.9579	   4766.3862
    851.9815	   1315.5565
    851.9997	      0.0000
    852.0233	      0.0000
    852.0469	      0.0000
    852.0705	      0.0000
    852.1884	      0.0000
    852.2120	      0.0000
    852.2356	      0.0000
    852.2592	      0.0000
    852.2828	    746.8578
    852.3064	   1937.6150
    852.3300	   5674.3296
    852.3536	  15891.6279
    852.3773	  26933.6973
    852.4009	  34864.8789
    852.4245	  27059.5508
    852.4481	  15624.9697
    852.4717	   4563.5547
    852.4953	    290.6076
    852.5215	      0.0000
    852.5451	      0.0000
    852.5688	      0.0000
    852.5924	      0.0000
    852.7104	      0.0000
    852.7341	      0.0000
    852.7577	      0.0000
    852.7813	      0.0000
    852.8049	   1232.6598
    852.8286	   3249.3035
    852.8522	   9610.3545
    852.8758	  17959.3125
    852.8994	  25820.3984
    852.9231	  22857.7520
    852.9467	  13741.3301
    852.9703	   5149.5869
    852.9939	    558.3508
    853.0119	      0.0000
    853.0355	      0.0000
    853.0591	      0.0000
    853.0827	      0.0000
    853.2009	      0.0000
    853.2246	      0.0000
    853.2482	      0.0000
    853.2719	      0.0000
    853.2955	    118.7020
    853.3191	   1561.0975
    853.3428	   5441.8042
    853.3664	  10203.4434
    853.3901	  14856.4121
    853.4137	  13716.4229
    853.4374	   8538.1357
    853.4610	   3743.2446
    853.4847	    652.4297
    853.5058	      0.0000
    853.5294	      0.0000
    853.5531	      0.0000
    853.5767	      0.0000
    853.7423	      0.0000
    853.7660	      0.0000
    853.7896	      0.0000
    853.8133	      0.0000
    853.8370	    723.0676
    853.8606	   1693.9755
    853.8843	   2548.4478
    853.9080	   2666.7573
    853.9316	   1922.9862
    853.9553	    846.9724
    853.9790	      0.0000
    854.0027	      0.0000
    854.0263	      0.0000
    854.0500	      0.0000
    857.7552	      0.0000
    857.7791	      0.0000
    857.8029	      0.0000
    857.8267	      0.0000
    857.8505	   1080.6023
    857.8744	   1670.8362
    857.8982	   1824.1420
    857.9220	   1453.6616
    857.9459	    818.1552
    857.9697	      0.0000
    857.9936	      0.0000
    858.0174	      0.0000
    858.0412	      0.0000
    858.2320	      0.0000
    858.2558	      0.0000
    858.2797	      0.0000
    858.3035	      0.0000
    858.3274	   1097.2904
    858.3513	   2102.1333
    858.3751	   3056.9692
    858.3990	   5206.7954
    858.4228	   3579.9963
    858.4467	   1679.0273
    858.4705	    714.6379
    858.4944	      0.0000
    858.5182	      0.0000
    858.5421	      0.0000
    858.5660	      0.0000
    858.7330	      0.0000
    858.7569	      0.0000
    858.7808	      0.0000
    858.8046	      0.0000
    858.8285	    757.5325
    858.8524	   3156.8914
    858.8763	   5660.9170
    858.9001	   7492.4360
    858.9240	   5764.8564
    858.9479	   3296.7471
    858.9718	    999.1273
    858.9957	      0.0000
    859.0195	      0.0000
    859.0434	      0.0000
    859.0673	      0.0000
    859.2106	      0.0000
    859.2345	      0.0000
    859.2584	      0.0000
    859.2823	      0.0000
    859.3062	    623.5315
    859.3301	   1604.8500
    859.3540	   4270.8320
    859.3779	   7076.2539
    859.4018	   8126.1978
    859.4257	   5599.2231
    859.4496	   2801.6023
    859.4735	    508.3606
    859.4974	      0.0000
    859.5213	      0.0000
    859.5452	      0.0000
    859.5691	      0.0000
    859.7125	      0.0000
    859.7364	      0.0000
    859.7603	      0.0000
    859.7842	      0.0000
    859.8082	    503.4456
    859.8321	   1463.0671
    859.8560	   3890.1060
    859.8799	   5508.8911
    859.9038	   4970.9365
    859.9277	   2909.0317
    859.9517	   1397.1216
    859.9756	    553.1304
    859.9995	      0.0000
    860.0234	      0.0000
    860.0474	      0.0000
    860.0713	      0.0000
    860.7176	      0.0000
    860.7416	      0.0000
    860.7655	      0.0000
    860.7895	      0.0000
    860.8134	    638.8618
    860.8374	   1404.3398
    860.8614	   2201.0969
    860.8853	   2533.9414
    860.9093	   2129.1555
    860.9332	   1236.0685
    860.9572	      0.0000
    860.9812	      0.0000
    861.0051	      0.0000
    861.0291	      0.0000
    871.7691	      0.0000
    871.7935	      0.0000
    871.8179	      0.0000
    871.8423	      0.0000
    871.8667	   1192.3059
    871.8912	   1688.0492
    871.9156	   1757.4509
    871.9400	   1353.6897
    871.9644	    717.6680
    871.9888	      0.0000
    872.0133	      0.0000
    872.0377	      0.0000
    872.0621	      0.0000
    872.7465	      0.0000
    872.7709	      0.0000
    872.7954	      0.0000
    872.8199	      0.0000
    872.8443	    916.0729
    872.8688	   1835.7306
    872.8932	   2635.0645
    872.9177	   2788.2563
    872.9422	   2161.9656
    872.9666	   1178.3357
    873.0130	      0.0000
    873.0374	      0.0000
    873.0619	      0.0000
    873.0864	      0.0000
    880.2260	      0.0000
    880.2507	      0.0000
    880.2755	      0.0000
    880.3003	      0.0000
    880.3251	    444.1819
    880.3498	   1896.7010
    880.3746	   4827.4209
    880.3994	   8913.0273
    880.4242	  12729.7979
    880.4489	  11133.5303
    880.4737	   6449.0405
    880.4985	   1871.0327
    880.5233	      0.0000
    880.5262	      0.0000
    880.5510	      0.0000
    880.5758	      0.0000
    880.6006	      0.0000
    880.6254	      0.0000
    880.6502	      0.0000
    880.6749	      0.0000
    880.6997	      0.0000
    880.7245	      0.0000
    880.7493	   1652.2173
    880.7741	   1369.6345
    880.8080	   2474.5657
    880.8328	   5804.1816
    880.8576	  16584.5469
    880.8824	  30942.2559
    880.9072	  44749.1211
    880.9320	  40374.0664
    880.9568	  24582.6680
    880.9816	   9735.4629
    881.0064	   1465.6106
    881.0312	      0.0000
    881.0469	      0.0000
    881.0717	      0.0000
    881.0965	      0.0000
    881.1213	      0.0000
    881.1461	      0.0000
    881.1710	      0.0000
    881.1958	      0.0000
    881.2206	    129.2347
    881.2454	   1430.9192
    881.2702	   1378.2684
    881.3011	   1764.2709
    881.3259	   3829.1665
    881.3508	  11411.9521
    881.3756	  23495.4160
    881.4004	  36401.6992
    881.4252	  37387.5234
    881.4500	  24218.1797
    881.4749	  11555.0107
    881.4997	   2246.5586
    881.5245	      0.0000
    881.5520	      0.0000
    881.5768	      0.0000
    881.6016	      0.0000
    881.6265	      0.0000
    881.7010	      0.0000
    881.7258	      0.0000
    881.7506	      0.0000
    881.7755	      0.0000
    881.8003	    744.1766
    881.8251	   1581.0928
    881.8500	   4265.3818
    881.8748	   9690.4482
    881.8997	  15699.6465
    881.9245	  17808.2012
    881.9493	  12184.2520
    881.9742	   6200.4663
    881.9990	   1106.3546
    882.0151	      0.0000
    882.0400	      0.0000
    882.0648	      0.0000
    882.0897	      0.0000
    882.2139	      0.0000
    882.2388	      0.0000
    882.2636	      0.0000
    882.2885	      0.0000
    882.3134	    590.6589
    882.3382	   1480.9803
    882.3631	   4100.3340
    882.3879	   6292.0889
    882.4128	   6700.5986
    882.4377	   4576.9502
    882.4625	   2361.1985
    882.4874	    458.8180
    882.5123	      0.0000
    882.5371	      0.0000
    882.5620	      0.0000
    882.5869	      0.0000
    882.7610	      0.0000
    882.7859	      0.0000
    882.8108	      0.0000
    882.8356	      0.0000
    882.8605	   1174.6051
    882.8854	   1799.9149
    882.9103	   1920.5789
    882.9352	   1466.1375
    882.9601	    766.0022
    882.9850	      0.0000
    883.0099	      0.0000
    883.0347	      0.0000
    883.0596	      0.0000
    902.2335	      0.0000
    902.2593	      0.0000
    902.2850	      0.0000
    902.3107	      0.0000
    902.3364	    557.6169
    902.3621	   1407.6228
    902.3878	   2150.0688
    902.4135	   2225.5242
    902.4392	   1565.1915
    902.4649	    666.7404
    902.4907	      0.0000
    902.5164	      0.0000
    902.5421	      0.0000
    902.5678	      0.0000
    932.7541	      0.0000
    932.7811	      0.0000
    932.8081	      0.0000
    932.8351	      0.0000
    932.8622	    783.3643
    932.8892	   1584.7504
    932.9162	   2089.0403
    932.9433	   1994.4950
    932.9703	   1401.8208
    932.9973	    698.4461
    933.0244	      0.0000
    933.0514	      0.0000
    933.0785	      0.0000
    933.1055	      0.0000
    944.2625	      0.0000
    944.2900	      0.0000
    944.3175	      0.0000
    944.3450	      0.0000
    944.3726	    980.2542
    944.4001	   1871.5160
    944.4276	   2315.1960
    944.4552	   1995.4584
    944.4827	   1173.9783
    944.5102	      0.0000
    944.5378	      0.0000
    944.5653	      0.0000
    944.5928	      0.0000
    952.2392	      0.0000
    952.2671	      0.0000
    952.2950	      0.0000
    952.3228	      0.0000
    952.3507	    575.4814
    952.3786	   1347.9384
    952.4065	   1883.5703
    952.4344	   1781.1068
    952.4622	   1145.2260
    952.4901	      0.0000
    952.5180	      0.0000
    952.5459	      0.0000
    952.5738	      0.0000
    952.7690	      0.0000
    952.7969	      0.0000
    952.8248	      0.0000
    952.8527	      0.0000
    952.8806	   1109.1787
    952.9085	   2164.9446
    952.9364	   2648.3079
    952.9643	   2152.3103
    952.9922	   1095.2312
    953.0279	      0.0000
    953.0559	      0.0000
    953.0838	      0.0000
    953.1117	      0.0000
    953.2233	      0.0000
    953.2512	      0.0000
    953.2792	      0.0000
    953.3071	      0.0000
    953.3350	    601.2720
    953.3629	   1701.4708
    953.3908	   4725.2783
    953.4188	   8009.0752
    953.4467	   9737.9414
    953.4746	   6936.1694
    953.5025	   3615.2437
    953.5305	    633.5750
    953.5580	      0.0000
    953.5859	      0.0000
    953.6139	      0.0000
    953.6418	      0.0000
    953.6977	      0.0000
    953.7256	      0.0000
    953.7535	      0.0000
    953.7815	      0.0000
    953.8094	    981.9513
    953.8374	   2457.0193
    953.8653	   7364.8516
    953.8933	  16246.4502
    953.9212	  26042.5664
    953.9491	  28911.9824
    953.9771	  19660.3203
    954.0050	  10068.5850
    954.0330	   2177.4326
    954.0609	      0.0000
    954.0900	      0.0000
    954.1180	      0.0000
    954.1459	      0.0000
    954.1739	      0.0000
    954.2018	      0.0000
    954.2298	      0.0000
    954.2578	      0.0000
    954.2857	      0.0000
    954.3137	    878.8370
    954.3416	   2261.7083
    954.3696	   6619.4360
    954.3976	  13893.7041
    954.4255	  22001.7871
    954.4535	  23655.9824
    954.4815	  15568.2139
    954.5095	   7531.3120
    954.5374	   1272.2001
    954.5545	      0.0000
    954.5825	      0.0000
    954.6105	      0.0000
    954.6384	      0.0000
    954.7224	      0.0000
    954.7504	      0.0000
    954.7783	      0.0000
    954.8063	      0.0000
    954.8343	    929.6920
    954.8623	   3362.0330
    954.8903	   6928.2349
    954.9183	  10841.2666
    954.9463	  11017.3389
    954.9743	   7016.4824
    955.0023	   3209.7966
    955.0302	    614.7999
    955.0606	      0.0000
    955.0886	      0.0000
    955.1166	      0.0000
    955.1446	      0.0000
    955.2566	      0.0000
    955.2846	      0.0000
    955.3126	      0.0000
    955.3406	      0.0000
    955.3686	    628.7805
    955.3966	   1600.9138
    955.4246	   2526.6240
    955.4527	   2761.3518
    955.4807	   2105.0264
    955.5087	   1065.2164
    955.5367	      0.0000
    955.5647	      0.0000
    955.5927	      0.0000
    955.6208	      0.0000
    959.2457	      0.0000
    959.2739	      0.0000
    959.3021	      0.0000
    959.3303	      0.0000
    959.3585	    811.4291
    959.3867	   1637.1971
    959.4148	   2078.2070
    959.4430	   1855.9487
    959.4712	   1180.1848
    959.4994	      0.0000
    959.5276	      0.0000
    959.5558	      0.0000
    959.5840	      0.0000
    959.7532	      0.0000
    959.7814	      0.0000
    959.8096	      0.0000
    959.8378	      0.0000
    959.8660	   1001.0984
    959.8942	   1649.2640
    959.9224	   1953.7428
    959.9506	   1666.7493
    959.9788	    964.3019
    960.0071	      0.0000
    960.0353	      0.0000
    960.0635	      0.0000
    960.0917	      0.0000
    960.2328	      0.0000
    960.2610	      0.0000
    960.2893	      0.0000
    960.3175	      0.0000
    960.3457	    488.5658
    960.3739	   1448.1393
    960.4022	   2524.5300
    960.4304	   2973.9993
    960.4586	   2480.1228
    960.4869	   1427.8944
    960.5151	    496.5731
    960.5434	      0.0000
    960.5716	      0.0000
    960.5998	      0.0000
    960.6281	      0.0000
    960.7693	      0.0000
    960.7975	      0.0000
    960.8258	      0.0000
    960.8540	      0.0000
    960.8823	   1291.7499
    960.9105	   2314.5420
    960.9388	   2693.8206
    960.9671	   2121.4121
    960.9953	   1061.8401
    961.0330	      0.0000
    961.0612	      0.0000
    961.0895	      0.0000
    961.1178	      0.0000
    961.2026	      0.0000
    961.2308	      0.0000
    961.2591	      0.0000
    961.2874	      0.0000
    961.3156	    505.7381
    961.3439	   1465.1271
    961.3722	   4567.7588
    961.4004	  10068.1133
    961.4287	  15991.9160
    961.4570	  16863.7617
    961.4853	  10970.6162
    961.5136	   5275.0288
    961.5418	    938.9848
    961.5694	      0.0000
    961.5977	      0.0000
    961.6260	      0.0000
    961.6543	      0.0000
    961.6826	      0.0000
    961.7109	      0.0000
    961.7392	      0.0000
    961.7674	   1158.2035
    961.7957	   1743.0524
    961.8240	   3222.8848
    961.8523	   8482.1484
    961.8806	  23735.8047
    961.9089	  41299.2227
    961.9372	  55322.6133
    961.9655	  44733.6484
    961.9938	  26216.2656
    962.0221	   8545.8516
    962.0504	    832.7339
    962.0775	      0.0000
    962.1058	      0.0000
    962.1341	      0.0000
    962.1624	      0.0000
    962.1907	      0.0000
    962.2190	      0.0000
    962.2473	      0.0000
    962.2756	   1287.6708
    962.3039	   1908.7882
    962.3323	   4321.6953
    962.3606	  12085.0967
    962.3889	  27567.9434
    962.4172	  44768.2578
    962.4455	  52104.5313
    962.4739	  36923.6758
    962.5022	  19708.5215
    962.5305	   4800.3604
    962.5588	     91.5799
    962.5936	      0.0000
    962.6219	      0.0000
    962.6503	      0.0000
    962.6786	      0.0000
    962.7069	      0.0000
    962.7353	      0.0000
    962.7636	      0.0000
    962.7919	    794.3821
    962.8203	   1790.9777
    962.8486	   4310.8921
    962.8769	  11053.5820
    962.9053	  20367.5156
    962.9336	  30101.2852
    962.9620	  28493.1953
    962.9903	  17519.2715
    963.0187	   7232.8369
    963.0470	    725.6761
    963.0724	      0.0000
    963.1007	      0.0000
    963.1291	      0.0000
    963.1574	      0.0000
    963.2141	      0.0000
    963.2425	      0.0000
    963.2709	      0.0000
    963.2992	      0.0000
    963.3276	    421.4048
    963.3559	   1798.6704
    963.3843	   4282.2056
    963.4127	   7309.4839
    963.4410	  10015.0234
    963.4694	   8455.2139
    963.4978	   4865.7549
    963.5261	   1506.0479
    963.5545	      0.0000
    963.5719	      0.0000
    963.6003	      0.0000
    963.6287	      0.0000
    963.6571	      0.0000
    963.7422	      0.0000
    963.7706	      0.0000
    963.7989	      0.0000
    963.8273	      0.0000
    963.8557	    795.6591
    963.8841	   1664.9285
    963.9125	   2344.6057
    963.9409	   2351.8093
    963.9693	   1656.2111
    963.9976	    754.4318
    964.0261	      0.0000
    964.0544	      0.0000
    964.0828	      0.0000
    964.1112	      0.0000
    983.2458	      0.0000
    983.2751	      0.0000
    983.3043	      0.0000
    983.3335	      0.0000
    983.3628	    638.0125
    983.3920	   1491.5336
    983.4213	   2262.3455
    983.4505	   2463.3792
    983.4798	   1946.9034
    983.5091	   1070.9232
    983.5383	      0.0000
    983.5676	      0.0000
    983.5969	      0.0000
    983.6261	      0.0000
   1013.2784	      0.0000
   1013.3090	      0.0000
   1013.3396	      0.0000
   1013.3702	      0.0000
   1013.4008	    899.8062
   1013.4314	   1700.2924
   1013.4620	   2193.0820
   1013.4926	   2034.9045
   1013.5232	   1327.0446
   1013.5538	      0.0000
   1013.5844	      0.0000
   1013.6151	      0.0000
   1013.6457	      0.0000
   1027.2501	      0.0000
   1027.2813	      0.0000
   1027.3126	      0.0000
   1027.3438	      0.0000
   1027.3750	   1214.6089
   1027.4063	   3653.9707
   1027.4375	   5776.1904
   1027.4687	   6097.3789
   1027.5000	   3919.9749
   1027.5312	   1652.8011
   1027.5625	    649.0314
   1027.6065	      0.0000
   1027.6378	      0.0000
   1027.6690	      0.0000
   1027.7003	      0.0000
   1027.7315	      0.0000
   1027.7628	      0.0000
   1027.7940	      0.0000
   1027.8253	    542.2339
   1027.8565	   1692.4633
   1027.8878	   4929.3491
   1027.9191	   9402.7549
   1027.9503	  13931.9082
   1027.9816	  13376.5527
   1028.0128	   8305.2021
   1028.0441	   3531.2888
   1028.0754	    275.2866
   1028.1201	      0.0000
   1028.1513	      0.0000
   1028.1826	      0.0000
   1028.2139	      0.0000
   1028.2452	      0.0000
   1028.2764	      0.0000
   1028.3077	      0.0000
   1028.3390	    245.3918
   1028.3703	   1981.1996
   1028.4015	   4753.1006
   1028.4328	   8760.8389
   1028.4641	  12735.1143
   1028.4954	  11728.1807
   1028.5267	   6932.7832
   1028.5580	   2381.1609
   1028.5893	      0.0000
   1028.5943	      0.0000
   1028.6256	      0.0000
   1028.6569	      0.0000
   1028.6882	      0.0000
   1028.7195	      0.0000
   1028.7508	      0.0000
   1028.7821	      0.0000
   1028.8134	      0.0000
   1028.8447	    626.0592
   1028.8760	   2442.0747
   1028.9073	   5106.8350
   1028.9386	   7803.8042
   1028.9699	   7609.5366
   1029.0012	   4633.7466
   1029.0325	   1884.6156
   1029.0638	      0.0000
   1029.0951	      0.0000
   1029.1265	      0.0000
   1029.1578	      0.0000
   1029.1891	      0.0000
   1033.2726	      0.0000
   1033.3041	      0.0000
   1033.3356	      0.0000
   1033.3671	      0.0000
   1033.3986	   1077.9624
   1033.4301	   1942.9199
   1033.4616	   2202.5811
   1033.4931	   1646.7723
   1033.5246	    746.3993
   1033.5562	      0.0000
   1033.5877	      0.0000
   1033.6192	      0.0000
   1033.6507	      0.0000
   1033.7453	      0.0000
   1033.7768	      0.0000
   1033.8084	      0.0000
   1033.8399	      0.0000
   1033.8714	    661.4978
   1033.9029	   1501.6488
   1033.9345	   2292.1929
   1033.9660	   2529.9146
   1033.9976	   2042.6168
   1034.0291	   1145.3785
   1034.0666	      0.0000
   1034.0982	      0.0000
   1034.1297	      0.0000
   1034.1612	      0.0000
   1034.2243	      0.0000
   1034.2559	      0.0000
   1034.2874	      0.0000
   1034.3190	      0.0000
   1034.3505	    692.0624
   1034.3821	   3084.5649
   1034.4137	   6871.8511
   1034.4452	  10999.8965
   1034.4768	  11843.4697
   1034.5083	   7943.4141
   1034.5399	   3956.8733
   1034.5715	    774.9377
   1034.6053	      0.0000
   1034.6369	      0.0000
   1034.6685	      0.0000
   1034.7000	      0.0000
   1034.7316	      0.0000
   1034.7632	      0.0000
   1034.7947	      0.0000
   1034.8263	   1102.1019
   1034.8579	   3660.5315
   1034.8895	  11631.5020
   1034.9211	  22647.4980
   1034.9526	  34014.3242
   1034.9842	  32451.0938
   1035.0158	  20235.9395
   1035.0474	   8762.6504
   1035.0790	   1560.1263
   1035.1106	      0.0000
   1035.1417	      0.0000
   1035.1733	      0.0000
   1035.2049	      0.0000
   1035.2365	      0.0000
   1035.2681	      0.0000
   1035.2997	      0.0000
   1035.3313	   1112.6240
   1035.3629	   2724.2109
   1035.3945	   8689.8965
   1035.4261	  16634.7090
   1035.4577	  24116.4180
   1035.4893	  21514.5723
   1035.5209	  12950.3105
   1035.5525	   5005.5933
   1035.5841	    716.0714
   1035.6148	      0.0000
   1035.6464	      0.0000
   1035.6780	      0.0000
   1035.7096	      0.0000
   1035.7412	      0.0000
   1035.7728	      0.0000
   1035.8045	      0.0000
   1035.8361	   1147.7898
   1035.8677	   3275.5420
   1035.8993	   9763.4307
   1035.9309	  17264.9688
   1035.9626	  23242.7090
   1035.9942	  18741.6406
   1036.0258	  10860.8027
   1036.0575	   3405.3108
   1036.0891	    185.8047
   1036.1138	      0.0000
   1036.1455	      0.0000
   1036.1771	      0.0000
   1036.2088	      0.0000
   1036.2404	      0.0000
   1036.2720	      0.0000
   1036.3037	      0.0000
   1036.3353	      0.0000
   1036.3670	    694.3791
   1036.3986	   1820.8969
   1036.4303	   4101.8618
   1036.4619	   5257.8457
   1036.4936	   2857.9626
   1036.5252	   1660.4760
   1036.5569	    625.6393
   1036.5885	      0.0000
   1036.6202	      0.0000
   1036.6518	      0.0000
   1036.6835	      0.0000
   1036.7468	      0.0000
   1036.7785	      0.0000
   1036.8102	      0.0000
   1036.8418	      0.0000
   1036.8735	   1195.6694
   1036.9052	   2127.2112
   1036.9368	   2723.8142
   1036.9685	   2572.5166
   1037.0002	   1761.1851
   1037.0319	    813.4462
   1037.0738	      0.0000
   1037.1055	      0.0000
   1037.1372	      0.0000
   1037.1689	      0.0000
   1042.2248	      0.0000
   1042.2567	      0.0000
   1042.2886	      0.0000
   1042.3206	      0.0000
   1042.3525	    697.9225
   1042.3844	   2856.7346
   1042.4163	   6311.7515
   1042.4483	  10140.5859
   1042.4802	  10992.0771
   1042.5121	   7296.3833
   1042.5440	   3491.1521
   1042.5760	    551.9977
   1042.6086	      0.0000
   1042.6405	      0.0000
   1042.6724	      0.0000
   1042.7044	      0.0000
   1042.7363	      0.0000
   1042.7682	      0.0000
   1042.8002	    124.2069
   1042.8321	   1609.2985
   1042.8641	   4900.7676
   1042.8960	  14289.9824
   1042.9280	  26092.3594
   1042.9599	  37175.2695
   1042.9919	  32893.5508
   1043.0238	  19734.6113
   1043.0558	   7519.8989
   1043.0877	    767.0591
   1043.1199	      0.0000
   1043.1518	      0.0000
   1043.1838	      0.0000
   1043.2157	      0.0000
   1043.2477	      0.0000
   1043.2797	      0.0000
   1043.3116	   1275.3691
   1043.3436	   2965.8245
   1043.3756	   7549.7183
   1043.4075	  18502.4590
   1043.4395	  30687.3340
   1043.4715	  37130.4648
   1043.5034	  26697.6797
   1043.5354	  14222.3340
   1043.5674	   2929.3425
   1043.5994	      0.0000
   1043.6300	      0.0000
   1043.6620	      0.0000
   1043.6940	      0.0000
   1043.7259	      0.0000
   1043.7579	      0.0000
   1043.7899	    696.5441
   1043.8219	   1558.8317
   1043.8539	   3036.7817
   1043.8859	   7515.4150
   1043.9179	  14956.7588
   1043.9499	  22980.2402
   1043.9819	  23410.8398
   1044.0138	  14982.2090
   1044.0458	   6925.8545
   1044.0778	   1020.8392
   1044.1058	      0.0000
   1044.1378	      0.0000
   1044.1698	      0.0000
   1044.2018	      0.0000
   1044.2338	      0.0000
   1044.2658	      0.0000
   1044.2978	      0.0000
   1044.3298	      0.0000
   1044.3619	   1355.4441
   1044.3939	   4023.0859
   1044.4259	   7466.9434
   1044.4579	  10565.7217
   1044.4899	   9104.3096
   1044.5219	   5275.7339
   1044.5540	   1759.7933
   1044.5860	      0.0000
   1044.6123	      0.0000
   1044.6443	      0.0000
   1044.6763	      0.0000
   1044.7083	      0.0000
   1044.7724	      0.0000
   1044.8044	      0.0000
   1044.8365	      0.0000
   1044.8685	      0.0000
   1044.9005	   1307.6443
   1044.9326	   2300.6697
   1044.9646	   2787.5808
   1044.9967	   2425.0320
   1045.0287	   1490.5142
   1045.0608	    604.5347
   1045.0928	      0.0000
   1045.1249	      0.0000
   1045.1569	      0.0000
   1045.1890	      0.0000
   1065.2159	      0.0000
   1065.2488	      0.0000
   1065.2818	      0.0000
   1065.3148	      0.0000
   1065.3478	    822.2495
   1065.3808	   1475.6625
   1065.4137	   1861.6982
   1065.4467	   1711.1357
   1065.4797	   1107.9570
   1065.5128	      0.0000
   1065.5458	      0.0000
   1065.5788	      0.0000
   1065.6118	      0.0000
   1100.2890	      0.0000
   1100.3236	      0.0000
   1100.3582	      0.0000
   1100.3928	      0.0000
   1100.4275	   1380.4779
   1100.4621	   2089.6350
   1100.4967	   2181.4661
   1100.5314	   1568.0089
   1100.5660	    718.8159
   1100.6079	      0.0000
   1100.6425	      0.0000
   1100.6771	      0.0000
   1100.7118	      0.0000
   1100.7464	      0.0000
   1100.7810	      0.0000
   1100.8157	      0.0000
   1100.8503	    586.6728
   1100.8850	   1438.3708
   1100.9196	   4362.4058
   1100.9543	   7678.8374
   1100.9889	   9433.2266
   1101.0236	   6731.7100
   1101.0582	   3605.7771
   1101.0929	    930.1740
   1101.1288	      0.0000
   1101.1635	      0.0000
   1101.1982	      0.0000
   1101.2328	      0.0000
   1101.2675	      0.0000
   1101.3022	      0.0000
   1101.3368	      0.0000
   1101.3715	    896.3378
   1101.4062	   3449.2749
   1101.4408	   6749.3359
   1101.4755	   9965.3809
   1101.5102	   8484.2520
   1101.5449	   4625.9199
   1101.5795	   1128.5128
   1101.6057	      0.0000
   1101.6404	      0.0000
   1101.6750	      0.0000
   1101.7097	      0.0000
   1101.7444	      0.0000
   1101.7791	      0.0000
   1101.8138	      0.0000
   1101.8485	      0.0000
   1101.8832	    482.3192
   1101.9179	   1730.1198
   1101.9526	   4858.9380
   1101.9873	   6047.9087
   1102.0220	   4235.5264
   1102.0567	   2012.3231
   1102.0914	      0.0000
   1102.1261	      0.0000
   1102.1608	      0.0000
   1102.1955	      0.0000
   1102.2302	      0.0000
   1108.2598	      0.0000
   1108.2948	      0.0000
   1108.3298	      0.0000
   1108.3648	      0.0000
   1108.3998	   1076.0731
   1108.4348	   2213.2578
   1108.4698	   3031.2151
   1108.5048	   2935.8584
   1108.5398	   2002.8767
   1108.5748	    942.8372
   1108.6153	      0.0000
   1108.6503	      0.0000
   1108.6853	      0.0000
   1108.7203	      0.0000
   1108.7553	      0.0000
   1108.7903	      0.0000
   1108.8254	      0.0000
   1108.8604	    961.5660
   1108.8954	   3508.3757
   1108.9304	   7192.1011
   1108.9655	  11187.2725
   1109.0005	  11109.2119
   1109.0355	   6908.6001
   1109.0706	   2983.9702
   1109.1056	    355.7269
   1109.1352	      0.0000
   1109.1702	      0.0000
   1109.2053	      0.0000
   1109.2403	      0.0000
   1109.2753	      0.0000
   1109.3104	      0.0000
   1109.3454	    437.8249
   1109.3805	   1726.7274
   1109.4155	   4314.9014
   1109.4506	   7315.3486
   1109.4856	   8662.1104
   1109.5207	   5817.4526
   1109.5558	   2732.3826
   1109.5908	    217.7259
   1109.6259	      0.0000
   1109.6609	      0.0000
   1109.6960	      0.0000
   1109.7311	      0.0000
   1109.7661	      0.0000
   1109.8012	      0.0000
   1109.8363	      0.0000
   1109.8713	   1250.4091
   1109.9064	   3512.3716
   1109.9415	   6122.3638
   1109.9766	   8204.1318
   1110.0116	   6196.2544
   1110.0467	   3260.7375
   1110.0818	    307.4032
   1110.1169	      0.0000
   1110.1520	      0.0000
   1110.1871	      0.0000
   1110.2221	      0.0000
   1110.2572	      0.0000
   1110.2923	      0.0000
   1110.3274	      0.0000
   1110.3625	      0.0000
   1110.3976	   1284.9043
   1110.4327	   2317.9038
   1110.4678	   2890.1750
   1110.5029	   2583.3499
   1110.5380	   1626.0415
   1110.5731	    663.8495
   1110.6082	      0.0000
   1110.6433	      0.0000
   1110.6784	      0.0000
   1110.7136	      0.0000
   1115.2569	      0.0000
   1115.2922	      0.0000
   1115.3276	      0.0000
   1115.3629	      0.0000
   1115.3982	    516.9636
   1115.4336	   1452.7540
   1115.4689	   2483.1582
   1115.5042	   2830.9600
   1115.5396	   2242.4094
   1115.5749	   1216.7156
   1115.6251	      0.0000
   1115.6605	      0.0000
   1115.6958	      0.0000
   1115.7311	      0.0000
   1115.7665	      0.0000
   1115.8019	      0.0000
   1115.8372	    877.9922
   1115.8726	   1970.7662
   1115.9079	   6063.7583
   1115.9433	  12400.3760
   1115.9786	  19191.5098
   1116.0140	  19133.4766
   1116.0494	  11906.7275
   1116.0847	   5184.6567
   1116.1201	    195.5163
   1116.1548	      0.0000
   1116.1902	      0.0000
   1116.2256	      0.0000
   1116.2609	      0.0000
   1116.2963	      0.0000
   1116.3317	   1250.5883
   1116.3671	   2828.4304
   1116.4024	   7746.8604
   1116.4378	  15759.5010
   1116.4732	  24443.3809
   1116.5086	  25583.2910
   1116.5440	  16525.2734
   1116.5794	   7656.7681
   1116.6148	   1050.5176
   1116.6463	      0.0000
   1116.6817	      0.0000
   1116.7171	      0.0000
   1116.7525	      0.0000
   1116.7879	      0.0000
   1116.8233	      0.0000
   1116.8587	    927.4821
   1116.8941	   2665.4878
   1116.9295	   6420.2642
   1116.9649	  10591.3125
   1117.0003	  13105.2852
   1117.0357	   9420.7275
   1117.0712	   4924.9771
   1117.1066	    930.0189
   1117.1316	      0.0000
   1117.1671	      0.0000
   1117.2025	      0.0000
   1117.2379	      0.0000
   1117.2733	      0.0000
   1117.3087	      0.0000
   1117.3442	      0.0000
   1117.3796	    962.3831
   1117.4150	   3269.5330
   1117.4505	   5851.9624
   1117.4859	   8016.9414
   1117.5213	   6580.6899
   1117.5568	   3732.8040
   1117.5922	   1146.2009
   1117.6276	      0.0000
   1117.6631	      0.0000
   1117.6985	      0.0000
   1117.7340	      0.0000
   1117.7694	      0.0000
   1117.8049	      0.0000
   1117.8403	      0.0000
   1117.8758	      0.0000
   1117.9112	    951.5972
   1117.9467	   1680.6299
   1117.9821	   2147.4419
   1118.0176	   1980.4658
   1118.0530	   1273.4623
   1118.0885	      0.0000
   1118.1240	      0.0000
   1118.1594	      0.0000
   1118.1949	      0.0000
   1123.2483	      0.0000
   1123.2841	      0.0000
   1123.3198	      0.0000
   1123.3555	      0.0000
   1123.3912	   1048.6089
   1123.4269	   2265.0491
   1123.4626	   4555.1831
   1123.4983	   4875.5142
   1123.5341	   2546.9612
   1123.5698	   1303.0588
   1123.6260	      0.0000
   1123.6617	      0.0000
   1123.6974	      0.0000
   1123.7332	      0.0000
   1123.7689	      0.0000
   1123.8046	      0.0000
   1123.8404	    643.2881
   1123.8761	   1910.7799
   1123.9118	   5314.9688
   1123.9476	  10088.3037
   1123.9833	  14981.6943
   1124.0191	  14238.0947
   1124.0548	   8751.2500
   1124.0905	   3555.8354
   1124.1263	    126.1997
   1124.1524	      0.0000
   1124.1882	      0.0000
   1124.2239	      0.0000
   1124.2597	      0.0000
   1124.2954	      0.0000
   1124.3312	      0.0000
   1124.3670	   1304.8788
   1124.4027	   4292.6450
   1124.4385	   8557.1367
   1124.4743	  13228.0186
   1124.5100	  13776.3340
   1124.5458	   8910.7080
   1124.5816	   4201.3276
   1124.6173	    457.8445
   1124.6443	      0.0000
   1124.6800	      0.0000
   1124.7158	      0.0000
   1124.7516	      0.0000
   1124.7874	      0.0000
   1124.8232	      0.0000
   1124.8589	    642.8991
   1124.8947	   2798.9082
   1124.9305	   6215.2720
   1124.9663	   9810.6162
   1125.0021	  10611.5498
   1125.0379	   7153.8945
   1125.0737	   3546.5352
   1125.1095	    731.9874
   1125.1433	      0.0000
   1125.1791	      0.0000
   1125.2149	      0.0000
   1125.2507	      0.0000
   1125.2865	      0.0000
   1125.3223	      0.0000
   1125.3581	      0.0000
   1125.3939	   1141.4843
   1125.4297	   2103.9355
   1125.4655	   2836.5684
   1125.5013	   2860.3840
   1125.5372	   2139.6958
   1125.5730	   1161.1949
   1125.6089	      0.0000
   1125.6447	      0.0000
   1125.6805	      0.0000
   1125.7163	      0.0000
   1181.7505	      0.0000
   1181.7891	      0.0000
   1181.8276	      0.0000
   1181.8661	      0.0000
   1181.9047	    587.0580
   1181.9432	   1438.3523
   1181.9818	   2104.7915
   1182.0203	   2061.7490
   1182.0589	   1327.6898
   1182.0974	      0.0000
   1182.1360	      0.0000
   1182.1745	      0.0000
   1182.2131	      0.0000
   1189.2617	      0.0000
   1189.3006	      0.0000
   1189.3395	      0.0000
   1189.3784	      0.0000
   1189.4173	   1069.2626
   1189.4563	   2028.9590
   1189.4952	   2588.9812
   1189.5341	   2408.6565
   1189.5730	   1663.2869
   1189.6119	    828.9291
   1189.6508	      0.0000
   1189.6898	      0.0000
   1189.7287	      0.0000
   1189.7676	      0.0000
   1189.8065	      0.0000
   1189.8455	      0.0000
   1189.8844	    548.1390
   1189.9233	   1705.1302
   1189.9623	   4476.4292
   1190.0012	   6180.5503
   1190.0401	   5077.4678
   1190.0791	   2816.4558
   1190.1180	   1105.3475
   1190.1570	      0.0000
   1190.1959	      0.0000
   1190.2349	      0.0000
   1190.2738	      0.0000
   1190.3128	      0.0000
   1190.3517	      0.0000
   1190.3907	    995.0787
   1190.4296	   2229.1143
   1190.4686	   4636.7827
   1190.5076	   4743.8970
   1190.5465	   2872.1101
   1190.5855	   1485.8671
   1190.6245	    610.2343
   1190.6634	      0.0000
   1190.7024	      0.0000
   1190.7414	      0.0000
   1190.7803	      0.0000
   1190.8193	      0.0000
   1190.8583	      0.0000
   1190.8973	      0.0000
   1190.9363	   1376.0453
   1190.9752	   2318.3801
   1191.0142	   2617.2688
   1191.0532	   2044.1582
   1191.0922	   1060.1221
   1191.1312	      0.0000
   1191.1702	      0.0000
   1191.2092	      0.0000
   1191.2482	      0.0000
   1196.7269	      0.0000
   1196.7662	      0.0000
   1196.8055	      0.0000
   1196.8447	      0.0000
   1196.8840	   1040.0350
   1196.9233	   3294.9089
   1196.9626	   5812.1865
   1197.0019	   7629.8247
   1197.0411	   6073.9512
   1197.0804	   3452.0093
   1197.1197	    671.6518
   1197.1590	      0.0000
   1197.1983	      0.0000
   1197.2376	      0.0000
   1197.2769	      0.0000
   1197.3162	      0.0000
   1197.3555	      0.0000
   1197.3948	    773.2146
   1197.4341	   2939.8203
   1197.4734	   5013.0747
   1197.5127	   5799.5718
   1197.5520	   3912.0469
   1197.5913	   1857.1797
   1197.6306	    688.5085
   1197.6699	      0.0000
   1197.7093	      0.0000
   1197.7486	      0.0000
   1197.7879	      0.0000
   1204.7385	      0.0000
   1204.7782	      0.0000
   1204.8178	      0.0000
   1204.8575	      0.0000
   1204.8972	    518.8878
   1204.9368	   1451.0433
   1204.9765	   2594.6323
   1205.0162	   3249.4473
   1205.0559	   2955.5039
   1205.0955	   1940.4077
   1205.1352	    878.8292
   1205.1749	      0.0000
   1205.2146	      0.0000
   1205.2543	      0.0000
   1205.2940	      0.0000
   1205.3337	      0.0000
   1205.3734	      0.0000
   1205.4131	    755.0660
   1205.4528	   1700.8120
   1205.4925	   2482.5876
   1205.5322	   2603.8928
   1205.5719	   2005.3313
   1205.6116	   1113.6918
   1205.6514	      0.0000
   1205.6911	      0.0000
   1205.7308	      0.0000
   1205.7705	      0.0000
   1299.3300	      0.0000
   1299.3745	      0.0000
   1299.4189	      0.0000
   1299.4633	      0.0000
   1299.5078	    887.5711
   1299.5522	   1452.7051
   1299.5966	   1730.9900
   1299.6411	   1550.1008
   1299.6855	    998.0818
   1299.7289	      0.0000
   1299.7733	      0.0000
   1299.8178	      0.0000
   1299.8622	      0.0000
   1419.3100	      0.0000
   1419.3608	      0.0000
   1419.4115	      0.0000
   1419.4622	      0.0000
   1419.5129	   1049.6669
   1419.5637	   1553.2092
   1419.6144	   1691.9467
   1419.6651	   1370.2662
   1419.7159	    780.7516
   1419.7666	      0.0000
   1419.8174	      0.0000
   1419.8681	      0.0000
   1419.9189	      0.0000
   2797.9607	      0.0000
   2798.1011	      0.0000
   2798.2415	      0.0000
   2798.3819	      0.0000
